radio,1 Sí,2 No,TOTAL
020010101,308,16,324
020010201,407,37,444
020010202,332,38,370
020010203,284,27,311
020010204,526,39,565
020010205,256,19,275
020010206,602,67,669
020010207,376,27,403
020010208,401,39,440
020010209,430,37,467
020010210,292,17,309
020010211,528,37,565
020010212,1056,90,1146
020010213,423,31,454
020010214,612,33,645
020010215,655,51,706
020010216,1003,65,1068
020010217,601,56,657
020010218,404,46,450
020010219,479,18,497
020010301,466,61,527
020010302,477,39,516
020010303,534,55,589
020010304,360,27,387
020010305,1003,144,1147
020010306,853,81,934
020010307,346,25,371
020010308,678,64,742
020010309,936,74,1010
020010310,618,59,677
020010311,620,54,674
020010312,465,44,509
020010313,314,29,343
020010314,374,41,415
020010315,697,66,763
020010316,621,47,668
020010317,484,39,523
020010318,642,67,709
020010319,860,72,932
020010320,316,38,354
020010321,248,24,272
020010322,536,60,596
020010323,703,70,773
020010401,1386,33,1419
020010402,1240,23,1263
020010403,1145,23,1168
020010404,1455,37,1492
020010405,1009,41,1050
020010406,1205,21,1226
020010407,1291,50,1341
020010408,1066,23,1089
020010501,593,21,614
020010502,515,7,522
020010503,889,20,909
020010504,1125,33,1158
020010505,610,13,623
020010506,843,24,867
020010507,558,21,579
020010601,900,21,921
020010602,612,11,623
020010603,1120,12,1132
020010604,760,12,772
020010605,315,7,322
020010606,546,8,554
020010607,483,5,488
020010608,695,16,711
020010609,979,30,1009
020010610,395,10,405
020010701,648,8,656
020010702,761,4,765
020010703,253,5,258
020010704,535,11,546
020010705,391,4,395
020010706,294,4,298
020010707,575,7,582
020010708,578,7,585
020010709,323,3,326
020010710,373,4,377
020010711,208,1,209
020010712,495,3,498
020010713,1416,6,1422
020010801,343,5,348
020010802,1287,18,1305
020010803,1073,12,1085
020010804,568,7,575
020010805,577,7,584
020010806,1096,27,1123
020010807,1278,25,1303
020010808,424,11,435
020010809,645,22,667
020010810,431,6,437
020010901,280,4,284
020010902,376,6,382
020010903,433,10,443
020010904,243,6,249
020010905,380,14,394
020010906,345,7,352
020010907,568,11,579
020010908,248,4,252
020010909,607,10,617
020010910,363,2,365
020010911,407,4,411
020010912,372,3,375
020010913,529,32,561
020010914,244,2,246
020010915,230,2,232
020010916,960,12,972
020010917,342,5,347
020010918,374,10,384
020010919,113,3,116
020011001,303,3,306
020011002,484,4,488
020011003,934,27,961
020011004,415,6,421
020011005,482,17,499
020011006,520,9,529
020011007,300,4,304
020011008,266,7,273
020011009,327,8,335
020011010,634,24,658
020011011,587,13,600
020011012,564,7,571
020011013,658,7,665
020011014,209,5,214
020011101,502,2,504
020011102,414,7,421
020011103,332,17,349
020011104,638,15,653
020011105,510,11,521
020011106,426,10,436
020011107,503,8,511
020011108,785,12,797
020011109,431,9,440
020011110,605,13,618
020011111,254,6,260
020011112,890,19,909
020011113,637,14,651
020011114,747,9,756
020011201,330,5,335
020011202,225,3,228
020011203,706,13,719
020011204,382,8,390
020011205,572,18,590
020011206,445,13,458
020011207,745,25,770
020011208,322,2,324
020011209,1296,28,1324
020011210,290,4,294
020011211,505,7,512
020011212,483,7,490
020011301,557,11,568
020011302,119,3,122
020011303,44,0,44
020011304,675,21,696
020011305,276,5,281
020011306,179,4,183
020011307,474,11,485
020011308,294,4,298
020011309,389,11,400
020011310,562,18,580
020011311,268,10,278
020011312,267,9,276
020011313,335,10,345
020011314,1656,136,1792
020011315,0,0,0
020011401,593,11,604
020011402,1019,28,1047
020011403,350,16,366
020011404,68,2,70
020011405,453,13,466
020011406,643,28,671
020011407,438,17,455
020011408,371,16,387
020011409,495,13,508
020011410,405,10,415
020011411,499,10,509
020011412,482,9,491
020011501,677,7,684
020011502,644,13,657
020011503,401,7,408
020011504,724,17,741
020011505,442,10,452
020011506,749,28,777
020011507,551,11,562
020011508,738,35,773
020011509,812,35,847
020011510,603,9,612
020011511,520,21,541
020011601,526,6,532
020011602,305,12,317
020011603,917,16,933
020011604,550,13,563
020011605,432,25,457
020011606,519,19,538
020011607,1027,22,1049
020011608,509,16,525
020011609,364,9,373
020011610,560,17,577
020011611,444,10,454
020011612,341,11,352
020011701,829,27,856
020011702,613,18,631
020011703,680,21,701
020011704,557,8,565
020011705,539,19,558
020011706,719,20,739
020011707,578,17,595
020011708,567,15,582
020011709,414,16,430
020011710,549,14,563
020011711,446,14,460
020011801,795,21,816
020011802,691,22,713
020011803,605,19,624
020011804,692,23,715
020011805,657,17,674
020011806,1101,29,1130
020011807,684,24,708
020011808,644,19,663
020011809,619,14,633
020011901,837,30,867
020011902,997,26,1023
020011903,358,10,368
020011904,679,18,697
020011905,616,14,630
020011906,410,9,419
020011907,708,19,727
020011908,420,18,438
020011909,487,8,495
020012001,581,23,604
020012002,688,20,708
020012003,531,12,543
020012004,723,21,744
020012005,674,13,687
020012006,743,19,762
020012007,455,15,470
020012008,537,14,551
020012009,542,19,561
020012010,774,48,822
020012101,586,15,601
020012102,575,25,600
020012103,376,11,387
020012104,1078,42,1120
020012105,675,25,700
020012106,570,14,584
020012107,735,29,764
020012108,520,19,539
020012109,672,15,687
020012110,764,25,789
020012201,533,18,551
020012202,773,14,787
020012203,764,25,789
020012204,429,11,440
020012205,433,6,439
020012206,549,16,565
020012207,519,14,533
020012208,515,10,525
020012209,829,25,854
020012210,1152,47,1199
020012301,573,15,588
020012302,511,10,521
020012303,759,14,773
020012304,337,16,353
020012305,476,10,486
020012306,467,6,473
020012307,528,19,547
020012308,646,19,665
020012309,856,22,878
020012310,343,11,354
020012401,238,4,242
020012402,271,1,272
020012403,505,12,517
020012404,311,9,320
020012405,313,15,328
020012406,689,15,704
020012407,530,8,538
020012408,392,13,405
020012501,393,18,411
020012502,370,10,380
020012503,489,14,503
020012504,849,31,880
020012505,450,12,462
020012506,708,20,728
020012507,392,11,403
020012508,582,20,602
020012509,577,37,614
020012510,511,14,525
020012511,525,11,536
020012601,612,11,623
020012602,643,17,660
020012603,418,13,431
020012604,523,12,535
020012605,632,29,661
020012606,433,15,448
020012607,299,8,307
020012608,420,15,435
020012609,709,18,727
020012701,553,17,570
020012702,720,35,755
020012703,818,35,853
020012704,742,33,775
020012705,598,25,623
020012706,856,30,886
020012707,783,42,825
020012708,657,23,680
020012709,677,23,700
020012710,497,3,500
020012801,484,12,496
020012802,681,39,720
020012803,610,35,645
020012804,622,17,639
020012805,756,24,780
020012806,576,26,602
020012807,671,33,704
020012808,297,6,303
020012809,685,23,708
020012810,837,41,878
020012811,550,32,582
020012812,534,19,553
020012813,591,29,620
020012901,1022,44,1066
020012902,552,36,588
020012903,747,37,784
020012904,671,28,699
020012905,742,30,772
020012906,930,33,963
020012907,881,19,900
020012908,597,29,626
020012909,852,34,886
020020101,95,3,98
020020102,449,37,486
020020201,558,13,571
020020202,834,23,857
020020203,555,9,564
020020204,510,16,526
020020205,578,8,586
020020206,448,12,460
020020207,283,8,291
020020208,666,15,681
020020301,865,13,878
020020302,715,11,726
020020303,256,2,258
020020304,357,7,364
020020305,681,18,699
020020306,657,10,667
020020307,847,17,864
020020308,576,15,591
020020401,763,33,796
020020402,228,4,232
020020403,363,1,364
020020404,478,11,489
020020405,659,19,678
020020406,525,4,529
020020407,605,6,611
020020408,952,19,971
020020409,772,15,787
020020410,842,18,860
020020501,685,15,700
020020502,814,31,845
020020503,641,12,653
020020504,521,13,534
020020505,734,20,754
020020506,773,17,790
020020507,792,18,810
020020508,661,18,679
020020509,597,9,606
020020601,413,10,423
020020602,1292,27,1319
020020603,606,17,623
020020604,800,19,819
020020605,455,15,470
020020606,650,11,661
020020607,367,14,381
020020608,537,21,558
020020609,476,9,485
020020610,487,12,499
020020701,1357,32,1389
020020702,1026,24,1050
020020703,852,35,887
020020704,638,21,659
020020705,503,12,515
020020706,567,14,581
020020707,884,27,911
020020708,409,12,421
020020709,509,7,516
020020801,673,23,696
020020802,668,16,684
020020803,865,11,876
020020804,1037,32,1069
020020805,864,21,885
020020806,1195,25,1220
020020807,1450,25,1475
020020808,820,13,833
020020901,733,12,745
020020902,654,13,667
020020903,836,11,847
020020904,963,32,995
020020905,981,23,1004
020020906,866,17,883
020020907,912,14,926
020020908,1304,43,1347
020020909,1095,19,1114
020021001,923,21,944
020021002,615,9,624
020021003,420,13,433
020021004,736,22,758
020021005,769,22,791
020021006,660,15,675
020021007,838,12,850
020021008,817,20,837
020021009,577,16,593
020021101,1139,28,1167
020021102,538,12,550
020021103,1544,52,1596
020021104,1316,30,1346
020021105,299,5,304
020021106,508,8,516
020021201,930,19,949
020021202,780,17,797
020021203,882,21,903
020021204,1220,14,1234
020021205,1177,27,1204
020021206,932,19,951
020021301,1140,21,1161
020021302,846,26,872
020021303,926,24,950
020021304,1057,23,1080
020021305,1302,34,1336
020021306,1003,18,1021
020021307,1165,22,1187
020021401,718,15,733
020021402,544,17,561
020021403,337,10,347
020021404,715,14,729
020021405,1074,20,1094
020021406,977,24,1001
020021407,626,9,635
020021408,677,10,687
020021409,1395,45,1440
020021410,957,25,982
020021501,574,13,587
020021502,754,20,774
020021503,1318,40,1358
020021504,590,17,607
020021505,525,15,540
020021506,579,12,591
020021507,728,9,737
020021508,677,9,686
020021601,769,23,792
020021602,685,8,693
020021603,659,18,677
020021604,512,6,518
020021605,801,14,815
020021606,647,17,664
020021607,731,21,752
020021608,405,7,412
020021701,1171,27,1198
020021702,810,14,824
020021703,914,9,923
020021704,332,3,335
020021705,514,11,525
020021706,932,36,968
020021707,1070,27,1097
020021708,875,13,888
020021709,720,10,730
020021801,865,14,879
020021802,1131,25,1156
020021803,750,19,769
020021804,1109,25,1134
020021805,520,14,534
020021806,714,17,731
020021807,572,13,585
020021808,841,14,855
020021901,801,25,826
020021902,634,22,656
020021903,674,22,696
020021904,957,18,975
020021905,758,17,775
020021906,728,9,737
020021907,643,15,658
020021908,792,18,810
020022001,921,24,945
020022002,784,20,804
020022003,721,18,739
020022004,788,21,809
020022005,473,17,490
020022006,612,10,622
020022007,529,20,549
020022008,618,25,643
020022101,1009,24,1033
020022102,915,24,939
020022103,746,11,757
020022104,1005,16,1021
020022105,951,18,969
020022106,895,13,908
020022201,675,12,687
020022202,515,5,520
020022203,416,10,426
020022204,921,14,935
020022205,1048,21,1069
020022206,987,13,1000
020022301,1014,20,1034
020022302,980,25,1005
020022303,890,18,908
020022304,800,21,821
020022305,624,10,634
020022306,393,4,397
020022307,439,6,445
020022308,429,8,437
020022309,909,14,923
020022401,982,16,998
020022402,760,16,776
020022403,751,19,770
020022404,985,35,1020
020022405,893,14,907
020022406,936,18,954
020022501,553,6,559
020022502,620,12,632
020022503,602,38,640
020022504,727,21,748
020022505,894,17,911
020022506,733,12,745
020022507,726,19,745
020022508,1067,104,1171
020022509,736,18,754
020022510,574,16,590
020022511,958,48,1006
020030101,960,32,992
020030102,849,26,875
020030103,895,26,921
020030104,459,13,472
020030105,856,31,887
020030106,662,27,689
020030107,768,41,809
020030108,431,27,458
020030109,510,12,522
020030110,413,9,422
020030111,438,11,449
020030201,692,23,715
020030202,670,23,693
020030203,630,23,653
020030204,680,24,704
020030205,785,45,830
020030206,853,34,887
020030207,928,47,975
020030208,798,30,828
020030209,762,34,796
020030210,387,25,412
020030211,549,21,570
020030212,775,33,808
020030301,999,44,1043
020030302,810,23,833
020030303,565,27,592
020030304,481,15,496
020030305,544,15,559
020030306,774,23,797
020030307,742,22,764
020030308,670,24,694
020030309,271,7,278
020030310,876,39,915
020030311,797,12,809
020030401,690,22,712
020030402,469,15,484
020030403,649,13,662
020030404,726,22,748
020030405,638,21,659
020030406,605,27,632
020030407,634,19,653
020030408,674,20,694
020030501,759,20,779
020030502,605,16,621
020030503,927,13,940
020030504,523,10,533
020030505,584,12,596
020030506,425,8,433
020030507,734,19,753
020030601,681,18,699
020030602,337,6,343
020030603,596,11,607
020030604,595,9,604
020030605,831,17,848
020030606,502,10,512
020030607,650,18,668
020030701,287,10,297
020030702,821,18,839
020030703,925,18,943
020030704,889,9,898
020030705,552,14,566
020030706,557,14,571
020030707,886,16,902
020030708,386,6,392
020030709,858,19,877
020030801,617,18,635
020030802,513,20,533
020030803,793,23,816
020030804,508,18,526
020030805,465,14,479
020030806,444,17,461
020030807,395,17,412
020030808,494,14,508
020030809,674,23,697
020030810,506,22,528
020030901,802,38,840
020030902,462,11,473
020030903,694,38,732
020030904,938,40,978
020030905,531,33,564
020030906,471,12,483
020030907,723,19,742
020030908,693,26,719
020030909,763,22,785
020030910,748,23,771
020031001,736,24,760
020031002,776,27,803
020031003,878,31,909
020031004,668,36,704
020031005,452,8,460
020031006,903,31,934
020031007,702,21,723
020031008,622,13,635
020031101,765,16,781
020031102,884,17,901
020031103,838,28,866
020031104,1128,47,1175
020031105,672,13,685
020031106,869,26,895
020031107,798,21,819
020031108,566,10,576
020031201,645,16,661
020031202,857,18,875
020031203,555,12,567
020031204,463,16,479
020031205,927,24,951
020031206,258,7,265
020031207,882,22,904
020031208,512,13,525
020031209,452,10,462
020031210,773,30,803
020031301,692,25,717
020031302,723,18,741
020031303,771,24,795
020031304,477,23,500
020031305,602,20,622
020031306,690,21,711
020031307,593,23,616
020031308,462,11,473
020031309,681,17,698
020031310,651,19,670
020031311,808,41,849
020031401,815,29,844
020031402,888,33,921
020031403,983,35,1018
020031404,759,19,778
020031405,778,29,807
020031406,1058,21,1079
020031407,594,14,608
020031408,662,29,691
020031409,97,1,98
020031410,862,21,883
020031501,644,25,669
020031502,845,44,889
020031503,614,21,635
020031504,740,20,760
020031505,719,13,732
020031506,767,15,782
020031507,1177,31,1208
020031508,1225,24,1249
020031509,268,2,270
020031601,829,30,859
020031602,1050,30,1080
020031603,849,14,863
020031604,448,8,456
020031605,610,24,634
020031606,685,28,713
020031607,719,33,752
020031608,714,29,743
020031609,1041,49,1090
020031701,685,27,712
020031702,768,29,797
020031703,430,9,439
020031704,829,40,869
020031705,754,31,785
020031706,666,34,700
020031707,831,29,860
020031708,1060,68,1128
020031709,652,27,679
020031801,535,22,557
020031802,690,32,722
020031803,455,14,469
020031804,793,18,811
020031805,368,13,381
020031806,591,28,619
020031807,655,34,689
020031808,505,8,513
020031809,844,21,865
020031810,545,25,570
020031811,555,16,571
020031901,1098,33,1131
020031902,287,3,290
020031903,628,18,646
020031904,691,16,707
020031905,761,22,783
020031906,732,23,755
020031907,890,29,919
020031908,1090,36,1126
020031909,632,25,657
020031910,490,17,507
020032001,571,19,590
020032002,851,11,862
020032003,577,17,594
020032004,586,9,595
020032005,456,8,464
020032006,443,25,468
020032007,756,21,777
020032008,749,25,774
020032009,923,23,946
020032010,600,14,614
020032011,456,11,467
020032101,907,24,931
020032102,866,26,892
020032103,708,15,723
020032104,738,19,757
020032105,479,9,488
020032106,754,27,781
020032107,389,6,395
020032108,646,21,667
020032109,402,7,409
020032110,906,31,937
020032201,736,24,760
020032202,611,22,633
020032203,371,24,395
020032204,491,7,498
020032205,756,23,779
020032206,714,20,734
020032207,695,20,715
020032208,884,27,911
020032209,875,26,901
020032301,743,29,772
020032302,754,23,777
020032303,759,23,782
020032304,419,15,434
020032305,581,28,609
020032306,565,28,593
020032307,612,26,638
020032308,782,54,836
020032309,907,32,939
020032310,962,47,1009
020032401,651,22,673
020032402,794,31,825
020032403,626,12,638
020032404,645,28,673
020032405,483,21,504
020032406,982,46,1028
020032407,622,26,648
020032408,706,20,726
020032409,427,12,439
020032501,1103,57,1160
020032502,661,29,690
020032503,506,27,533
020032504,651,29,680
020032505,744,53,797
020032506,884,35,919
020032507,495,18,513
020032508,1433,60,1493
020032509,690,29,719
020032601,839,30,869
020032602,1070,49,1119
020032603,734,52,786
020032604,494,10,504
020032605,780,27,807
020032606,571,18,589
020032607,765,25,790
020032608,570,6,576
020032609,727,38,765
020032701,894,44,938
020032702,785,33,818
020032703,831,31,862
020032704,775,28,803
020032705,724,31,755
020032706,783,26,809
020032707,872,32,904
020040101,713,30,743
020040102,699,42,741
020040103,573,35,608
020040104,713,50,763
020040105,722,54,776
020040106,640,44,684
020040107,477,23,500
020040108,647,16,663
020040109,605,28,633
020040110,450,19,469
020040111,552,26,578
020040112,499,17,516
020040113,376,17,393
020040114,692,26,718
020040201,697,25,722
020040202,767,29,796
020040203,955,44,999
020040204,729,35,764
020040205,691,13,704
020040206,631,25,656
020040207,840,26,866
020040208,491,16,507
020040209,588,20,608
020040210,930,55,985
020040301,919,26,945
020040302,795,33,828
020040303,596,22,618
020040304,836,41,877
020040305,990,41,1031
020040306,845,25,870
020040307,629,36,665
020040308,777,38,815
020040309,542,11,553
020040310,758,35,793
020040311,849,37,886
020040312,958,58,1016
020040313,538,33,571
020040401,624,21,645
020040402,694,22,716
020040403,847,28,875
020040404,964,41,1005
020040405,946,41,987
020040406,727,38,765
020040407,839,27,866
020040408,717,35,752
020040409,789,34,823
020040410,611,23,634
020040411,878,47,925
020040501,840,23,863
020040502,600,24,624
020040503,748,17,765
020040504,652,39,691
020040505,417,13,430
020040506,871,31,902
020040507,770,47,817
020040508,1023,34,1057
020040509,1912,133,2045
020040510,1160,45,1205
020040511,933,37,970
020040601,1012,38,1050
020040602,750,18,768
020040603,691,28,719
020040604,893,30,923
020040605,689,22,711
020040606,884,18,902
020040607,716,27,743
020040608,838,43,881
020040609,665,21,686
020040610,625,9,634
020040611,609,18,627
020040701,844,34,878
020040702,698,26,724
020040703,843,52,895
020040704,2035,61,2096
020040705,722,19,741
020040706,796,27,823
020040707,735,26,761
020040708,648,17,665
020040709,687,33,720
020040710,572,22,594
020040711,1045,82,1127
020040712,793,42,835
020040801,665,19,684
020040802,734,18,752
020040803,590,20,610
020040804,742,33,775
020040805,569,12,581
020040806,660,28,688
020040807,2206,141,2347
020040808,376,16,392
020040809,1000,49,1049
020040810,689,40,729
020040811,847,24,871
020040901,1317,88,1405
020040902,679,55,734
020040903,494,24,518
020040904,452,26,478
020040905,497,27,524
020040906,778,30,808
020040907,725,26,751
020041001,65,3,68
020041002,1709,116,1825
020041003,1439,114,1553
020041004,403,34,437
020041005,1452,101,1553
020041006,868,71,939
020041007,764,74,838
020041008,1308,144,1452
020041009,1767,146,1913
020041101,789,37,826
020041102,800,24,824
020041103,735,20,755
020041104,598,22,620
020041105,436,10,446
020041106,901,36,937
020041107,903,73,976
020041108,866,27,893
020041109,768,64,832
020041201,571,16,587
020041202,498,22,520
020041203,689,16,705
020041204,906,36,942
020041205,578,20,598
020041206,720,38,758
020041207,452,15,467
020041208,377,12,389
020041209,706,18,724
020041210,807,39,846
020041211,603,16,619
020041212,538,19,557
020041301,827,39,866
020041302,569,24,593
020041303,569,37,606
020041304,460,8,468
020041305,903,21,924
020041306,534,24,558
020041307,831,34,865
020041308,375,23,398
020041309,389,11,400
020041310,462,12,474
020041311,1052,48,1100
020041401,590,24,614
020041402,547,23,570
020041403,602,24,626
020041404,1054,28,1082
020041405,633,13,646
020041406,466,16,482
020041407,701,33,734
020041408,931,34,965
020041409,617,31,648
020041501,598,16,614
020041502,1220,36,1256
020041503,1014,19,1033
020041504,704,15,719
020041505,513,16,529
020041506,560,22,582
020041507,604,18,622
020041508,631,23,654
020041509,612,26,638
020041510,483,21,504
020041601,637,25,662
020041602,1807,64,1871
020041603,1175,32,1207
020041604,609,22,631
020041605,920,29,949
020041606,518,24,542
020041607,375,11,386
020041608,556,19,575
020041609,985,41,1026
020041610,724,32,756
020041701,562,8,570
020041702,545,27,572
020041703,538,21,559
020041704,634,17,651
020041705,717,18,735
020041706,557,23,580
020041707,575,17,592
020041708,917,26,943
020041709,701,29,730
020041710,804,38,842
020041801,73,0,73
020041901,605,37,642
020041902,680,29,709
020041903,824,49,873
020041904,1005,60,1065
020041905,718,49,767
020041906,1036,54,1090
020041907,826,48,874
020041908,1329,101,1430
020041909,967,85,1052
020041910,595,23,618
020042001,862,38,900
020042002,652,31,683
020042003,773,38,811
020042004,536,37,573
020042005,676,44,720
020042006,795,34,829
020042007,794,29,823
020042008,725,32,757
020042009,780,34,814
020042010,1020,44,1064
020042011,832,43,875
020042012,1104,32,1136
020042101,632,31,663
020042102,717,43,760
020042103,513,23,536
020042104,686,39,725
020042105,603,26,629
020042106,683,24,707
020042107,767,36,803
020042108,872,51,923
020042109,751,45,796
020042110,655,43,698
020042111,819,50,869
020042112,517,18,535
020042201,550,17,567
020042202,680,27,707
020042203,821,29,850
020042204,1226,41,1267
020042205,702,37,739
020042206,569,15,584
020042207,847,27,874
020042208,913,43,956
020042209,633,20,653
020042210,528,17,545
020042211,677,25,702
020042212,561,24,585
020042301,768,26,794
020042302,797,35,832
020042303,724,43,767
020042304,754,40,794
020042305,512,17,529
020042306,656,20,676
020042307,606,20,626
020042308,787,29,816
020042309,436,19,455
020042310,740,30,770
020042311,513,31,544
020042312,693,57,750
020042401,1230,93,1323
020042402,1600,128,1728
020042403,1037,103,1140
020042404,1657,154,1811
020042405,1125,129,1254
020042406,1212,98,1310
020042501,1942,192,2134
020042502,1897,156,2053
020042503,3306,325,3631
020042504,1695,168,1863
020042601,835,94,929
020042602,1030,107,1137
020042603,1010,110,1120
020050101,531,11,542
020050102,824,22,846
020050103,728,25,753
020050104,654,16,670
020050105,1036,26,1062
020050106,470,15,485
020050107,582,29,611
020050108,709,13,722
020050109,663,15,678
020050110,646,12,658
020050201,838,21,859
020050202,584,20,604
020050203,664,39,703
020050204,874,34,908
020050205,531,18,549
020050206,579,13,592
020050207,526,24,550
020050208,961,49,1010
020050209,788,22,810
020050210,646,15,661
020050211,793,25,818
020050301,714,20,734
020050302,1077,30,1107
020050303,345,12,357
020050304,548,15,563
020050305,690,23,713
020050306,639,12,651
020050307,527,18,545
020050308,330,12,342
020050309,581,14,595
020050310,504,16,520
020050311,795,15,810
020050401,981,28,1009
020050402,682,25,707
020050403,668,14,682
020050404,658,25,683
020050405,685,13,698
020050406,977,20,997
020050407,519,18,537
020050408,1035,27,1062
020050409,722,33,755
020050501,733,29,762
020050502,1285,34,1319
020050503,700,24,724
020050504,686,16,702
020050505,567,11,578
020050506,682,14,696
020050507,841,24,865
020050508,672,18,690
020050601,697,18,715
020050602,945,23,968
020050603,840,13,853
020050604,1397,42,1439
020050605,1070,27,1097
020050606,847,29,876
020050607,828,29,857
020050608,865,31,896
020050701,1132,34,1166
020050702,488,15,503
020050703,605,16,621
020050704,1291,33,1324
020050705,1199,42,1241
020050706,598,18,616
020050707,860,8,868
020050708,863,22,885
020050801,1100,41,1141
020050802,661,18,679
020050803,1100,37,1137
020050804,936,29,965
020050805,376,16,392
020050806,839,21,860
020050807,816,9,825
020050808,787,30,817
020050809,724,19,743
020050901,1022,27,1049
020050902,567,20,587
020050903,530,22,552
020050904,503,10,513
020050905,550,14,564
020050906,532,21,553
020050907,459,12,471
020050908,893,21,914
020050909,869,25,894
020050910,752,26,778
020051001,1094,32,1126
020051002,1021,23,1044
020051003,393,16,409
020051004,535,11,546
020051005,668,20,688
020051006,743,24,767
020051007,1133,40,1173
020051008,625,19,644
020051009,745,17,762
020051010,513,14,527
020051101,1057,42,1099
020051102,802,45,847
020051103,630,36,666
020051104,643,24,667
020051105,701,32,733
020051106,701,18,719
020051107,1002,30,1032
020051108,730,33,763
020051109,943,41,984
020051110,815,21,836
020051201,566,20,586
020051202,1718,49,1767
020051203,900,26,926
020051204,700,18,718
020051205,421,8,429
020051206,1495,41,1536
020051207,830,35,865
020051301,807,26,833
020051302,676,26,702
020051303,716,17,733
020051304,688,23,711
020051305,732,21,753
020051306,781,35,816
020051307,697,18,715
020051308,891,25,916
020051309,960,30,990
020051401,624,24,648
020051402,643,11,654
020051403,1076,34,1110
020051404,880,27,907
020051405,1502,47,1549
020051406,1158,39,1197
020051407,437,7,444
020051408,595,26,621
020051409,862,22,884
020051501,1054,27,1081
020051502,1049,28,1077
020051503,550,16,566
020051504,1129,28,1157
020051505,887,17,904
020051506,809,24,833
020051507,669,27,696
020051508,734,22,756
020051509,384,11,395
020051601,785,24,809
020051602,590,16,606
020051603,603,15,618
020051604,947,36,983
020051605,795,22,817
020051606,681,18,699
020051607,567,19,586
020051608,945,37,982
020051609,867,25,892
020051610,870,35,905
020051611,984,49,1033
020051701,673,17,690
020051702,747,41,788
020051703,697,34,731
020051704,786,28,814
020051705,698,19,717
020051706,740,15,755
020051707,856,21,877
020051708,883,24,907
020051709,521,12,533
020051710,705,24,729
020051711,831,24,855
020051801,888,22,910
020051802,838,32,870
020051803,801,27,828
020051804,733,36,769
020051805,781,23,804
020051806,634,31,665
020051807,674,26,700
020051808,389,12,401
020051809,636,24,660
020051810,773,23,796
020051811,651,39,690
020051901,777,40,817
020051902,642,25,667
020051903,877,26,903
020051904,920,36,956
020051905,724,19,743
020051906,772,19,791
020051907,423,9,432
020051908,876,21,897
020051909,560,25,585
020051910,749,21,770
020051911,989,25,1014
020052001,720,27,747
020052002,875,27,902
020052003,982,38,1020
020052004,741,36,777
020052005,827,44,871
020052006,792,30,822
020052007,839,36,875
020052008,841,31,872
020052009,795,32,827
020052010,888,39,927
020052011,759,36,795
020052012,839,39,878
020052101,805,23,828
020052102,807,28,835
020052103,489,35,524
020052104,854,27,881
020052105,588,24,612
020052106,671,22,693
020052107,664,26,690
020052108,680,24,704
020052109,678,34,712
020052110,553,31,584
020052111,655,23,678
020052201,679,31,710
020052202,767,29,796
020052203,595,17,612
020052204,873,30,903
020052205,737,34,771
020052206,869,32,901
020052207,1500,46,1546
020052208,663,31,694
020052209,838,35,873
020052210,782,46,828
020052211,826,33,859
020052212,840,33,873
020052213,624,31,655
020060101,632,19,651
020060102,778,22,800
020060103,833,34,867
020060104,648,29,677
020060105,1027,42,1069
020060106,877,29,906
020060107,626,33,659
020060108,807,29,836
020060109,669,34,703
020060110,598,12,610
020060111,621,31,652
020060112,593,12,605
020060201,1010,29,1039
020060202,844,33,877
020060203,550,24,574
020060204,621,24,645
020060205,601,17,618
020060206,847,26,873
020060207,686,18,704
020060208,1019,39,1058
020060209,609,28,637
020060210,854,33,887
020060211,1211,53,1264
020060301,907,26,933
020060302,830,27,857
020060303,848,27,875
020060304,583,26,609
020060305,669,23,692
020060306,818,39,857
020060307,817,25,842
020060308,689,23,712
020060309,1060,39,1099
020060310,813,24,837
020060401,518,16,534
020060402,626,19,645
020060403,773,26,799
020060404,719,26,745
020060405,681,26,707
020060406,716,32,748
020060407,633,20,653
020060408,815,31,846
020060409,1032,28,1060
020060410,757,18,775
020060411,712,24,736
020060501,710,12,722
020060502,948,31,979
020060503,729,21,750
020060504,595,13,608
020060505,887,23,910
020060506,625,35,660
020060507,711,21,732
020060508,443,13,456
020060509,539,13,552
020060510,920,24,944
020060511,874,28,902
020060512,347,12,359
020060601,1040,37,1077
020060602,1718,48,1766
020060603,1039,28,1067
020060604,460,10,470
020060605,642,19,661
020060606,741,22,763
020060607,701,15,716
020060608,940,29,969
020060609,710,26,736
020060701,555,21,576
020060702,751,29,780
020060703,907,14,921
020060704,802,30,832
020060705,731,20,751
020060706,650,16,666
020060707,1043,50,1093
020060708,696,25,721
020060709,702,51,753
020060710,726,26,752
020060711,578,14,592
020060712,621,11,632
020060713,471,7,478
020060801,763,31,794
020060802,970,28,998
020060803,603,20,623
020060804,594,14,608
020060805,484,11,495
020060806,1228,52,1280
020060807,620,25,645
020060808,1212,73,1285
020060809,484,17,501
020060810,637,19,656
020060901,572,12,584
020060902,568,14,582
020060903,622,13,635
020060904,974,22,996
020060905,424,7,431
020060906,815,28,843
020060907,510,15,525
020060908,381,11,392
020060909,795,13,808
020060910,693,18,711
020061001,582,11,593
020061002,525,19,544
020061003,722,35,757
020061004,656,24,680
020061005,914,17,931
020061006,887,28,915
020061007,570,13,583
020061008,1164,32,1196
020061009,485,7,492
020061010,889,28,917
020061101,981,36,1017
020061102,509,23,532
020061103,814,28,842
020061104,708,28,736
020061105,546,15,561
020061106,687,18,705
020061107,702,25,727
020061108,728,23,751
020061109,677,18,695
020061110,504,15,519
020061201,480,14,494
020061202,503,26,529
020061203,578,27,605
020061204,343,8,351
020061205,792,29,821
020061206,529,18,547
020061207,654,13,667
020061208,702,22,724
020061209,728,21,749
020061210,504,15,519
020061211,772,20,792
020061212,476,28,504
020061301,652,20,672
020061302,1251,22,1273
020061303,717,25,742
020061304,1172,33,1205
020061305,835,14,849
020061306,504,9,513
020061307,797,37,834
020061308,1110,50,1160
020061309,863,16,879
020061401,834,30,864
020061402,575,29,604
020061403,810,13,823
020061404,1006,17,1023
020061405,984,25,1009
020061406,1067,35,1102
020061407,514,13,527
020061408,501,19,520
020061409,734,18,752
020061410,848,33,881
020061501,623,25,648
020061502,1584,43,1627
020061503,768,30,798
020061504,636,25,661
020061505,713,21,734
020061506,756,21,777
020061507,800,26,826
020061508,903,30,933
020061509,488,15,503
020061510,652,32,684
020061601,640,17,657
020061602,636,22,658
020061603,878,29,907
020061604,643,31,674
020061605,910,34,944
020061606,903,38,941
020061607,969,38,1007
020061608,1274,47,1321
020061609,990,43,1033
020061610,1069,42,1111
020061611,827,22,849
020061701,797,18,815
020061702,853,26,879
020061703,654,25,679
020061704,706,26,732
020061705,1635,41,1676
020061706,990,33,1023
020061707,565,23,588
020061801,593,17,610
020061802,591,14,605
020061803,629,7,636
020061804,683,20,703
020061805,776,20,796
020061806,1042,22,1064
020061807,1098,26,1124
020061808,1006,31,1037
020061809,785,22,807
020061901,844,25,869
020061902,1407,28,1435
020061903,1358,31,1389
020061904,953,28,981
020061905,705,24,729
020061906,943,34,977
020061907,907,32,939
020061908,857,18,875
020062001,468,14,482
020062002,523,23,546
020062003,907,27,934
020062004,504,10,514
020062005,799,16,815
020062006,779,22,801
020062007,573,16,589
020062008,1131,36,1167
020062009,707,33,740
020062010,813,33,846
020062101,586,16,602
020062102,921,36,957
020062103,962,40,1002
020062104,592,13,605
020062105,728,25,753
020062106,494,12,506
020062107,895,40,935
020062108,1121,39,1160
020062109,682,35,717
020062110,789,17,806
020062111,938,35,973
020070101,562,21,583
020070102,817,43,860
020070103,797,41,838
020070104,676,32,708
020070105,399,21,420
020070106,680,35,715
020070107,439,27,466
020070108,681,22,703
020070109,614,33,647
020070110,1045,47,1092
020070201,775,32,807
020070202,908,41,949
020070203,771,26,797
020070204,1638,72,1710
020070205,862,74,936
020070206,1018,45,1063
020070207,649,39,688
020070208,652,36,688
020070209,927,38,965
020070301,656,23,679
020070302,900,23,923
020070303,1052,40,1092
020070304,1076,38,1114
020070305,737,23,760
020070306,866,36,902
020070307,1087,44,1131
020070308,679,33,712
020070309,648,29,677
020070310,977,42,1019
020070401,1016,26,1042
020070402,734,19,753
020070403,957,24,981
020070404,1192,73,1265
020070405,805,11,816
020070406,1112,29,1141
020070407,1093,52,1145
020070408,885,24,909
020070409,576,15,591
020070410,863,28,891
020070501,720,10,730
020070502,618,15,633
020070503,806,35,841
020070504,990,21,1011
020070505,1072,30,1102
020070506,601,18,619
020070507,625,17,642
020070508,705,16,721
020070509,1016,40,1056
020070601,852,38,890
020070602,742,29,771
020070603,581,25,606
020070604,779,29,808
020070605,838,29,867
020070606,859,29,888
020070607,822,24,846
020070608,425,8,433
020070609,661,14,675
020070701,584,22,606
020070702,541,19,560
020070703,887,36,923
020070704,591,32,623
020070705,605,13,618
020070706,892,39,931
020070707,617,26,643
020070708,477,14,491
020070709,877,33,910
020070710,734,33,767
020070711,583,16,599
020070801,655,11,666
020070802,802,41,843
020070803,557,14,571
020070804,762,30,792
020070805,982,32,1014
020070806,841,28,869
020070807,633,16,649
020070808,757,29,786
020070901,618,20,638
020070902,588,19,607
020070903,503,21,524
020070904,777,25,802
020070905,456,21,477
020070906,836,29,865
020070907,709,18,727
020070908,921,19,940
020070909,650,16,666
020070910,650,18,668
020070911,543,11,554
020071001,695,19,714
020071002,361,10,371
020071003,552,20,572
020071004,660,14,674
020071005,602,20,622
020071006,730,15,745
020071007,674,22,696
020071008,1020,18,1038
020071009,639,18,657
020071010,888,24,912
020071101,819,19,838
020071102,834,13,847
020071103,805,26,831
020071104,885,28,913
020071105,517,17,534
020071106,746,23,769
020071107,1071,26,1097
020071108,941,28,969
020071109,933,20,953
020071110,607,17,624
020071201,967,23,990
020071202,543,20,563
020071203,735,23,758
020071204,735,34,769
020071205,694,22,716
020071206,693,30,723
020071207,569,24,593
020071208,555,20,575
020071209,768,27,795
020071301,672,25,697
020071302,663,26,689
020071303,921,34,955
020071304,530,17,547
020071305,779,19,798
020071306,700,23,723
020071307,486,50,536
020071308,521,19,540
020071309,465,15,480
020071310,464,20,484
020071311,703,26,729
020071312,647,24,671
020071313,535,20,555
020071314,677,19,696
020071315,472,13,485
020071401,772,30,802
020071402,766,30,796
020071403,659,38,697
020071404,655,21,676
020071405,870,31,901
020071406,1034,40,1074
020071407,830,77,907
020071408,862,44,906
020071409,787,48,835
020071410,706,37,743
020071411,857,37,894
020071412,869,31,900
020071413,694,22,716
020071501,627,33,660
020071502,991,49,1040
020071503,875,46,921
020071504,603,29,632
020071505,659,23,682
020071506,978,37,1015
020071507,668,27,695
020071508,737,31,768
020071509,1114,50,1164
020071510,926,47,973
020071511,1072,46,1118
020071601,699,13,712
020071602,736,29,765
020071603,770,24,794
020071604,676,29,705
020071605,753,22,775
020071606,945,32,977
020071607,882,37,919
020071608,1026,34,1060
020071609,966,52,1018
020071701,1424,90,1514
020071702,1315,141,1456
020071703,1138,118,1256
020071704,1385,122,1507
020071705,738,86,824
020071706,1090,116,1206
020071707,2001,214,2215
020071708,932,75,1007
020071709,1558,129,1687
020071710,1288,122,1410
020071711,462,49,511
020071801,1257,147,1404
020071802,403,35,438
020071803,768,90,858
020071804,715,47,762
020071805,865,77,942
020071806,1379,156,1535
020071807,1081,78,1159
020071808,876,77,953
020071809,997,111,1108
020071810,1255,106,1361
020071811,1116,106,1222
020071901,781,53,834
020071902,1445,120,1565
020071903,1153,101,1254
020071904,1347,92,1439
020071905,1228,82,1310
020071906,1672,130,1802
020072001,948,38,986
020072002,520,23,543
020072003,677,21,698
020072004,502,18,520
020072005,747,33,780
020072006,749,37,786
020072007,756,33,789
020072008,1098,49,1147
020072009,837,33,870
020072010,1198,61,1259
020072011,1000,39,1039
020072012,613,25,638
020072013,1493,76,1569
020072101,1060,40,1100
020072102,1033,45,1078
020072103,901,29,930
020072104,524,23,547
020072105,637,28,665
020072106,862,22,884
020072107,672,26,698
020072108,410,14,424
020072109,665,25,690
020072110,872,20,892
020072111,768,19,787
020072112,863,35,898
020072201,593,27,620
020072202,843,31,874
020072203,828,23,851
020072204,883,23,906
020072205,912,33,945
020072206,851,19,870
020072207,515,21,536
020072208,529,17,546
020072209,583,18,601
020072210,733,26,759
020072211,705,20,725
020072212,550,21,571
020072213,699,31,730
020072301,769,36,805
020072302,876,65,941
020072303,681,23,704
020072304,589,27,616
020072305,688,19,707
020072306,710,35,745
020072307,773,25,798
020072308,749,29,778
020072309,693,16,709
020072401,834,31,865
020072402,856,27,883
020072403,1102,65,1167
020072404,973,34,1007
020072405,878,29,907
020072406,972,37,1009
020072407,791,38,829
020072408,831,28,859
020072409,891,27,918
020072410,891,41,932
020072411,969,37,1006
020080101,981,79,1060
020080102,1385,115,1500
020080103,1113,106,1219
020080104,1540,184,1724
020080105,1467,157,1624
020080106,1910,192,2102
020080107,1188,70,1258
020080108,1027,65,1092
020080109,2226,216,2442
020080110,1302,114,1416
020080111,560,56,616
020080112,2860,283,3143
020080201,1161,62,1223
020080202,483,30,513
020080203,476,26,502
020080204,727,43,770
020080205,511,25,536
020080206,644,31,675
020080207,1127,56,1183
020080208,822,42,864
020080209,771,36,807
020080210,514,16,530
020080301,867,47,914
020080302,735,26,761
020080303,520,35,555
020080304,721,35,756
020080305,669,34,703
020080306,367,18,385
020080307,695,34,729
020080308,1548,158,1706
020080309,1758,133,1891
020080310,1461,108,1569
020080401,819,42,861
020080402,572,27,599
020080403,608,30,638
020080404,621,13,634
020080405,882,45,927
020080406,990,56,1046
020080407,770,33,803
020080408,803,30,833
020080409,725,27,752
020080410,816,38,854
020080411,678,34,712
020080501,745,28,773
020080502,703,52,755
020080503,733,52,785
020080504,814,29,843
020080505,567,30,597
020080506,766,32,798
020080507,929,48,977
020080508,579,28,607
020080509,851,24,875
020080510,1066,36,1102
020080511,852,36,888
020080601,864,38,902
020080602,1093,53,1146
020080603,1116,54,1170
020080604,695,22,717
020080605,914,44,958
020080606,911,49,960
020080607,567,23,590
020080608,710,28,738
020080609,779,51,830
020080610,585,29,614
020080611,588,37,625
020080701,1162,89,1251
020080702,1384,127,1511
020080703,1428,122,1550
020080704,1300,102,1402
020080705,1457,117,1574
020080706,1142,118,1260
020080707,1795,156,1951
020080708,1558,179,1737
020080709,2568,276,2844
020080710,863,80,943
020080711,1379,104,1483
020080712,1475,112,1587
020080713,1311,98,1409
020080714,1646,203,1849
020080801,807,39,846
020080802,845,43,888
020080803,632,27,659
020080804,758,23,781
020080805,569,18,587
020080806,874,40,914
020080807,796,26,822
020080808,597,24,621
020080809,683,31,714
020080810,821,33,854
020080811,864,31,895
020080901,754,27,781
020080902,826,28,854
020080903,949,41,990
020080904,484,11,495
020080905,868,34,902
020080906,926,51,977
020080907,725,29,754
020080908,700,34,734
020080909,846,40,886
020081001,819,34,853
020081002,710,32,742
020081003,950,30,980
020081004,2034,97,2131
020081005,2213,102,2315
020081006,1470,69,1539
020081007,1489,82,1571
020081008,1038,80,1118
020081101,2668,122,2790
020081102,1875,99,1974
020081103,2751,111,2862
020081104,1796,56,1852
020081105,1194,52,1246
020081201,845,34,879
020081202,924,47,971
020081203,939,34,973
020081204,898,39,937
020081205,908,34,942
020081206,678,34,712
020081207,757,33,790
020081301,36,6,42
020081302,332,18,350
020081303,922,43,965
020081304,965,45,1010
020081305,878,40,918
020081306,595,34,629
020081307,680,25,705
020081308,828,41,869
020081401,1531,149,1680
020081402,1227,122,1349
020081403,1719,160,1879
020081404,2245,238,2483
020081405,1071,52,1123
020081406,726,34,760
020081407,872,33,905
020081408,737,28,765
020081409,908,54,962
020081410,905,34,939
020081501,2305,242,2547
020081502,2019,209,2228
020081503,2011,191,2202
020081504,784,72,856
020081505,2843,272,3115
020081506,776,55,831
020081507,784,72,856
020081508,1137,111,1248
020081509,1490,124,1614
020081510,1134,69,1203
020081601,934,59,993
020081602,543,46,589
020081603,1000,58,1058
020081604,837,60,897
020081605,895,42,937
020081606,756,42,798
020081607,913,65,978
020081608,708,48,756
020081609,817,51,868
020081610,827,63,890
020081701,535,21,556
020081702,578,19,597
020081703,626,14,640
020081704,728,28,756
020081705,397,24,421
020090101,496,22,518
020090102,415,14,429
020090103,574,18,592
020090104,696,21,717
020090105,693,24,717
020090106,752,27,779
020090107,652,12,664
020090108,640,24,664
020090109,702,26,728
020090201,772,28,800
020090202,724,20,744
020090203,766,23,789
020090204,905,35,940
020090205,1056,35,1091
020090206,661,27,688
020090207,723,37,760
020090208,632,24,656
020090209,801,33,834
020090210,716,23,739
020090211,988,39,1027
020090212,568,31,599
020090301,590,23,613
020090302,621,32,653
020090303,560,20,580
020090304,604,21,625
020090305,505,17,522
020090306,705,22,727
020090307,770,30,800
020090308,722,31,753
020090309,654,21,675
020090310,771,15,786
020090311,781,28,809
020090312,552,20,572
020090313,877,26,903
020090401,874,27,901
020090402,853,45,898
020090403,827,38,865
020090404,860,37,897
020090405,929,34,963
020090406,599,13,612
020090407,653,17,670
020090408,677,34,711
020090409,660,23,683
020090410,711,29,740
020090411,879,32,911
020090501,817,33,850
020090502,777,28,805
020090503,962,30,992
020090504,794,30,824
020090505,940,37,977
020090506,790,28,818
020090507,745,24,769
020090508,782,25,807
020090509,740,23,763
020090510,778,39,817
020090511,850,23,873
020090601,1032,37,1069
020090602,777,27,804
020090603,868,32,900
020090604,841,31,872
020090605,1032,35,1067
020090606,665,26,691
020090607,933,38,971
020090608,725,27,752
020090609,788,52,840
020090610,838,32,870
020090611,765,31,796
020090612,771,21,792
020090701,717,26,743
020090702,803,21,824
020090703,540,15,555
020090704,619,26,645
020090705,668,25,693
020090706,794,33,827
020090707,566,18,584
020090708,681,27,708
020090709,787,27,814
020090710,615,28,643
020090711,711,36,747
020090712,925,45,970
020090713,772,32,804
020090714,795,36,831
020090801,715,32,747
020090802,681,27,708
020090803,782,28,810
020090804,666,20,686
020090805,847,27,874
020090806,930,47,977
020090807,969,51,1020
020090808,965,60,1025
020090809,700,32,732
020090810,833,40,873
020090811,855,23,878
020090812,890,35,925
020090813,593,28,621
020090901,709,46,755
020090902,669,25,694
020090903,940,47,987
020090904,574,28,602
020090905,668,23,691
020090906,815,37,852
020090907,905,28,933
020090908,544,22,566
020090909,745,36,781
020090910,770,36,806
020090911,696,30,726
020090912,622,34,656
020090913,582,28,610
020090914,900,43,943
020091001,775,20,795
020091002,975,46,1021
020091003,1031,55,1086
020091004,578,30,608
020091005,807,38,845
020091006,742,35,777
020091007,616,26,642
020091008,877,26,903
020091009,423,16,439
020091010,709,28,737
020091011,550,16,566
020091012,491,18,509
020091101,1084,34,1118
020091102,994,39,1033
020091103,778,37,815
020091104,991,32,1023
020091105,1121,56,1177
020091106,887,36,923
020091107,1033,48,1081
020091108,848,29,877
020091109,999,46,1045
020091110,829,51,880
020091111,885,51,936
020091112,1169,49,1218
020091201,952,46,998
020091202,501,29,530
020091203,791,37,828
020091204,758,27,785
020091205,742,29,771
020091206,936,41,977
020091207,664,28,692
020091208,960,32,992
020091209,801,40,841
020091210,979,47,1026
020091211,804,27,831
020091212,662,39,701
020091301,885,33,918
020091302,1042,34,1076
020091303,1086,72,1158
020091304,750,38,788
020091305,899,41,940
020091306,893,47,940
020091307,1044,54,1098
020091401,1031,39,1070
020091402,838,44,882
020091403,694,43,737
020091404,765,43,808
020091405,1597,153,1750
020091406,2176,197,2373
020091407,1164,117,1281
020091408,1458,122,1580
020091409,829,40,869
020091410,1552,142,1694
020091501,543,22,565
020091502,800,40,840
020091503,793,28,821
020091504,792,40,832
020091505,869,35,904
020091506,975,38,1013
020091507,988,40,1028
020091508,764,47,811
020091509,734,32,766
020091510,627,23,650
020091511,856,38,894
020091601,871,25,896
020091602,808,35,843
020091603,556,31,587
020091604,673,29,702
020091605,803,52,855
020091606,900,40,940
020091607,914,24,938
020091608,861,35,896
020091609,935,46,981
020091610,786,36,822
020091611,696,31,727
020091612,721,41,762
020091613,723,27,750
020100101,599,21,620
020100102,827,37,864
020100103,856,37,893
020100104,773,35,808
020100105,649,26,675
020100106,766,26,792
020100107,696,35,731
020100108,925,27,952
020100201,876,22,898
020100202,558,20,578
020100203,653,30,683
020100204,814,39,853
020100205,777,31,808
020100206,1034,41,1075
020100207,902,46,948
020100208,818,28,846
020100301,574,24,598
020100302,787,32,819
020100303,752,26,778
020100304,539,29,568
020100305,745,26,771
020100306,667,27,694
020100307,854,28,882
020100308,908,52,960
020100401,945,53,998
020100402,1025,47,1072
020100403,825,27,852
020100404,759,34,793
020100405,740,25,765
020100406,634,14,648
020100407,722,28,750
020100408,669,22,691
020100409,723,22,745
020100501,656,29,685
020100502,666,34,700
020100503,885,25,910
020100504,858,29,887
020100505,759,39,798
020100506,794,30,824
020100507,807,21,828
020100508,893,35,928
020100509,645,19,664
020100510,750,27,777
020100511,645,32,677
020100512,720,26,746
020100513,765,35,800
020100514,693,25,718
020100601,622,19,641
020100602,644,20,664
020100603,1011,34,1045
020100604,812,29,841
020100605,821,19,840
020100606,794,36,830
020100607,793,25,818
020100608,814,29,843
020100609,896,36,932
020100610,1008,45,1053
020100611,731,27,758
020100612,683,20,703
020100613,973,40,1013
020100701,1060,37,1097
020100702,966,51,1017
020100703,1139,44,1183
020100704,1062,39,1101
020100705,786,26,812
020100706,890,40,930
020100707,1443,39,1482
020100708,984,26,1010
020100709,874,36,910
020100710,1031,47,1078
020100801,1018,36,1054
020100802,1120,44,1164
020100803,746,34,780
020100804,949,45,994
020100805,784,31,815
020100806,797,48,845
020100807,1083,42,1125
020100808,1051,36,1087
020100809,638,135,773
020100901,778,30,808
020100902,833,39,872
020100903,776,31,807
020100904,758,55,813
020100905,887,63,950
020100906,911,33,944
020100907,816,35,851
020100908,684,34,718
020100909,645,18,663
020100910,739,27,766
020101001,698,25,723
020101002,1047,53,1100
020101003,897,31,928
020101004,732,25,757
020101005,823,30,853
020101006,850,27,877
020101007,767,31,798
020101008,691,25,716
020101009,888,36,924
020101010,673,25,698
020101011,752,32,784
020101012,837,28,865
020101101,788,35,823
020101102,1032,38,1070
020101103,791,32,823
020101104,921,49,970
020101105,851,36,887
020101106,469,17,486
020101107,989,45,1034
020101108,788,28,816
020101109,1008,41,1049
020101110,621,31,652
020101111,604,17,621
020101201,923,55,978
020101202,820,23,843
020101203,749,30,779
020101204,581,31,612
020101205,545,29,574
020101206,551,28,579
020101207,614,28,642
020101208,707,28,735
020101209,694,26,720
020101210,570,24,594
020101301,679,20,699
020101302,712,18,730
020101303,672,27,699
020101304,568,24,592
020101305,758,27,785
020101306,778,38,816
020101307,669,34,703
020101308,757,19,776
020101309,680,24,704
020101310,555,23,578
020101311,589,15,604
020101312,574,15,589
020101401,843,27,870
020101402,854,39,893
020101403,740,31,771
020101404,771,31,802
020101405,685,23,708
020101406,548,27,575
020101407,787,27,814
020101408,566,15,581
020101409,829,27,856
020101410,773,36,809
020101411,642,30,672
020101501,594,20,614
020101502,857,36,893
020101503,521,19,540
020101504,632,23,655
020101505,775,24,799
020101506,574,16,590
020101507,497,12,509
020101508,969,51,1020
020101509,1164,36,1200
020101601,633,18,651
020101602,1003,36,1039
020101603,710,32,742
020101604,825,25,850
020101605,987,30,1017
020101606,932,46,978
020101607,738,23,761
020101608,798,26,824
020101609,887,34,921
020101701,709,17,726
020101702,774,32,806
020101703,899,19,918
020101704,987,50,1037
020101705,983,40,1023
020101706,818,32,850
020101707,801,32,833
020101708,642,33,675
020101709,597,23,620
020101710,690,25,715
020101801,682,34,716
020101802,708,23,731
020101803,729,27,756
020101804,1026,41,1067
020101805,724,32,756
020101806,568,16,584
020101807,738,16,754
020101808,541,42,583
020101809,1190,46,1236
020101810,489,12,501
020101811,619,22,641
020101812,754,25,779
020101901,525,19,544
020101902,1013,35,1048
020101903,996,53,1049
020101904,728,37,765
020101905,758,29,787
020101906,771,38,809
020101907,723,23,746
020101908,481,16,497
020101909,680,26,706
020101910,927,34,961
020101911,854,33,887
020101912,1037,46,1083
020110101,980,28,1008
020110102,877,27,904
020110103,678,24,702
020110104,782,35,817
020110105,551,20,571
020110106,755,31,786
020110107,683,16,699
020110108,635,20,655
020110109,729,19,748
020110110,772,22,794
020110111,836,28,864
020110112,641,22,663
020110201,782,27,809
020110202,908,40,948
020110203,698,21,719
020110204,523,17,540
020110205,993,33,1026
020110206,916,31,947
020110207,783,30,813
020110208,834,27,861
020110209,639,18,657
020110210,955,34,989
020110211,804,18,822
020110301,668,15,683
020110302,769,12,781
020110303,646,25,671
020110304,589,16,605
020110305,542,12,554
020110306,716,23,739
020110307,740,25,765
020110308,709,20,729
020110309,687,19,706
020110310,732,16,748
020110311,694,18,712
020110312,723,27,750
020110401,773,35,808
020110402,737,25,762
020110403,697,22,719
020110404,896,34,930
020110405,741,19,760
020110406,601,21,622
020110407,681,26,707
020110408,667,19,686
020110409,775,24,799
020110410,661,15,676
020110411,868,33,901
020110412,823,34,857
020110413,745,21,766
020110501,660,25,685
020110502,821,24,845
020110503,923,29,952
020110504,593,15,608
020110505,798,23,821
020110506,829,22,851
020110507,711,24,735
020110508,812,31,843
020110509,786,34,820
020110510,757,28,785
020110601,647,22,669
020110602,905,30,935
020110603,771,23,794
020110604,840,34,874
020110605,689,18,707
020110606,804,24,828
020110607,826,30,856
020110608,690,30,720
020110609,801,32,833
020110610,742,28,770
020110611,813,21,834
020110701,2163,35,2198
020110702,826,28,854
020110703,741,22,763
020110704,883,26,909
020110705,904,28,932
020110706,735,30,765
020110707,744,28,772
020110708,649,20,669
020110709,741,31,772
020110710,748,40,788
020110711,755,20,775
020110712,795,28,823
020110801,812,36,848
020110802,828,39,867
020110803,496,13,509
020110804,696,19,715
020110805,619,18,637
020110806,932,26,958
020110807,933,32,965
020110808,919,34,953
020110809,782,19,801
020110901,812,28,840
020110902,743,33,776
020110903,938,33,971
020110904,618,20,638
020110905,686,28,714
020110906,561,5,566
020110907,741,29,770
020110908,814,22,836
020110909,504,10,514
020110910,625,22,647
020110911,549,17,566
020110912,622,12,634
020111001,673,30,703
020111002,905,32,937
020111003,672,21,693
020111004,900,33,933
020111005,894,20,914
020111006,917,36,953
020111007,897,45,942
020111008,693,34,727
020111009,709,20,729
020111010,676,23,699
020111101,784,34,818
020111102,831,27,858
020111103,883,40,923
020111104,284,7,291
020111105,881,39,920
020111106,951,34,985
020111107,814,35,849
020111108,811,28,839
020111109,842,35,877
020111201,548,13,561
020111202,554,18,572
020111203,927,40,967
020111204,600,9,609
020111205,628,16,644
020111206,821,38,859
020111207,622,26,648
020111208,690,33,723
020111209,558,20,578
020111210,572,14,586
020111301,673,17,690
020111302,779,21,800
020111303,686,18,704
020111304,721,24,745
020111305,854,20,874
020111306,916,20,936
020111307,758,25,783
020111308,674,18,692
020111309,914,43,957
020111310,615,22,637
020111311,799,28,827
020111401,907,36,943
020111402,762,32,794
020111403,945,29,974
020111404,650,24,674
020111405,906,32,938
020111406,958,40,998
020111407,1532,51,1583
020111501,927,37,964
020111502,847,30,877
020111503,962,38,1000
020111504,907,33,940
020111505,754,23,777
020111506,839,32,871
020111507,638,18,656
020111508,772,30,802
020111509,765,30,795
020111510,857,35,892
020111511,1011,20,1031
020111601,837,33,870
020111602,824,34,858
020111603,634,22,656
020111604,613,33,646
020111605,713,30,743
020111606,729,41,770
020111607,784,28,812
020111608,931,40,971
020111609,602,20,622
020111610,618,29,647
020111701,749,39,788
020111702,755,31,786
020111703,816,32,848
020111704,863,31,894
020111705,775,22,797
020111706,1083,43,1126
020111707,833,42,875
020111708,810,22,832
020111801,800,28,828
020111802,758,33,791
020111803,815,33,848
020111804,822,41,863
020111805,745,22,767
020111806,1205,68,1273
020111807,952,33,985
020111808,841,39,880
020111809,754,34,788
020111901,533,17,550
020111902,806,35,841
020111903,657,31,688
020111904,956,27,983
020111905,745,23,768
020111906,852,39,891
020111907,853,31,884
020111908,769,37,806
020111909,829,32,861
020112001,839,28,867
020112002,795,38,833
020112003,1039,50,1089
020112004,832,37,869
020112005,801,32,833
020112006,666,31,697
020112007,613,17,630
020112008,463,23,486
020112009,760,31,791
020112010,730,19,749
020112011,649,28,677
020112101,724,43,767
020112102,714,29,743
020112103,941,29,970
020112104,702,32,734
020112105,857,30,887
020112106,906,41,947
020112107,656,21,677
020112108,648,30,678
020112109,485,24,509
020112110,764,34,798
020112111,861,37,898
020112201,833,35,868
020112202,919,29,948
020112203,925,43,968
020112204,652,17,669
020112205,849,20,869
020112206,955,38,993
020112207,810,27,837
020112208,802,35,837
020112209,719,24,743
020112210,736,16,752
020112211,658,22,680
020120101,542,25,567
020120102,556,13,569
020120103,643,17,660
020120104,823,40,863
020120105,553,19,572
020120106,702,31,733
020120107,1023,27,1050
020120108,479,14,493
020120109,910,36,946
020120110,830,33,863
020120111,968,36,1004
020120201,1006,29,1035
020120202,689,21,710
020120203,797,23,820
020120204,966,39,1005
020120205,957,29,986
020120206,901,35,936
020120207,797,34,831
020120208,913,46,959
020120301,224,2,226
020120302,658,22,680
020120303,780,25,805
020120304,754,32,786
020120305,765,28,793
020120306,1630,93,1723
020120307,951,33,984
020120308,666,39,705
020120309,632,20,652
020120310,810,40,850
020120311,735,25,760
020120401,725,19,744
020120402,736,33,769
020120403,1000,49,1049
020120404,845,38,883
020120405,578,16,594
020120406,705,28,733
020120407,999,35,1034
020120408,738,20,758
020120409,553,26,579
020120410,601,15,616
020120501,583,18,601
020120502,622,20,642
020120503,1235,52,1287
020120504,609,20,629
020120505,653,18,671
020120506,596,15,611
020120507,705,24,729
020120508,921,32,953
020120509,719,25,744
020120510,652,16,668
020120511,742,29,771
020120601,730,27,757
020120602,815,30,845
020120603,637,30,667
020120604,886,31,917
020120605,928,38,966
020120606,916,25,941
020120607,683,25,708
020120608,673,29,702
020120609,680,15,695
020120610,730,22,752
020120701,797,18,815
020120702,796,19,815
020120703,832,27,859
020120704,878,32,910
020120705,703,20,723
020120706,842,30,872
020120707,781,21,802
020120708,826,27,853
020120709,1140,33,1173
020120710,999,38,1037
020120801,1339,61,1400
020120802,696,22,718
020120803,799,41,840
020120804,725,26,751
020120805,573,15,588
020120806,780,33,813
020120807,816,32,848
020120808,833,48,881
020120809,910,31,941
020120810,680,20,700
020120811,612,10,622
020120901,878,31,909
020120902,1061,35,1096
020120903,930,36,966
020120904,961,48,1009
020120905,898,32,930
020120906,898,31,929
020120907,815,30,845
020121001,923,36,959
020121002,922,33,955
020121003,690,22,712
020121004,698,32,730
020121005,685,30,715
020121006,819,28,847
020121007,706,31,737
020121008,1083,34,1117
020121009,781,24,805
020121010,750,33,783
020121011,805,45,850
020121101,718,21,739
020121102,611,18,629
020121103,524,18,542
020121104,815,44,859
020121105,814,56,870
020121106,797,28,825
020121107,738,18,756
020121108,851,41,892
020121109,822,25,847
020121110,814,22,836
020121111,731,26,757
020121201,614,31,645
020121202,1010,35,1045
020121203,1102,46,1148
020121204,856,24,880
020121205,762,20,782
020121206,529,15,544
020121207,804,24,828
020121208,677,18,695
020121301,846,24,870
020121302,819,28,847
020121303,1435,43,1478
020121304,1174,45,1219
020121305,999,33,1032
020121306,853,28,881
020121307,460,14,474
020121401,951,15,966
020121402,853,31,884
020121403,714,30,744
020121404,808,28,836
020121405,917,33,950
020121406,715,26,741
020121407,977,36,1013
020121408,927,13,940
020121409,734,35,769
020121410,959,22,981
020121501,817,33,850
020121502,790,30,820
020121503,926,31,957
020121504,900,36,936
020121505,827,37,864
020121506,789,24,813
020121507,850,43,893
020121508,869,38,907
020121509,897,41,938
020121510,799,27,826
020121511,790,32,822
020121512,750,29,779
020121513,649,23,672
020121601,1044,34,1078
020121602,821,26,847
020121603,853,24,877
020121604,1040,42,1082
020121605,1246,38,1284
020121606,1297,47,1344
020121607,704,24,728
020121608,994,28,1022
020121609,773,26,799
020121610,633,14,647
020121611,758,25,783
020121612,669,25,694
020121613,459,16,475
020121614,332,9,341
020121701,918,34,952
020121702,1010,20,1030
020121703,854,32,886
020121704,731,31,762
020121705,1037,54,1091
020121706,920,34,954
020121707,928,32,960
020121708,1154,43,1197
020121801,590,27,617
020121802,867,25,892
020121803,814,27,841
020121804,772,22,794
020121805,831,40,871
020121806,825,32,857
020121807,820,34,854
020121808,892,46,938
020121809,748,23,771
020121810,687,33,720
020121811,645,33,678
020121812,1069,42,1111
020121813,717,21,738
020121901,855,30,885
020121902,552,25,577
020121903,712,27,739
020121904,1026,35,1061
020121905,1011,51,1062
020121906,1016,33,1049
020121907,935,31,966
020121908,893,35,928
020121909,748,20,768
020121910,1015,32,1047
020121911,1001,40,1041
020121912,784,22,806
020121913,663,29,692
020122001,794,30,824
020122002,1201,37,1238
020122003,955,34,989
020122004,962,39,1001
020122005,943,23,966
020122006,945,34,979
020122007,822,31,853
020122008,877,26,903
020122101,982,25,1007
020122102,989,37,1026
020122103,845,32,877
020122104,955,26,981
020122105,762,34,796
020122106,811,30,841
020122107,890,40,930
020122108,773,15,788
020122109,749,20,769
020122110,625,20,645
020122201,734,31,765
020122202,884,33,917
020122203,738,27,765
020122204,827,34,861
020122205,1125,52,1177
020122206,1032,46,1078
020122207,1042,37,1079
020122208,918,32,950
020122209,858,36,894
020122210,914,26,940
020122211,889,34,923
020130101,699,15,714
020130102,725,15,740
020130103,570,13,583
020130104,711,26,737
020130105,754,30,784
020130106,825,26,851
020130107,487,10,497
020130108,505,9,514
020130109,438,7,445
020130110,671,18,689
020130111,615,20,635
020130112,513,16,529
020130113,587,17,604
020130114,611,16,627
020130201,1000,25,1025
020130202,807,22,829
020130203,556,18,574
020130204,623,21,644
020130205,714,33,747
020130206,891,22,913
020130207,618,26,644
020130208,584,21,605
020130209,952,52,1004
020130210,1019,43,1062
020130211,557,21,578
020130301,765,35,800
020130302,621,15,636
020130303,737,20,757
020130304,989,36,1025
020130305,734,31,765
020130306,605,27,632
020130307,613,17,630
020130308,580,17,597
020130309,872,51,923
020130310,878,46,924
020130401,565,19,584
020130402,721,29,750
020130403,649,15,664
020130404,939,33,972
020130405,721,17,738
020130406,823,33,856
020130407,682,24,706
020130408,592,15,607
020130409,669,17,686
020130410,412,14,426
020130411,751,30,781
020130412,1275,54,1329
020130413,670,22,692
020130414,710,25,735
020130501,710,18,728
020130502,1140,21,1161
020130503,1106,37,1143
020130504,944,26,970
020130505,830,21,851
020130506,877,32,909
020130507,725,28,753
020130508,801,37,838
020130601,658,14,672
020130602,990,29,1019
020130603,877,29,906
020130604,842,28,870
020130605,881,25,906
020130606,817,21,838
020130607,911,22,933
020130608,751,16,767
020130701,723,33,756
020130702,552,18,570
020130703,944,29,973
020130704,715,16,731
020130705,976,32,1008
020130706,775,20,795
020130707,744,23,767
020130708,725,26,751
020130709,753,28,781
020130801,604,14,618
020130802,535,11,546
020130803,871,25,896
020130804,811,33,844
020130805,890,29,919
020130806,627,20,647
020130807,744,29,773
020130808,926,32,958
020130809,653,22,675
020130810,602,21,623
020130901,636,16,652
020130902,659,13,672
020130903,484,7,491
020130904,545,15,560
020130905,1094,31,1125
020130906,639,21,660
020130907,634,16,650
020130908,743,25,768
020130909,811,29,840
020130910,524,4,528
020131001,716,44,760
020131002,824,27,851
020131003,881,39,920
020131004,1005,51,1056
020131005,530,18,548
020131006,842,21,863
020131007,633,13,646
020131008,871,20,891
020131009,666,14,680
020131010,848,23,871
020131011,585,9,594
020131101,549,8,557
020131102,697,21,718
020131103,558,10,568
020131104,535,12,547
020131105,558,13,571
020131106,1024,26,1050
020131107,683,18,701
020131201,663,20,683
020131202,847,22,869
020131203,592,17,609
020131204,794,33,827
020131205,643,31,674
020131206,539,14,553
020131207,834,27,861
020131208,589,23,612
020131209,879,26,905
020131210,537,13,550
020131301,989,24,1013
020131302,301,3,304
020131303,688,24,712
020131304,790,20,810
020131305,786,24,810
020131306,243,9,252
020131307,581,23,604
020131308,619,14,633
020131309,739,17,756
020131310,852,37,889
020131311,556,23,579
020131312,949,30,979
020131313,1130,36,1166
020131314,621,27,648
020131401,731,19,750
020131402,355,16,371
020131403,625,17,642
020131404,697,19,716
020131405,504,15,519
020131406,798,28,826
020131407,367,11,378
020131408,580,11,591
020131409,508,14,522
020131410,693,19,712
020131411,743,33,776
020131501,703,27,730
020131502,688,9,697
020131503,710,18,728
020131504,469,15,484
020131505,737,28,765
020131506,622,21,643
020131507,761,24,785
020131508,684,13,697
020131509,826,22,848
020131510,605,13,618
020131511,700,22,722
020131512,620,11,631
020131601,785,32,817
020131602,826,20,846
020131603,483,11,494
020131604,665,13,678
020131605,494,14,508
020131606,390,10,400
020131607,706,31,737
020131608,621,21,642
020131609,781,25,806
020131610,776,32,808
020131611,684,20,704
020131612,683,23,706
020131613,520,18,538
020131701,980,36,1016
020131702,1033,24,1057
020131703,769,20,789
020131704,522,12,534
020131705,662,25,687
020131706,719,26,745
020131707,780,26,806
020131708,701,21,722
020131709,944,28,972
020131710,884,26,910
020131711,529,19,548
020131801,832,28,860
020131802,811,30,841
020131803,888,28,916
020131804,662,29,691
020131805,635,31,666
020131806,703,20,723
020131807,915,33,948
020131808,750,31,781
020131809,508,13,521
020131810,777,17,794
020131901,759,22,781
020131902,872,28,900
020131903,651,28,679
020131904,471,15,486
020131905,877,22,899
020131906,479,11,490
020131907,687,23,710
020131908,705,18,723
020131909,620,25,645
020131910,641,27,668
020131911,377,13,390
020131912,722,17,739
020132001,614,20,634
020132002,887,28,915
020132003,387,16,403
020132004,645,21,666
020132005,576,8,584
020132006,786,16,802
020132007,775,36,811
020132008,743,19,762
020132009,518,17,535
020132010,530,17,547
020132011,564,17,581
020132012,537,13,550
020132101,571,14,585
020132102,295,7,302
020132103,519,10,529
020132104,817,25,842
020132105,780,40,820
020132106,714,22,736
020132107,1060,29,1089
020132108,690,20,710
020132109,800,23,823
020132110,886,13,899
020132201,555,19,574
020132202,494,9,503
020132203,449,10,459
020132204,850,28,878
020132205,1116,41,1157
020132206,1048,39,1087
020132207,1064,17,1081
020132208,757,19,776
020132209,514,19,533
020132301,1105,41,1146
020132302,485,17,502
020132303,1031,30,1061
020132304,567,18,585
020132305,468,6,474
020132306,725,16,741
020132307,499,10,509
020132308,975,35,1010
020132309,977,19,996
020132310,526,21,547
020132311,786,19,805
020132401,438,19,457
020132402,543,11,554
020132403,626,21,647
020132404,766,39,805
020132405,692,12,704
020132406,689,11,700
020132407,874,37,911
020132408,794,32,826
020132409,907,29,936
020132410,736,46,782
020132501,557,24,581
020132502,651,14,665
020132503,826,24,850
020132504,633,19,652
020132505,545,27,572
020132506,680,24,704
020132507,1073,42,1115
020132508,746,19,765
020132601,801,28,829
020132602,766,25,791
020132603,716,30,746
020132604,883,58,941
020132605,713,21,734
020132606,733,33,766
020132607,461,15,476
020132608,435,11,446
020132609,485,13,498
020132610,879,29,908
020132611,611,22,633
020132701,406,7,413
020132702,810,18,828
020132703,986,29,1015
020132704,781,32,813
020132705,580,18,598
020132706,1054,40,1094
020132707,1002,21,1023
020132708,764,24,788
020132709,817,26,843
020132801,487,19,506
020132802,422,10,432
020132803,633,18,651
020132804,358,15,373
020132805,515,17,532
020132806,781,22,803
020132807,650,20,670
020132808,882,35,917
020132809,726,22,748
020132810,595,17,612
020132901,658,25,683
020132902,603,9,612
020132903,514,17,531
020132904,796,21,817
020132905,544,11,555
020132906,719,19,738
020132907,815,37,852
020132908,1032,40,1072
020132909,544,13,557
020132910,743,21,764
020132911,728,20,748
020140101,419,5,424
020140102,529,14,543
020140103,832,18,850
020140104,887,25,912
020140105,1267,42,1309
020140106,959,20,979
020140107,818,19,837
020140108,915,21,936
020140109,968,29,997
020140110,1143,38,1181
020140201,1099,39,1138
020140202,513,16,529
020140203,814,23,837
020140204,621,19,640
020140205,680,15,695
020140206,637,16,653
020140207,657,19,676
020140208,878,26,904
020140209,844,31,875
020140210,1071,33,1104
020140301,1531,44,1575
020140302,467,14,481
020140303,405,9,414
020140304,713,36,749
020140305,816,20,836
020140306,384,14,398
020140307,599,18,617
020140308,802,15,817
020140309,845,19,864
020140310,590,21,611
020140311,674,12,686
020140312,642,14,656
020140401,827,23,850
020140402,564,27,591
020140403,537,25,562
020140404,625,13,638
020140405,810,23,833
020140406,1238,21,1259
020140407,868,31,899
020140408,1084,16,1100
020140409,773,12,785
020140410,1380,46,1426
020140501,735,29,764
020140502,875,44,919
020140503,902,31,933
020140504,531,11,542
020140505,991,20,1011
020140506,579,29,608
020140507,513,15,528
020140508,428,11,439
020140509,1100,58,1158
020140510,1193,36,1229
020140601,932,20,952
020140602,774,22,796
020140603,890,24,914
020140604,685,20,705
020140605,746,25,771
020140606,1050,35,1085
020140607,736,29,765
020140608,507,8,515
020140609,746,12,758
020140610,372,15,387
020140701,830,27,857
020140702,846,25,871
020140703,762,24,786
020140704,957,36,993
020140705,702,19,721
020140706,692,19,711
020140707,609,27,636
020140708,552,18,570
020140709,590,12,602
020140801,789,22,811
020140802,556,22,578
020140803,342,9,351
020140804,437,11,448
020140805,939,23,962
020140806,889,16,905
020140807,595,19,614
020140808,666,14,680
020140809,1069,41,1110
020140901,1079,39,1118
020140902,781,49,830
020140903,1029,25,1054
020140904,1109,58,1167
020140905,383,3,386
020140906,638,31,669
020140907,608,19,627
020140908,720,30,750
020140909,735,23,758
020140910,847,28,875
020140911,724,17,741
020140912,968,35,1003
020140913,656,11,667
020141001,24,1,25
020141101,912,35,947
020141102,848,43,891
020141103,471,15,486
020141104,667,21,688
020141105,739,26,765
020141106,839,32,871
020141107,537,9,546
020141108,965,35,1000
020141109,664,11,675
020141110,431,5,436
020141111,502,10,512
020141112,681,15,696
020141113,731,18,749
020141114,489,14,503
020141201,416,10,426
020141202,791,25,816
020141203,595,19,614
020141204,739,9,748
020141205,792,14,806
020141206,525,10,535
020141207,317,3,320
020141208,318,8,326
020141209,638,11,649
020141210,709,13,722
020141211,582,9,591
020141301,645,28,673
020141302,634,23,657
020141303,704,19,723
020141304,563,15,578
020141305,681,22,703
020141306,557,12,569
020141307,362,10,372
020141308,619,30,649
020141309,730,22,752
020141310,696,24,720
020141311,580,27,607
020141312,532,16,548
020141401,847,12,859
020141402,569,13,582
020141403,676,24,700
020141404,389,17,406
020141405,402,3,405
020141406,448,9,457
020141407,490,15,505
020141408,898,20,918
020141409,912,18,930
020141410,668,9,677
020141411,791,16,807
020141501,671,14,685
020141502,722,13,735
020141503,654,10,664
020141504,791,13,804
020141505,865,24,889
020141506,891,23,914
020141507,609,9,618
020141508,1827,27,1854
020141601,1224,32,1256
020141602,716,35,751
020141603,1044,20,1064
020141604,881,32,913
020141605,880,25,905
020141606,284,7,291
020141607,674,14,688
020141701,765,19,784
020141702,848,26,874
020141703,772,25,797
020141704,401,10,411
020141705,691,15,706
020141706,630,19,649
020141707,710,20,730
020141708,1253,33,1286
020141801,712,15,727
020141802,698,20,718
020141803,1018,29,1047
020141804,853,22,875
020141805,946,25,971
020141806,772,32,804
020141807,593,7,600
020141808,882,13,895
020141901,515,15,530
020141902,921,20,941
020141903,994,34,1028
020141904,1170,21,1191
020141905,1373,27,1400
020142001,1198,23,1221
020142002,1238,31,1269
020142003,932,11,943
020142004,768,13,781
020142005,728,18,746
020142006,487,6,493
020142007,308,6,314
020142101,914,14,928
020142102,644,15,659
020142103,316,7,323
020142104,505,8,513
020142105,381,14,395
020142106,525,13,538
020142107,647,22,669
020142108,663,7,670
020142109,536,17,553
020142110,522,11,533
020142111,668,17,685
020142201,814,21,835
020142202,834,18,852
020142203,467,13,480
020142204,550,13,563
020142205,871,28,899
020142206,1002,30,1032
020142207,721,15,736
020142208,737,17,754
020142209,1277,29,1306
020142210,637,16,653
020142301,572,10,582
020142302,450,10,460
020142303,530,8,538
020142304,703,13,716
020142305,963,24,987
020142306,417,14,431
020142307,657,24,681
020142308,1024,39,1063
020142309,892,22,914
020142310,715,15,730
020142311,862,12,874
020142401,645,11,656
020142402,435,12,447
020142403,504,4,508
020142404,381,8,389
020142405,769,17,786
020142406,677,19,696
020142407,658,18,676
020142408,513,8,521
020142409,665,28,693
020142501,812,22,834
020142502,430,6,436
020142503,751,16,767
020142504,504,8,512
020142505,441,11,452
020142506,438,8,446
020142507,697,8,705
020142508,673,21,694
020142509,659,6,665
020142601,995,28,1023
020142602,704,10,714
020142603,383,17,400
020142604,1649,35,1684
020142605,899,25,924
020142606,898,24,922
020142607,1118,24,1142
020142701,1171,27,1198
020142702,1078,20,1098
020142703,565,9,574
020142704,763,16,779
020142705,874,23,897
020142706,408,4,412
020142707,406,7,413
020142801,607,8,615
020142802,580,19,599
020142803,641,19,660
020142804,667,12,679
020142805,508,29,537
020142806,891,21,912
020142807,707,10,717
020142808,511,6,517
020142809,549,22,571
020142810,790,27,817
020142811,948,19,967
020142812,557,11,568
020142901,509,13,522
020142902,854,29,883
020142903,485,12,497
020142904,711,20,731
020142905,458,8,466
020142906,790,15,805
020142907,787,25,812
020142908,588,8,596
020142909,692,17,709
020142910,741,21,762
020142911,604,20,624
020143001,771,23,794
020143002,898,34,932
020143003,783,21,804
020143004,533,11,544
020143005,899,22,921
020143006,450,9,459
020143007,373,5,378
020143008,1540,32,1572
020143009,1219,32,1251
020143101,671,23,694
020143102,798,21,819
020143103,589,16,605
020143104,605,18,623
020143105,583,14,597
020143106,1109,43,1152
020143107,840,24,864
020143108,698,17,715
020143109,606,18,624
020143110,511,10,521
020143111,374,9,383
020143112,548,14,562
020150101,947,42,989
020150102,895,31,926
020150103,653,25,678
020150104,594,33,627
020150105,734,27,761
020150106,693,21,714
020150107,647,29,676
020150108,678,19,697
020150109,902,41,943
020150110,887,22,909
020150111,552,22,574
020150112,699,18,717
020150201,695,32,727
020150202,757,33,790
020150203,777,32,809
020150204,531,8,539
020150205,481,19,500
020150206,658,31,689
020150207,629,19,648
020150208,617,26,643
020150209,548,18,566
020150210,551,28,579
020150301,680,26,706
020150302,880,27,907
020150303,868,22,890
020150304,723,44,767
020150305,722,36,758
020150306,699,11,710
020150307,782,10,792
020150308,855,32,887
020150309,802,31,833
020150310,815,30,845
020150311,715,21,736
020150312,1105,52,1157
020150313,715,31,746
020150401,788,34,822
020150402,646,23,669
020150403,877,39,916
020150404,528,22,550
020150405,582,28,610
020150406,736,43,779
020150407,773,30,803
020150408,696,30,726
020150409,595,16,611
020150410,593,27,620
020150411,712,26,738
020150412,762,23,785
020150413,728,16,744
020150414,833,39,872
020150501,723,24,747
020150502,927,40,967
020150503,721,22,743
020150504,544,24,568
020150505,725,29,754
020150506,731,28,759
020150507,653,24,677
020150508,841,27,868
020150509,858,35,893
020150510,611,31,642
020150511,681,45,726
020150512,672,26,698
020150513,698,25,723
020150514,671,23,694
020150601,631,25,656
020150602,635,22,657
020150603,610,14,624
020150604,670,25,695
020150605,497,21,518
020150606,482,15,497
020150607,619,19,638
020150701,833,32,865
020150702,656,25,681
020150703,608,23,631
020150704,888,27,915
020150705,827,28,855
020150706,859,93,952
020150707,963,29,992
020150708,930,34,964
020150709,748,30,778
020150710,906,38,944
020150711,831,35,866
020150712,908,26,934
020150801,903,37,940
020150802,680,21,701
020150803,952,35,987
020150804,859,45,904
020150805,700,26,726
020150806,670,32,702
020150807,939,32,971
020150808,870,31,901
020150809,968,28,996
020150810,839,19,858
020150901,487,15,502
020150902,459,16,475
020150903,481,15,496
020150904,677,22,699
020150905,699,33,732
020150906,574,24,598
020150907,664,35,699
020150908,2030,144,2174
020151001,675,18,693
020151002,1059,18,1077
020151003,1002,59,1061
020151004,752,27,779
020151005,659,28,687
020151006,457,12,469
020151007,784,25,809
020151008,688,16,704
020151009,691,24,715
020151010,541,16,557
020151011,613,23,636
020151012,728,29,757
020151013,1008,32,1040
020151101,744,22,766
020151102,717,24,741
020151103,687,26,713
020151104,776,23,799
020151105,626,47,673
020151106,737,34,771
020151107,635,24,659
020151108,685,24,709
020151109,1011,41,1052
020151110,623,20,643
020151111,1088,38,1126
020151112,793,36,829
020151113,857,34,891
020151201,709,41,750
020151202,710,29,739
020151203,690,29,719
020151204,663,14,677
020151205,866,37,903
020151206,673,30,703
020151207,473,11,484
020151208,699,21,720
020151209,479,18,497
020151301,785,29,814
020151302,692,22,714
020151303,596,15,611
020151304,639,22,661
020151305,409,10,419
020151306,478,8,486
020151307,624,28,652
020151308,407,15,422
020151309,978,36,1014
020151310,605,24,629
020151401,796,27,823
020151402,855,20,875
020151403,669,24,693
020151404,672,15,687
020151405,905,25,930
020151406,490,12,502
020151407,781,61,842
020151408,791,25,816
020151409,812,20,832
020151410,647,22,669
020151411,970,27,997
020151501,662,17,679
020151502,730,12,742
020151503,1000,19,1019
020151504,921,36,957
020151505,785,36,821
020151506,828,24,852
020151507,811,28,839
020151508,629,15,644
020151509,952,35,987
020151510,878,29,907
020151601,802,27,829
020151602,787,30,817
020151603,990,35,1025
020151604,704,23,727
020151605,601,26,627
020151606,731,30,761
020151607,788,26,814
020151608,789,23,812
020151609,694,30,724
020151610,742,31,773
020151611,718,23,741
020151701,702,12,714
020151702,547,14,561
020151703,804,25,829
020151704,945,30,975
020151705,823,30,853
020151706,672,24,696
020151707,697,21,718
020151708,569,12,581
020151709,629,23,652
020151710,860,29,889
020151711,775,21,796
020151712,692,17,709
020151801,532,13,545
020151802,460,29,489
020151803,668,23,691
020151804,445,9,454
020151805,461,13,474
020151806,488,15,503
020151807,729,19,748
020151808,530,20,550
020151809,468,16,484
020151810,540,19,559
020151811,618,16,634
020151812,530,14,544
020151813,513,15,528
020151901,445,12,457
020151902,742,21,763
020151903,642,24,666
020151904,696,31,727
020151905,800,25,825
020151906,717,27,744
020151907,707,19,726
020151908,558,20,578
020151909,623,17,640
020151910,908,27,935
020151911,770,19,789
020152001,816,24,840
020152002,755,22,777
020152003,753,19,772
020152004,603,15,618
020152005,560,10,570
020152006,672,19,691
020152007,675,27,702
020152008,613,28,641
020152009,449,18,467
020152010,748,28,776
020152011,695,16,711
020152012,698,18,716
020152101,665,23,688
020152102,761,32,793
020152103,604,15,619
020152104,684,20,704
020152105,436,20,456
020152106,971,33,1004
020152107,391,15,406
020152108,550,13,563
020152109,814,17,831
020152110,561,22,583
020152111,650,23,673
020152112,479,15,494
020152113,847,21,868
060280101,1163,64,1227
060280102,1059,72,1131
060280103,1092,66,1158
060280104,878,52,930
060280105,553,31,584
060280106,790,55,845
060280107,1116,97,1213
060280108,1445,105,1550
060280109,1461,91,1552
060280110,647,33,680
060280111,1134,54,1188
060280112,922,41,963
060280113,825,72,897
060280114,983,54,1037
060280115,1261,61,1322
060280201,1422,150,1572
060280202,1227,97,1324
060280203,1411,132,1543
060280204,1523,116,1639
060280205,998,121,1119
060280206,1144,106,1250
060280207,1018,85,1103
060280208,1068,91,1159
060280301,1462,96,1558
060280302,1407,116,1523
060280303,1757,169,1926
060280304,732,93,825
060280305,1397,214,1611
060280306,699,93,792
060280307,1219,153,1372
060280308,1697,126,1823
060280309,927,85,1012
060280310,924,51,975
060280311,796,59,855
060280312,889,84,973
060280401,1619,144,1763
060280402,1187,140,1327
060280403,1380,130,1510
060280404,1129,139,1268
060280405,1245,156,1401
060280406,1433,145,1578
060280407,1395,143,1538
060280408,1381,139,1520
060280409,1527,178,1705
060280410,1253,96,1349
060280411,1250,119,1369
060280412,1523,108,1631
060280501,63,2,65
060280502,80,8,88
060280503,37,2,39
060280504,978,59,1037
060280505,84,8,92
060280506,647,42,689
060280507,370,32,402
060280508,233,24,257
060280509,209,13,222
060280510,201,29,230
060280511,1093,90,1183
060280512,113,11,124
060280513,1187,92,1279
060280601,1125,66,1191
060280602,2095,123,2218
060280603,1381,73,1454
060280604,3796,270,4066
060280605,1762,143,1905
060280606,1677,109,1786
060280607,1319,74,1393
060280608,750,45,795
060280609,1034,66,1100
060280610,3243,311,3554
060280611,937,93,1030
060280612,876,70,946
060280613,702,40,742
060280614,2499,190,2689
060280615,3491,296,3787
060280701,2118,179,2297
060280702,1743,156,1899
060280703,1884,153,2037
060280704,1295,90,1385
060280705,1333,108,1441
060280706,1312,76,1388
060280707,2179,152,2331
060280708,969,78,1047
060280709,1203,83,1286
060280710,1022,36,1058
060280711,1428,88,1516
060280801,325,33,358
060280802,247,27,274
060280803,72,5,77
060280804,202,16,218
060280805,1115,102,1217
060280806,844,36,880
060280807,839,56,895
060280808,989,65,1054
060280809,98,13,111
060280810,1472,86,1558
060280811,1308,49,1357
060280812,964,45,1009
060280813,947,34,981
060280901,1445,108,1553
060280902,1142,83,1225
060280903,953,68,1021
060280904,1690,147,1837
060280905,949,60,1009
060280906,1137,49,1186
060280907,1078,88,1166
060280908,1163,89,1252
060280909,1463,95,1558
060281001,724,38,762
060281002,659,34,693
060281003,1036,51,1087
060281004,718,39,757
060281005,811,42,853
060281006,920,52,972
060281007,1172,92,1264
060281008,1374,71,1445
060281009,928,46,974
060281010,1008,71,1079
060281011,1006,62,1068
060281012,974,73,1047
060281013,1745,139,1884
060281014,1109,103,1212
060281015,882,60,942
060281016,922,46,968
060281017,759,36,795
060281101,957,66,1023
060281102,853,75,928
060281103,765,44,809
060281104,640,39,679
060281105,684,28,712
060281106,579,22,601
060281107,577,31,608
060281108,376,16,392
060281109,1309,62,1371
060281110,1318,79,1397
060281111,1505,82,1587
060281112,806,36,842
060281113,694,30,724
060281201,1099,60,1159
060281202,884,29,913
060281203,1143,45,1188
060281204,816,32,848
060281205,888,49,937
060281206,518,15,533
060281207,691,24,715
060281208,831,34,865
060281209,924,40,964
060281210,1307,67,1374
060281211,1068,55,1123
060281301,1215,64,1279
060281302,726,35,761
060281303,842,69,911
060281304,1481,91,1572
060281305,973,52,1025
060281306,974,49,1023
060281307,880,59,939
060281308,1149,101,1250
060281309,1113,76,1189
060281310,1065,59,1124
060281311,1098,63,1161
060281312,827,42,869
060281313,701,34,735
060281401,1364,103,1467
060281402,1017,60,1077
060281403,1492,99,1591
060281404,1434,103,1537
060281405,1280,94,1374
060281406,1461,131,1592
060281407,1497,105,1602
060281408,953,70,1023
060281409,824,65,889
060281410,1091,85,1176
060281501,835,75,910
060281502,792,43,835
060281503,863,60,923
060281504,913,98,1011
060281505,955,78,1033
060281506,815,41,856
060281507,1273,66,1339
060281508,696,35,731
060281509,1647,87,1734
060281510,1175,90,1265
060281511,663,34,697
060281512,920,61,981
060281601,818,42,860
060281602,1123,353,1476
060281603,1801,130,1931
060281604,976,75,1051
060281605,1033,66,1099
060281606,1394,90,1484
060281607,726,44,770
060281608,830,45,875
060281701,715,38,753
060281702,1030,68,1098
060281703,564,31,595
060281704,790,38,828
060281705,818,50,868
060281706,1405,86,1491
060281707,971,40,1011
060281708,1273,66,1339
060281709,825,34,859
060281801,1313,97,1410
060281802,849,41,890
060281803,1465,121,1586
060281804,778,56,834
060281805,762,57,819
060281806,1597,115,1712
060281807,1082,140,1222
060281808,1484,147,1631
060281809,1030,117,1147
060281810,1039,95,1134
060281811,763,58,821
060281901,1140,72,1212
060281902,954,70,1024
060281903,1332,100,1432
060281904,1290,106,1396
060281905,521,68,589
060281906,263,36,299
060281907,681,104,785
060281908,1065,99,1164
060281909,1304,86,1390
060281910,614,32,646
060281911,1243,144,1387
060281912,1034,77,1111
060281913,627,84,711
060282001,1198,67,1265
060282002,1164,73,1237
060282003,655,63,718
060282004,1683,218,1901
060282005,1305,151,1456
060282006,1270,82,1352
060282007,962,144,1106
060282008,1084,92,1176
060282009,1022,85,1107
060282010,1138,128,1266
060282011,921,125,1046
060282012,580,86,666
060282013,1333,161,1494
060282014,1169,111,1280
060282015,1252,135,1387
060282101,617,32,649
060282102,720,42,762
060282103,1184,81,1265
060282104,688,34,722
060282105,897,46,943
060282106,553,14,567
060282107,944,38,982
060282108,1000,77,1077
060282109,1109,117,1226
060282110,837,64,901
060282111,1036,49,1085
060282112,954,73,1027
060282113,788,65,853
060282201,405,22,427
060282202,864,35,899
060282203,1079,72,1151
060282204,845,56,901
060282205,1501,106,1607
060282206,1353,94,1447
060282207,623,48,671
060282208,754,55,809
060282209,1204,85,1289
060282210,1586,113,1699
060282211,789,44,833
060282212,702,40,742
060282213,789,56,845
060282214,763,54,817
060282215,717,23,740
060282216,1688,126,1814
060282217,637,52,689
060282218,695,39,734
060282301,1267,69,1336
060282302,1301,52,1353
060282303,739,29,768
060282304,1001,55,1056
060282305,653,31,684
060282306,845,26,871
060282307,861,27,888
060282308,575,36,611
060282309,805,42,847
060282310,739,46,785
060282311,674,34,708
060282312,603,24,627
060282313,567,21,588
060282401,1090,50,1140
060282402,1316,85,1401
060282403,837,35,872
060282404,838,33,871
060282405,1489,64,1553
060282406,997,36,1033
060282407,1072,58,1130
060282408,872,37,909
060282409,891,23,914
060282501,697,25,722
060282502,849,24,873
060282503,321,5,326
060282504,309,10,319
060282505,894,31,925
060282506,1007,47,1054
060282507,547,22,569
060282508,504,17,521
060282509,519,21,540
060282510,1052,34,1086
060282511,1040,52,1092
060282512,789,33,822
060282513,805,23,828
060282601,423,14,437
060282602,362,14,376
060282603,837,45,882
060282604,589,9,598
060282605,612,17,629
060282606,678,43,721
060282607,517,48,565
060282608,446,14,460
060282609,807,25,832
060282610,557,48,605
060282611,451,25,476
060282612,410,27,437
060282701,618,16,634
060282702,848,49,897
060282703,1331,140,1471
060282704,873,46,919
060282705,762,37,799
060282706,1226,141,1367
060282707,498,46,544
060282708,1365,83,1448
060282709,381,31,412
060282710,405,38,443
060282711,648,29,677
060282712,809,41,850
060282713,916,39,955
060282801,998,65,1063
060282802,759,45,804
060282803,1202,85,1287
060282804,1111,108,1219
060282805,1434,100,1534
060282806,1726,108,1834
060282807,1133,66,1199
060282808,783,57,840
060282809,1141,82,1223
060282810,1100,99,1199
060282811,520,45,565
060282901,1098,110,1208
060282902,647,29,676
060282903,906,47,953
060282904,918,61,979
060282905,830,68,898
060282906,830,71,901
060282907,1047,85,1132
060282908,920,76,996
060282909,989,68,1057
060282910,836,52,888
060282911,998,73,1071
060282912,959,85,1044
060282913,847,52,899
060283001,776,54,830
060283002,742,56,798
060283003,716,50,766
060283004,1012,82,1094
060283005,863,56,919
060283006,865,58,923
060283007,1209,109,1318
060283008,1708,153,1861
060283009,1116,120,1236
060283010,1276,125,1401
060283011,950,76,1026
060283012,900,60,960
060283013,749,65,814
060283014,994,95,1089
060283015,975,64,1039
060283016,915,79,994
060283017,33,3,36
060283101,788,40,828
060283102,733,37,770
060283103,770,36,806
060283104,515,24,539
060283105,678,36,714
060283106,1138,52,1190
060283107,1165,109,1274
060283108,740,58,798
060283109,923,61,984
060283110,1295,88,1383
060283111,1052,58,1110
060283112,861,32,893
060283201,789,41,830
060283202,692,34,726
060283203,957,40,997
060283204,762,33,795
060283205,633,19,652
060283206,724,31,755
060283207,890,45,935
060283208,1179,72,1251
060283209,1316,64,1380
060283301,1750,187,1937
060283302,1275,71,1346
060283303,739,52,791
060283304,760,46,806
060283305,678,30,708
060283306,1,1,2
060283307,1305,99,1404
060283308,1255,88,1343
060283309,1031,25,1056
060283310,765,41,806
060283311,1019,39,1058
060283312,1091,65,1156
060283313,1307,107,1414
060283314,1565,191,1756
060283401,881,55,936
060283402,1208,83,1291
060283403,1200,55,1255
060283404,1159,68,1227
060283405,926,43,969
060283406,1051,49,1100
060283407,645,34,679
060283408,895,35,930
060283409,1161,63,1224
060283410,981,44,1025
060283411,908,42,950
060283412,1058,59,1117
060283501,1226,105,1331
060283502,1268,166,1434
060283503,1177,91,1268
060283504,972,55,1027
060283505,1629,143,1772
060283506,1262,109,1371
060283507,1432,126,1558
060283508,944,54,998
060283509,1465,141,1606
060283601,617,53,670
060283602,443,23,466
060283603,686,31,717
060283604,1249,78,1327
060283605,1400,100,1500
060283606,1336,111,1447
060283607,1296,68,1364
060283608,810,30,840
060283609,829,66,895
060283610,1033,65,1098
060283611,1037,93,1130
060283612,1147,143,1290
060283613,840,137,977
060283614,1400,154,1554
060283615,1531,156,1687
060283701,1016,43,1059
060283702,816,48,864
060283703,874,79,953
060283704,1023,65,1088
060283705,1156,80,1236
060283706,1315,96,1411
060283707,781,61,842
060283708,747,54,801
060283709,832,39,871
060283710,1132,84,1216
060283711,1173,75,1248
060283712,1329,112,1441
060283713,997,72,1069
060283714,1008,86,1094
060283801,1748,182,1930
060283802,1115,87,1202
060283803,1190,96,1286
060283804,1331,75,1406
060283805,1022,52,1074
060283806,837,45,882
060283807,675,43,718
060283808,1114,53,1167
060283809,905,55,960
060283810,848,67,915
060283811,790,50,840
060283812,911,80,991
060283901,1137,87,1224
060283902,1317,104,1421
060283903,1047,103,1150
060283904,1175,88,1263
060283905,1080,104,1184
060283906,798,81,879
060283907,909,121,1030
060283908,876,90,966
060283909,1549,138,1687
060283910,1416,109,1525
060283911,1253,173,1426
060283912,1334,125,1459
060283913,1648,123,1771
060283914,735,50,785
060283915,861,49,910
060350101,2114,243,2357
060350102,1399,134,1533
060350103,689,37,726
060350104,641,45,686
060350105,421,31,452
060350106,650,50,700
060350107,690,47,737
060350108,437,32,469
060350109,411,36,447
060350110,932,40,972
060350111,794,82,876
060350201,874,99,973
060350202,969,94,1063
060350203,994,94,1088
060350301,907,48,955
060350302,1103,91,1194
060350303,847,54,901
060350304,931,27,958
060350305,679,25,704
060350306,964,40,1004
060350307,839,31,870
060350308,752,31,783
060350309,511,12,523
060350310,622,21,643
060350311,918,35,953
060350312,695,27,722
060350313,959,44,1003
060350314,751,32,783
060350315,872,44,916
060350401,1227,99,1326
060350402,788,50,838
060350403,957,66,1023
060350404,1204,86,1290
060350405,1051,52,1103
060350406,940,42,982
060350407,969,50,1019
060350408,785,44,829
060350409,1277,71,1348
060350410,679,24,703
060350411,1254,51,1305
060350412,860,34,894
060350413,893,30,923
060350414,661,30,691
060350415,612,44,656
060350501,530,29,559
060350502,1116,62,1178
060350503,670,30,700
060350504,1043,55,1098
060350505,2751,265,3016
060350506,1490,99,1589
060350507,1288,114,1402
060350508,921,36,957
060350509,804,30,834
060350510,796,27,823
060350511,711,24,735
060350512,719,25,744
060350601,984,56,1040
060350602,1000,46,1046
060350603,873,44,917
060350604,740,24,764
060350605,804,47,851
060350606,882,36,918
060350607,551,19,570
060350608,812,30,842
060350609,1030,59,1089
060350610,822,53,875
060350611,707,58,765
060350612,865,34,899
060350701,649,33,682
060350702,1028,59,1087
060350703,809,67,876
060350704,761,41,802
060350705,766,36,802
060350706,1007,50,1057
060350707,535,32,567
060350708,304,6,310
060350709,306,11,317
060350710,371,18,389
060350711,554,33,587
060350712,270,8,278
060350801,891,66,957
060350802,620,24,644
060350803,1020,61,1081
060350804,934,46,980
060350805,367,27,394
060350806,662,37,699
060350807,615,53,668
060350808,613,35,648
060350809,745,42,787
060350810,524,37,561
060350811,720,47,767
060350812,2989,120,3109
060350813,1103,119,1222
060350814,615,32,647
060350815,1563,116,1679
060350901,667,60,727
060350902,556,64,620
060350903,493,62,555
060350904,2214,227,2441
060350905,709,90,799
060350906,630,64,694
060350907,815,85,900
060350908,1001,146,1147
060350909,524,52,576
060350910,1197,158,1355
060350911,1015,119,1134
060350912,548,52,600
060350913,767,55,822
060350914,698,51,749
060351001,644,51,695
060351002,1936,93,2029
060351003,812,60,872
060351004,864,53,917
060351005,536,18,554
060351006,697,29,726
060351007,767,28,795
060351008,434,12,446
060351009,296,6,302
060351010,690,20,710
060351011,618,16,634
060351012,614,21,635
060351101,507,31,538
060351102,855,45,900
060351103,472,17,489
060351104,768,31,799
060351105,1296,45,1341
060351106,823,30,853
060351107,301,17,318
060351108,860,37,897
060351109,532,19,551
060351110,794,26,820
060351201,620,21,641
060351202,799,26,825
060351203,377,17,394
060351204,333,15,348
060351205,764,42,806
060351206,487,15,502
060351207,335,15,350
060351208,1048,36,1084
060351209,229,13,242
060351210,750,14,764
060351211,751,36,787
060351212,523,15,538
060351301,880,45,925
060351302,843,30,873
060351303,672,40,712
060351304,731,28,759
060351305,671,28,699
060351306,579,31,610
060351307,595,20,615
060351308,635,17,652
060351309,445,13,458
060351310,579,23,602
060351401,681,21,702
060351402,525,17,542
060351403,872,38,910
060351404,782,32,814
060351405,594,18,612
060351406,518,14,532
060351407,479,27,506
060351408,802,52,854
060351409,629,15,644
060351410,786,26,812
060351411,501,34,535
060351412,583,28,611
060351413,548,40,588
060351501,708,45,753
060351502,762,23,785
060351503,822,19,841
060351504,707,30,737
060351505,901,78,979
060351506,1331,61,1392
060351507,913,36,949
060351508,814,25,839
060351509,691,24,715
060351510,629,28,657
060351511,711,34,745
060351512,602,22,624
060351601,442,12,454
060351602,869,33,902
060351603,812,35,847
060351604,365,16,381
060351605,729,31,760
060351606,768,28,796
060351607,538,27,565
060351608,924,51,975
060351609,834,38,872
060351610,886,32,918
060351611,674,25,699
060351701,750,33,783
060351702,751,21,772
060351703,809,35,844
060351704,794,41,835
060351705,979,42,1021
060351706,685,34,719
060351707,803,33,836
060351708,718,28,746
060351709,687,30,717
060351710,987,42,1029
060351711,619,31,650
060351801,772,44,816
060351802,847,37,884
060351803,710,21,731
060351804,694,28,722
060351805,687,40,727
060351806,814,48,862
060351807,611,31,642
060351808,602,22,624
060351809,770,44,814
060351810,642,22,664
060351811,831,47,878
060351901,781,27,808
060351902,904,37,941
060351903,799,27,826
060351904,699,18,717
060351905,852,28,880
060351906,858,34,892
060351907,761,35,796
060351908,765,34,799
060351909,810,33,843
060351910,1084,44,1128
060351911,981,41,1022
060352001,921,35,956
060352002,955,23,978
060352003,1018,34,1052
060352004,661,27,688
060352005,803,40,843
060352006,814,52,866
060352007,905,45,950
060352008,915,35,950
060352009,815,29,844
060352010,869,34,903
060352011,777,30,807
060352101,1059,46,1105
060352102,972,28,1000
060352103,552,18,570
060352104,481,20,501
060352105,356,11,367
060352106,444,11,455
060352107,580,19,599
060352108,527,19,546
060352109,642,28,670
060352110,724,30,754
060352201,1239,111,1350
060352202,604,20,624
060352203,426,19,445
060352204,405,23,428
060352205,493,18,511
060352206,677,16,693
060352207,611,16,627
060352208,444,16,460
060352209,565,19,584
060352210,704,23,727
060352211,445,15,460
060352212,115,5,120
060352301,435,23,458
060352302,433,20,453
060352303,582,18,600
060352304,339,9,348
060352305,947,35,982
060352306,954,45,999
060352307,1017,77,1094
060352308,733,55,788
060352309,735,38,773
060352310,860,31,891
060352311,921,40,961
060352312,1176,91,1267
060352401,876,34,910
060352402,868,37,905
060352403,1169,58,1227
060352404,940,35,975
060352405,684,25,709
060352406,853,32,885
060352407,855,35,890
060352408,1021,49,1070
060352409,1027,64,1091
060352410,977,43,1020
060352411,1236,88,1324
060352501,602,34,636
060352502,816,30,846
060352503,1312,63,1375
060352504,739,44,783
060352505,944,58,1002
060352506,935,41,976
060352507,774,45,819
060352508,887,42,929
060352509,870,45,915
060352510,1672,91,1763
060352511,1122,45,1167
060352601,1263,67,1330
060352602,1333,113,1446
060352603,687,55,742
060352604,263,17,280
060352605,1817,111,1928
060352606,732,54,786
060352607,900,72,972
060352608,770,46,816
060352609,1027,90,1117
060352610,1615,158,1773
060352611,1399,100,1499
060352612,690,43,733
060352613,689,58,747
060352614,799,80,879
060352615,911,60,971
060352701,228,33,261
060352702,757,51,808
060352703,779,56,835
060352704,1941,226,2167
060352705,705,34,739
060352706,1507,118,1625
060352707,1286,142,1428
060352708,365,24,389
060352709,872,58,930
060352710,881,57,938
060352711,1496,173,1669
060352712,1273,86,1359
060352713,710,39,749
060352714,1000,128,1128
060352801,996,30,1026
060352802,987,51,1038
060352803,843,37,880
060352804,700,36,736
060352805,829,35,864
060352806,870,36,906
060352807,725,25,750
060352808,894,50,944
060352901,605,24,629
060352902,841,44,885
060352903,951,28,979
060352904,777,23,800
060352905,690,16,706
060352906,776,32,808
060352907,703,23,726
060352908,691,31,722
060352909,556,28,584
060353001,939,59,998
060353002,969,52,1021
060353003,840,38,878
060353004,1051,59,1110
060353005,729,42,771
060353006,855,37,892
060353007,945,35,980
060353008,949,47,996
060353009,791,41,832
060353010,767,29,796
060353101,408,6,414
060353102,440,10,450
060353103,693,21,714
060353104,873,35,908
060353105,1075,47,1122
060353106,509,23,532
060353107,416,17,433
060353108,658,39,697
060353109,549,14,563
060353201,958,42,1000
060353202,692,30,722
060353203,863,33,896
060353204,786,26,812
060353205,623,33,656
060353206,839,37,876
060353207,919,50,969
060353208,733,21,754
060353301,887,39,926
060353302,785,32,817
060353303,1040,43,1083
060353304,760,25,785
060353305,465,12,477
060353306,736,30,766
060353307,753,30,783
060353308,685,35,720
060353401,739,35,774
060353402,701,48,749
060353403,549,29,578
060353404,700,23,723
060353405,732,27,759
060353406,931,39,970
060353407,549,19,568
060353408,752,38,790
060353409,648,23,671
060353501,967,49,1016
060353502,811,34,845
060353503,734,33,767
060353504,735,36,771
060353505,1387,88,1475
060353506,713,38,751
060353507,667,18,685
060353508,654,40,694
060910101,1387,139,1526
060910102,1465,133,1598
060910103,571,29,600
060910104,614,25,639
060910105,667,33,700
060910106,636,34,670
060910107,1129,52,1181
060910108,866,28,894
060910109,1239,56,1295
060910110,867,61,928
060910201,1084,79,1163
060910202,889,44,933
060910203,544,14,558
060910204,744,31,775
060910205,690,22,712
060910206,561,16,577
060910207,610,17,627
060910208,968,41,1009
060910209,1258,58,1316
060910301,934,43,977
060910302,1312,72,1384
060910303,585,25,610
060910304,954,51,1005
060910305,691,33,724
060910306,1237,69,1306
060910307,1200,71,1271
060910308,727,33,760
060910309,1068,37,1105
060910310,991,36,1027
060910311,724,30,754
060910312,390,17,407
060910313,457,11,468
060910401,1391,140,1531
060910402,1185,121,1306
060910403,1408,135,1543
060910404,1621,118,1739
060910405,1344,94,1438
060910406,1402,133,1535
060910407,1346,120,1466
060910408,620,56,676
060910409,1794,137,1931
060910410,1811,134,1945
060910411,1339,126,1465
060910412,1220,83,1303
060910501,1671,202,1873
060910502,1083,72,1155
060910503,1484,113,1597
060910504,763,46,809
060910505,1073,49,1122
060910506,724,44,768
060910507,912,66,978
060910508,747,56,803
060910509,518,46,564
060910510,76,7,83
060910601,1078,83,1161
060910602,882,31,913
060910603,729,44,773
060910604,740,41,781
060910605,663,36,699
060910606,1009,93,1102
060910607,1304,90,1394
060910608,1595,136,1731
060910609,1321,147,1468
060910610,1262,130,1392
060910611,1063,88,1151
060910701,1139,65,1204
060910702,978,48,1026
060910703,714,37,751
060910704,947,48,995
060910705,834,45,879
060910706,898,64,962
060910707,1431,79,1510
060910708,1240,107,1347
060910709,1101,89,1190
060910710,1205,83,1288
060910801,714,37,751
060910802,559,26,585
060910803,775,64,839
060910804,988,84,1072
060910805,739,38,777
060910806,907,58,965
060910807,1319,99,1418
060910808,1460,84,1544
060910809,1221,86,1307
060910810,1051,66,1117
060910901,613,20,633
060910902,1133,50,1183
060910903,1223,61,1284
060910904,1203,72,1275
060910905,546,18,564
060910906,978,56,1034
060910907,1212,60,1272
060910908,610,31,641
060911001,956,33,989
060911002,565,21,586
060911003,1306,73,1379
060911004,658,26,684
060911005,1228,60,1288
060911006,1380,79,1459
060911007,952,63,1015
060911008,853,46,899
060911009,820,35,855
060911010,1636,72,1708
060911011,1326,99,1425
060911101,1210,68,1278
060911102,1264,56,1320
060911103,562,25,587
060911104,547,24,571
060911105,892,34,926
060911106,887,47,934
060911107,1094,48,1142
060911108,1255,64,1319
060911109,1211,76,1287
060911201,1159,71,1230
060911202,1372,88,1460
060911203,1118,58,1176
060911204,1114,51,1165
060911205,1023,58,1081
060911206,1524,105,1629
060911207,873,62,935
060911208,1570,87,1657
060911301,1194,89,1283
060911302,1066,94,1160
060911303,1038,79,1117
060911304,1227,120,1347
060911305,1409,113,1522
060911306,1108,100,1208
060911307,934,64,998
060911308,1088,74,1162
060911309,1395,91,1486
060911310,1286,78,1364
060911311,844,56,900
060911312,830,70,900
060911401,1748,126,1874
060911402,1296,121,1417
060911403,914,74,988
060911404,1045,84,1129
060911405,1304,117,1421
060911406,1218,99,1317
060911407,1297,91,1388
060911408,1184,71,1255
060911409,807,67,874
060911410,1661,111,1772
060911411,1399,107,1506
060911412,930,57,987
060911413,960,68,1028
060911501,775,45,820
060911502,811,56,867
060911503,891,35,926
060911504,1234,53,1287
060911505,890,48,938
060911506,943,58,1001
060911507,752,41,793
060911508,1047,69,1116
060911509,664,22,686
060911510,912,54,966
060911511,1336,77,1413
060911512,828,44,872
060911513,734,46,780
060911601,1170,63,1233
060911602,1340,59,1399
060911603,846,91,937
060911604,1308,86,1394
060911605,1381,80,1461
060911606,872,63,935
060911607,508,21,529
060911608,800,38,838
060911609,799,40,839
060911610,901,52,953
060911611,1653,106,1759
060911612,744,53,797
060911613,1350,100,1450
060911614,1155,72,1227
060911701,878,59,937
060911702,1339,96,1435
060911703,1477,92,1569
060911704,822,50,872
060911705,1225,120,1345
060911706,1151,75,1226
060911707,1314,129,1443
060911708,884,70,954
060911709,1231,90,1321
060911710,1171,80,1251
060911711,1145,92,1237
060911712,1112,72,1184
060911713,837,78,915
060911714,1558,153,1711
060911801,787,99,886
060911802,748,44,792
060911803,1746,109,1855
060911804,1274,61,1335
060911805,1200,86,1286
060911806,1356,109,1465
060911807,1281,103,1384
060911808,1005,60,1065
060911809,718,39,757
060911810,695,44,739
060911811,1476,93,1569
060911812,1325,74,1399
060911901,642,36,678
060911902,1361,112,1473
060911903,1058,96,1154
060911904,1380,106,1486
060911905,613,39,652
060911906,557,30,587
060911907,649,28,677
060911908,1126,60,1186
060911909,623,30,653
060911910,927,50,977
060911911,871,55,926
060911912,1226,77,1303
060912001,1075,61,1136
060912002,1246,77,1323
060912003,495,28,523
060912004,666,41,707
060912005,1407,123,1530
060912006,685,69,754
060912007,1018,50,1068
060912008,590,21,611
060912009,730,36,766
060912010,1012,89,1101
060912011,1075,62,1137
060912012,724,66,790
060912013,734,82,816
060912101,925,80,1005
060912102,837,37,874
060912103,890,58,948
060912104,729,24,753
060912105,652,30,682
060912106,868,73,941
060912107,1167,102,1269
060912108,740,45,785
060912109,708,40,748
060912110,825,39,864
060912111,1199,99,1298
060912112,1394,133,1527
060912113,1055,80,1135
060912114,1019,94,1113
060912115,877,65,942
060912116,1112,120,1232
060912117,1411,129,1540
060912201,1149,71,1220
060912202,894,74,968
060912203,1158,55,1213
060912204,1107,62,1169
060912205,950,43,993
060912206,1373,133,1506
060912207,1008,67,1075
060912208,803,58,861
060912209,682,48,730
060912210,1552,139,1691
060912211,400,34,434
060912212,355,22,377
060912213,908,39,947
060912214,544,25,569
060912215,1294,109,1403
060912216,1337,105,1442
060912217,618,85,703
060912301,855,68,923
060912302,973,74,1047
060912303,746,34,780
060912304,1213,62,1275
060912305,632,35,667
060912306,1182,86,1268
060912307,634,29,663
060912308,710,37,747
060912309,563,40,603
060912310,1438,98,1536
060912311,1070,92,1162
060912312,603,51,654
060912313,534,48,582
060912314,1864,15,1879
060912315,708,98,806
060912316,313,17,330
060912317,451,30,481
060912318,170,19,189
060912319,232,14,246
060912401,601,55,656
060912402,661,57,718
060912403,905,129,1034
060912404,1235,182,1417
060912405,969,97,1066
060912406,791,57,848
060912407,393,26,419
060912408,361,37,398
060912409,287,14,301
060912410,704,73,777
060912411,809,74,883
060912412,521,52,573
060912413,526,65,591
062600101,1416,140,1556
062600102,1117,84,1201
062600103,912,87,999
062600104,662,78,740
062600105,751,109,860
062600106,1678,144,1822
062600107,1114,91,1205
062600108,1360,97,1457
062600109,1209,115,1324
062600110,1434,115,1549
062600111,836,81,917
062600112,1362,119,1481
062600113,835,97,932
062600114,1147,89,1236
062600115,971,83,1054
062600116,1009,83,1092
062600117,1460,102,1562
062600118,546,46,592
062600119,1340,85,1425
062600201,1880,176,2056
062600202,1625,111,1736
062600203,1619,128,1747
062600204,1365,125,1490
062600205,1715,175,1890
062600206,1099,136,1235
062600207,1334,153,1487
062600208,214,10,224
062600209,1480,117,1597
062600210,1232,91,1323
062600211,1285,87,1372
062600212,1227,114,1341
062600213,1107,80,1187
062600214,1155,89,1244
062600215,1388,92,1480
062600216,1194,97,1291
062600301,1893,201,2094
062600302,906,75,981
062600303,1175,122,1297
062600304,1749,249,1998
062600305,1329,125,1454
062600306,980,81,1061
062600307,1211,92,1303
062600308,1042,98,1140
062600309,709,77,786
062600310,1494,155,1649
062600311,1562,180,1742
062600312,1578,222,1800
062600313,1504,191,1695
062600314,856,73,929
062600315,902,66,968
062600316,1388,77,1465
062600317,1207,92,1299
062600318,1106,85,1191
062600319,1001,62,1063
062600401,844,53,897
062600402,1193,90,1283
062600403,1079,83,1162
062600404,1031,78,1109
062600405,942,56,998
062600406,1049,74,1123
062600407,905,61,966
062600408,1068,68,1136
062600409,950,73,1023
062600410,678,26,704
062600411,705,38,743
062600412,999,57,1056
062600501,1102,110,1212
062600502,1051,89,1140
062600503,744,66,810
062600504,1153,89,1242
062600505,1258,89,1347
062600506,1435,122,1557
062600507,1042,101,1143
062600508,532,35,567
062600509,1190,101,1291
062600510,905,72,977
062600511,1376,139,1515
062600512,1106,93,1199
062600513,1246,115,1361
062600514,1276,109,1385
062600515,1112,104,1216
062600516,760,56,816
062600517,826,40,866
062600601,1228,71,1299
062600602,854,35,889
062600603,913,44,957
062600604,1197,50,1247
062600605,1124,63,1187
062600606,623,33,656
062600607,784,49,833
062600608,715,28,743
062600609,686,38,724
062600610,554,33,587
062600611,660,34,694
062600612,909,45,954
062600613,954,39,993
062600614,926,32,958
062600615,804,39,843
062600616,1078,38,1116
062600701,1341,60,1401
062600702,1022,27,1049
062600703,1133,52,1185
062600704,895,36,931
062600705,764,48,812
062600706,997,69,1066
062600707,1051,63,1114
062600708,755,38,793
062600709,835,34,869
062600710,1200,56,1256
062600711,911,37,948
062600712,770,30,800
062600713,801,20,821
062600801,1150,99,1249
062600802,1408,103,1511
062600803,1108,90,1198
062600804,1506,132,1638
062600805,988,113,1101
062600806,1108,94,1202
062600807,934,84,1018
062600808,1125,89,1214
062600809,1024,79,1103
062600810,823,60,883
062600811,1291,116,1407
062600812,1381,99,1480
062600813,1404,104,1508
062600814,925,59,984
062600901,1082,72,1154
062600902,1048,76,1124
062600903,1643,107,1750
062600904,1518,121,1639
062600905,1076,96,1172
062600906,307,12,319
062600907,1299,94,1393
062600908,1450,68,1518
062600909,784,38,822
062600910,1216,87,1303
062600911,1386,130,1516
062600912,1039,91,1130
062600913,1446,104,1550
062600914,967,55,1022
062601001,1083,91,1174
062601002,875,59,934
062601003,1062,61,1123
062601004,880,53,933
062601005,367,17,384
062601006,3263,210,3473
062601007,1216,81,1297
062601008,1069,75,1144
062601009,772,55,827
062601010,784,49,833
062601011,1040,91,1131
062601012,921,94,1015
062601013,1413,128,1541
062601014,901,84,985
062601015,433,38,471
062601101,260,5,265
062601102,416,11,427
062601103,885,26,911
062601104,879,30,909
062601105,799,30,829
062601106,492,14,506
062601107,1081,44,1125
062601108,992,40,1032
062601109,1065,52,1117
062601110,1173,71,1244
062601201,741,21,762
062601202,507,26,533
062601203,407,7,414
062601204,796,34,830
062601205,1136,43,1179
062601206,983,49,1032
062601207,627,30,657
062601208,846,36,882
062601209,796,36,832
062601210,609,35,644
062601211,867,34,901
062601212,1106,69,1175
062601301,712,28,740
062601302,1258,42,1300
062601303,953,35,988
062601304,914,33,947
062601305,1223,58,1281
062601306,956,26,982
062601307,1088,54,1142
062601308,1002,35,1037
062601309,996,42,1038
062601310,633,30,663
062601311,650,21,671
062601312,363,13,376
062601313,542,19,561
062601314,397,10,407
062601401,1116,57,1173
062601402,858,31,889
062601403,814,27,841
062601404,623,34,657
062601405,1080,43,1123
062601406,1188,43,1231
062601407,809,52,861
062601408,1171,85,1256
062601409,1149,64,1213
062601410,1197,63,1260
062601411,1058,58,1116
062601412,670,24,694
062601413,899,44,943
062601501,1517,114,1631
062601502,1129,51,1180
062601503,648,48,696
062601504,805,48,853
062601505,1123,83,1206
062601506,1040,70,1110
062601507,968,78,1046
062601508,940,91,1031
062601509,1350,125,1475
062601510,1603,144,1747
062601511,1536,145,1681
062601512,902,65,967
062601513,1109,78,1187
062601514,852,73,925
062601515,1029,95,1124
062601516,1105,90,1195
062601517,1632,127,1759
062601518,1482,128,1610
062601519,993,99,1092
062601601,1301,83,1384
062601602,1011,65,1076
062601603,1335,111,1446
062601604,958,77,1035
062601605,1168,83,1251
062601606,1191,102,1293
062601607,1327,135,1462
062601608,426,43,469
062601609,1080,132,1212
062601610,960,95,1055
062601611,1065,142,1207
062601612,1126,138,1264
062601613,1010,95,1105
062601614,1546,136,1682
062601615,1436,132,1568
062601616,1131,85,1216
062601617,1343,65,1408
062601701,1324,132,1456
062601702,58,8,66
062601703,2726,321,3047
062601704,869,83,952
062601705,181,17,198
062601706,1435,175,1610
062601707,188,11,199
062601708,693,38,731
062601709,260,20,280
062601710,293,9,302
062601711,267,21,288
062601712,360,18,378
062601713,2119,124,2243
062601714,154,12,166
062700101,569,51,620
062700102,596,18,614
062700103,3063,39,3102
062700104,1144,155,1299
062700105,445,8,453
062700106,672,33,705
062700201,1725,129,1854
062700202,835,89,924
062700203,855,67,922
062700204,934,52,986
062700205,845,38,883
062700206,1307,86,1393
062700207,1240,99,1339
062700208,1643,172,1815
062700209,1565,150,1715
062700210,1386,109,1495
062700211,1454,123,1577
062700212,1406,117,1523
062700213,925,88,1013
062700214,899,66,965
062700215,846,116,962
062700216,1161,95,1256
062700217,1263,87,1350
062700301,749,48,797
062700302,839,65,904
062700303,1465,130,1595
062700304,1702,134,1836
062700305,1430,126,1556
062700306,1211,71,1282
062700307,829,50,879
062700308,1192,57,1249
062700309,1326,93,1419
062700310,1245,77,1322
062700311,1028,50,1078
062700312,1261,67,1328
062700313,787,39,826
062700314,799,43,842
062700315,657,33,690
062700316,730,37,767
062700401,511,38,549
062700402,782,59,841
062700403,940,43,983
062700404,1166,69,1235
062700405,1264,91,1355
062700406,1520,103,1623
062700407,949,55,1004
062700408,508,19,527
062700409,1108,51,1159
062700410,1100,71,1171
062700411,1551,121,1672
062700412,1107,63,1170
062700413,1109,83,1192
062700414,1133,81,1214
062700501,836,59,895
062700502,791,54,845
062700503,961,45,1006
062700504,1632,140,1772
062700505,1296,115,1411
062700506,1280,110,1390
062700507,1152,72,1224
062700508,1409,118,1527
062700509,36,3,39
062700510,1366,100,1466
062700511,740,34,774
062700512,660,50,710
062700601,872,79,951
062700602,512,17,529
062700603,279,14,293
062700604,423,31,454
062700605,1057,97,1154
062700606,1275,149,1424
062700607,1270,119,1389
062700608,1265,128,1393
062700609,1061,123,1184
062700610,1796,241,2037
062700611,1268,145,1413
062700612,359,19,378
062700613,313,14,327
062700614,745,62,807
062700615,626,65,691
062700616,1087,159,1246
062700617,1459,240,1699
062700701,847,91,938
062700702,692,77,769
062700703,1041,95,1136
062700704,562,31,593
062700705,1073,104,1177
062700706,874,87,961
062700707,1291,88,1379
062700708,664,20,684
062700709,680,38,718
062700710,650,37,687
062700711,1236,102,1338
062700712,1564,190,1754
062700713,925,89,1014
062700714,1044,75,1119
062700715,877,61,938
062700716,1103,137,1240
062700717,1231,150,1381
062700718,1591,160,1751
062700719,1322,172,1494
062700801,205,14,219
062700802,113,7,120
062700803,199,22,221
062700804,52,4,56
062700805,130,11,141
062700806,86,5,91
062700807,197,11,208
062700808,1179,84,1263
062700809,891,78,969
062700810,859,74,933
062700811,1025,44,1069
062700812,62,6,68
062700813,162,11,173
062700814,338,30,368
062700815,486,39,525
062700816,596,75,671
062700817,113,12,125
062700901,2138,268,2406
062700902,1292,125,1417
062700903,980,91,1071
062700904,831,47,878
062700905,991,76,1067
062700906,1181,127,1308
062700907,687,35,722
062700908,675,43,718
062700909,1388,168,1556
062700910,1178,105,1283
062700911,735,43,778
062700912,858,52,910
062700913,928,79,1007
062701001,1135,46,1181
062701002,1956,207,2163
062701003,2040,238,2278
062701004,1547,109,1656
062701005,1213,102,1315
062701006,1218,111,1329
062701007,1277,114,1391
062701008,1156,143,1299
062701009,1197,120,1317
062701010,1133,115,1248
062701101,1197,143,1340
062701102,29,3,32
062701103,51,12,63
062701104,308,32,340
062701105,34,0,34
062740101,1171,94,1265
062740102,961,43,1004
062740103,616,31,647
062740104,608,16,624
062740105,1458,86,1544
062740106,853,54,907
062740107,741,42,783
062740108,468,25,493
062740109,830,41,871
062740110,802,36,838
062740111,843,44,887
062740112,794,51,845
062740113,1481,115,1596
062740114,788,48,836
062740115,1656,100,1756
062740201,1165,52,1217
062740202,1195,71,1266
062740203,1322,78,1400
062740204,797,47,844
062740205,1035,57,1092
062740206,1486,75,1561
062740207,954,83,1037
062740208,938,82,1020
062740209,851,49,900
062740210,1051,94,1145
062740211,1440,118,1558
062740212,1025,80,1105
062740213,1065,53,1118
062740214,1157,68,1225
062740215,1169,47,1216
062740301,1162,89,1251
062740302,875,54,929
062740303,742,48,790
062740304,1552,117,1669
062740305,1334,84,1418
062740306,677,41,718
062740307,1415,106,1521
062740308,983,48,1031
062740309,907,51,958
062740310,1205,70,1275
062740311,1095,56,1151
062740312,1445,107,1552
062740313,1281,118,1399
062740314,1201,101,1302
062740315,863,73,936
062740316,948,78,1026
062740401,1156,85,1241
062740402,1321,101,1422
062740403,1237,109,1346
062740404,1206,136,1342
062740405,988,69,1057
062740406,967,67,1034
062740407,901,53,954
062740408,747,55,802
062740409,1393,104,1497
062740410,1105,92,1197
062740411,951,87,1038
062740412,1592,200,1792
062740413,1105,101,1206
062740414,1061,127,1188
062740415,1194,101,1295
062740416,1007,117,1124
062740417,1009,98,1107
062740501,790,44,834
062740502,827,63,890
062740503,861,78,939
062740504,1099,94,1193
062740505,820,90,910
062740506,752,69,821
062740507,1107,105,1212
062740508,1192,88,1280
062740509,856,70,926
062740510,946,82,1028
062740511,1097,76,1173
062740512,1100,90,1190
062740513,962,97,1059
062740514,1252,111,1363
062740515,1223,90,1313
062740516,950,88,1038
062740601,1287,107,1394
062740602,900,72,972
062740603,968,70,1038
062740604,910,51,961
062740605,1281,76,1357
062740606,1282,98,1380
062740607,844,78,922
062740608,812,59,871
062740609,838,63,901
062740610,807,56,863
062740611,847,85,932
062740612,888,59,947
062740613,809,77,886
062740614,864,85,949
062740615,1309,116,1425
062740616,728,105,833
062740617,1010,81,1091
062740618,865,104,969
062740619,694,72,766
062740620,1355,141,1496
062740701,537,47,584
062740702,840,77,917
062740703,999,115,1114
062740704,988,108,1096
062740705,1000,76,1076
062740706,1277,119,1396
062740707,1226,121,1347
062740708,1348,125,1473
062740709,1131,104,1235
062740710,1024,103,1127
062740711,764,73,837
062740712,920,89,1009
062740713,1180,144,1324
062740801,587,59,646
062740802,811,63,874
062740803,677,68,745
062740804,824,74,898
062740805,733,50,783
062740806,605,38,643
062740807,1185,120,1305
062740808,763,87,850
062740809,798,103,901
062740810,1057,160,1217
062740811,816,102,918
062740812,840,100,940
062740813,1331,210,1541
062740814,1114,67,1181
062740815,1056,86,1142
062740816,914,61,975
062740817,811,106,917
062740818,1007,100,1107
062740819,1010,121,1131
062740820,1130,151,1281
062740901,1033,137,1170
062740902,969,138,1107
062740903,1010,142,1152
062740904,989,94,1083
062740905,842,105,947
062740906,1305,158,1463
062740907,767,73,840
062740908,664,74,738
062740909,634,40,674
062740910,1051,66,1117
062740911,746,89,835
062740912,762,80,842
062740913,851,81,932
062740914,846,115,961
062740915,1372,170,1542
062740916,774,73,847
062740917,976,100,1076
062740918,936,99,1035
062740919,1122,140,1262
062740920,1154,128,1282
062740921,1112,120,1232
062740922,904,103,1007
062741001,1069,114,1183
062741002,901,125,1026
062741003,1348,119,1467
062741004,931,88,1019
062741005,790,49,839
062741006,842,83,925
062741007,1181,131,1312
062741008,1221,105,1326
062741009,969,63,1032
062741010,889,122,1011
062741011,655,69,724
062741012,1011,107,1118
062741013,496,55,551
062741014,786,112,898
062741015,3949,196,4145
062741101,873,53,926
062741102,1032,87,1119
062741103,1036,50,1086
062741104,982,68,1050
062741105,1410,96,1506
062741106,1954,128,2082
062741107,1071,91,1162
062741108,1062,55,1117
062741109,1740,154,1894
062741110,1788,124,1912
062741111,879,74,953
062741112,960,112,1072
062741113,977,104,1081
062741114,1019,112,1131
062741115,1045,75,1120
062741116,961,79,1040
062741117,1282,144,1426
062741118,920,90,1010
062741201,1323,69,1392
062741202,787,51,838
062741203,959,45,1004
062741204,613,33,646
062741205,586,26,612
062741206,631,38,669
062741207,743,43,786
062741208,1415,104,1519
062741209,1304,110,1414
062741210,1002,68,1070
062741211,1208,87,1295
062741212,1371,105,1476
062741213,764,62,826
062741214,769,56,825
062741215,1228,90,1318
062741216,1080,101,1181
062741217,1066,86,1152
062741301,1169,97,1266
062741302,591,26,617
062741303,694,28,722
062741304,738,45,783
062741305,785,55,840
062741306,1231,117,1348
062741307,842,57,899
062741308,755,56,811
062741309,986,63,1049
062741310,723,56,779
062741311,825,38,863
062741312,1127,65,1192
062741313,484,23,507
062741314,512,20,532
062741315,552,20,572
062741316,749,43,792
062741317,1309,74,1383
062741401,1223,35,1258
062741402,944,35,979
062741403,516,11,527
062741404,745,44,789
062741405,1011,35,1046
062741406,477,16,493
062741407,583,33,616
062741408,843,29,872
062741409,973,44,1017
062741410,760,21,781
062741411,982,55,1037
062741501,1142,119,1261
062741502,1072,91,1163
062741503,882,62,944
062741504,1393,112,1505
062741505,664,58,722
062741506,701,36,737
062741507,979,67,1046
062741508,941,60,1001
062741509,829,66,895
062741510,1390,115,1505
062741511,787,55,842
062741512,830,61,891
062741513,978,79,1057
062741514,849,47,896
062741515,754,40,794
062741516,1066,64,1130
062741517,1262,114,1376
062741518,1294,87,1381
062741601,1281,135,1416
062741602,1430,142,1572
062741603,1305,128,1433
062741604,1665,195,1860
062741605,787,65,852
062741606,1044,69,1113
062741607,914,74,988
062741608,926,60,986
062741609,770,57,827
062741610,1036,118,1154
062741611,745,72,817
062741612,954,54,1008
062741613,1259,88,1347
062741614,975,86,1061
062741701,657,36,693
062741702,746,47,793
062741703,991,63,1054
062741704,1040,81,1121
062741705,920,92,1012
062741706,1038,105,1143
062741707,745,66,811
062741708,683,25,708
062741709,1018,51,1069
062741710,1083,90,1173
062741711,733,55,788
062741712,830,61,891
062741713,1088,58,1146
062741714,1177,66,1243
062741801,1532,132,1664
062741802,955,106,1061
062741803,918,68,986
062741804,872,74,946
062741805,911,92,1003
062741806,1531,162,1693
062741807,1431,128,1559
062741808,941,91,1032
062741809,1085,135,1220
062741810,1148,137,1285
062741811,1298,182,1480
062741812,615,83,698
062741813,1009,115,1124
062741814,831,104,935
062741815,719,60,779
062741816,1363,118,1481
062741817,1239,102,1341
062741818,1572,119,1691
062741901,986,90,1076
062741902,1340,131,1471
062741903,1056,101,1157
062741904,1368,117,1485
062741905,1673,198,1871
062741906,1334,130,1464
062741907,1496,156,1652
062741908,768,86,854
062741909,771,78,849
062741910,1581,107,1688
062741911,1599,150,1749
062741912,1361,128,1489
062741913,902,99,1001
062742001,1509,178,1687
062742002,1352,146,1498
062742003,1124,98,1222
062742004,2081,256,2337
062742005,1567,161,1728
062742006,1378,124,1502
062742007,1867,159,2026
062742008,1031,107,1138
062742009,970,100,1070
062742010,985,95,1080
062742011,1068,88,1156
062742012,1203,106,1309
062742013,1368,141,1509
062742014,198,31,229
062742015,42,2,44
062742016,982,128,1110
062742101,606,36,642
062742102,656,51,707
062742103,1324,115,1439
062742104,1116,123,1239
062742105,1429,147,1576
062742106,1734,220,1954
062742107,1645,226,1871
062742108,1635,212,1847
062742109,920,108,1028
062742110,839,77,916
062742111,850,63,913
062742112,731,102,833
062742113,1255,114,1369
062742114,1019,75,1094
062742115,1389,108,1497
062742116,820,59,879
062742117,1268,141,1409
062742118,1204,91,1295
062742119,1094,80,1174
062742120,735,49,784
062742121,713,46,759
062742122,885,74,959
062742123,1004,80,1084
062742201,784,90,874
062742202,853,112,965
062742203,1461,136,1597
062742204,881,70,951
062742205,850,80,930
062742206,1068,126,1194
062742207,133,18,151
062742208,290,34,324
062742209,454,54,508
062742210,1065,107,1172
062742211,1272,144,1416
062742212,743,79,822
063710101,1176,61,1237
063710102,827,86,913
063710103,1349,102,1451
063710104,734,49,783
063710105,619,49,668
063710106,560,46,606
063710107,324,48,372
063710108,399,53,452
063710109,1127,107,1234
063710110,1536,156,1692
063710111,67,4,71
063710201,1243,75,1318
063710202,1225,73,1298
063710203,1128,45,1173
063710204,1237,105,1342
063710205,1672,142,1814
063710206,990,49,1039
063710207,732,40,772
063710208,807,41,848
063710209,1103,45,1148
063710210,1179,47,1226
063710211,771,51,822
063710212,713,46,759
063710301,1188,41,1229
063710302,761,30,791
063710303,493,19,512
063710304,1382,69,1451
063710305,948,50,998
063710306,1039,60,1099
063710307,915,46,961
063710308,1191,50,1241
063710309,1016,78,1094
063710310,767,47,814
063710311,1082,48,1130
063710312,398,23,421
063710313,648,24,672
063710314,625,20,645
063710315,936,48,984
063710401,1272,56,1328
063710402,1003,48,1051
063710403,706,43,749
063710404,582,21,603
063710405,964,39,1003
063710406,1192,45,1237
063710407,988,44,1032
063710408,514,23,537
063710501,857,42,899
063710502,975,49,1024
063710503,466,20,486
063710504,633,33,666
063710505,712,33,745
063710506,1034,48,1082
063710507,754,47,801
063710508,585,32,617
063710509,1079,60,1139
063710510,1094,67,1161
063710601,640,28,668
063710602,708,34,742
063710603,882,41,923
063710604,654,21,675
063710605,724,46,770
063710606,834,45,879
063710607,867,45,912
063710608,760,38,798
063710609,1246,148,1394
063710610,1337,129,1466
063710611,1388,147,1535
063710612,855,28,883
063710701,857,44,901
063710702,1666,136,1802
063710703,1106,71,1177
063710704,1177,103,1280
063710705,949,73,1022
063710706,1363,112,1475
063710707,1544,138,1682
063710708,646,44,690
063710709,1076,44,1120
063710710,586,28,614
063710711,646,35,681
063710712,888,32,920
063710713,737,44,781
063710801,1293,100,1393
063710802,1070,43,1113
063710803,905,22,927
063710804,886,49,935
063710805,791,34,825
063710806,1168,76,1244
063710807,738,19,757
063710808,975,32,1007
063710809,996,37,1033
063710810,898,41,939
063710811,847,35,882
063710812,963,44,1007
063710901,1112,37,1149
063710902,1064,38,1102
063710903,749,26,775
063710904,615,33,648
063710905,856,38,894
063710906,1359,59,1418
063710907,914,48,962
063710908,1041,40,1081
063710909,1084,42,1126
063710910,1004,38,1042
063710911,489,23,512
063710912,634,27,661
063710913,670,33,703
063710914,953,31,984
063710915,563,25,588
063710916,588,15,603
063710917,935,53,988
063711001,774,43,817
063711002,1018,37,1055
063711003,949,26,975
063711004,514,26,540
063711005,627,24,651
063711006,1036,43,1079
063711007,1157,38,1195
063711008,781,19,800
063711009,800,31,831
063711010,923,37,960
063711011,771,43,814
063711012,327,20,347
063711013,1236,56,1292
063711014,779,30,809
063711015,872,32,904
063711016,535,15,550
063711101,673,20,693
063711102,624,20,644
063711103,730,25,755
063711104,661,24,685
063711105,533,17,550
063711106,484,23,507
063711107,938,34,972
063711108,513,17,530
063711109,462,12,474
063711110,1061,49,1110
063711201,989,46,1035
063711202,748,40,788
063711203,533,28,561
063711204,1012,41,1053
063711205,488,24,512
063711206,481,13,494
063711207,771,34,805
063711208,1127,41,1168
063711209,633,19,652
063711210,605,19,624
063711301,924,47,971
063711302,882,52,934
063711303,1134,47,1181
063711304,934,33,967
063711305,899,39,938
063711306,1044,42,1086
063711307,1076,36,1112
063711308,822,45,867
063711309,1155,51,1206
063711310,1095,57,1152
063711311,875,22,897
063711312,1036,34,1070
063711401,1083,86,1169
063711402,777,47,824
063711403,559,24,583
063711404,832,85,917
063711405,657,55,712
063711406,1217,149,1366
063711407,655,141,796
063711408,789,137,926
063711409,782,94,876
063711410,778,65,843
063711411,827,38,865
063711412,788,39,827
063711413,727,24,751
063711414,889,207,1096
063711501,263,26,289
063711502,825,90,915
063711503,1300,135,1435
063711504,520,45,565
063711505,2231,132,2363
063711506,1261,167,1428
063711507,666,93,759
063711508,639,56,695
063711509,543,82,625
063711510,363,52,415
063711511,1158,85,1243
063711512,934,63,997
063711513,756,75,831
063711514,840,82,922
063711601,765,130,895
063711602,645,70,715
063711603,607,66,673
063711604,1139,104,1243
063711605,356,24,380
063711606,582,49,631
063711607,670,30,700
063711608,991,49,1040
063711609,966,86,1052
063711610,761,54,815
063711611,889,53,942
063711612,261,33,294
063711613,996,54,1050
063711614,798,50,848
063711701,989,49,1038
063711702,894,29,923
063711703,873,26,899
063711704,903,36,939
063711705,728,25,753
063711706,852,28,880
063711707,789,39,828
063711708,796,30,826
063711709,835,38,873
063711710,1201,60,1261
063711711,939,38,977
063711712,723,36,759
063711713,1047,44,1091
063711714,940,45,985
063711801,1062,39,1101
063711802,585,20,605
063711803,885,29,914
063711804,927,49,976
063711805,932,31,963
063711806,1036,42,1078
063711807,1043,58,1101
063711808,818,21,839
063711809,735,40,775
063711810,654,31,685
063711811,1149,42,1191
063711812,655,41,696
063711813,1303,59,1362
063711814,1297,73,1370
063711815,1307,54,1361
063711901,521,17,538
063711902,630,23,653
063711903,751,22,773
063711904,807,21,828
063711905,873,30,903
063711906,743,43,786
063711907,965,33,998
063711908,871,28,899
063711909,950,33,983
063712001,945,41,986
063712002,1050,47,1097
063712003,812,41,853
063712004,1042,49,1091
063712005,744,32,776
063712006,999,29,1028
063712007,1125,38,1163
063712008,606,22,628
063712101,1017,36,1053
063712102,1028,32,1060
063712103,545,16,561
063712104,442,13,455
063712105,1154,51,1205
063712106,346,22,368
063712107,790,52,842
063712108,1039,52,1091
063712109,785,20,805
063712110,874,39,913
063712111,984,30,1014
063712112,557,57,614
063712113,750,29,779
063712114,787,31,818
063712115,890,52,942
063712201,804,25,829
063712202,670,36,706
063712203,760,43,803
063712204,766,17,783
063712205,534,21,555
063712206,413,20,433
063712207,878,32,910
063712208,513,19,532
063712209,393,13,406
063712210,416,17,433
063712211,260,9,269
063712212,444,9,453
063712213,518,22,540
063712214,518,18,536
063712301,711,27,738
063712302,1161,46,1207
063712303,329,12,341
063712304,518,22,540
063712305,462,20,482
063712306,653,19,672
063712307,654,28,682
063712308,819,29,848
063712309,539,21,560
063712310,418,13,431
063712311,684,35,719
063712312,601,29,630
063712313,661,24,685
063712314,832,35,867
063712315,1182,53,1235
063712316,1149,47,1196
063712317,738,32,770
063712401,1020,46,1066
063712402,636,37,673
063712403,1076,53,1129
063712404,469,18,487
063712405,560,37,597
063712406,563,27,590
063712407,591,27,618
063712408,564,21,585
063712501,738,39,777
063712502,904,25,929
063712503,515,11,526
063712504,856,41,897
063712505,937,45,982
063712506,867,28,895
063712507,894,36,930
063712508,774,26,800
063712601,994,34,1028
063712602,741,33,774
063712603,885,44,929
063712604,887,40,927
063712605,590,21,611
063712606,970,47,1017
063712607,665,33,698
063712608,699,23,722
063712701,646,16,662
063712702,915,62,977
063712703,1562,111,1673
063712704,1032,30,1062
063712705,831,39,870
063712706,485,25,510
063712707,511,16,527
063712708,596,19,615
063712801,566,52,618
063712802,114,5,119
063712803,80,6,86
063712804,294,10,304
063712805,180,7,187
063712806,874,75,949
063712807,240,8,248
063712808,948,40,988
063712901,721,31,752
063712902,461,17,478
063712903,580,22,602
063712904,832,40,872
063712905,1114,51,1165
063712906,497,19,516
063712907,1373,68,1441
063712908,1751,66,1817
063712909,886,28,914
063713001,788,40,828
063713002,1121,61,1182
063713003,1004,48,1052
063713004,694,36,730
063713005,779,30,809
063713006,1114,47,1161
063713007,567,26,593
063713008,637,24,661
063713009,777,27,804
063713010,438,36,474
063713011,800,34,834
063713101,926,38,964
063713102,595,30,625
063713103,1120,48,1168
063713104,453,10,463
063713105,818,33,851
063713106,1223,42,1265
063713107,790,35,825
063713108,840,28,868
063713201,213,34,247
063713202,1320,67,1387
063713203,1178,70,1248
063713204,1133,67,1200
063713205,1018,91,1109
063713206,906,38,944
063713207,822,51,873
063713208,1339,96,1435
063713209,639,41,680
063713210,1295,78,1373
063713211,1248,71,1319
063713212,1065,85,1150
063713213,1100,50,1150
063713214,1416,105,1521
063713215,838,36,874
063713301,820,85,905
063713302,1362,148,1510
063713303,1272,52,1324
063713304,883,49,932
063713305,1179,54,1233
063713306,1206,76,1282
063713307,949,50,999
063713308,725,33,758
063713309,983,61,1044
063713310,459,27,486
063713401,704,37,741
063713402,1092,57,1149
063713403,419,18,437
063713404,652,30,682
063713405,1394,124,1518
063713406,810,38,848
063713407,938,56,994
063713408,952,34,986
063713409,645,31,676
063713501,1116,45,1161
063713502,634,38,672
063713503,770,42,812
063713504,696,38,734
063713505,739,43,782
063713506,1046,56,1102
063713507,128,12,140
063713508,207,15,222
063713509,139,21,160
063713510,877,59,936
063713511,1399,101,1500
063713512,1025,54,1079
063713513,975,56,1031
063713514,676,48,724
063713601,2052,164,2216
063713602,1075,68,1143
063713603,1433,100,1533
063713604,1634,129,1763
063713605,908,47,955
063713606,967,59,1026
063713607,1273,91,1364
063713608,951,49,1000
063713609,1470,76,1546
063713610,987,48,1035
063713611,1103,56,1159
063713701,858,89,947
063713702,1119,121,1240
063713703,677,46,723
063713704,430,38,468
063713705,605,51,656
063713706,704,64,768
063713707,1416,102,1518
063713708,1969,165,2134
063713709,1589,98,1687
063713710,1402,127,1529
063713711,1473,151,1624
063713712,1154,101,1255
063713713,1417,88,1505
063713714,1170,88,1258
063713715,1240,76,1316
063713716,1433,109,1542
064080101,1012,52,1064
064080102,753,26,779
064080103,1001,43,1044
064080104,1015,51,1066
064080105,1160,49,1209
064080106,558,31,589
064080107,1117,47,1164
064080108,1263,69,1332
064080109,1324,74,1398
064080110,664,41,705
064080111,1607,95,1702
064080112,1199,76,1275
064080113,1204,69,1273
064080114,108,4,112
064080115,287,7,294
064080116,538,30,568
064080117,936,45,981
064080201,989,71,1060
064080202,1081,54,1135
064080203,1094,55,1149
064080204,1150,68,1218
064080205,646,25,671
064080206,834,34,868
064080207,1170,73,1243
064080208,1453,97,1550
064080209,1454,80,1534
064080210,1302,72,1374
064080211,949,36,985
064080301,345,28,373
064080302,286,30,316
064080303,1216,89,1305
064080304,902,68,970
064080305,847,59,906
064080306,1033,55,1088
064080307,1617,101,1718
064080308,2056,129,2185
064080309,914,61,975
064080310,689,41,730
064080401,1389,118,1507
064080402,2010,179,2189
064080403,863,68,931
064080404,1670,94,1764
064080405,1105,77,1182
064080406,909,40,949
064080407,1294,106,1400
064080408,1818,111,1929
064080409,1227,81,1308
064080410,1714,95,1809
064080411,998,71,1069
064080412,1109,71,1180
064080501,795,69,864
064080502,1016,75,1091
064080503,1072,79,1151
064080504,993,77,1070
064080505,429,35,464
064080506,729,68,797
064080507,850,53,903
064080508,861,60,921
064080509,965,60,1025
064080510,744,35,779
064080511,764,38,802
064080512,704,34,738
064080601,1159,43,1202
064080602,528,22,550
064080603,951,32,983
064080604,770,19,789
064080605,1012,32,1044
064080606,289,11,300
064080607,955,39,994
064080608,781,31,812
064080609,908,34,942
064080701,914,48,962
064080702,835,56,891
064080703,812,55,867
064080704,1151,61,1212
064080705,946,40,986
064080706,840,25,865
064080707,253,13,266
064080708,896,37,933
064080709,616,29,645
064080710,759,42,801
064080801,1017,65,1082
064080802,1005,75,1080
064080803,621,35,656
064080804,548,33,581
064080805,665,32,697
064080806,887,73,960
064080807,797,35,832
064080808,844,30,874
064080809,701,40,741
064080810,929,60,989
064080811,1078,65,1143
064080812,647,42,689
064080813,806,60,866
064080814,1364,86,1450
064080901,1028,59,1087
064080902,670,39,709
064080903,809,35,844
064080904,689,23,712
064080905,947,44,991
064080906,938,45,983
064080907,1340,70,1410
064080908,1071,50,1121
064081001,930,33,963
064081002,877,49,926
064081003,1256,67,1323
064081004,1024,50,1074
064081005,1270,57,1327
064081006,930,44,974
064081007,1203,72,1275
064081008,695,30,725
064081101,858,49,907
064081102,991,55,1046
064081103,874,29,903
064081104,973,58,1031
064081105,1698,73,1771
064081106,981,43,1024
064081107,223,21,244
064081108,1132,71,1203
064081109,256,17,273
064081110,593,58,651
064081111,227,14,241
064081201,2641,213,2854
064081202,849,101,950
064081203,1007,89,1096
064081204,1174,80,1254
064081205,1512,102,1614
064081206,1932,138,2070
064081207,1139,74,1213
064081208,1492,94,1586
064081209,886,40,926
064081301,1331,71,1402
064081302,969,91,1060
064081303,1059,64,1123
064081304,891,61,952
064081305,756,33,789
064081306,1187,75,1262
064081307,1093,62,1155
064081308,982,63,1045
064081309,943,97,1040
064081310,1203,90,1293
064081311,1164,58,1222
064081312,1035,57,1092
064081313,724,37,761
064081401,1101,45,1146
064081402,1097,69,1166
064081403,1175,68,1243
064081404,1290,67,1357
064081405,552,22,574
064081406,722,34,756
064081407,702,29,731
064081408,697,41,738
064081409,754,49,803
064081410,795,51,846
064081411,890,43,933
064081412,876,44,920
064081413,908,40,948
064081501,1117,55,1172
064081502,1317,79,1396
064081503,159,9,168
064081504,1071,72,1143
064081505,1337,65,1402
064081506,252,10,262
064081507,794,63,857
064081508,693,36,729
064081509,944,55,999
064081510,586,20,606
064081511,716,40,756
064081512,382,21,403
064081513,935,42,977
064100101,1241,90,1331
064100102,1249,91,1340
064100103,1212,93,1305
064100104,1379,87,1466
064100105,776,47,823
064100106,662,34,696
064100107,684,42,726
064100108,1289,69,1358
064100109,800,52,852
064100110,1090,92,1182
064100111,2494,200,2694
064100112,1044,65,1109
064100113,594,20,614
064100201,833,57,890
064100202,913,70,983
064100203,689,28,717
064100204,180,11,191
064100205,1252,72,1324
064100206,284,17,301
064100207,723,34,757
064100208,1303,84,1387
064100209,999,38,1037
064100210,820,34,854
064100301,1624,72,1696
064100302,1017,61,1078
064100303,722,52,774
064100304,1076,72,1148
064100305,1130,63,1193
064100306,862,65,927
064100307,883,62,945
064100308,861,56,917
064100309,1434,71,1505
064100310,1000,59,1059
064100311,765,58,823
064100312,449,38,487
064100401,1178,68,1246
064100402,1092,57,1149
064100403,1164,55,1219
064100404,732,52,784
064100405,730,30,760
064100406,1109,48,1157
064100407,735,50,785
064100408,850,39,889
064100409,1526,109,1635
064100410,828,41,869
064100411,689,42,731
064100412,1184,93,1277
064100413,913,69,982
064100414,1187,72,1259
064100415,267,17,284
064100416,506,24,530
064100501,748,47,795
064100502,920,62,982
064100503,1235,70,1305
064100504,778,44,822
064100505,950,64,1014
064100506,686,58,744
064100507,623,53,676
064100508,1115,82,1197
064100509,1055,67,1122
064100510,1179,79,1258
064100511,909,58,967
064100512,1034,98,1132
064100513,1171,71,1242
064100514,928,58,986
064100515,2374,142,2516
064100601,1153,92,1245
064100602,1082,97,1179
064100603,1096,62,1158
064100604,968,41,1009
064100605,913,35,948
064100606,833,46,879
064100607,1050,46,1096
064100608,1219,56,1275
064100609,771,31,802
064100610,835,50,885
064100611,663,29,692
064100612,1356,68,1424
064100613,1281,72,1353
064100614,1058,29,1087
064100615,883,47,930
064100701,612,27,639
064100702,516,22,538
064100703,832,24,856
064100704,1196,58,1254
064100705,1075,45,1120
064100706,748,27,775
064100707,1355,77,1432
064100708,915,44,959
064100709,877,33,910
064100710,1148,57,1205
064100711,887,51,938
064100712,833,48,881
064100713,1155,55,1210
064100714,958,71,1029
064100715,827,46,873
064100716,1355,92,1447
064100801,640,26,666
064100802,730,31,761
064100803,1178,58,1236
064100804,772,30,802
064100805,875,43,918
064100806,1266,77,1343
064100807,1078,55,1133
064100808,894,49,943
064100809,1328,70,1398
064100901,1219,54,1273
064100902,726,25,751
064100903,1235,53,1288
064100904,1055,46,1101
064100905,1168,45,1213
064100906,869,41,910
064100907,805,34,839
064100908,772,29,801
064100909,751,34,785
064101001,1143,56,1199
064101002,1177,61,1238
064101003,1024,37,1061
064101004,1179,63,1242
064101005,936,42,978
064101006,833,44,877
064101007,1317,81,1398
064101008,886,35,921
064101009,972,62,1034
064101010,946,59,1005
064101101,921,41,962
064101102,974,28,1002
064101103,768,29,797
064101104,782,36,818
064101105,535,18,553
064101106,559,20,579
064101107,806,35,841
064101108,816,31,847
064101109,1000,43,1043
064101110,961,38,999
064101111,935,48,983
064101201,856,31,887
064101202,916,29,945
064101203,557,21,578
064101204,645,23,668
064101205,727,32,759
064101206,743,33,776
064101207,696,21,717
064101208,470,29,499
064101209,646,33,679
064101210,1311,88,1399
064101211,813,36,849
064101212,884,40,924
064101213,1335,65,1400
064101301,1158,56,1214
064101302,713,36,749
064101303,657,22,679
064101304,632,34,666
064101305,710,47,757
064101306,1320,72,1392
064101307,1432,90,1522
064101308,823,41,864
064101309,797,31,828
064101310,735,32,767
064101311,917,55,972
064120101,624,56,680
064120102,506,29,535
064120103,208,9,217
064120104,513,53,566
064120105,356,15,371
064120106,926,56,982
064120107,290,23,313
064120108,398,41,439
064120109,1060,73,1133
064120110,1219,125,1344
064120111,663,66,729
064120112,1073,125,1198
064120113,1041,127,1168
064120114,1056,114,1170
064120115,988,62,1050
064120116,1552,147,1699
064120117,1543,159,1702
064120118,1594,143,1737
064120201,401,30,431
064120202,1043,68,1111
064120203,1087,62,1149
064120204,1338,109,1447
064120205,1327,75,1402
064120206,876,63,939
064120207,1072,96,1168
064120208,1150,66,1216
064120209,1285,81,1366
064120210,970,50,1020
064120211,891,50,941
064120301,1232,78,1310
064120302,1441,99,1540
064120303,1329,71,1400
064120304,1240,87,1327
064120305,1239,59,1298
064120306,892,39,931
064120307,1263,56,1319
064120308,961,59,1020
064120309,862,55,917
064120310,1030,53,1083
064120311,1051,56,1107
064120312,452,15,467
064120313,595,29,624
064120401,1250,78,1328
064120402,1125,73,1198
064120403,1372,82,1454
064120404,1488,97,1585
064120405,844,37,881
064120406,890,62,952
064120407,1034,82,1116
064120408,624,47,671
064120409,655,21,676
064120410,1179,85,1264
064120411,1166,73,1239
064120412,1514,72,1586
064120501,691,31,722
064120502,968,46,1014
064120503,1028,45,1073
064120504,695,40,735
064120505,600,26,626
064120506,624,27,651
064120507,1019,46,1065
064120508,1104,61,1165
064120509,1321,115,1436
064120510,1288,97,1385
064120511,1034,55,1089
064120512,951,49,1000
064120513,1191,66,1257
064120514,858,49,907
064120601,466,30,496
064120602,803,41,844
064120603,788,29,817
064120604,841,60,901
064120605,699,30,729
064120606,1108,57,1165
064120607,1217,84,1301
064120608,1457,88,1545
064120609,906,63,969
064120610,844,49,893
064120611,1531,118,1649
064120612,1119,57,1176
064120613,998,55,1053
064120701,1258,107,1365
064120702,1299,107,1406
064120703,1362,92,1454
064120704,941,70,1011
064120705,873,52,925
064120706,810,51,861
064120707,756,41,797
064120708,1000,57,1057
064120709,594,26,620
064120710,1294,74,1368
064120711,1242,89,1331
064120712,1198,73,1271
064120713,1215,91,1306
064120714,981,71,1052
064120715,850,70,920
064120716,891,87,978
064120717,917,68,985
064120801,1425,91,1516
064120802,1216,80,1296
064120803,693,31,724
064120804,788,40,828
064120805,751,43,794
064120806,1107,82,1189
064120807,964,84,1048
064120808,867,65,932
064120809,1055,85,1140
064120810,1072,83,1155
064120811,956,74,1030
064120812,955,74,1029
064120813,1260,145,1405
064120814,1130,109,1239
064120815,959,82,1041
064120901,748,84,832
064120902,920,107,1027
064120903,1234,136,1370
064120904,1259,139,1398
064120905,1215,131,1346
064120906,248,17,265
064120907,440,54,494
064120908,1282,110,1392
064120909,1250,95,1345
064120910,1255,117,1372
064120911,1386,148,1534
064120912,813,85,898
064120913,848,89,937
064120914,1463,135,1598
064120915,1231,136,1367
064120916,751,72,823
064120917,694,91,785
064120918,1342,141,1483
064121001,1297,125,1422
064121002,1212,104,1316
064121003,1357,129,1486
064121004,1467,167,1634
064121005,1219,151,1370
064121006,1124,104,1228
064121007,1071,82,1153
064121008,1292,101,1393
064121009,880,84,964
064121010,1001,104,1105
064121011,1061,104,1165
064121012,793,71,864
064121013,843,88,931
064121014,1321,138,1459
064121015,994,138,1132
064121016,1191,176,1367
064121017,1716,173,1889
064121018,1196,153,1349
064121019,1403,204,1607
064121020,1310,184,1494
064121021,1097,157,1254
064121101,1247,159,1406
064121102,1024,114,1138
064121103,1571,146,1717
064121104,855,81,936
064121105,1363,128,1491
064121106,1162,89,1251
064121107,949,74,1023
064121108,906,88,994
064121109,921,109,1030
064121110,754,70,824
064121111,971,79,1050
064121112,805,63,868
064121113,849,73,922
064121114,826,56,882
064121115,1163,94,1257
064121116,968,101,1069
064121117,726,63,789
064121118,1162,112,1274
064121119,1401,133,1534
064121120,1695,130,1825
064121201,1076,75,1151
064121202,1182,84,1266
064121203,1362,126,1488
064121204,1457,121,1578
064121205,1548,129,1677
064121206,1161,123,1284
064121207,1498,135,1633
064121208,1267,103,1370
064121209,1342,122,1464
064121301,1172,90,1262
064121302,1226,137,1363
064121303,720,77,797
064121304,851,66,917
064121305,1579,142,1721
064121306,1468,154,1622
064121307,1088,109,1197
064121308,1400,116,1516
064121309,922,50,972
064121310,737,64,801
064121311,1046,73,1119
064121312,1362,149,1511
064121401,772,44,816
064121402,1037,67,1104
064121403,1584,122,1706
064121404,913,78,991
064121405,1040,63,1103
064121406,1246,117,1363
064121407,1276,126,1402
064121408,1316,181,1497
064121409,1060,82,1142
064121410,1132,83,1215
064121411,1238,96,1334
064121412,1362,100,1462
064121413,982,72,1054
064121501,836,47,883
064121502,1448,70,1518
064121503,1560,87,1647
064121504,1219,99,1318
064121505,817,47,864
064121506,978,63,1041
064121507,996,76,1072
064121508,929,55,984
064121509,946,49,995
064121510,929,78,1007
064121511,1204,85,1289
064121512,1557,151,1708
064270101,388,13,401
064270102,344,5,349
064270103,976,23,999
064270104,250,8,258
064270105,215,7,222
064270106,949,33,982
064270107,902,21,923
064270108,601,26,627
064270109,531,35,566
064270110,746,28,774
064270111,839,27,866
064270112,641,19,660
064270113,737,32,769
064270201,684,32,716
064270202,541,16,557
064270203,285,16,301
064270204,633,23,656
064270205,463,12,475
064270206,353,10,363
064270207,530,15,545
064270208,582,15,597
064270209,606,25,631
064270210,619,21,640
064270211,179,6,185
064270212,633,19,652
064270213,481,28,509
064270214,452,19,471
064270215,422,12,434
064270216,350,14,364
064270217,571,20,591
064270218,741,29,770
064270301,557,16,573
064270302,790,26,816
064270303,521,14,535
064270304,550,20,570
064270305,659,25,684
064270306,951,40,991
064270307,687,29,716
064270308,678,21,699
064270309,518,31,549
064270310,761,24,785
064270311,834,30,864
064270312,902,24,926
064270401,854,49,903
064270402,1051,59,1110
064270403,1284,72,1356
064270404,786,36,822
064270405,942,39,981
064270406,902,47,949
064270407,926,37,963
064270408,985,50,1035
064270409,1211,57,1268
064270501,1528,72,1600
064270502,812,39,851
064270503,804,34,838
064270504,1268,67,1335
064270505,1255,62,1317
064270506,1165,47,1212
064270507,1288,68,1356
064270508,644,38,682
064270509,654,27,681
064270510,819,42,861
064270511,897,47,944
064270601,1021,42,1063
064270602,1517,85,1602
064270603,954,62,1016
064270604,1734,76,1810
064270605,560,19,579
064270606,638,20,658
064270607,637,24,661
064270608,535,37,572
064270609,1049,48,1097
064270610,662,43,705
064270611,631,44,675
064270612,740,30,770
064270613,756,42,798
064270614,739,44,783
064270701,1121,65,1186
064270702,1154,56,1210
064270703,936,44,980
064270704,994,41,1035
064270705,1091,41,1132
064270706,771,37,808
064270707,578,25,603
064270708,771,33,804
064270709,857,28,885
064270710,1608,83,1691
064270711,989,49,1038
064270712,1256,57,1313
064270713,953,42,995
064270801,1263,67,1330
064270802,1260,47,1307
064270803,1049,46,1095
064270804,1376,76,1452
064270805,1096,60,1156
064270806,1475,58,1533
064270807,1162,63,1225
064270808,645,29,674
064270809,622,24,646
064270810,1467,78,1545
064270811,1224,55,1279
064270812,1399,51,1450
064270901,1331,105,1436
064270902,1185,88,1273
064270903,1739,153,1892
064270904,1821,128,1949
064270905,1385,136,1521
064270906,1695,152,1847
064270907,1175,62,1237
064270908,995,53,1048
064270909,562,57,619
064270910,987,117,1104
064270911,1017,82,1099
064270912,997,102,1099
064271001,1339,91,1430
064271002,768,58,826
064271003,756,40,796
064271004,1257,83,1340
064271005,1214,84,1298
064271006,1057,53,1110
064271007,1207,62,1269
064271008,1158,71,1229
064271009,1454,80,1534
064271010,671,29,700
064271011,537,28,565
064271012,1196,58,1254
064271101,1192,52,1244
064271102,1068,60,1128
064271103,1382,64,1446
064271104,999,48,1047
064271105,969,37,1006
064271106,1170,59,1229
064271107,999,47,1046
064271108,1234,69,1303
064271109,1152,58,1210
064271110,804,29,833
064271111,751,47,798
064271201,1332,50,1382
064271202,1230,44,1274
064271203,489,23,512
064271204,618,32,650
064271205,1112,54,1166
064271206,1180,60,1240
064271207,710,32,742
064271208,596,34,630
064271209,698,29,727
064271210,675,33,708
064271301,1262,57,1319
064271302,1358,83,1441
064271303,921,26,947
064271304,1745,93,1838
064271305,1737,72,1809
064271306,796,41,837
064271307,745,43,788
064271308,917,36,953
064271309,948,52,1000
064271310,1236,43,1279
064271311,1238,58,1296
064271401,1103,55,1158
064271402,1052,54,1106
064271403,1162,54,1216
064271404,1216,62,1278
064271405,1519,98,1617
064271406,469,20,489
064271407,1871,87,1958
064271408,3073,304,3377
064271409,1185,80,1265
064271410,2517,203,2720
064271411,2608,176,2784
064271412,778,58,836
064271413,2286,122,2408
064271414,507,40,547
064271415,842,46,888
064271416,1213,59,1272
064271417,802,38,840
064271418,715,31,746
064271419,958,66,1024
064271420,702,27,729
064271501,821,47,868
064271502,756,47,803
064271503,674,19,693
064271504,1132,50,1182
064271505,744,38,782
064271506,881,34,915
064271507,737,42,779
064271508,779,39,818
064271509,718,38,756
064271510,758,37,795
064271511,673,39,712
064271512,1162,66,1228
064271513,669,41,710
064271514,1002,68,1070
064271515,902,28,930
064271601,1205,52,1257
064271602,1202,36,1238
064271603,1177,74,1251
064271604,1068,86,1154
064271605,1818,139,1957
064271606,1202,100,1302
064271607,1215,76,1291
064271608,825,64,889
064271609,1218,108,1326
064271610,706,40,746
064271611,992,53,1045
064271612,931,46,977
064271613,458,19,477
064271701,1085,54,1139
064271702,816,25,841
064271703,1190,87,1277
064271704,825,47,872
064271705,822,34,856
064271706,892,42,934
064271707,4912,430,5342
064271708,1850,110,1960
064271709,965,63,1028
064271710,1999,134,2133
064271711,3751,323,4074
064271801,1591,161,1752
064271802,1804,156,1960
064271803,1185,134,1319
064271804,2447,251,2698
064271805,4005,400,4405
064271806,199,14,213
064271807,2122,181,2303
064271808,2036,188,2224
064271809,2615,261,2876
064271810,1574,195,1769
064271811,1553,141,1694
064271812,320,26,346
064271813,4341,375,4716
064271901,736,44,780
064271902,632,33,665
064271903,1407,55,1462
064271904,862,51,913
064271905,706,32,738
064271906,1193,59,1252
064271907,1093,43,1136
064271908,1222,54,1276
064271909,1255,64,1319
064271910,966,44,1010
064272001,908,107,1015
064272002,807,38,845
064272003,825,41,866
064272004,658,34,692
064272005,498,20,518
064272006,1003,60,1063
064272007,674,39,713
064272008,725,28,753
064272009,877,38,915
064272010,931,60,991
064272011,1253,81,1334
064272012,374,19,393
064272013,588,31,619
064272014,2449,160,2609
064272015,1168,61,1229
064272016,2244,159,2403
064272101,1360,83,1443
064272102,1437,83,1520
064272103,1575,71,1646
064272104,1472,75,1547
064272105,935,68,1003
064272106,1094,75,1169
064272107,909,43,952
064272108,1166,62,1228
064272201,839,37,876
064272202,713,23,736
064272203,1289,69,1358
064272204,1215,72,1287
064272205,975,36,1011
064272206,975,83,1058
064272207,1213,63,1276
064272208,877,32,909
064272209,1116,44,1160
064272301,392,15,407
064272302,1058,59,1117
064272303,1698,85,1783
064272304,1570,64,1634
064272305,1107,46,1153
064272306,1184,71,1255
064272307,1152,58,1210
064272308,1378,72,1450
064272309,1755,89,1844
064272310,1516,77,1593
064272311,1659,75,1734
064272401,1143,64,1207
064272402,766,50,816
064272403,1994,160,2154
064272404,908,85,993
064272405,1902,143,2045
064272406,1064,64,1128
064272407,1670,103,1773
064272408,1088,43,1131
064272409,1081,68,1149
064272410,827,67,894
064272501,633,30,663
064272502,774,37,811
064272503,1085,37,1122
064272504,932,41,973
064272505,1950,115,2065
064272506,874,35,909
064272507,537,19,556
064272508,466,21,487
064272509,1030,43,1073
064272510,3408,256,3664
064272511,2609,205,2814
064272512,2879,223,3102
064272513,500,21,521
064272514,497,27,524
064272515,872,42,914
064272601,596,37,633
064272602,960,47,1007
064272603,1274,45,1319
064272604,1259,60,1319
064272605,974,62,1036
064272606,668,34,702
064272607,1443,82,1525
064272608,1042,38,1080
064272609,1082,54,1136
064272610,943,32,975
064272611,1133,46,1179
064272701,1634,56,1690
064272702,544,19,563
064272703,715,35,750
064272704,724,30,754
064272705,759,32,791
064272706,943,44,987
064272707,1068,57,1125
064272708,1068,55,1123
064272709,1260,71,1331
064272801,992,38,1030
064272802,662,22,684
064272803,748,28,776
064272804,765,36,801
064272805,707,26,733
064272806,1114,33,1147
064272807,1020,34,1054
064272808,821,28,849
064272809,691,26,717
064272810,1137,45,1182
064272811,926,26,952
064272812,1009,33,1042
064272901,1065,54,1119
064272902,1007,36,1043
064272903,633,17,650
064272904,656,29,685
064272905,884,34,918
064272906,856,49,905
064272907,1212,53,1265
064272908,1187,58,1245
064272909,506,23,529
064272910,536,24,560
064272911,1242,52,1294
064272912,1197,52,1249
064272913,932,38,970
064272914,1113,45,1158
064273001,668,30,698
064273002,1043,28,1071
064273003,627,32,659
064273004,617,15,632
064273005,389,13,402
064273006,784,47,831
064273007,784,25,809
064273008,380,18,398
064273009,421,12,433
064273010,671,21,692
064273011,342,10,352
064273012,569,22,591
064273013,879,32,911
064273101,599,20,619
064273102,777,37,814
064273103,1012,33,1045
064273104,838,30,868
064273105,1176,60,1236
064273106,957,36,993
064273107,725,31,756
064273108,439,15,454
064273109,687,29,716
064273110,695,76,771
064273201,641,36,677
064273202,736,55,791
064273203,663,27,690
064273204,664,31,695
064273205,1052,48,1100
064273206,715,24,739
064273207,977,60,1037
064273208,1199,58,1257
064273209,559,26,585
064273210,584,19,603
064273211,687,27,714
064273212,607,22,629
064273301,641,25,666
064273302,1042,49,1091
064273303,593,47,640
064273304,358,19,377
064273305,543,41,584
064273306,446,26,472
064273307,534,43,577
064273308,780,32,812
064273309,698,37,735
064273310,883,43,926
064273311,914,34,948
064273312,1445,66,1511
064273313,846,48,894
064273314,1126,69,1195
064273315,781,47,828
064273401,970,32,1002
064273402,773,39,812
064273403,1393,55,1448
064273404,865,47,912
064273405,955,32,987
064273406,1749,69,1818
064273407,1040,54,1094
064273408,883,40,923
064273409,1147,35,1182
064273410,691,33,724
064273411,637,32,669
064273412,1330,71,1401
064273413,851,30,881
064273414,870,47,917
064273415,1235,44,1279
064273501,1092,47,1139
064273502,725,31,756
064273503,656,45,701
064273504,669,22,691
064273505,949,38,987
064273506,1146,55,1201
064273507,660,36,696
064273508,1030,64,1094
064273509,1325,69,1394
064273510,691,30,721
064273511,1145,63,1208
064273512,1102,43,1145
064273513,768,33,801
064273601,664,22,686
064273602,933,43,976
064273603,727,26,753
064273604,641,40,681
064273605,650,34,684
064273606,742,56,798
064273607,439,20,459
064273608,370,24,394
064273609,981,29,1010
064273610,817,30,847
064273611,862,48,910
064273612,495,25,520
064273701,505,33,538
064273702,626,28,654
064273703,608,39,647
064273704,1282,52,1334
064273705,845,35,880
064273706,1585,82,1667
064273707,1321,67,1388
064273708,1082,39,1121
064273709,1349,82,1431
064273710,1855,93,1948
064273801,1285,44,1329
064273802,1321,73,1394
064273803,2071,132,2203
064273804,832,71,903
064273805,1010,57,1067
064273806,974,51,1025
064273807,1239,78,1317
064273808,1203,64,1267
064273809,486,25,511
064273810,1176,93,1269
064273901,1578,69,1647
064273902,1073,86,1159
064273903,795,53,848
064273904,1308,67,1375
064273905,1299,89,1388
064273906,895,51,946
064273907,928,65,993
064273908,91,1,92
064273909,1267,63,1330
064273910,986,73,1059
064273911,1117,44,1161
064274001,1169,96,1265
064274002,1501,127,1628
064274003,859,86,945
064274004,1473,123,1596
064274005,1246,80,1326
064274006,1243,79,1322
064274007,2999,252,3251
064274008,2177,174,2351
064274009,683,44,727
064274010,1833,143,1976
064274011,1565,97,1662
064274012,789,75,864
064274101,1983,123,2106
064274102,2240,150,2390
064274103,1963,140,2103
064274104,1263,57,1320
064274105,1143,59,1202
064274106,1418,158,1576
064274107,3427,284,3711
064274108,2285,171,2456
064274109,2003,196,2199
064274110,1079,108,1187
064274201,1368,64,1432
064274202,1581,93,1674
064274203,2061,134,2195
064274204,1954,94,2048
064274205,1318,114,1432
064274206,926,70,996
064274207,859,37,896
064274208,709,46,755
064274209,1546,76,1622
064274210,744,45,789
064274211,918,48,966
064274301,1258,53,1311
064274302,1287,56,1343
064274303,1327,69,1396
064274304,1043,57,1100
064274305,1310,72,1382
064274306,1476,72,1548
064274307,1108,65,1173
064274308,1056,42,1098
064274309,1072,59,1131
064274310,901,50,951
064274311,911,52,963
064274401,1739,75,1814
064274402,893,49,942
064274403,1339,80,1419
064274404,1206,54,1260
064274405,567,32,599
064274406,746,48,794
064274407,599,35,634
064274408,677,29,706
064274409,677,23,700
064274410,918,44,962
064274411,599,25,624
064274412,1344,58,1402
064274501,1689,66,1755
064274502,1111,46,1157
064274503,884,38,922
064274504,1355,68,1423
064274505,907,49,956
064274506,805,42,847
064274507,1614,88,1702
064274508,1619,85,1704
064274509,899,55,954
064274510,1084,75,1159
064274511,1089,54,1143
064274601,1176,67,1243
064274602,855,72,927
064274603,1934,97,2031
064274604,1809,126,1935
064274605,1682,106,1788
064274606,1832,118,1950
064274607,1155,86,1241
064274608,701,49,750
064274609,3830,294,4124
064274610,1013,77,1090
064274611,1085,113,1198
064274612,1406,82,1488
064274613,1452,76,1528
064274701,895,46,941
064274702,1182,115,1297
064274703,672,54,726
064274704,667,33,700
064274705,790,49,839
064274706,765,66,831
064274707,1115,91,1206
064274708,814,50,864
064274709,717,32,749
064274710,1001,65,1066
064274711,854,51,905
064274712,2367,183,2550
064274801,805,84,889
064274802,1861,130,1991
064274803,1553,107,1660
064274804,1220,65,1285
064274805,833,48,881
064274806,1895,151,2046
064274807,1272,70,1342
064274808,1629,102,1731
064274809,1465,83,1548
064274810,1533,125,1658
064274811,1556,123,1679
064274812,1687,93,1780
064274813,1238,72,1310
064274814,1551,98,1649
064274901,1989,112,2101
064274902,1034,59,1093
064274903,1244,89,1333
064274904,1394,90,1484
064274905,1248,83,1331
064274906,2298,206,2504
064274907,1536,166,1702
064274908,1265,117,1382
064274909,1803,180,1983
064274910,1335,158,1493
064274911,768,92,860
064274912,895,94,989
064275001,1294,54,1348
064275002,1008,60,1068
064275003,1122,57,1179
064275004,1205,51,1256
064275005,1062,55,1117
064275006,1434,69,1503
064275007,1214,47,1261
064275008,933,78,1011
064275009,883,88,971
064275010,1096,58,1154
064275011,1227,59,1286
064275012,1373,69,1442
064275013,847,40,887
064275101,989,74,1063
064275102,1055,73,1128
064275103,914,38,952
064275104,949,43,992
064275105,996,56,1052
064275106,821,63,884
064275107,1058,77,1135
064275108,1520,97,1617
064275109,1168,77,1245
064275110,1260,56,1316
064275111,1087,56,1143
064275112,1032,53,1085
064275113,1310,77,1387
064275114,1525,61,1586
064275115,268,42,310
064275201,1715,159,1874
064275202,1785,108,1893
064275203,1236,98,1334
064275204,1374,121,1495
064275205,1449,167,1616
064275206,1411,163,1574
064275207,1225,116,1341
064275208,1281,155,1436
064275209,1786,158,1944
064275210,1090,113,1203
064275211,1089,68,1157
064275212,1398,105,1503
064275213,1653,149,1802
064275301,1930,152,2082
064275302,1017,77,1094
064275303,900,61,961
064275304,1786,149,1935
064275305,2062,193,2255
064275306,1978,164,2142
064275307,1612,118,1730
064275308,1507,140,1647
064275309,682,52,734
064275310,1726,126,1852
064275401,1545,89,1634
064275402,1944,167,2111
064275403,1148,92,1240
064275404,1043,84,1127
064275405,952,82,1034
064275406,916,70,986
064275407,1422,114,1536
064275408,1282,84,1366
064275409,1544,102,1646
064275410,3270,319,3589
064275411,1087,101,1188
064275412,1472,89,1561
064275501,808,42,850
064275502,738,27,765
064275503,717,34,751
064275504,813,49,862
064275505,1369,86,1455
064275506,1447,58,1505
064275507,769,46,815
064275508,1049,54,1103
064275509,1066,72,1138
064275510,1478,92,1570
064275511,1632,91,1723
064275512,1753,105,1858
064275513,1461,98,1559
064275601,946,75,1021
064275602,1596,88,1684
064275603,5252,360,5612
064275604,849,47,896
064275605,957,51,1008
064275606,1509,78,1587
064275607,642,33,675
064275608,1063,48,1111
064275609,1108,69,1177
064275610,1270,57,1327
064275611,1059,45,1104
064275612,1293,64,1357
064275613,927,55,982
064275701,1197,82,1279
064275702,1071,86,1157
064275703,988,52,1040
064275704,1049,57,1106
064275705,1106,61,1167
064275706,1376,89,1465
064275707,1348,82,1430
064275708,904,60,964
064275709,666,27,693
064275710,992,67,1059
064275711,873,63,936
064275712,1316,92,1408
064275713,1479,107,1586
064275714,731,62,793
064275715,683,34,717
064275801,1587,83,1670
064275802,1401,79,1480
064275803,1191,65,1256
064275804,1212,112,1324
064275805,801,49,850
064275806,784,56,840
064275807,1196,90,1286
064275808,1505,103,1608
064275809,505,25,530
064275810,1006,65,1071
064275811,764,57,821
064275812,885,38,923
064275813,917,62,979
064275814,791,53,844
064275815,2085,173,2258
064275901,1773,96,1869
064275902,603,36,639
064275903,1841,124,1965
064275904,898,66,964
064275905,1695,106,1801
064275906,781,56,837
064275907,785,48,833
064275908,1098,68,1166
064275909,828,44,872
064275910,1061,72,1133
064275911,1110,76,1186
064275912,900,78,978
064275913,876,67,943
064276001,1764,153,1917
064276002,1361,100,1461
064276003,1223,110,1333
064276004,1069,72,1141
064276005,1700,115,1815
064276006,1876,165,2041
064276007,1773,127,1900
064276008,1947,176,2123
064276009,1713,124,1837
064276010,1387,107,1494
064276011,1573,104,1677
064276012,1171,78,1249
064276013,870,67,937
064276014,693,37,730
064276015,819,41,860
064276016,1369,111,1480
064276017,939,61,1000
064276018,978,62,1040
064276101,1736,132,1868
064276102,1920,141,2061
064276103,1500,80,1580
064276104,1734,120,1854
064276105,1995,161,2156
064276106,1395,121,1516
064276107,1506,111,1617
064276108,1674,107,1781
064276109,1811,136,1947
064276110,1908,164,2072
064276111,928,61,989
064276112,1004,68,1072
064276113,1107,83,1190
064276114,1192,89,1281
064276201,1031,68,1099
064276202,1472,90,1562
064276203,1106,63,1169
064276204,1087,97,1184
064276205,2291,172,2463
064276206,1143,74,1217
064276207,1103,73,1176
064276208,741,55,796
064276209,1180,52,1232
064276210,1848,102,1950
064276211,1212,95,1307
064276212,1084,59,1143
064276213,1318,95,1413
064276214,770,50,820
064276215,982,64,1046
064276216,1309,80,1389
064276301,1570,110,1680
064276302,394,63,457
064276303,1090,91,1181
064276304,980,94,1074
064276305,1005,84,1089
064276306,1385,86,1471
064276307,1210,102,1312
064276308,1482,98,1580
064276309,1849,147,1996
064276310,2285,198,2483
064276311,1922,142,2064
064276312,1329,83,1412
064276401,926,70,996
064276402,883,85,968
064276403,1513,148,1661
064276404,945,63,1008
064276405,1185,95,1280
064276406,1053,74,1127
064276407,1595,140,1735
064276408,983,65,1048
064276409,1558,118,1676
064276410,1689,126,1815
064276411,807,54,861
064276412,1277,75,1352
064276413,798,61,859
064276414,998,67,1065
064276415,1422,102,1524
064276416,2043,147,2190
064276417,834,57,891
064276501,1858,152,2010
064276502,1767,127,1894
064276503,1262,80,1342
064276504,1959,152,2111
064276505,858,58,916
064276506,1283,99,1382
064276507,1682,146,1828
064276508,882,51,933
064276509,773,53,826
064276510,997,81,1078
064276511,1952,116,2068
064276512,1009,68,1077
064276513,929,92,1021
064276514,1063,61,1124
064276515,1376,80,1456
064276516,1620,109,1729
064276517,1737,109,1846
064276601,1251,98,1349
064276602,1146,82,1228
064276603,2066,144,2210
064276604,1513,89,1602
064276605,1591,84,1675
064276606,1025,71,1096
064276607,972,64,1036
064276608,1104,67,1171
064276609,1026,74,1100
064276610,1148,82,1230
064276611,1073,87,1160
064276701,1201,119,1320
064276702,1779,158,1937
064276703,942,103,1045
064276704,3024,333,3357
064276705,1203,153,1356
064276706,1416,166,1582
064276707,1152,123,1275
064276708,1127,66,1193
064276709,1024,67,1091
064276710,857,72,929
064276711,1050,82,1132
064276712,1456,115,1571
064276713,1137,127,1264
064276714,1004,160,1164
064276715,1170,139,1309
064276716,1092,158,1250
064276717,1182,149,1331
064276718,1504,144,1648
064276801,964,72,1036
064276802,1225,74,1299
064276803,714,40,754
064276804,888,36,924
064276805,816,37,853
064276806,1184,70,1254
064276807,887,63,950
064276808,1013,52,1065
064276809,990,83,1073
064276810,814,58,872
064276901,1009,60,1069
064276902,1358,102,1460
064276903,1273,76,1349
064276904,1372,96,1468
064276905,2537,205,2742
064276906,1136,72,1208
064276907,1321,85,1406
064276908,1077,56,1133
064276909,1736,75,1811
064276910,602,42,644
064276911,749,41,790
064276912,849,50,899
064276913,1477,79,1556
064276914,1295,78,1373
064276915,1300,111,1411
064276916,1050,74,1124
064276917,1297,90,1387
064277001,1841,134,1975
064277002,1181,77,1258
064277003,1166,77,1243
064277004,1680,116,1796
064277005,1453,100,1553
064277006,1084,79,1163
064277007,952,60,1012
064277008,1466,91,1557
064277009,1165,99,1264
064277010,956,66,1022
064277011,938,54,992
064277012,1438,101,1539
064277013,768,59,827
064277014,1063,58,1121
064277015,832,53,885
064277016,852,52,904
064277017,844,60,904
064277018,800,47,847
064277101,1172,58,1230
064277102,1323,87,1410
064277103,900,57,957
064277104,805,43,848
064277105,775,41,816
064277106,803,54,857
064277107,1475,97,1572
064277108,779,57,836
064277109,814,67,881
064277110,714,42,756
064277111,956,73,1029
064277112,1572,149,1721
064277113,1399,125,1524
064277114,1457,90,1547
064277115,1268,84,1352
064277116,1397,124,1521
064277201,2306,138,2444
064277202,975,59,1034
064277203,839,68,907
064277204,1144,81,1225
064277205,1377,117,1494
064277206,927,61,988
064277207,946,77,1023
064277208,854,77,931
064277209,1124,84,1208
064277210,1071,61,1132
064277211,1581,132,1713
064277212,1254,79,1333
064277301,1588,136,1724
064277302,1781,146,1927
064277303,1201,108,1309
064277304,1049,92,1141
064277305,1384,91,1475
064277306,1409,105,1514
064277307,2767,223,2990
064277308,1723,151,1874
064277309,1756,135,1891
064277310,1682,188,1870
064277311,981,99,1080
064277312,1050,102,1152
064277313,1539,114,1653
064277314,1130,81,1211
064277315,1189,116,1305
064277316,1071,135,1206
064277401,1697,81,1778
064277402,1940,129,2069
064277403,1641,130,1771
064277404,1509,106,1615
064277405,1406,93,1499
064277406,1740,147,1887
064277407,1474,115,1589
064277408,1386,99,1485
064277409,900,66,966
064277410,1530,120,1650
064277411,2655,207,2862
064277412,1471,122,1593
064277413,1022,77,1099
064277414,1440,152,1592
064277415,1335,133,1468
064277416,968,123,1091
064277417,1154,100,1254
064277418,4007,315,4322
064277501,1835,208,2043
064277502,2287,201,2488
064277503,1381,115,1496
064277504,1900,162,2062
064277505,1773,152,1925
064277506,1483,127,1610
064277507,1384,157,1541
064277508,1296,134,1430
064277509,1178,98,1276
064277510,1588,143,1731
064277511,1669,154,1823
064277512,1281,107,1388
064277513,1328,104,1432
064277514,1097,91,1188
064277515,1332,105,1437
064277516,1391,99,1490
064277601,1524,151,1675
064277602,1978,151,2129
064277603,2244,170,2414
064277604,1742,143,1885
064277605,1620,151,1771
064277606,1453,91,1544
064277607,2021,162,2183
064277608,1728,148,1876
064277609,1700,141,1841
064277610,1698,112,1810
064277611,2029,144,2173
064277612,2058,159,2217
064277613,813,65,878
064277614,993,78,1071
064277615,1799,134,1933
064277616,1814,132,1946
064277617,1011,83,1094
064277618,951,72,1023
064277701,1268,82,1350
064277702,1426,112,1538
064277703,1634,105,1739
064277704,1750,102,1852
064277705,1028,77,1105
064277706,1663,127,1790
064277707,1234,95,1329
064277708,966,71,1037
064277709,899,46,945
064277710,1544,85,1629
064277711,1180,73,1253
064277712,1684,124,1808
064277713,1049,75,1124
064277714,930,75,1005
064277715,891,61,952
064277716,909,72,981
064277801,2878,182,3060
064277802,2674,174,2848
064277803,1402,103,1505
064277804,1132,77,1209
064277805,1527,117,1644
064277806,1065,80,1145
064277807,1426,102,1528
064277808,931,83,1014
064277809,1031,93,1124
064277810,1230,126,1356
064277811,1057,73,1130
064277812,1403,112,1515
064277813,1542,127,1669
064277901,2283,141,2424
064277902,907,74,981
064277903,1104,68,1172
064277904,1219,85,1304
064277905,1629,104,1733
064277906,1054,78,1132
064277907,832,59,891
064277908,885,61,946
064277909,894,76,970
064277910,1455,114,1569
064277911,1630,126,1756
064278001,3365,215,3580
064278002,1543,146,1689
064278003,1643,191,1834
064278004,930,76,1006
064278005,1398,130,1528
064278006,1575,168,1743
064278007,1233,103,1336
064278008,1504,144,1648
064278009,1152,124,1276
064278010,702,71,773
064278011,866,83,949
064278012,854,115,969
064278013,755,81,836
064278014,1001,82,1083
064278015,795,64,859
064278016,1061,112,1173
064278101,1662,143,1805
064278102,1170,105,1275
064278103,1295,139,1434
064278104,1266,95,1361
064278105,797,112,909
064278106,698,70,768
064278107,680,80,760
064278108,123,14,137
064278109,360,34,394
064278110,407,67,474
064278111,933,120,1053
064278112,233,18,251
064278201,1726,155,1881
064278202,1070,97,1167
064278203,1353,117,1470
064278204,1077,82,1159
064278205,1622,140,1762
064278206,1851,95,1946
064278207,1812,140,1952
064278208,1521,115,1636
064278209,2832,231,3063
064278210,1258,89,1347
064278211,1302,73,1375
064278212,1020,67,1087
064278213,1161,79,1240
064278301,1198,68,1266
064278302,1294,120,1414
064278303,1392,99,1491
064278304,1599,133,1732
064278305,1847,137,1984
064278306,1375,121,1496
064278307,948,127,1075
064278308,1190,128,1318
064278309,1200,96,1296
064278310,1215,116,1331
064278311,1149,74,1223
064278312,1222,96,1318
064278313,1479,123,1602
064278314,1245,82,1327
064278401,785,90,875
064278402,847,109,956
064278403,1143,105,1248
064278404,1395,122,1517
064278405,1680,123,1803
064278406,1089,78,1167
064278407,1290,141,1431
064278408,1380,146,1526
064278409,1910,201,2111
064278410,1196,117,1313
064278411,1625,151,1776
064278412,1221,114,1335
064278413,1594,200,1794
064278414,711,85,796
064278415,1927,231,2158
064278416,1350,137,1487
064278417,1523,129,1652
064278501,1913,180,2093
064278502,1830,143,1973
064278503,1411,93,1504
064278504,1029,73,1102
064278505,1089,65,1154
064278506,1311,74,1385
064278507,1435,124,1559
064278508,786,30,816
064278509,1581,96,1677
064278510,851,32,883
064278511,1339,112,1451
064278512,1383,105,1488
064278513,1623,109,1732
064278601,1224,63,1287
064278602,1046,67,1113
064278603,1175,68,1243
064278604,1171,81,1252
064278605,1029,70,1099
064278606,966,69,1035
064278607,1443,88,1531
064278608,981,59,1040
064278609,1083,68,1151
064278610,986,77,1063
064278611,1135,81,1216
064278612,1021,65,1086
064278613,1303,98,1401
064278614,1294,96,1390
064278701,1109,84,1193
064278702,1090,83,1173
064278703,870,53,923
064278704,1240,102,1342
064278705,1592,90,1682
064278706,958,69,1027
064278707,1144,101,1245
064278708,1490,122,1612
064278709,979,91,1070
064278710,1164,75,1239
064278711,135,11,146
064278712,841,66,907
064278713,1068,63,1131
064278714,970,83,1053
064278715,812,53,865
064278801,1226,88,1314
064278802,1835,101,1936
064278803,1866,125,1991
064278804,1819,143,1962
064278805,2272,153,2425
064278806,928,66,994
064278807,1107,77,1184
064278808,1455,111,1566
064278809,1433,114,1547
064278810,1216,85,1301
064278811,673,41,714
064278812,1031,64,1095
064278813,1323,88,1411
064278901,3320,211,3531
064278902,2210,145,2355
064278903,1984,168,2152
064278904,2043,176,2219
064278905,1825,180,2005
064278906,1747,131,1878
064278907,2087,209,2296
064278908,1804,183,1987
064278909,920,75,995
064278910,1193,119,1312
064278911,1846,124,1970
064278912,1921,166,2087
064278913,1862,170,2032
064278914,1985,236,2221
064279001,1490,76,1566
064279002,1700,130,1830
064279003,780,54,834
064279004,1077,123,1200
064279005,918,82,1000
064279006,1131,90,1221
064279007,891,49,940
064279008,1279,67,1346
064279009,2259,179,2438
064279010,2174,140,2314
064279011,967,66,1033
064279012,901,66,967
064279013,841,62,903
064279014,1202,94,1296
064279101,1930,196,2126
064279102,959,85,1044
064279103,1502,141,1643
064279104,1282,68,1350
064279105,848,65,913
064279106,943,58,1001
064279107,1042,90,1132
064279108,1157,112,1269
064279109,944,98,1042
064279110,639,73,712
064279111,773,65,838
064279112,2029,192,2221
064279113,398,37,435
064279114,356,37,393
064279115,352,34,386
064279116,259,20,279
064279201,1398,194,1592
064279202,1499,139,1638
064279203,855,79,934
064279204,1635,153,1788
064279205,1531,159,1690
064279206,1815,195,2010
064279207,1903,233,2136
064279208,1687,233,1920
064279209,1473,209,1682
064279210,1514,176,1690
064279211,1474,152,1626
064279212,1116,93,1209
064279213,1192,100,1292
064279214,1399,104,1503
064279215,853,74,927
064279216,1239,94,1333
064279217,860,84,944
064279218,763,65,828
064279219,1338,142,1480
064279301,1347,136,1483
064279302,1502,160,1662
064279303,1163,150,1313
064279304,1401,141,1542
064279305,1238,171,1409
064279306,1801,159,1960
064279307,1571,143,1714
064279308,1518,129,1647
064279309,1384,108,1492
064279310,1352,103,1455
064279311,1698,127,1825
064279312,1411,90,1501
064279313,1559,130,1689
064279314,1524,141,1665
064279315,1522,198,1720
064279401,1775,146,1921
064279402,1602,137,1739
064279403,1708,102,1810
064279404,1773,137,1910
064279405,2047,170,2217
064279406,2315,227,2542
064279407,1144,111,1255
064279408,1001,118,1119
064279409,1365,111,1476
064279410,1282,105,1387
064279411,1463,119,1582
064279412,1492,108,1600
064279413,1319,123,1442
064279501,1142,100,1242
064279502,1476,148,1624
064279503,1806,169,1975
064279504,2004,232,2236
064279505,1594,210,1804
064279506,1442,176,1618
064279507,4042,361,4403
064279508,1931,191,2122
064279509,1359,110,1469
064279510,1503,123,1626
064279511,1463,128,1591
064279512,1907,162,2069
064279513,1336,116,1452
064279514,1378,108,1486
064279601,1642,143,1785
064279602,1358,163,1521
064279603,1419,139,1558
064279604,2420,230,2650
064279605,1802,161,1963
064279606,1740,144,1884
064279607,1100,136,1236
064279608,1636,137,1773
064279609,1783,146,1929
064279610,1789,229,2018
064279611,1083,115,1198
064279612,1393,163,1556
064279613,119,13,132
064279614,1548,177,1725
064279615,757,78,835
064279616,442,37,479
064279701,1133,107,1240
064279702,4002,270,4272
064279703,1928,139,2067
064279704,1582,138,1720
064279705,757,55,812
064279706,1812,160,1972
064279707,1607,128,1735
064279708,1383,124,1507
064279709,942,85,1027
064279710,736,84,820
064279711,305,33,338
064279712,480,48,528
064279713,830,77,907
064279714,1240,92,1332
064279715,669,56,725
064279716,516,46,562
064279717,919,98,1017
064279718,597,66,663
064279719,698,58,756
064279720,1170,147,1317
064279721,965,132,1097
064279722,654,76,730
064279723,983,103,1086
064279724,767,70,837
064340101,1588,129,1717
064340102,764,32,796
064340103,720,36,756
064340104,849,23,872
064340105,935,29,964
064340106,982,37,1019
064340107,719,39,758
064340108,799,53,852
064340109,655,28,683
064340110,856,36,892
064340111,832,25,857
064340201,703,29,732
064340202,156,11,167
064340203,770,22,792
064340204,589,34,623
064340205,722,24,746
064340206,744,24,768
064340207,151,9,160
064340208,514,28,542
064340209,136,6,142
064340210,505,26,531
064340211,919,39,958
064340212,779,26,805
064340301,912,45,957
064340302,706,34,740
064340303,1434,49,1483
064340304,844,30,874
064340305,864,34,898
064340306,667,33,700
064340307,879,43,922
064340308,1274,70,1344
064340309,1373,50,1423
064340310,863,39,902
064340401,907,47,954
064340402,773,28,801
064340403,703,25,728
064340404,557,30,587
064340405,619,25,644
064340406,932,38,970
064340407,598,30,628
064340408,374,9,383
064340409,508,20,528
064340410,926,45,971
064340501,1163,51,1214
064340502,1074,80,1154
064340503,700,32,732
064340504,782,30,812
064340505,947,37,984
064340506,693,19,712
064340507,955,51,1006
064340508,830,35,865
064340601,907,29,936
064340602,871,39,910
064340603,991,51,1042
064340604,932,42,974
064340605,747,28,775
064340606,993,45,1038
064340607,907,36,943
064340608,986,43,1029
064340609,1047,79,1126
064340701,720,75,795
064340702,808,44,852
064340703,830,37,867
064340704,613,26,639
064340705,862,83,945
064340706,454,27,481
064340707,3680,201,3881
064340708,478,25,503
064340709,528,26,554
064340710,609,34,643
064340711,472,41,513
064340801,580,24,604
064340802,1256,76,1332
064340803,672,33,705
064340804,976,47,1023
064340805,838,53,891
064340806,1532,95,1627
064340807,737,73,810
064340808,286,32,318
064340809,866,112,978
064340810,1162,150,1312
064340811,1062,109,1171
064340812,1439,146,1585
064340813,1045,80,1125
064340814,644,54,698
064340815,1324,101,1425
064340816,1212,79,1291
064340901,799,57,856
064340902,1166,116,1282
064340903,1181,100,1281
064340904,740,75,815
064340905,721,49,770
064340906,936,84,1020
064340907,898,94,992
064340908,888,64,952
064340909,1032,80,1112
064340910,928,63,991
064340911,749,52,801
064340912,820,57,877
064340913,852,79,931
064340914,1176,105,1281
064340915,1112,50,1162
064340916,1014,63,1077
064340917,688,37,725
064340918,927,70,997
064341001,903,48,951
064341002,459,29,488
064341003,545,28,573
064341004,639,37,676
064341005,642,49,691
064341006,931,61,992
064341007,951,55,1006
064341008,981,42,1023
064341009,1045,56,1101
064341010,1064,63,1127
064341011,1428,84,1512
064341012,946,42,988
064341101,945,56,1001
064341102,1193,67,1260
064341103,733,38,771
064341104,814,57,871
064341105,711,43,754
064341106,754,80,834
064341107,576,34,610
064341108,701,47,748
064341109,772,48,820
064341110,545,32,577
064341111,847,55,902
064341112,1079,65,1144
064341113,1062,56,1118
064341114,717,48,765
064341201,908,50,958
064341202,1027,57,1084
064341203,869,41,910
064341204,979,39,1018
064341205,844,36,880
064341206,1036,45,1081
064341207,1144,66,1210
064341208,808,41,849
064341301,907,38,945
064341302,589,34,623
064341303,746,31,777
064341304,520,14,534
064341305,993,41,1034
064341306,706,32,738
064341307,770,33,803
064341308,974,47,1021
064341309,945,41,986
064341310,928,50,978
064341311,1257,65,1322
064341312,981,44,1025
064341401,740,30,770
064341402,565,25,590
064341403,601,20,621
064341404,768,28,796
064341405,656,24,680
064341406,812,29,841
064341407,895,24,919
064341408,866,27,893
064341501,416,10,426
064341502,610,21,631
064341503,335,12,347
064341504,563,18,581
064341505,585,24,609
064341506,450,19,469
064341507,553,17,570
064341508,540,22,562
064341509,451,15,466
064341510,393,14,407
064341511,369,11,380
064341512,339,10,349
064341513,838,32,870
064341514,636,28,664
064341515,762,20,782
064341601,860,31,891
064341602,732,36,768
064341603,792,24,816
064341604,491,23,514
064341605,448,13,461
064341606,463,25,488
064341607,610,14,624
064341608,510,25,535
064341609,885,32,917
064341610,1136,54,1190
064341611,855,36,891
064341612,1062,48,1110
064341613,1026,34,1060
064341701,700,22,722
064341702,842,31,873
064341703,906,26,932
064341704,777,24,801
064341705,729,29,758
064341706,535,25,560
064341707,409,16,425
064341708,653,34,687
064341709,627,13,640
064341710,307,15,322
064341711,688,31,719
064341801,1092,40,1132
064341802,644,24,668
064341803,1033,54,1087
064341804,561,29,590
064341805,794,30,824
064341806,832,38,870
064341807,416,14,430
064341808,570,23,593
064341809,462,7,469
064341810,335,5,340
064341811,390,9,399
064341812,471,12,483
064341813,746,22,768
064341814,243,7,250
064341901,917,34,951
064341902,958,49,1007
064341903,975,44,1019
064341904,815,31,846
064341905,942,48,990
064341906,898,32,930
064341907,811,29,840
064341908,639,25,664
064341909,710,30,740
064342001,672,24,696
064342002,956,42,998
064342003,1052,50,1102
064342004,521,13,534
064342005,793,29,822
064342006,1109,32,1141
064342007,685,28,713
064342008,892,48,940
064342009,777,25,802
064342010,775,32,807
064342101,917,33,950
064342102,687,21,708
064342103,683,19,702
064342104,535,18,553
064342105,663,41,704
064342106,601,29,630
064342107,552,15,567
064342108,713,30,743
064342109,568,22,590
064342110,525,16,541
064342111,535,35,570
064342112,880,43,923
064342113,896,30,926
064342201,875,71,946
064342202,862,69,931
064342203,562,43,605
064342204,982,46,1028
064342205,752,54,806
064342206,922,45,967
064342207,677,41,718
064342208,988,57,1045
064342209,1164,109,1273
064342210,1387,72,1459
064342211,843,48,891
064342212,845,26,871
064342213,1065,41,1106
064342214,857,51,908
064342301,1046,78,1124
064342302,892,65,957
064342303,1188,83,1271
064342304,1326,87,1413
064342305,1223,84,1307
064342306,1312,89,1401
064342307,548,32,580
064342308,1163,99,1262
064342309,860,70,930
064342310,808,59,867
064342311,1207,103,1310
064342312,844,69,913
064342313,35,5,40
064342314,832,80,912
064342315,947,88,1035
064342401,739,50,789
064342402,550,21,571
064342403,521,12,533
064342404,654,29,683
064342405,701,29,730
064342406,661,26,687
064342407,631,36,667
064342408,1210,73,1283
064342409,778,44,822
064342410,772,25,797
064342501,1195,56,1251
064342502,574,31,605
064342503,490,20,510
064342504,580,29,609
064342505,692,39,731
064342506,833,69,902
064342507,955,77,1032
064342508,961,45,1006
064342509,648,43,691
064342510,777,43,820
064342511,849,48,897
064342512,654,32,686
064342513,807,34,841
064342514,704,39,743
064342515,625,39,664
064342516,954,46,1000
064342517,729,42,771
064342518,606,20,626
064342601,1121,161,1282
064342602,535,74,609
064342603,1083,194,1277
064342604,1205,129,1334
064342605,429,58,487
064342606,434,56,490
064342607,600,66,666
064342608,969,81,1050
064342609,712,87,799
064342610,1147,95,1242
064342611,728,68,796
064342612,715,50,765
064342613,1165,93,1258
064342614,1100,100,1200
064342615,574,55,629
064342616,875,61,936
064342617,952,77,1029
064342618,1162,77,1239
064342619,1210,85,1295
064342701,797,49,846
064342702,878,36,914
064342703,1149,51,1200
064342704,821,31,852
064342705,534,22,556
064342706,947,42,989
064342707,850,49,899
064342708,786,43,829
064342709,1020,53,1073
064342710,1351,81,1432
064342801,1071,64,1135
064342802,1163,86,1249
064342803,1347,86,1433
064342804,907,64,971
064342805,770,48,818
064342806,994,45,1039
064342807,755,39,794
064342808,1423,62,1485
064342809,1192,39,1231
064342810,1086,52,1138
064342811,655,31,686
064342812,694,35,729
064342813,646,29,675
064342814,842,51,893
064342901,944,50,994
064342902,1078,48,1126
064342903,836,37,873
064342904,810,34,844
064342905,759,40,799
064342906,766,15,781
064342907,918,35,953
064342908,807,31,838
064342909,956,47,1003
064342910,564,26,590
064342911,546,22,568
064343001,669,39,708
064343002,596,29,625
064343003,763,24,787
064343004,863,37,900
064343005,845,30,875
064343006,855,29,884
064343007,911,46,957
064343008,612,18,630
064343009,851,24,875
064343101,995,37,1032
064343102,572,16,588
064343103,654,25,679
064343104,574,19,593
064343105,868,38,906
064343106,578,23,601
064343107,419,13,432
064343108,410,12,422
064343109,462,13,475
064343110,374,9,383
064343111,407,13,420
064343112,491,18,509
064343113,604,22,626
064343114,522,22,544
064343115,327,12,339
064343201,902,23,925
064343202,668,20,688
064343203,453,12,465
064343204,299,5,304
064343205,423,9,432
064343206,399,12,411
064343207,796,33,829
064343208,717,24,741
064343209,921,32,953
064343210,875,24,899
064343211,631,31,662
064343212,590,19,609
064343213,692,19,711
064343301,783,35,818
064343302,976,42,1018
064343303,900,45,945
064343304,621,29,650
064343305,823,31,854
064343306,900,46,946
064343307,879,34,913
064343308,630,25,655
064343401,909,42,951
064343402,1031,39,1070
064343403,810,37,847
064343404,643,34,677
064343405,646,23,669
064343406,744,21,765
064343407,767,29,796
064343408,607,29,636
064343409,543,18,561
064343410,999,48,1047
064343411,944,45,989
064343412,1561,87,1648
064343413,1024,59,1083
064343414,1016,88,1104
064343501,997,43,1040
064343502,513,17,530
064343503,502,20,522
064343504,1319,89,1408
064343505,397,23,420
064343506,799,33,832
064343507,764,42,806
064343508,1310,119,1429
064343509,791,33,824
064343510,971,63,1034
064343511,993,56,1049
064343512,520,58,578
064343513,906,52,958
064343601,976,52,1028
064343602,1045,44,1089
064343603,902,43,945
064343604,855,38,893
064343605,785,37,822
064343606,970,45,1015
064343607,657,20,677
064343608,715,20,735
064343701,594,18,612
064343702,714,28,742
064343703,614,19,633
064343704,819,39,858
064343705,860,36,896
064343706,849,39,888
064343707,784,29,813
064343708,607,23,630
064343801,428,18,446
064343802,814,28,842
064343803,761,20,781
064343804,760,68,828
064343805,557,14,571
064343806,826,31,857
064343807,448,21,469
064343808,854,29,883
064343809,670,18,688
064343901,654,27,681
064343902,592,20,612
064343903,727,36,763
064343904,580,19,599
064343905,797,33,830
064343906,724,24,748
064343907,745,46,791
064343908,430,16,446
064343909,790,88,878
064344001,993,40,1033
064344002,938,41,979
064344003,555,26,581
064344004,396,10,406
064344005,541,16,557
064344006,605,29,634
064344007,657,31,688
064344008,890,37,927
064344101,727,24,751
064344102,716,32,748
064344103,992,46,1038
064344104,943,45,988
064344105,863,35,898
064344106,974,61,1035
064344107,520,23,543
064344108,988,38,1026
064344201,1016,81,1097
064344202,967,68,1035
064344203,546,29,575
064344204,809,39,848
064344205,744,40,784
064344206,833,38,871
064344207,728,33,761
064344208,860,79,939
064344301,996,31,1027
064344302,742,33,775
064344303,995,45,1040
064344304,760,34,794
064344305,694,34,728
064344306,797,26,823
064344307,740,38,778
064344308,624,27,651
064344401,497,30,527
064344402,787,41,828
064344403,765,47,812
064344404,545,39,584
064344405,1092,80,1172
064344406,1493,192,1685
064344407,1283,69,1352
064344408,634,37,671
064344409,560,24,584
064344410,765,38,803
064344411,712,29,741
064344412,1048,47,1095
064344501,992,54,1046
064344502,1555,110,1665
064344503,987,84,1071
064344504,988,75,1063
064344505,1137,70,1207
064344506,706,70,776
064344507,1042,100,1142
064344508,1101,98,1199
064344509,795,37,832
064344510,786,38,824
064344511,990,56,1046
064344512,1451,91,1542
064900101,732,53,785
064900102,986,43,1029
064900103,660,32,692
064900104,800,42,842
064900105,892,53,945
064900106,708,36,744
064900107,718,35,753
064900108,758,64,822
064900109,759,68,827
064900110,541,22,563
064900111,822,64,886
064900112,937,82,1019
064900113,498,41,539
064900114,754,65,819
064900201,1528,125,1653
064900202,1751,171,1922
064900203,1210,107,1317
064900204,1012,121,1133
064900205,1183,66,1249
064900206,1228,79,1307
064900207,1529,133,1662
064900208,1766,148,1914
064900209,1451,105,1556
064900210,1213,100,1313
064900301,1072,63,1135
064900302,1229,68,1297
064900303,868,57,925
064900304,406,34,440
064900305,521,52,573
064900306,1283,108,1391
064900307,817,65,882
064900308,729,57,786
064900309,1056,58,1114
064900310,1631,201,1832
064900311,433,34,467
064900312,1013,82,1095
064900313,978,61,1039
064900401,1249,72,1321
064900402,1029,73,1102
064900403,882,109,991
064900404,813,107,920
064900405,1094,120,1214
064900406,1164,107,1271
064900407,1291,133,1424
064900408,1074,138,1212
064900409,722,120,842
064900410,959,88,1047
064900411,1364,108,1472
064900412,739,51,790
064900413,916,55,971
064900414,1553,87,1640
064900501,904,73,977
064900502,1142,98,1240
064900503,756,47,803
064900504,758,37,795
064900505,667,35,702
064900506,948,48,996
064900507,828,45,873
064900508,1281,88,1369
064900509,815,63,878
064900510,1426,88,1514
064900511,974,71,1045
064900512,1347,115,1462
064900513,651,42,693
064900514,1023,65,1088
064900515,1472,111,1583
064900516,1535,125,1660
064900601,705,39,744
064900602,1003,37,1040
064900603,671,28,699
064900604,953,44,997
064900605,607,39,646
064900606,541,32,573
064900607,975,43,1018
064900608,1119,60,1179
064900609,722,36,758
064900610,627,42,669
064900611,724,27,751
064900612,759,32,791
064900613,893,33,926
064900614,1004,63,1067
064900615,916,47,963
064900701,727,43,770
064900702,835,55,890
064900703,1138,65,1203
064900704,802,55,857
064900705,1041,52,1093
064900706,1091,62,1153
064900707,1017,84,1101
064900708,584,26,610
064900709,637,43,680
064900710,895,54,949
064900711,667,51,718
064900712,1007,47,1054
064900713,726,25,751
064900714,746,36,782
064900715,880,68,948
064900801,643,36,679
064900802,638,28,666
064900803,1091,51,1142
064900804,467,17,484
064900805,407,19,426
064900806,547,23,570
064900807,421,18,439
064900808,922,36,958
064900809,989,46,1035
064900901,1011,26,1037
064900902,773,26,799
064900903,566,26,592
064900904,516,25,541
064900905,1040,36,1076
064900906,883,31,914
064900907,693,69,762
064900908,697,34,731
064900909,533,14,547
064901001,636,33,669
064901002,1015,37,1052
064901003,767,37,804
064901004,870,34,904
064901005,1142,38,1180
064901006,506,21,527
064901007,559,29,588
064901008,738,28,766
064901009,751,44,795
064901010,858,38,896
064901011,1005,39,1044
064901012,816,28,844
064901013,892,42,934
064901014,694,14,708
064901015,737,36,773
064901101,408,31,439
064901102,739,23,762
064901103,726,20,746
064901104,795,28,823
064901105,817,23,840
064901106,361,11,372
064901107,349,10,359
064901108,308,10,318
064901109,403,13,416
064901110,439,6,445
064901111,383,11,394
064901112,471,16,487
064901113,739,26,765
064901114,812,42,854
064901115,595,27,622
064901116,854,26,880
064901117,733,15,748
064901118,657,22,679
064901201,704,29,733
064901202,993,25,1018
064901203,846,26,872
064901204,484,18,502
064901205,484,15,499
064901206,891,37,928
064901207,834,45,879
064901208,770,31,801
064901209,831,36,867
064901210,864,39,903
064901301,977,56,1033
064901302,975,35,1010
064901303,858,37,895
064901304,575,23,598
064901305,640,32,672
064901306,1033,62,1095
064901307,634,17,651
064901308,740,32,772
064901309,1154,53,1207
064901310,1147,77,1224
064901311,1107,62,1169
064901312,931,37,968
064901313,887,68,955
064901314,1138,92,1230
064901315,1351,73,1424
064901401,932,46,978
064901402,1006,46,1052
064901403,659,41,700
064901404,730,36,766
064901405,892,48,940
064901406,648,50,698
064901407,733,28,761
064901408,719,44,763
064901409,704,50,754
064901410,1091,67,1158
064901411,1027,59,1086
064901412,1309,111,1420
064901501,981,58,1039
064901502,966,41,1007
064901503,776,52,828
064901504,865,62,927
064901505,966,86,1052
064901506,578,52,630
064901507,756,56,812
064901508,792,60,852
064901509,603,49,652
064901510,927,65,992
064901511,1137,74,1211
064901601,1329,74,1403
064901602,585,23,608
064901603,1081,60,1141
064901604,523,34,557
064901605,1039,73,1112
064901606,740,59,799
064901607,759,34,793
064901608,907,43,950
064901609,1012,57,1069
064901701,1102,70,1172
064901702,1141,119,1260
064901703,841,116,957
064901704,1171,80,1251
064901705,1257,59,1316
064901706,1249,72,1321
064901707,1135,61,1196
064901708,1340,87,1427
064901709,870,60,930
064901801,1094,54,1148
064901802,864,50,914
064901803,979,39,1018
064901804,1104,40,1144
064901805,614,24,638
064901806,666,25,691
064901807,1035,68,1103
064901808,985,52,1037
064901809,1026,49,1075
064901810,923,51,974
064901811,1048,63,1111
064901812,1213,64,1277
064901813,1290,78,1368
064901814,1309,69,1378
064901815,1505,71,1576
064901816,934,58,992
064901901,894,45,939
064901902,784,27,811
064901903,664,17,681
064901904,568,35,603
064901905,712,34,746
064901906,746,36,782
064901907,997,44,1041
064901908,696,34,730
064901909,444,13,457
064901910,901,42,943
064901911,647,28,675
064901912,537,23,560
064902001,837,36,873
064902002,789,29,818
064902003,1009,36,1045
064902004,591,27,618
064902005,760,28,788
064902006,817,29,846
064902007,1025,37,1062
064902008,641,31,672
064902009,599,30,629
064902101,980,28,1008
064902102,921,43,964
064902103,921,43,964
064902104,677,26,703
064902105,814,32,846
064902106,766,37,803
064902107,733,29,762
064902108,334,13,347
064902109,528,18,546
064902110,770,22,792
064902201,711,29,740
064902202,564,16,580
064902203,532,7,539
064902204,332,5,337
064902205,425,14,439
064902206,437,11,448
064902207,303,4,307
064902208,200,6,206
064902209,567,25,592
064902210,700,16,716
064902211,447,18,465
064902212,88,1,89
064902301,769,27,796
064902302,586,27,613
064902303,752,28,780
064902304,713,20,733
064902305,880,30,910
064902306,774,25,799
064902307,563,28,591
064902308,203,3,206
064902309,540,12,552
064902310,435,17,452
064902311,422,12,434
064902312,401,10,411
064902313,368,15,383
064902401,692,30,722
064902402,795,28,823
064902403,561,25,586
064902404,781,20,801
064902405,670,22,692
064902406,668,18,686
064902407,459,12,471
064902408,325,5,330
064902409,283,6,289
064902410,473,12,485
064902411,342,5,347
064902501,899,35,934
064902502,730,33,763
064902503,712,36,748
064902504,678,28,706
064902505,615,38,653
064902506,774,32,806
064902507,757,26,783
064902508,966,37,1003
064902601,820,34,854
064902602,688,26,714
064902603,872,25,897
064902604,423,9,432
064902605,591,23,614
064902606,855,33,888
064902607,1040,53,1093
064902608,652,26,678
064902609,405,19,424
064902610,1009,42,1051
064902611,717,36,753
064902612,750,37,787
064902613,791,37,828
064902701,779,44,823
064902702,1245,47,1292
064902703,862,42,904
064902704,663,32,695
064902705,1223,63,1286
064902706,938,36,974
064902707,835,34,869
064902708,853,50,903
064902709,813,48,861
064902710,1293,68,1361
064902711,1401,59,1460
064902712,1219,71,1290
064902713,529,32,561
064902801,906,41,947
064902802,636,28,664
064902803,1052,38,1090
064902804,1294,87,1381
064902805,832,42,874
064902806,1126,32,1158
064902807,633,33,666
064902808,550,26,576
064902809,545,23,568
064902810,1194,74,1268
064902811,775,28,803
064902901,1208,81,1289
064902902,1410,83,1493
064902903,1000,69,1069
064902904,1145,81,1226
064902905,1081,82,1163
064902906,1362,150,1512
064902907,1315,85,1400
064902908,1317,143,1460
064902909,1257,79,1336
064902910,1073,61,1134
064902911,1320,67,1387
064903001,842,54,896
064903002,1692,164,1856
064903003,896,54,950
064903004,863,54,917
064903005,1408,66,1474
064903006,969,65,1034
064903007,873,41,914
064903008,922,55,977
064903009,915,38,953
064903010,1035,47,1082
064903101,775,71,846
064903102,909,68,977
064903103,1309,117,1426
064903104,1293,118,1411
064903105,1084,114,1198
064903106,1241,127,1368
064903107,1156,111,1267
064903108,1372,110,1482
064903109,993,76,1069
064903110,836,48,884
064903201,1554,127,1681
064903202,1491,104,1595
064903203,1291,98,1389
064903204,1027,109,1136
064903205,884,72,956
064903206,1634,174,1808
064903207,1088,88,1176
064903208,1395,115,1510
064903209,774,60,834
064903210,1039,75,1114
064903301,725,52,777
064903302,963,87,1050
064903303,1357,131,1488
064903304,1000,80,1080
064903305,1513,129,1642
064903306,1074,97,1171
064903307,783,71,854
064903308,960,108,1068
064903309,1211,123,1334
064903310,1272,77,1349
064903401,1858,210,2068
064903402,1333,116,1449
064903403,1005,89,1094
064903404,1181,126,1307
064903405,1388,123,1511
064903406,952,64,1016
064903407,938,72,1010
064903408,808,53,861
064903409,900,90,990
064903410,1156,119,1275
064903411,1188,120,1308
064903412,1118,101,1219
064903413,1261,132,1393
064903414,1189,131,1320
064903415,811,59,870
064903501,787,61,848
064903502,811,53,864
064903503,1120,149,1269
064903504,1125,146,1271
064903505,993,151,1144
064903506,1302,166,1468
064903507,892,177,1069
064903508,1500,127,1627
064903509,829,64,893
064903510,1032,93,1125
064903511,859,84,943
064903512,864,86,950
064903513,1626,123,1749
064903514,1323,120,1443
064903515,805,44,849
064903516,640,52,692
064903517,1028,76,1104
064903518,1189,76,1265
064903601,1434,109,1543
064903602,1442,144,1586
064903603,908,61,969
064903604,1148,98,1246
064903605,959,60,1019
064903606,1118,93,1211
064903607,1010,87,1097
064903608,952,70,1022
064903609,914,72,986
064903610,1366,87,1453
064903611,1001,73,1074
064903612,1041,103,1144
064903701,1121,94,1215
064903702,895,64,959
064903703,713,61,774
064903704,804,56,860
064903705,908,87,995
064903706,1108,63,1171
064903707,857,74,931
064903708,682,53,735
064903709,1730,136,1866
064903710,1234,101,1335
064903711,1680,124,1804
064903712,1108,71,1179
064903713,1477,114,1591
064903714,1390,114,1504
064903801,676,62,738
064903802,1172,94,1266
064903803,591,84,675
064903804,757,60,817
064903805,1309,134,1443
064903806,1048,116,1164
064903807,1155,121,1276
064903808,1653,135,1788
064903809,964,81,1045
064903810,928,80,1008
064903811,1181,101,1282
064903812,856,61,917
064903813,707,41,748
064903814,793,42,835
064903815,623,36,659
064903816,1641,142,1783
064903817,1721,149,1870
064903901,948,135,1083
064903902,605,63,668
064903903,2696,350,3046
064903904,1531,187,1718
064903905,1525,171,1696
064903906,1424,133,1557
064903907,637,69,706
064903908,933,115,1048
064903909,1135,110,1245
064903910,905,76,981
064903911,1500,146,1646
064903912,973,96,1069
064903913,764,60,824
064903914,1247,129,1376
064903915,1969,223,2192
064903916,1144,113,1257
064904001,775,120,895
064904002,843,85,928
064904003,1071,117,1188
064904004,1556,160,1716
064904005,940,83,1023
064904006,2064,183,2247
064904007,1347,129,1476
064904008,1468,152,1620
064904009,1752,268,2020
064904010,1355,144,1499
064904011,1085,92,1177
064904012,1961,207,2168
064904013,1492,216,1708
064904101,36,3,39
064904102,97,11,108
064904201,764,25,789
064904202,891,40,931
064904203,831,37,868
064904204,854,33,887
064904205,722,29,751
064904206,882,50,932
064904207,999,42,1041
064904208,771,30,801
064904301,35,3,38
064904302,586,21,607
064904303,759,29,788
064904304,1013,37,1050
064904305,5,0,5
064904306,893,74,967
064904307,810,78,888
064904308,691,51,742
064904309,1293,97,1390
064904310,1010,36,1046
064904311,557,22,579
064904312,802,47,849
064904313,835,41,876
064904314,618,31,649
064904401,760,25,785
064904402,950,48,998
064904403,824,37,861
064904404,1119,74,1193
064904405,1270,82,1352
064904406,1165,65,1230
064904407,972,42,1014
064904408,993,57,1050
064904409,1403,100,1503
064904410,777,32,809
064904411,763,27,790
064904412,831,48,879
064904413,939,72,1011
064904501,789,44,833
064904502,1026,69,1095
064904503,1040,64,1104
064904504,1149,67,1216
064904505,1080,48,1128
064904506,1002,44,1046
064904507,477,18,495
064904508,622,27,649
064904601,762,28,790
064904602,609,17,626
064904603,730,33,763
064904604,738,40,778
064904605,297,6,303
064904606,448,17,465
064904607,801,29,830
064904608,699,30,729
064904609,787,28,815
064904610,532,430,962
064904611,1011,48,1059
064904612,700,50,750
064904701,432,15,447
064904702,796,25,821
064904703,548,22,570
064904704,563,25,588
064904705,752,39,791
064904706,643,19,662
064904707,903,40,943
064904708,804,27,831
064904709,620,31,651
064904710,690,29,719
064904711,790,43,833
064904712,749,26,775
064904713,749,46,795
064904801,768,27,795
064904802,756,25,781
064904803,704,20,724
064904804,849,41,890
064904805,445,21,466
064904806,420,13,433
064904807,737,30,767
064904808,808,31,839
064904809,485,17,502
064904810,664,18,682
064904811,653,32,685
064904901,688,27,715
064904902,952,42,994
064904903,621,26,647
064904904,979,28,1007
064904905,669,27,696
064904906,956,43,999
064904907,754,34,788
064904908,471,26,497
064904909,542,34,576
064904910,830,27,857
064904911,766,37,803
064905001,904,27,931
064905002,1028,44,1072
064905003,713,36,749
064905004,321,16,337
064905005,720,18,738
064905006,1010,38,1048
064905007,896,37,933
064905008,824,35,859
064905009,552,28,580
064905010,1115,100,1215
064905011,650,32,682
064905101,683,39,722
064905102,822,33,855
064905103,627,30,657
064905104,544,29,573
064905105,1200,47,1247
064905106,933,62,995
064905107,1061,52,1113
064905108,965,35,1000
064905109,754,24,778
064905110,492,22,514
064905111,436,10,446
065150101,585,52,637
065150102,2,0,2
065150103,1608,145,1753
065150104,1487,101,1588
065150105,1562,143,1705
065150106,1212,90,1302
065150107,822,55,877
065150108,1698,182,1880
065150109,900,86,986
065150110,1453,171,1624
065150111,1484,167,1651
065150112,1749,133,1882
065150113,1966,163,2129
065150201,240,16,256
065150202,996,53,1049
065150203,504,46,550
065150204,96,8,104
065150205,642,41,683
065150206,563,22,585
065150207,1306,115,1421
065150208,1101,135,1236
065150209,1143,73,1216
065150210,1688,142,1830
065150211,1121,86,1207
065150212,1010,78,1088
065150213,735,110,845
065150214,1501,158,1659
065150215,1268,119,1387
065150216,1000,110,1110
065150301,1172,109,1281
065150302,1276,118,1394
065150303,1267,123,1390
065150304,1146,94,1240
065150305,753,53,806
065150306,989,85,1074
065150307,990,92,1082
065150308,781,54,835
065150309,869,66,935
065150310,956,71,1027
065150311,814,60,874
065150312,1009,55,1064
065150313,691,37,728
065150314,863,39,902
065150401,1077,68,1145
065150402,960,80,1040
065150403,1157,84,1241
065150404,659,37,696
065150405,879,55,934
065150406,1369,125,1494
065150407,997,82,1079
065150408,1223,103,1326
065150409,1023,90,1113
065150410,923,76,999
065150411,684,60,744
065150501,815,70,885
065150502,793,54,847
065150503,1561,82,1643
065150504,1431,117,1548
065150505,866,42,908
065150506,1095,67,1162
065150507,1013,66,1079
065150508,686,29,715
065150509,1062,64,1126
065150510,289,22,311
065150511,1575,55,1630
065150512,1315,101,1416
065150601,867,69,936
065150602,998,67,1065
065150603,774,53,827
065150604,912,53,965
065150605,596,28,624
065150606,1122,53,1175
065150607,1173,58,1231
065150608,861,46,907
065150609,1338,90,1428
065150610,817,65,882
065150611,652,38,690
065150612,697,28,725
065150613,565,31,596
065150614,925,43,968
065150615,649,45,694
065150616,854,50,904
065150701,1635,174,1809
065150702,1036,87,1123
065150703,970,72,1042
065150704,1802,182,1984
065150705,947,53,1000
065150706,1044,75,1119
065150707,1107,80,1187
065150708,1329,101,1430
065150709,1457,108,1565
065150710,844,62,906
065150711,586,44,630
065150712,1434,112,1546
065150713,796,45,841
065150714,832,53,885
065150801,1267,96,1363
065150802,955,39,994
065150803,972,78,1050
065150804,802,43,845
065150805,744,40,784
065150806,777,61,838
065150807,1043,71,1114
065150808,1063,57,1120
065150809,1152,72,1224
065150810,1085,72,1157
065150811,1156,81,1237
065150812,931,47,978
065150901,765,36,801
065150902,1212,64,1276
065150903,843,67,910
065150904,722,41,763
065150905,1276,79,1355
065150906,973,50,1023
065150907,695,34,729
065150908,777,60,837
065150909,1243,57,1300
065150910,1382,75,1457
065150911,877,56,933
065150912,1005,64,1069
065150913,1363,103,1466
065150914,1160,90,1250
065151001,995,49,1044
065151002,1513,107,1620
065151003,1236,65,1301
065151004,735,30,765
065151005,826,22,848
065151006,1079,69,1148
065151007,262,17,279
065151008,1254,74,1328
065151009,1054,89,1143
065151010,687,50,737
065151011,737,57,794
065151012,526,40,566
065151013,943,62,1005
065151014,1057,68,1125
065151015,835,44,879
065151101,1015,44,1059
065151102,1218,48,1266
065151103,1155,73,1228
065151104,697,47,744
065151105,644,43,687
065151106,736,34,770
065151107,718,41,759
065151108,832,63,895
065151109,1133,80,1213
065151110,1210,70,1280
065151111,788,56,844
065151112,804,54,858
065151113,963,65,1028
065151201,813,50,863
065151202,820,58,878
065151203,1029,96,1125
065151204,786,68,854
065151205,1035,69,1104
065151206,870,53,923
065151207,1459,98,1557
065151208,796,53,849
065151209,1346,103,1449
065151210,891,79,970
065151211,1117,72,1189
065151212,1040,72,1112
065151213,937,81,1018
065151214,908,68,976
065151215,861,61,922
065151216,929,65,994
065151217,744,26,770
065151301,1016,64,1080
065151302,1045,90,1135
065151303,855,72,927
065151304,967,65,1032
065151305,1304,65,1369
065151306,1390,92,1482
065151307,726,34,760
065151308,847,46,893
065151309,1326,86,1412
065151310,1158,71,1229
065151311,1277,66,1343
065151312,1223,75,1298
065151313,910,50,960
065151314,836,75,911
065151401,1044,97,1141
065151402,913,70,983
065151403,1170,141,1311
065151404,1727,146,1873
065151405,574,57,631
065151406,964,70,1034
065151407,762,85,847
065151408,1573,110,1683
065151409,776,65,841
065151410,1193,87,1280
065151411,976,48,1024
065151501,1213,64,1277
065151502,892,49,941
065151503,1199,118,1317
065151504,1170,80,1250
065151505,1306,99,1405
065151506,1260,91,1351
065151507,1285,101,1386
065151508,1256,123,1379
065151509,1104,77,1181
065151510,1267,109,1376
065151511,1291,91,1382
065151512,1024,56,1080
065151513,1229,72,1301
065151601,797,39,836
065151602,940,54,994
065151603,757,46,803
065151604,664,35,699
065151605,687,31,718
065151606,930,93,1023
065151607,1149,87,1236
065151608,1247,74,1321
065151609,816,42,858
065151701,1115,81,1196
065151702,1113,70,1183
065151703,523,32,555
065151704,555,19,574
065151705,574,41,615
065151706,1353,127,1480
065151707,971,65,1036
065151708,438,36,474
065151709,285,13,298
065151710,1062,102,1164
065151801,1542,157,1699
065151802,973,79,1052
065151803,1326,123,1449
065151804,1338,158,1496
065151805,1109,107,1216
065151806,1287,135,1422
065151807,1196,136,1332
065151808,980,95,1075
065151809,724,60,784
065151810,1018,84,1102
065151811,1002,84,1086
065151812,1321,107,1428
065151813,1069,131,1200
065151901,1463,118,1581
065151902,1003,77,1080
065151903,1391,140,1531
065151904,1439,133,1572
065151905,1020,118,1138
065151906,839,57,896
065151907,1696,118,1814
065151908,1322,111,1433
065151909,1123,89,1212
065151910,1452,126,1578
065151911,1634,112,1746
065151912,835,57,892
065151913,526,30,556
065151914,804,45,849
065152001,1537,101,1638
065152002,854,58,912
065152003,1027,110,1137
065152004,877,61,938
065152005,922,69,991
065152006,714,40,754
065152007,777,56,833
065152008,1062,90,1152
065152009,1133,87,1220
065152010,1458,99,1557
065152011,689,42,731
065152012,730,52,782
065152013,1295,101,1396
065152014,1596,152,1748
065152015,1303,81,1384
065152101,391,18,409
065152102,530,27,557
065152103,615,28,643
065152104,747,54,801
065152105,829,50,879
065152106,833,33,866
065152107,641,44,685
065152108,916,64,980
065152109,1139,73,1212
065152110,1108,47,1155
065152111,897,45,942
065152112,892,103,995
065152113,892,102,994
065152114,701,38,739
065152115,660,40,700
065390101,1278,131,1409
065390102,1076,63,1139
065390103,891,66,957
065390104,957,51,1008
065390105,1208,81,1289
065390106,1418,116,1534
065390107,1118,113,1231
065390108,1094,90,1184
065390109,821,50,871
065390110,818,54,872
065390111,1103,78,1181
065390112,852,47,899
065390113,835,44,879
065390114,1053,47,1100
065390201,692,26,718
065390202,709,45,754
065390203,887,75,962
065390204,1324,54,1378
065390205,773,47,820
065390206,1177,56,1233
065390207,1125,51,1176
065390208,1150,50,1200
065390209,559,23,582
065390210,686,36,722
065390211,848,44,892
065390212,693,39,732
065390213,715,37,752
065390214,633,31,664
065390301,898,55,953
065390302,878,61,939
065390303,850,34,884
065390304,1137,113,1250
065390305,855,64,919
065390306,676,27,703
065390307,866,29,895
065390308,493,25,518
065390309,760,26,786
065390310,1219,53,1272
065390311,1099,42,1141
065390401,1375,34,1409
065390402,1260,46,1306
065390403,1093,48,1141
065390404,1417,64,1481
065390405,911,52,963
065390406,1328,54,1382
065390407,424,12,436
065390408,996,37,1033
065390409,1189,48,1237
065390410,703,27,730
065390411,874,30,904
065390412,820,27,847
065390413,612,29,641
065390414,461,20,481
065390501,757,37,794
065390502,1143,59,1202
065390503,1201,57,1258
065390504,1007,53,1060
065390505,760,34,794
065390506,775,40,815
065390507,1147,45,1192
065390508,924,44,968
065390509,1141,47,1188
065390601,1223,56,1279
065390602,764,41,805
065390603,762,38,800
065390604,853,59,912
065390605,690,37,727
065390606,1310,73,1383
065390607,1423,116,1539
065390608,1099,81,1180
065390609,824,50,874
065390701,1150,34,1184
065390702,1043,60,1103
065390703,1248,65,1313
065390704,1636,99,1735
065390705,1091,86,1177
065390706,1107,78,1185
065390707,626,52,678
065390708,927,45,972
065390709,1224,53,1277
065390801,698,31,729
065390802,831,57,888
065390803,1136,70,1206
065390804,808,56,864
065390805,1370,112,1482
065390806,924,73,997
065390807,946,64,1010
065390808,1793,150,1943
065390809,1209,97,1306
065390810,971,70,1041
065390811,883,67,950
065390812,2676,200,2876
065390813,1103,90,1193
065390814,956,48,1004
065390815,1029,64,1093
065390901,116,10,126
065390902,502,57,559
065390903,1050,88,1138
065390904,1224,114,1338
065390905,1271,97,1368
065390906,1541,131,1672
065390907,1880,155,2035
065390908,1467,124,1591
065390909,295,26,321
065390910,1387,88,1475
065390911,803,67,870
065390912,1235,116,1351
065391001,1213,118,1331
065391002,1319,104,1423
065391003,1277,117,1394
065391004,976,96,1072
065391005,635,45,680
065391006,828,58,886
065391007,2389,282,2671
065391008,1806,183,1989
065391009,1491,144,1635
065391010,1630,116,1746
065391011,1478,127,1605
065391012,1641,129,1770
065391013,1451,110,1561
065391014,1330,77,1407
065391015,1044,72,1116
065391016,1546,137,1683
065391017,370,52,422
065391101,912,41,953
065391102,1258,99,1357
065391103,907,70,977
065391104,1083,82,1165
065391105,917,101,1018
065391106,809,58,867
065391107,1634,95,1729
065391108,1685,119,1804
065391109,1160,93,1253
065391110,1247,115,1362
065391111,1161,98,1259
065391112,775,48,823
065391113,1053,81,1134
065391114,1429,135,1564
065391115,1243,127,1370
065391116,1268,122,1390
065391201,1170,88,1258
065391202,915,53,968
065391203,1149,77,1226
065391204,1606,163,1769
065391205,1002,81,1083
065391206,973,86,1059
065391207,1003,68,1071
065391208,1254,117,1371
065391209,1216,144,1360
065391210,1121,86,1207
065391211,947,60,1007
065391212,1267,91,1358
065391213,1078,78,1156
065391214,1086,84,1170
065391215,904,68,972
065391301,1497,98,1595
065391302,884,71,955
065391303,922,61,983
065391304,1236,130,1366
065391305,961,47,1008
065391306,1117,67,1184
065391307,953,68,1021
065391308,979,56,1035
065391309,786,70,856
065391401,892,40,932
065391402,589,28,617
065391403,745,50,795
065391404,660,34,694
065391405,660,40,700
065391406,1262,70,1332
065391407,1590,91,1681
065391408,1092,79,1171
065391409,1479,100,1579
065391410,739,41,780
065391411,774,39,813
065391412,920,59,979
065391413,901,72,973
065391414,858,62,920
065391415,847,57,904
065391416,839,48,887
065391501,558,26,584
065391502,627,29,656
065391503,473,23,496
065391504,1269,93,1362
065391505,421,13,434
065391506,568,18,586
065391507,757,31,788
065391508,648,16,664
065391509,659,27,686
065391510,537,28,565
065391511,863,31,894
065391601,695,36,731
065391602,1247,58,1305
065391603,516,23,539
065391604,472,29,501
065391605,470,13,483
065391606,644,13,657
065391607,1057,40,1097
065391608,625,30,655
065391609,607,43,650
065391610,815,33,848
065391611,860,26,886
065391701,1058,89,1147
065391702,1018,72,1090
065391703,985,46,1031
065391704,979,72,1051
065391705,1091,70,1161
065391706,873,69,942
065391707,775,76,851
065391708,743,40,783
065391709,484,14,498
065391710,857,43,900
065391711,696,39,735
065391712,669,29,698
065391713,752,28,780
065391714,694,28,722
065391715,603,31,634
065391716,428,23,451
065391717,606,30,636
065391801,1295,103,1398
065391802,1106,59,1165
065391803,1367,78,1445
065391804,880,39,919
065391805,1192,79,1271
065391806,1282,99,1381
065391807,1344,127,1471
065391808,1275,113,1388
065391809,1221,92,1313
065391901,969,54,1023
065391902,1073,77,1150
065391903,959,68,1027
065391904,909,54,963
065391905,1066,80,1146
065391906,880,81,961
065391907,967,55,1022
065391908,882,57,939
065391909,918,54,972
065392001,741,31,772
065392002,204,4,208
065392003,868,48,916
065392004,915,57,972
065392005,972,58,1030
065392006,1157,101,1258
065392007,602,27,629
065392008,1416,97,1513
065392009,1422,138,1560
065392010,1506,166,1672
065392011,1265,100,1365
065392012,1402,122,1524
065392013,844,69,913
065392014,877,81,958
065392101,791,38,829
065392102,680,42,722
065392103,1182,62,1244
065392104,1315,51,1366
065392105,759,48,807
065392106,746,34,780
065392107,809,33,842
065392108,704,41,745
065392201,1446,95,1541
065392202,1588,98,1686
065392203,1357,90,1447
065392204,1047,55,1102
065392205,1246,80,1326
065392206,1281,78,1359
065392207,1443,84,1527
065392208,1492,80,1572
065392301,903,48,951
065392302,1172,88,1260
065392303,1017,83,1100
065392304,965,67,1032
065392305,1395,94,1489
065392306,1272,83,1355
065392307,986,62,1048
065392308,1124,100,1224
065392309,1221,102,1323
065392310,1106,87,1193
065392311,1175,106,1281
065392312,1496,131,1627
065392313,1237,145,1382
065392314,1112,84,1196
065392401,1484,95,1579
065392402,894,61,955
065392403,778,55,833
065392404,1370,101,1471
065392405,978,72,1050
065392406,860,66,926
065392407,877,59,936
065392408,781,44,825
065392409,804,64,868
065392410,781,62,843
065392411,949,79,1028
065392412,882,52,934
065392413,955,71,1026
065392414,1463,122,1585
065392415,1593,144,1737
065392501,1470,73,1543
065392502,1151,92,1243
065392503,1583,110,1693
065392504,778,44,822
065392505,916,61,977
065392506,904,59,963
065392507,1057,77,1134
065392508,1264,91,1355
065392509,1540,114,1654
065392510,1213,81,1294
065392511,824,71,895
065392512,806,52,858
065392601,1349,101,1450
065392602,1531,107,1638
065392603,963,91,1054
065392604,972,92,1064
065392605,1189,89,1278
065392606,1159,91,1250
065392607,1573,161,1734
065392608,1300,102,1402
065392609,1200,108,1308
065392610,1142,76,1218
065392611,941,64,1005
065392612,1307,101,1408
065392613,696,59,755
065392614,859,91,950
065392701,1455,147,1602
065392702,1263,151,1414
065392703,1360,115,1475
065392704,1109,74,1183
065392705,1038,77,1115
065392706,1387,101,1488
065392707,1183,92,1275
065392708,1305,81,1386
065392709,1208,97,1305
065392710,1040,73,1113
065392711,1282,112,1394
065392712,1387,141,1528
065392801,895,96,991
065392802,1037,103,1140
065392803,1019,82,1101
065392804,1386,128,1514
065392805,1242,97,1339
065392806,1530,145,1675
065392807,1204,109,1313
065392808,1415,107,1522
065392809,987,75,1062
065392810,1369,116,1485
065392811,1318,106,1424
065392812,909,70,979
065392901,126,16,142
065392902,224,19,243
065392903,272,22,294
065392904,246,24,270
065392905,304,52,356
065392906,449,43,492
065392907,435,39,474
065392908,330,34,364
065392909,438,47,485
065392910,119,27,146
065392911,623,96,719
065392912,258,38,296
065392913,189,13,202
065392914,837,66,903
065392915,503,55,558
065392916,1238,150,1388
065392917,61,3,64
065392918,887,105,992
065392919,675,88,763
065392920,1472,149,1621
065392921,1195,126,1321
065392922,1128,83,1211
065392923,912,54,966
065392924,1433,126,1559
065392925,984,87,1071
065393001,1396,158,1554
065393002,1427,128,1555
065393003,974,68,1042
065393004,1313,109,1422
065393005,1016,112,1128
065393006,811,124,935
065393007,644,71,715
065393008,799,69,868
065393009,1120,99,1219
065393010,977,74,1051
065393011,1028,72,1100
065393012,958,90,1048
065393013,1219,97,1316
065393014,1619,181,1800
065393015,911,57,968
065393016,1050,64,1114
065393101,1195,98,1293
065393102,1351,121,1472
065393103,1253,131,1384
065393104,1555,154,1709
065393105,983,78,1061
065393106,1375,138,1513
065393107,1545,156,1701
065393108,951,86,1037
065393109,1150,131,1281
065393110,1277,117,1394
065393111,1240,94,1334
065393112,1087,72,1159
065393113,1120,83,1203
065393114,804,62,866
065393115,1009,101,1110
065393116,1292,99,1391
065393117,1160,80,1240
065393201,1345,138,1483
065393202,1326,129,1455
065393203,1541,150,1691
065393204,1047,107,1154
065393205,1389,158,1547
065393206,1331,165,1496
065393207,1275,172,1447
065393208,1234,165,1399
065393209,771,48,819
065393210,866,66,932
065393211,1374,154,1528
065393212,134,11,145
065393213,780,99,879
065393214,840,93,933
065393215,1505,120,1625
065393301,1018,65,1083
065393302,912,79,991
065393303,1000,76,1076
065393304,758,82,840
065393305,619,71,690
065393306,982,104,1086
065393307,1340,120,1460
065393308,1423,98,1521
065393309,1494,184,1678
065393310,1030,103,1133
065393311,528,60,588
065393312,1012,74,1086
065393313,1203,78,1281
065393314,610,47,657
065393315,537,60,597
065393316,33,6,39
065393401,1036,92,1128
065393402,1242,128,1370
065393403,1114,132,1246
065393404,1094,89,1183
065393405,1187,136,1323
065393406,1126,117,1243
065393407,1299,95,1394
065393408,1316,104,1420
065393409,1370,134,1504
065393410,1045,96,1141
065393411,1014,97,1111
065393412,1021,82,1103
065393413,1131,66,1197
065393414,1369,107,1476
065393415,856,90,946
065393416,134,13,147
065393417,957,80,1037
065393418,696,48,744
065600101,1285,136,1421
065600102,1298,124,1422
065600103,1275,119,1394
065600104,1137,117,1254
065600105,1710,165,1875
065600106,923,99,1022
065600107,885,92,977
065600108,1304,104,1408
065600109,1212,133,1345
065600110,1061,98,1159
065600111,1118,103,1221
065600112,1007,86,1093
065600113,1016,79,1095
065600114,1722,206,1928
065600115,835,106,941
065600201,1359,112,1471
065600202,1409,109,1518
065600203,1331,113,1444
065600204,1616,144,1760
065600205,1222,114,1336
065600206,1477,179,1656
065600207,1301,94,1395
065600208,1302,116,1418
065600209,1437,127,1564
065600210,1411,107,1518
065600211,2725,325,3050
065600212,1027,122,1149
065600213,1111,117,1228
065600214,1223,123,1346
065600215,1357,136,1493
065600216,1857,212,2069
065600301,3628,378,4006
065600302,1625,134,1759
065600303,1020,83,1103
065600304,932,76,1008
065600305,934,76,1010
065600306,960,68,1028
065600307,1708,158,1866
065600308,1122,165,1287
065600309,1437,144,1581
065600310,1248,122,1370
065600311,1210,82,1292
065600312,1064,72,1136
065600313,623,34,657
065600314,785,68,853
065600315,1206,123,1329
065600316,248,34,282
065600401,960,102,1062
065600402,887,50,937
065600403,1697,113,1810
065600404,1571,125,1696
065600405,1191,108,1299
065600406,781,77,858
065600407,887,43,930
065600408,680,95,775
065600409,1163,97,1260
065600410,1223,95,1318
065600411,1001,87,1088
065600412,956,75,1031
065600413,832,54,886
065600414,806,49,855
065600415,804,49,853
065600416,871,64,935
065600417,1274,53,1327
065600418,843,46,889
065600419,1326,125,1451
065600420,1247,85,1332
065600501,652,43,695
065600502,1199,87,1286
065600503,607,59,666
065600504,1173,93,1266
065600505,284,15,299
065600506,190,12,202
065600507,1113,85,1198
065600508,274,23,297
065600509,270,14,284
065600510,1272,66,1338
065600511,1012,59,1071
065600512,935,73,1008
065600513,1374,118,1492
065600514,1181,80,1261
065600515,888,82,970
065600601,1166,70,1236
065600602,1440,106,1546
065600603,1379,100,1479
065600604,857,56,913
065600605,2287,162,2449
065600606,1421,100,1521
065600607,4107,264,4371
065600608,1280,72,1352
065600609,1377,82,1459
065600610,1082,84,1166
065600611,1249,89,1338
065600612,1240,104,1344
065600613,794,48,842
065600614,682,55,737
065600615,816,61,877
065600616,1144,110,1254
065600617,1145,132,1277
065600618,933,67,1000
065600701,733,58,791
065600702,1034,66,1100
065600703,1048,63,1111
065600704,871,57,928
065600705,1209,82,1291
065600706,1482,133,1615
065600707,771,55,826
065600708,329,35,364
065600709,737,64,801
065600710,667,54,721
065600711,626,48,674
065600712,653,49,702
065600713,1270,104,1374
065600714,1461,116,1577
065600715,1320,119,1439
065600716,1640,136,1776
065600717,1320,110,1430
065600718,978,86,1064
065600801,1017,70,1087
065600802,985,70,1055
065600803,930,73,1003
065600804,882,43,925
065600805,904,46,950
065600806,964,66,1030
065600807,1250,98,1348
065600808,1238,113,1351
065600809,804,52,856
065600810,857,56,913
065600811,847,53,900
065600812,706,55,761
065600901,684,87,771
065600902,310,32,342
065600903,176,22,198
065600904,450,55,505
065600905,353,48,401
065600906,338,39,377
065600907,445,42,487
065600908,275,30,305
065600909,331,38,369
065600910,165,16,181
065600911,155,23,178
065600912,285,31,316
065601001,486,17,503
065601002,822,54,876
065601003,942,53,995
065601004,1230,76,1306
065601005,1241,92,1333
065601006,1256,92,1348
065601007,1473,127,1600
065601008,1115,74,1189
065601009,1130,93,1223
065601010,1271,103,1374
065601011,1129,94,1223
065601012,1105,66,1171
065601013,999,68,1067
065601101,916,67,983
065601102,1193,72,1265
065601103,730,48,778
065601104,804,63,867
065601105,796,74,870
065601106,855,88,943
065601107,1305,100,1405
065601108,1284,104,1388
065601109,1241,118,1359
065601110,1371,116,1487
065601111,1389,113,1502
065601112,1213,78,1291
065601113,1315,76,1391
065601114,1041,85,1126
065601115,982,71,1053
065601116,660,63,723
065601117,766,45,811
065601201,1128,92,1220
065601202,1044,102,1146
065601203,1411,152,1563
065601204,704,52,756
065601205,1037,70,1107
065601206,813,46,859
065601207,875,54,929
065601208,808,57,865
065601209,1490,89,1579
065601210,864,71,935
065601211,690,36,726
065601212,892,51,943
065601213,894,48,942
065601214,1270,80,1350
065601215,753,39,792
065601216,693,39,732
065601301,1110,108,1218
065601302,1290,111,1401
065601303,1644,139,1783
065601304,992,80,1072
065601305,1275,102,1377
065601306,902,59,961
065601307,1452,131,1583
065601308,1084,62,1146
065601309,985,61,1046
065601310,1514,139,1653
065601311,1549,109,1658
065601401,1660,200,1860
065601402,1376,129,1505
065601403,1041,99,1140
065601404,1176,106,1282
065601405,1352,183,1535
065601406,1413,146,1559
065601407,906,107,1013
065601408,1689,191,1880
065601409,832,80,912
065601410,842,81,923
065601411,989,93,1082
065601412,1240,96,1336
065601413,1140,63,1203
065601414,1161,93,1254
065601501,972,69,1041
065601502,641,86,727
065601503,998,84,1082
065601504,978,113,1091
065601505,902,91,993
065601506,938,84,1022
065601507,768,57,825
065601508,2609,405,3014
065601509,1678,156,1834
065601510,953,116,1069
065601511,1305,120,1425
065601512,1401,142,1543
065601513,1323,108,1431
065601514,1320,153,1473
065601515,1435,110,1545
065601516,1092,116,1208
065601601,979,117,1096
065601602,889,63,952
065601603,1008,75,1083
065601604,1085,102,1187
065601605,1068,99,1167
065601606,1322,93,1415
065601607,1138,73,1211
065601608,1337,142,1479
065601609,1232,114,1346
065601610,1175,85,1260
065601611,1317,92,1409
065601612,1508,101,1609
065601613,1258,113,1371
065601614,1341,98,1439
065601615,800,97,897
065601616,676,42,718
065601701,1259,125,1384
065601702,1019,132,1151
065601703,1012,120,1132
065601704,611,62,673
065601705,685,59,744
065601706,656,40,696
065601707,517,25,542
065601708,273,7,280
065601709,184,5,189
065601710,349,10,359
065601711,527,27,554
065601712,359,30,389
065601713,804,125,929
065601714,625,93,718
065601715,552,39,591
065601716,787,78,865
065601717,834,64,898
065601718,587,58,645
065601719,1271,123,1394
065601720,711,50,761
065601721,666,55,721
065601722,700,29,729
065601723,700,25,725
065601724,705,30,735
065601801,688,69,757
065601802,1122,82,1204
065601803,731,54,785
065601804,687,48,735
065601805,557,54,611
065601806,1617,119,1736
065601807,622,27,649
065601808,518,34,552
065601809,1311,133,1444
065601810,1505,134,1639
065601811,1272,96,1368
065601812,756,29,785
065601813,883,49,932
065601814,1392,93,1485
065601815,1218,79,1297
065601901,766,109,875
065601902,878,96,974
065601903,1195,133,1328
065601904,980,102,1082
065601905,611,49,660
065601906,615,46,661
065601907,925,48,973
065601908,806,42,848
065601909,854,82,936
065601910,1209,111,1320
065601911,765,40,805
065601912,750,31,781
065601913,558,48,606
065601914,753,74,827
065601915,1172,106,1278
065601916,624,86,710
065601917,566,42,608
065601918,378,30,408
065601919,578,60,638
065601920,572,76,648
065602001,2015,258,2273
065602002,1205,171,1376
065602003,1266,143,1409
065602004,1235,102,1337
065602005,1004,93,1097
065602006,1187,155,1342
065602007,1160,169,1329
065602008,1053,136,1189
065602009,1141,94,1235
065602010,1176,133,1309
065602011,895,82,977
065602012,905,70,975
065602013,1477,119,1596
065602014,1092,77,1169
065602101,1148,85,1233
065602102,599,44,643
065602103,769,103,872
065602104,618,71,689
065602105,771,71,842
065602106,831,84,915
065602107,1454,130,1584
065602108,1303,111,1414
065602109,1203,95,1298
065602110,743,49,792
065602111,1417,97,1514
065602112,770,101,871
065602113,1015,80,1095
065602201,883,98,981
065602202,1013,84,1097
065602203,1080,51,1131
065602204,1165,65,1230
065602205,1268,65,1333
065602206,750,48,798
065602207,733,47,780
065602208,1095,49,1144
065602209,988,74,1062
065602210,1048,69,1117
065602301,997,78,1075
065602302,978,68,1046
065602303,763,45,808
065602304,1231,72,1303
065602305,1010,61,1071
065602306,983,47,1030
065602307,896,43,939
065602308,707,30,737
065602309,450,8,458
065602310,567,12,579
065602311,342,6,348
065602312,644,27,671
065602313,800,25,825
065602314,561,19,580
065602315,643,21,664
065602316,783,25,808
065602317,918,38,956
065602401,514,23,537
065602402,453,15,468
065602403,642,37,679
065602404,737,31,768
065602405,804,39,843
065602406,864,38,902
065602407,940,59,999
065602408,826,37,863
065602409,599,22,621
065602410,534,21,555
065602411,707,33,740
065602412,440,17,457
065602413,530,18,548
065602414,587,25,612
065602415,455,22,477
065602416,767,39,806
065602417,1286,94,1380
065602501,643,26,669
065602502,740,39,779
065602503,986,28,1014
065602504,1312,60,1372
065602505,634,38,672
065602506,754,38,792
065602507,745,35,780
065602508,1235,85,1320
065602509,1320,79,1399
065602510,1395,57,1452
065602511,777,50,827
065602512,812,51,863
065602513,1368,125,1493
065602514,1030,85,1115
065680101,502,21,523
065680102,902,76,978
065680103,975,33,1008
065680201,862,32,894
065680202,518,66,584
065680203,895,32,927
065680204,718,26,744
065680205,778,25,803
065680206,909,21,930
065680207,910,39,949
065680208,1010,56,1066
065680209,1242,54,1296
065680210,623,29,652
065680211,967,44,1011
065680212,766,28,794
065680301,909,44,953
065680302,1017,38,1055
065680303,930,45,975
065680304,768,47,815
065680305,706,37,743
065680306,694,40,734
065680307,642,25,667
065680308,858,48,906
065680309,914,40,954
065680310,790,97,887
065680311,1115,51,1166
065680312,936,28,964
065680313,1184,65,1249
065680314,2486,204,2690
065680315,1780,159,1939
065680316,1197,156,1353
065680401,630,38,668
065680402,595,26,621
065680403,621,22,643
065680404,758,27,785
065680405,901,25,926
065680406,520,18,538
065680407,721,36,757
065680408,879,27,906
065680409,1023,25,1048
065680410,784,21,805
065680411,918,29,947
065680501,769,22,791
065680502,1168,50,1218
065680503,652,22,674
065680504,605,25,630
065680505,992,25,1017
065680506,799,21,820
065680507,835,31,866
065680508,992,41,1033
065680509,596,27,623
065680510,591,22,613
065680601,1169,43,1212
065680602,791,31,822
065680603,769,22,791
065680604,806,26,832
065680605,826,14,840
065680606,807,23,830
065680607,955,27,982
065680608,742,17,759
065680609,956,27,983
065680610,448,17,465
065680611,345,8,353
065680701,810,35,845
065680702,796,34,830
065680703,605,16,621
065680704,666,30,696
065680705,757,33,790
065680706,1039,27,1066
065680707,768,34,802
065680708,738,36,774
065680801,919,45,964
065680802,875,41,916
065680803,791,37,828
065680804,983,54,1037
065680805,1091,48,1139
065680806,1017,53,1070
065680807,911,43,954
065680808,948,38,986
065680901,528,26,554
065680902,659,35,694
065680903,1081,58,1139
065680904,637,32,669
065680905,589,17,606
065680906,716,34,750
065680907,998,46,1044
065680908,448,22,470
065680909,659,35,694
065680910,992,35,1027
065680911,571,24,595
065680912,542,29,571
065681001,952,44,996
065681002,466,24,490
065681003,454,26,480
065681004,806,28,834
065681005,794,43,837
065681006,602,29,631
065681007,545,34,579
065681008,973,41,1014
065681009,840,40,880
065681010,615,20,635
065681011,588,24,612
065681012,872,34,906
065681013,944,34,978
065681014,636,23,659
065681015,669,23,692
065681016,734,29,763
065681017,776,44,820
065681101,716,22,738
065681102,972,53,1025
065681103,635,19,654
065681104,462,15,477
065681105,584,21,605
065681106,769,19,788
065681107,776,36,812
065681108,929,40,969
065681109,543,21,564
065681110,542,19,561
065681111,664,31,695
065681112,806,42,848
065681201,678,27,705
065681202,827,33,860
065681203,846,40,886
065681204,725,36,761
065681205,948,43,991
065681206,1026,41,1067
065681207,1011,49,1060
065681208,563,28,591
065681209,611,25,636
065681210,732,35,767
065681301,560,24,584
065681302,557,28,585
065681303,698,32,730
065681304,791,39,830
065681305,837,33,870
065681306,1053,40,1093
065681307,1166,30,1196
065681308,1009,46,1055
065681309,1057,47,1104
065681310,1162,75,1237
065681401,696,26,722
065681402,801,34,835
065681403,1142,62,1204
065681404,541,23,564
065681405,543,42,585
065681406,513,43,556
065681407,753,78,831
065681408,631,30,661
065681409,797,27,824
065681410,857,26,883
065681501,741,30,771
065681502,938,47,985
065681503,792,39,831
065681504,1195,58,1253
065681505,841,30,871
065681506,824,45,869
065681507,922,41,963
065681508,1080,45,1125
065681509,554,18,572
065681510,814,25,839
065681601,1050,57,1107
065681602,995,69,1064
065681603,756,32,788
065681604,1204,59,1263
065681605,857,43,900
065681606,964,40,1004
065681607,673,30,703
065681608,583,25,608
065681609,1166,44,1210
065681610,1002,51,1053
065681611,836,36,872
065681612,987,23,1010
065681701,1074,72,1146
065681702,1055,94,1149
065681703,733,25,758
065681704,615,29,644
065681705,1112,46,1158
065681706,1156,51,1207
065681707,1021,48,1069
065681708,993,42,1035
065681709,677,31,708
065681710,751,32,783
065681711,817,34,851
065681712,747,29,776
065681801,501,11,512
065681802,289,11,300
065681803,396,11,407
065681804,422,16,438
065681805,581,18,599
065681806,385,13,398
065681807,860,32,892
065681808,670,22,692
065681809,920,42,962
065681810,882,21,903
065681811,801,26,827
065681812,794,37,831
065681813,707,21,728
065681814,597,20,617
065681901,680,20,700
065681902,1016,33,1049
065681903,1123,47,1170
065681904,645,29,674
065681905,729,23,752
065681906,1157,47,1204
065681907,997,33,1030
065681908,1029,46,1075
065681909,1039,50,1089
065681910,587,36,623
065681911,1184,64,1248
065682001,955,38,993
065682002,533,26,559
065682003,669,13,682
065682004,708,34,742
065682005,566,15,581
065682006,487,15,502
065682007,588,16,604
065682008,921,33,954
065682009,1128,45,1173
065682010,827,30,857
065682011,1116,46,1162
065682012,1020,55,1075
065682013,692,30,722
065682014,663,45,708
065682101,345,8,353
065682102,302,10,312
065682103,304,9,313
065682104,491,18,509
065682105,264,4,268
065682106,208,8,216
065682107,66,0,66
065682108,258,5,263
065682109,342,8,350
065682110,331,10,341
065682111,253,13,266
065682112,448,15,463
065682113,821,29,850
065682201,470,33,503
065682202,337,19,356
065682203,355,19,374
065682204,502,28,530
065682205,327,16,343
065682206,597,35,632
065682207,374,25,399
065682208,495,35,530
065682209,464,27,491
065682210,465,30,495
065682211,354,20,374
065682212,443,23,466
065682213,689,45,734
065682214,955,54,1009
065682215,406,31,437
065682216,564,39,603
065682217,531,23,554
065682218,317,17,334
065682301,634,24,658
065682302,588,60,648
065682303,699,30,729
065682304,572,33,605
065682305,500,19,519
065682306,936,59,995
065682307,952,38,990
065682308,1103,64,1167
065682309,852,26,878
065682310,682,27,709
065682311,676,34,710
065682401,1016,42,1058
065682402,859,39,898
065682403,467,16,483
065682404,1043,42,1085
065682405,943,49,992
065682406,689,31,720
065682407,719,36,755
065682408,1178,63,1241
065682409,695,25,720
065682410,687,23,710
065682501,463,18,481
065682502,931,28,959
065682503,949,48,997
065682504,1118,50,1168
065682505,611,44,655
065682506,1375,61,1436
065682507,1398,69,1467
065682508,1211,71,1282
065682509,1005,67,1072
065682510,983,110,1093
065682511,1308,71,1379
065682512,1206,58,1264
065682601,609,23,632
065682602,946,45,991
065682603,981,43,1024
065682604,584,18,602
065682605,470,14,484
065682606,590,37,627
065682607,1174,76,1250
065682608,635,23,658
065682609,623,24,647
065682610,1092,48,1140
065682611,1088,35,1123
065682612,1018,48,1066
065682701,43,6,49
065682702,1192,85,1277
065682703,972,58,1030
065682704,977,53,1030
065682705,758,43,801
065682706,885,54,939
065682707,1088,54,1142
065682708,804,29,833
065682709,941,44,985
065682710,759,45,804
065682711,930,43,973
065682801,1293,91,1384
065682802,1066,79,1145
065682803,1577,76,1653
065682804,800,37,837
065682805,1353,106,1459
065682806,1193,68,1261
065682807,700,60,760
065682808,910,64,974
065682809,1143,86,1229
065682810,1268,91,1359
065682901,1019,64,1083
065682902,940,52,992
065682903,805,52,857
065682904,915,65,980
065682905,821,55,876
065682906,832,39,871
065682907,1019,74,1093
065682908,968,51,1019
065682909,997,84,1081
065682910,966,87,1053
065682911,1900,129,2029
065682912,1130,91,1221
065682913,944,63,1007
065682914,907,68,975
065683001,1156,73,1229
065683002,1281,76,1357
065683003,1331,67,1398
065683004,1380,62,1442
065683005,829,47,876
065683006,857,59,916
065683007,1331,85,1416
065683008,1133,70,1203
065683009,950,67,1017
065683010,1320,76,1396
065683011,1247,63,1310
065683101,1197,70,1267
065683102,1157,55,1212
065683103,1070,56,1126
065683104,1461,80,1541
065683105,1134,71,1205
065683106,1123,76,1199
065683107,1131,62,1193
065683108,645,28,673
065683109,1011,67,1078
065683110,938,64,1002
065683111,632,34,666
065683112,1191,78,1269
066580101,5,0,5
066580102,1043,37,1080
066580103,891,32,923
066580104,635,27,662
066580105,795,27,822
066580106,878,29,907
066580107,639,28,667
066580108,646,26,672
066580109,855,35,890
066580110,1610,80,1690
066580111,8,1,9
066580112,99,9,108
066580113,73,4,77
066580201,302,34,336
066580202,748,53,801
066580203,824,84,908
066580204,953,115,1068
066580205,689,50,739
066580206,1206,114,1320
066580207,957,128,1085
066580208,1047,72,1119
066580209,835,52,887
066580210,820,56,876
066580211,1267,188,1455
066580212,834,42,876
066580301,991,109,1100
066580302,1107,139,1246
066580303,1068,57,1125
066580304,854,44,898
066580305,1177,51,1228
066580306,867,44,911
066580307,1058,34,1092
066580308,1367,74,1441
066580309,1212,30,1242
066580310,797,30,827
066580311,690,25,715
066580401,467,55,522
066580402,1017,58,1075
066580403,1049,62,1111
066580404,865,55,920
066580405,828,51,879
066580406,811,56,867
066580407,945,48,993
066580408,1140,53,1193
066580409,837,39,876
066580410,828,36,864
066580411,968,44,1012
066580412,1092,58,1150
066580413,623,27,650
066580414,571,36,607
066580415,839,31,870
066580501,626,25,651
066580502,465,16,481
066580503,822,34,856
066580504,583,25,608
066580505,671,33,704
066580506,892,49,941
066580507,1138,52,1190
066580508,905,39,944
066580509,1016,38,1054
066580510,467,23,490
066580511,1001,50,1051
066580512,768,31,799
066580513,796,42,838
066580514,785,46,831
066580601,590,25,615
066580602,677,19,696
066580603,756,36,792
066580604,759,24,783
066580605,812,37,849
066580606,502,18,520
066580607,690,27,717
066580608,456,20,476
066580609,1119,36,1155
066580610,975,57,1032
066580611,947,31,978
066580612,729,30,759
066580701,661,36,697
066580702,787,29,816
066580703,729,18,747
066580704,774,23,797
066580705,624,34,658
066580706,831,33,864
066580707,850,30,880
066580708,1244,75,1319
066580709,995,116,1111
066580710,1613,155,1768
066580711,772,56,828
066580801,405,11,416
066580802,356,10,366
066580803,333,6,339
066580804,728,26,754
066580805,643,23,666
066580806,422,18,440
066580807,486,20,506
066580808,378,7,385
066580809,533,8,541
066580810,322,9,331
066580811,546,12,558
066580812,367,10,377
066580813,260,2,262
066580814,356,11,367
066580815,293,10,303
066580901,968,24,992
066580902,905,28,933
066580903,673,18,691
066580904,132,4,136
066580905,368,7,375
066580906,544,18,562
066580907,391,12,403
066580908,356,6,362
066580909,377,15,392
066580910,600,32,632
066580911,391,17,408
066580912,470,10,480
066580913,532,23,555
066581001,967,139,1106
066581002,1197,143,1340
066581003,772,39,811
066581004,645,29,674
066581005,926,47,973
066581006,596,20,616
066581007,951,35,986
066581008,719,27,746
066581009,643,19,662
066581010,740,30,770
066581011,944,53,997
066581012,1388,188,1576
066581013,727,80,807
066581101,823,22,845
066581102,619,27,646
066581103,581,12,593
066581104,525,11,536
066581105,403,6,409
066581106,721,20,741
066581107,738,23,761
066581108,749,23,772
066581109,731,38,769
066581110,744,23,767
066581111,652,18,670
066581112,734,13,747
066581113,567,14,581
066581201,1242,56,1298
066581202,956,44,1000
066581203,1243,50,1293
066581204,933,31,964
066581205,839,38,877
066581206,804,116,920
066581207,647,18,665
066581208,710,23,733
066581209,793,33,826
066581210,761,24,785
066581211,888,21,909
066581212,878,32,910
066581213,618,26,644
066581301,550,54,604
066581302,440,47,487
066581303,329,32,361
066581304,740,50,790
066581305,415,31,446
066581306,689,68,757
066581307,830,67,897
066581308,746,57,803
066581309,790,60,850
066581310,700,63,763
066581401,504,69,573
066581402,222,24,246
066581403,287,33,320
066581404,629,64,693
066581405,425,63,488
066581406,426,65,491
066581407,844,123,967
066581408,691,110,801
066581409,1340,182,1522
066581410,679,60,739
066581501,688,28,716
066581502,835,35,870
066581503,1025,96,1121
066581504,471,46,517
066581505,1071,74,1145
066581506,516,14,530
066581507,692,33,725
066581508,710,28,738
066581509,963,49,1012
066581510,638,13,651
066581511,560,18,578
066581512,592,13,605
066581513,616,23,639
066581601,635,23,658
066581602,624,40,664
066581603,618,15,633
066581604,456,18,474
066581605,532,16,548
066581606,663,33,696
066581607,601,21,622
066581608,626,23,649
066581609,737,27,764
066581610,549,24,573
066581611,604,25,629
066581612,654,26,680
066581701,758,27,785
066581702,673,30,703
066581703,622,23,645
066581704,737,28,765
066581705,787,29,816
066581706,1059,38,1097
066581707,768,41,809
066581708,944,53,997
066581709,920,32,952
066581710,707,24,731
066581711,981,37,1018
066581712,756,21,777
066581801,324,13,337
066581802,447,16,463
066581803,595,13,608
066581804,705,26,731
066581805,695,23,718
066581806,702,18,720
066581807,561,26,587
066581808,631,24,655
066581809,771,26,797
066581810,634,70,704
066581811,587,14,601
066581812,370,13,383
066581901,492,9,501
066581902,646,31,677
066581903,500,22,522
066581904,434,23,457
066581905,537,28,565
066581906,482,17,499
066581907,488,35,523
066581908,723,27,750
066581909,585,40,625
066581910,766,47,813
066581911,963,40,1003
066582001,860,50,910
066582002,683,33,716
066582003,1293,88,1381
066582004,1120,88,1208
066582005,1171,90,1261
066582006,898,97,995
066582007,809,44,853
066582008,1354,115,1469
066582009,1728,133,1861
066582010,1555,87,1642
066582011,1458,75,1533
066582101,1495,86,1581
066582102,1517,121,1638
066582103,1559,66,1625
066582104,1177,92,1269
066582105,1296,75,1371
066582106,1544,109,1653
066582107,1798,222,2020
066582108,1870,182,2052
066582109,1164,138,1302
066582110,944,84,1028
066582111,1332,127,1459
066582112,1794,148,1942
066582113,1626,128,1754
066582114,1091,105,1196
066582115,999,110,1109
066582116,990,101,1091
066582201,874,34,908
066582202,814,32,846
066582203,844,27,871
066582204,682,26,708
066582205,631,20,651
066582206,659,30,689
066582207,744,34,778
066582208,617,31,648
066582209,1431,69,1500
066582210,1079,54,1133
066582211,977,44,1021
066582301,719,35,754
066582302,1102,64,1166
066582303,1219,59,1278
066582304,1035,55,1090
066582305,915,39,954
066582306,617,24,641
066582307,510,12,522
066582308,553,22,575
066582309,1175,114,1289
066582310,1217,96,1313
066582311,951,57,1008
066582312,809,20,829
066582401,833,107,940
066582402,905,34,939
066582403,1207,67,1274
066582404,743,25,768
066582405,820,41,861
066582406,997,35,1032
066582407,890,42,932
066582408,719,25,744
066582409,695,17,712
066582410,629,29,658
066582411,609,28,637
066582412,619,25,644
066582501,581,21,602
066582502,611,24,635
066582503,793,40,833
066582504,579,24,603
066582505,732,23,755
066582506,761,22,783
066582507,697,21,718
066582508,875,48,923
066582509,600,17,617
066582510,940,32,972
066582511,1106,111,1217
066582512,1037,115,1152
066582513,1071,36,1107
066582514,392,19,411
066582601,1491,86,1577
066582602,1340,111,1451
066582603,943,46,989
066582604,936,39,975
066582605,702,43,745
066582606,872,32,904
066582607,712,33,745
066582608,686,32,718
066582609,662,16,678
066582610,932,44,976
066582701,1233,97,1330
066582702,1017,65,1082
066582703,628,65,693
066582704,402,29,431
066582705,415,33,448
066582706,1245,110,1355
066582707,943,86,1029
066582708,704,66,770
066582709,1499,86,1585
066582710,936,70,1006
066582711,1327,125,1452
066582712,1202,93,1295
066582713,942,85,1027
066582714,767,80,847
066582715,946,105,1051
066582716,637,79,716
066582801,595,25,620
066582802,1031,48,1079
066582803,748,39,787
066582804,1004,44,1048
066582805,758,38,796
066582806,1238,86,1324
066582807,1173,80,1253
066582808,1331,73,1404
066582809,1093,69,1162
066582810,1044,52,1096
066582901,1189,55,1244
066582902,707,37,744
066582903,582,27,609
066582904,721,38,759
066582905,961,50,1011
066582906,1140,55,1195
066582907,1163,87,1250
066582908,1341,141,1482
066582909,1062,126,1188
066582910,1305,78,1383
066582911,1048,79,1127
066582912,1427,102,1529
066583001,1047,50,1097
066583002,1037,64,1101
066583003,883,54,937
066583004,679,32,711
066583005,1062,43,1105
066583006,986,51,1037
066583007,1318,73,1391
066583008,1260,116,1376
066583009,1422,106,1528
066583010,1126,81,1207
066583011,1244,89,1333
066583012,869,51,920
066583101,767,34,801
066583102,1034,41,1075
066583103,1844,100,1944
066583104,1249,71,1320
066583105,938,54,992
066583106,3006,155,3161
066583107,802,34,836
066583108,616,27,643
066583109,722,28,750
066583110,1188,62,1250
066583111,1183,62,1245
066583112,638,22,660
066583113,525,28,553
066583201,708,26,734
066583202,1098,46,1144
066583203,1038,38,1076
066583204,581,28,609
066583205,827,37,864
066583206,349,16,365
066583207,1449,56,1505
066583208,1538,73,1611
066583209,438,23,461
066583210,1353,88,1441
066583211,633,44,677
066583212,1491,111,1602
066583213,969,77,1046
066583301,1792,142,1934
066583302,1400,104,1504
066583303,1202,130,1332
066583304,1299,119,1418
066583305,2212,176,2388
066583306,1544,91,1635
066583307,1297,69,1366
066583308,645,31,676
066583309,1241,62,1303
066583310,756,30,786
066583311,1053,47,1100
066583312,910,47,957
066583313,884,69,953
066583401,1123,65,1188
066583402,1029,62,1091
066583403,987,51,1038
066583404,982,47,1029
066583405,952,58,1010
066583406,1161,60,1221
066583407,862,27,889
066583408,949,43,992
066583409,901,38,939
066583410,666,39,705
066583411,1137,76,1213
066583412,1121,59,1180
066583413,1194,51,1245
066583501,957,58,1015
066583502,1202,63,1265
066583503,822,44,866
066583504,1203,53,1256
066583505,754,33,787
066583506,1210,62,1272
066583507,923,79,1002
066583508,1233,96,1329
066583509,1011,56,1067
066583510,1521,141,1662
066583601,1777,154,1931
066583602,1778,170,1948
066583603,1016,60,1076
066583604,711,32,743
066583605,1026,53,1079
066583606,748,32,780
066583607,1576,88,1664
066583608,911,59,970
066583609,1059,81,1140
066583610,914,49,963
066583611,1437,122,1559
066583612,1317,94,1411
066583613,1055,114,1169
066583614,972,93,1065
066583701,1637,178,1815
066583702,1755,251,2006
066583703,931,87,1018
066583704,716,116,832
066583705,629,89,718
066583706,1079,108,1187
066583707,1503,110,1613
066583708,1367,132,1499
066583709,982,59,1041
066583710,886,70,956
066583711,1710,97,1807
066583712,1706,130,1836
066583713,1760,129,1889
066583801,1707,207,1914
066583802,1642,189,1831
066583803,774,97,871
066583804,1173,131,1304
066583805,1448,131,1579
066583806,1491,163,1654
066583807,365,38,403
066583808,869,99,968
066583809,699,77,776
066583810,691,78,769
066583811,1576,150,1726
066583812,1037,54,1091
066583813,966,61,1027
066583814,1349,115,1464
066583815,1399,105,1504
066583816,1853,187,2040
066583901,1397,99,1496
066583902,1337,73,1410
066583903,1324,85,1409
066583904,721,48,769
066583905,1304,104,1408
066583906,1071,87,1158
066583907,1204,68,1272
066583908,897,72,969
066583909,747,53,800
066583910,1752,145,1897
066584001,1416,201,1617
066584002,1153,164,1317
066584003,1007,145,1152
066584004,1595,206,1801
066584005,1185,169,1354
066584006,454,45,499
066584007,1373,117,1490
066584008,925,66,991
066584009,676,54,730
066584010,630,57,687
066584011,737,48,785
066584012,1304,109,1413
066584013,1105,85,1190
066584014,945,97,1042
066584015,1837,144,1981
066584016,1070,83,1153
066584017,1552,123,1675
066584101,961,113,1074
066584102,2172,237,2409
066584103,1273,100,1373
066584104,1467,113,1580
066584105,1366,84,1450
066584106,1439,85,1524
066584107,1628,101,1729
066584108,1382,87,1469
066584109,1504,104,1608
066584110,1582,124,1706
066584111,850,69,919
066584112,1011,91,1102
066584113,1662,109,1771
066584114,995,85,1080
066584115,1015,95,1110
066584201,747,76,823
066584202,864,49,913
066584203,1241,86,1327
066584204,1012,40,1052
066584205,960,86,1046
066584206,837,63,900
066584207,709,33,742
066584208,1112,69,1181
066584209,1412,74,1486
066584210,1134,66,1200
066584211,777,31,808
066584212,1286,81,1367
066584213,1409,98,1507
066584301,883,48,931
066584302,1293,81,1374
066584303,1569,109,1678
066584304,1658,178,1836
066584305,1076,108,1184
066584306,1258,101,1359
066584307,897,74,971
066584308,1486,117,1603
066584309,700,52,752
066584310,747,47,794
066584311,1168,72,1240
066584312,1058,59,1117
066584401,1070,103,1173
066584402,1135,97,1232
066584403,1335,129,1464
066584404,1875,112,1987
066584405,1203,65,1268
066584406,1084,56,1140
066584407,683,29,712
066584408,1277,87,1364
066584409,1767,124,1891
066584410,1280,125,1405
066584411,1741,124,1865
066584412,1297,121,1418
066584413,467,64,531
066584414,646,65,711
067490101,86,7,93
067490102,1274,137,1411
067490103,1026,35,1061
067490104,391,60,451
067490105,454,29,483
067490201,537,21,558
067490202,1060,48,1108
067490203,955,31,986
067490204,938,33,971
067490205,1091,30,1121
067490206,319,10,329
067490207,772,16,788
067490208,981,28,1009
067490209,952,30,982
067490210,1036,32,1068
067490211,754,30,784
067490212,675,19,694
067490213,676,18,694
067490301,921,53,974
067490302,348,9,357
067490303,503,16,519
067490304,823,39,862
067490305,742,27,769
067490306,497,18,515
067490307,606,28,634
067490308,647,28,675
067490309,545,24,569
067490310,606,19,625
067490311,615,15,630
067490312,863,35,898
067490401,279,27,306
067490402,296,35,331
067490403,544,27,571
067490404,813,28,841
067490405,399,43,442
067490406,715,34,749
067490501,441,12,453
067490502,662,24,686
067490503,673,21,694
067490504,666,32,698
067490505,561,11,572
067490506,554,17,571
067490507,379,8,387
067490508,399,18,417
067490509,564,14,578
067490510,618,46,664
067490511,310,10,320
067490512,410,8,418
067490513,323,11,334
067490601,509,27,536
067490602,662,22,684
067490603,860,28,888
067490604,555,27,582
067490605,799,36,835
067490701,1109,67,1176
067490702,772,32,804
067490703,816,29,845
067490704,1032,59,1091
067490705,1281,57,1338
067490706,796,42,838
067490707,936,42,978
067490708,1244,88,1332
067490709,800,80,880
067490801,733,38,771
067490802,505,24,529
067490803,679,38,717
067490804,1107,94,1201
067490805,1233,83,1316
067490806,907,59,966
067490807,1295,74,1369
067490808,1084,70,1154
067490809,925,75,1000
067490901,846,44,890
067490902,1074,70,1144
067490903,1461,84,1545
067490904,1203,88,1291
067490905,1334,69,1403
067490906,1044,83,1127
067490907,628,38,666
067490908,974,40,1014
067490909,910,36,946
067490910,693,41,734
067490911,1185,58,1243
067490912,1224,94,1318
067490913,441,62,503
067491001,1350,90,1440
067491002,1101,63,1164
067491003,1204,57,1261
067491004,1077,64,1141
067491005,1155,63,1218
067491006,1105,44,1149
067491007,861,35,896
067491008,605,33,638
067491009,958,49,1007
067491010,697,25,722
067491011,1146,55,1201
067491012,1069,63,1132
067491013,536,34,570
067491101,963,81,1044
067491102,1313,143,1456
067491103,967,80,1047
067491104,590,43,633
067491105,875,55,930
067491106,629,36,665
067491107,995,69,1064
067491108,617,75,692
067491109,450,26,476
067491110,1042,61,1103
067491111,900,57,957
067491112,644,33,677
067491113,1188,53,1241
067491114,1195,84,1279
067491201,994,67,1061
067491202,990,67,1057
067491203,1502,145,1647
067491204,1308,73,1381
067491205,1174,60,1234
067491206,862,114,976
067491207,911,67,978
067491208,992,44,1036
067491209,781,42,823
067491210,1219,70,1289
067491211,1255,116,1371
067491301,1186,161,1347
067491302,1781,165,1946
067491303,1042,77,1119
067491304,1482,144,1626
067491305,1441,121,1562
067491306,1553,124,1677
067491307,43,5,48
067491308,754,67,821
067491309,827,54,881
067491310,790,56,846
067491311,740,48,788
067491312,841,65,906
067491313,836,62,898
067491314,924,39,963
067491315,711,48,759
067491316,1583,120,1703
067491317,881,64,945
067491318,951,80,1031
067491319,1050,103,1153
067491320,886,85,971
067491321,625,50,675
067491401,595,41,636
067491402,847,57,904
067491403,926,56,982
067491404,955,49,1004
067491405,1009,55,1064
067491406,1086,84,1170
067491407,1190,94,1284
067491408,1078,83,1161
067491409,1111,97,1208
067491410,930,72,1002
067491411,333,34,367
067491412,1170,64,1234
067491413,1177,59,1236
067491414,1217,73,1290
067491415,1064,58,1122
067491416,1113,109,1222
067491417,1755,183,1938
067491418,419,38,457
067491419,1416,152,1568
067491420,742,97,839
067491501,64,5,69
067491502,217,24,241
067491503,97,5,102
067491504,251,21,272
067491505,191,20,211
067491506,70,7,77
067491507,66,6,72
067491508,141,19,160
067491509,293,29,322
067491510,313,36,349
067491511,351,29,380
067491512,273,31,304
067491513,207,16,223
067560101,700,27,727
067560102,558,12,570
067560103,769,23,792
067560104,939,28,967
067560105,882,20,902
067560106,765,28,793
067560107,1083,39,1122
067560108,460,19,479
067560109,496,19,515
067560110,1113,50,1163
067560111,497,17,514
067560112,919,31,950
067560113,869,31,900
067560114,1092,63,1155
067560115,519,20,539
067560116,905,44,949
067560117,983,38,1021
067560201,843,36,879
067560202,751,24,775
067560203,1178,47,1225
067560204,872,65,937
067560205,885,74,959
067560206,828,22,850
067560207,1058,30,1088
067560208,637,39,676
067560209,488,12,500
067560301,381,14,395
067560302,253,10,263
067560303,459,18,477
067560304,468,8,476
067560305,246,6,252
067560306,305,16,321
067560307,711,20,731
067560308,523,11,534
067560309,519,14,533
067560310,618,15,633
067560401,708,33,741
067560402,814,22,836
067560403,970,31,1001
067560404,819,29,848
067560405,1025,20,1045
067560406,670,19,689
067560407,890,37,927
067560408,487,20,507
067560501,802,31,833
067560502,869,21,890
067560503,626,21,647
067560504,962,27,989
067560505,695,23,718
067560506,681,25,706
067560507,647,23,670
067560508,652,24,676
067560509,592,17,609
067560510,765,29,794
067560601,859,39,898
067560602,501,8,509
067560603,391,17,408
067560604,241,6,247
067560605,464,9,473
067560606,464,7,471
067560607,595,15,610
067560608,645,22,667
067560609,528,15,543
067560610,659,12,671
067560611,553,17,570
067560612,613,13,626
067560701,690,13,703
067560702,498,19,517
067560703,331,6,337
067560704,783,27,810
067560705,594,18,612
067560706,645,22,667
067560707,743,18,761
067560708,661,22,683
067560709,846,28,874
067560710,981,34,1015
067560801,872,27,899
067560802,830,35,865
067560803,848,33,881
067560804,1006,37,1043
067560805,966,29,995
067560806,1158,50,1208
067560807,834,31,865
067560808,940,34,974
067560809,860,47,907
067560901,556,24,580
067560902,429,11,440
067560903,906,46,952
067560904,958,32,990
067560905,1034,42,1076
067560906,1046,40,1086
067560907,1174,58,1232
067560908,1021,50,1071
067560909,920,42,962
067560910,952,34,986
067560911,758,26,784
067560912,861,34,895
067560913,846,32,878
067560914,1000,47,1047
067560915,969,55,1024
067560916,816,31,847
067561001,506,19,525
067561002,527,23,550
067561003,613,10,623
067561004,556,15,571
067561005,409,8,417
067561006,672,23,695
067561007,542,22,564
067561008,435,14,449
067561009,241,3,244
067561010,882,32,914
067561011,889,37,926
067561012,934,41,975
067561101,497,18,515
067561102,494,15,509
067561103,631,12,643
067561104,610,24,634
067561105,686,20,706
067561106,683,15,698
067561107,692,29,721
067561108,438,17,455
067561109,336,9,345
067561110,405,12,417
067561111,597,21,618
067561112,828,29,857
067561113,726,22,748
067561201,1056,41,1097
067561202,565,26,591
067561203,694,38,732
067561204,1463,61,1524
067561205,846,32,878
067561206,381,16,397
067561207,288,5,293
067561208,843,39,882
067561209,893,41,934
067561210,809,25,834
067561211,944,35,979
067561301,567,24,591
067561302,465,26,491
067561303,1316,73,1389
067561304,877,26,903
067561305,946,49,995
067561306,762,32,794
067561307,865,22,887
067561308,969,42,1011
067561309,1120,70,1190
067561310,749,74,823
067561311,1283,77,1360
067561312,1062,60,1122
067561313,1026,37,1063
067561314,1892,157,2049
067561401,1968,189,2157
067561402,2285,230,2515
067561403,562,30,592
067561404,669,22,691
067561405,655,27,682
067561406,680,16,696
067561407,1068,45,1113
067561408,1057,64,1121
067561409,1336,139,1475
067561410,1806,209,2015
067561411,1071,149,1220
067561412,857,125,982
067561413,718,84,802
067561414,894,112,1006
067561415,902,58,960
067561501,1318,51,1369
067561502,1152,54,1206
067561503,1004,63,1067
067561504,1391,57,1448
067561505,1224,42,1266
067561506,898,32,930
067561507,634,35,669
067561508,523,14,537
067561509,686,22,708
067561510,941,43,984
067561511,1177,40,1217
067561512,643,28,671
067561601,959,39,998
067561602,649,21,670
067561603,896,38,934
067561604,858,42,900
067561605,682,20,702
067561606,505,22,527
067561607,505,19,524
067561608,726,23,749
067561609,842,42,884
067561610,681,29,710
067561611,1098,37,1135
067561612,889,28,917
067561613,873,30,903
067561701,774,16,790
067561702,1063,53,1116
067561703,934,35,969
067561704,808,33,841
067561705,538,18,556
067561706,866,33,899
067561707,972,37,1009
067561708,1101,52,1153
067561709,1134,46,1180
067561710,650,30,680
067561801,714,32,746
067561802,1065,38,1103
067561803,756,24,780
067561804,1015,23,1038
067561805,614,25,639
067561806,649,34,683
067561807,560,25,585
067561808,156,5,161
067561809,516,27,543
067561810,676,18,694
067561811,1129,42,1171
067561901,1129,51,1180
067561902,1148,51,1199
067561903,732,41,773
067561904,591,29,620
067561905,1230,60,1290
067561906,1169,43,1212
067561907,1004,27,1031
067561908,1213,45,1258
067561909,1091,41,1132
067561910,809,21,830
067562001,1002,25,1027
067562002,842,32,874
067562003,1103,58,1161
067562004,551,21,572
067562005,634,29,663
067562006,549,25,574
067562007,1344,60,1404
067562008,1072,29,1101
067562009,894,41,935
067562101,1353,38,1391
067562102,1189,74,1263
067562103,837,50,887
067562104,1590,58,1648
067562105,846,33,879
067562106,1083,47,1130
067562107,647,25,672
067562108,1171,38,1209
067562109,963,27,990
067562110,224,10,234
067562111,908,29,937
067562201,1840,82,1922
067562202,1061,60,1121
067562203,1503,89,1592
067562204,1466,117,1583
067562205,977,38,1015
067562206,1365,131,1496
067562207,865,43,908
067562208,727,38,765
067562209,818,29,847
067562210,811,52,863
067562211,1016,39,1055
067562212,569,16,585
067562213,575,19,594
067562301,2262,143,2405
067562302,897,58,955
067562303,812,39,851
067562304,1187,69,1256
067562305,1034,47,1081
067562306,782,37,819
067562307,1052,45,1097
067562308,984,40,1024
067562309,1185,88,1273
067562310,1014,52,1066
067562401,945,47,992
067562402,509,30,539
067562403,635,35,670
067562404,636,40,676
067562405,644,40,684
067562406,935,44,979
067562407,509,23,532
067562408,554,18,572
067562409,634,24,658
067562410,705,33,738
067562411,1049,34,1083
067562412,1166,47,1213
067562413,832,25,857
067562501,1101,80,1181
067562502,845,45,890
067562503,493,28,521
067562504,450,17,467
067562505,585,22,607
067562506,595,28,623
067562507,529,31,560
067562508,481,17,498
067562509,1016,41,1057
067562510,1012,59,1071
067562511,1008,90,1098
067562512,1200,55,1255
067562513,861,37,898
067562514,764,28,792
067562515,868,26,894
067562516,989,44,1033
067562517,695,25,720
067562518,1079,52,1131
067562519,1000,40,1040
067562601,1095,75,1170
067562602,687,55,742
067562603,496,36,532
067562604,663,48,711
067562605,626,49,675
067562606,1008,68,1076
067562607,1045,81,1126
067562608,1111,80,1191
067562609,639,47,686
067562610,620,38,658
067562611,1152,81,1233
067562701,1575,130,1705
067562702,1451,115,1566
067562703,1161,122,1283
067562704,1087,98,1185
067562705,1326,102,1428
067562706,1497,111,1608
067562707,571,38,609
067562708,727,35,762
067562709,631,32,663
067562710,792,66,858
067562711,1284,45,1329
067562712,1235,67,1302
067600101,966,72,1038
067600102,1057,50,1107
067600103,1056,58,1114
067600104,880,45,925
067600105,1354,76,1430
067600106,756,36,792
067600107,1395,74,1469
067600108,1408,60,1468
067600109,1531,104,1635
067600110,1220,85,1305
067600111,635,33,668
067600112,666,28,694
067600113,880,40,920
067600114,1369,54,1423
067600115,749,38,787
067600116,625,18,643
067600117,594,30,624
067600201,1161,53,1214
067600202,1047,55,1102
067600203,563,37,600
067600204,638,26,664
067600205,584,19,603
067600206,644,26,670
067600207,790,18,808
067600208,338,19,357
067600209,392,18,410
067600210,1159,38,1197
067600211,662,26,688
067600212,765,39,804
067600213,916,31,947
067600214,459,14,473
067600215,382,16,398
067600216,352,7,359
067600217,388,6,394
067600301,566,18,584
067600302,1347,46,1393
067600303,846,37,883
067600304,732,37,769
067600305,1059,59,1118
067600306,638,40,678
067600307,232,13,245
067600308,673,37,710
067600309,563,26,589
067600310,214,13,227
067600311,835,41,876
067600312,204,14,218
067600313,1007,39,1046
067600314,596,19,615
067600315,581,18,599
067600316,310,13,323
067600317,756,36,792
067600401,782,32,814
067600501,1592,90,1682
067600502,859,47,906
067600503,1382,71,1453
067600504,795,44,839
067600505,1138,62,1200
067600506,806,44,850
067600507,1038,35,1073
067600508,1552,85,1637
067600509,1262,45,1307
067600510,1680,101,1781
067600511,2202,91,2293
067600512,1025,48,1073
067600601,976,36,1012
067600602,1059,57,1116
067600603,806,41,847
067600604,853,36,889
067600605,817,34,851
067600606,766,40,806
067600607,1036,58,1094
067600608,1148,46,1194
067600609,1420,106,1526
067600610,1327,131,1458
067600701,1884,137,2021
067600702,1665,101,1766
067600703,1245,65,1310
067600704,1149,31,1180
067600705,1420,59,1479
067600706,798,42,840
067600707,750,22,772
067600708,907,57,964
067600709,1151,58,1209
067600710,1484,88,1572
067600801,865,31,896
067600802,1333,60,1393
067600803,945,42,987
067600804,1032,60,1092
067600805,577,19,596
067600806,1016,41,1057
067600807,1611,95,1706
067600808,642,35,677
067600809,1018,46,1064
067600810,1010,42,1052
067600811,771,41,812
067600812,1025,65,1090
067600901,666,37,703
067600902,668,38,706
067600903,1064,57,1121
067600904,717,30,747
067600905,650,26,676
067600906,536,13,549
067600907,1101,45,1146
067600908,608,24,632
067600909,656,29,685
067600910,1200,53,1253
067600911,1347,87,1434
067600912,1329,49,1378
067600913,1367,71,1438
067600914,1119,57,1176
067600915,562,79,641
067600916,782,39,821
067601001,733,49,782
067601002,851,49,900
067601003,575,32,607
067601004,759,61,820
067601005,721,48,769
067601006,139,9,148
067601007,286,23,309
067601008,377,24,401
067601009,838,56,894
067601010,284,18,302
067601011,382,33,415
067601012,1438,127,1565
067601013,1254,98,1352
067601014,1298,94,1392
067601015,1313,102,1415
067601101,671,31,702
067601102,955,54,1009
067601103,1683,102,1785
067601104,1305,88,1393
067601105,610,37,647
067601106,2058,136,2194
067601107,1286,84,1370
067601108,2049,146,2195
067601109,757,59,816
067601110,1377,98,1475
067601111,1748,131,1879
067601112,681,52,733
067601113,716,30,746
067601114,492,15,507
067601115,585,23,608
067601116,698,28,726
067601117,788,74,862
067601201,678,41,719
067601202,743,36,779
067601203,355,16,371
067601204,672,25,697
067601205,908,45,953
067601206,529,43,572
067601207,469,29,498
067601208,889,70,959
067601209,702,71,773
067601210,794,51,845
067601211,1046,66,1112
067601212,1085,87,1172
067601213,16,0,16
067601214,1144,101,1245
067601215,1141,101,1242
067601216,1190,100,1290
067601217,1412,131,1543
067601218,779,120,899
067601219,1031,134,1165
067601301,588,25,613
067601302,1052,66,1118
067601303,509,32,541
067601304,727,38,765
067601305,870,38,908
067601306,1533,135,1668
067601307,825,57,882
067601308,859,67,926
067601309,1308,141,1449
067601310,1484,98,1582
067601311,1158,103,1261
067601312,1069,46,1115
067601313,944,56,1000
067601314,1356,128,1484
067601315,1422,122,1544
067601316,628,49,677
067601401,790,57,847
067601402,893,66,959
067601403,959,64,1023
067601404,1448,130,1578
067601405,1089,96,1185
067601406,1849,224,2073
067601407,1742,198,1940
067601408,953,78,1031
067601409,1199,66,1265
067601410,1142,93,1235
067601411,1013,99,1112
067601412,1471,135,1606
067601413,1440,143,1583
067601414,800,77,877
067601415,377,27,404
067601501,977,61,1038
067601502,745,38,783
067601503,577,36,613
067601504,826,51,877
067601505,1441,174,1615
067601506,778,82,860
067601507,1041,77,1118
067601508,1191,78,1269
067601509,1461,114,1575
067601510,691,76,767
067601511,927,83,1010
067601512,1099,60,1159
067601513,925,62,987
067601514,774,62,836
067601515,619,41,660
067601516,700,35,735
067601601,902,67,969
067601602,868,59,927
067601603,1169,91,1260
067601604,1076,71,1147
067601605,1236,69,1305
067601606,1346,104,1450
067601607,973,109,1082
067601608,1196,88,1284
067601609,835,68,903
067601610,959,63,1022
067601611,726,40,766
067601612,521,20,541
067601613,1093,65,1158
067601614,1049,69,1118
067601701,1433,117,1550
067601702,1229,93,1322
067601703,890,76,966
067601704,996,63,1059
067601705,1223,118,1341
067601706,1271,98,1369
067601707,985,71,1056
067601708,1331,126,1457
067601709,929,67,996
067601710,1019,55,1074
067601711,897,54,951
067601712,1023,77,1100
067601713,992,60,1052
067601714,860,63,923
067601715,1123,79,1202
067601716,773,44,817
067601801,1051,79,1130
067601802,953,77,1030
067601803,1284,74,1358
067601804,1435,149,1584
067601805,812,72,884
067601806,831,67,898
067601807,977,85,1062
067601808,1370,110,1480
067601809,1034,82,1116
067601810,964,70,1034
067601811,1053,98,1151
067601812,1340,100,1440
067601813,915,74,989
067601814,1005,95,1100
067601815,933,87,1020
067601816,893,82,975
068050101,621,42,663
068050102,598,46,644
068050103,707,75,782
068050104,877,66,943
068050105,330,38,368
068050106,456,54,510
068050107,740,95,835
068050108,467,55,522
068050201,314,30,344
068050202,565,63,628
068050203,1137,128,1265
068050204,1196,116,1312
068050205,1447,136,1583
068050301,225,7,232
068050302,415,33,448
068050303,987,92,1079
068050304,2011,185,2196
068050305,1310,138,1448
068050306,835,50,885
068050307,1286,141,1427
068050308,815,65,880
068050309,530,50,580
068050310,472,29,501
068050311,1253,120,1373
068050401,682,57,739
068050402,738,61,799
068050403,1718,173,1891
068050404,1417,135,1552
068050405,1625,182,1807
068050406,1018,70,1088
068050407,2284,204,2488
068050408,840,68,908
068050409,1483,78,1561
068050410,1550,98,1648
068050411,1264,159,1423
068050412,2219,222,2441
068050501,969,40,1009
068050502,960,73,1033
068050503,1156,46,1202
068050504,633,29,662
068050505,779,52,831
068050506,872,47,919
068050507,1435,85,1520
068050508,1037,49,1086
068050509,732,36,768
068050510,759,34,793
068050511,1517,103,1620
068050512,1414,123,1537
068050513,1284,116,1400
068050601,1867,223,2090
068050602,726,33,759
068050603,1022,58,1080
068050604,1035,37,1072
068050605,541,26,567
068050606,549,23,572
068050607,275,11,286
068050608,711,42,753
068050609,879,35,914
068050610,849,33,882
068050611,832,29,861
068050612,901,32,933
068050701,448,17,465
068050702,718,39,757
068050703,1002,46,1048
068050704,756,54,810
068050705,896,56,952
068050706,445,32,477
068050707,408,17,425
068050708,70,8,78
068050709,226,11,237
068050710,93,7,100
068050711,84,4,88
068050801,367,14,381
068050802,199,8,207
068050803,647,18,665
068050804,487,23,510
068050805,490,13,503
068050806,833,50,883
068050807,1407,94,1501
068050808,1644,111,1755
068050809,1542,157,1699
068050810,688,61,749
068050811,1534,140,1674
068050812,767,74,841
068050813,1780,154,1934
068050814,1417,135,1552
068050901,3,0,3
068050902,884,68,952
068050903,936,58,994
068050904,1857,115,1972
068050905,1977,213,2190
068050906,2019,236,2255
068051001,1507,83,1590
068051002,876,62,938
068051003,908,69,977
068051004,1624,100,1724
068051005,805,32,837
068051006,1255,93,1348
068051007,1416,129,1545
068051008,1805,214,2019
068051009,1657,166,1823
068051010,1301,161,1462
068051011,1147,87,1234
068051012,1136,76,1212
068051013,903,57,960
068051101,1182,83,1265
068051102,755,43,798
068051103,1971,62,2033
068051104,1594,78,1672
068051105,1267,103,1370
068051106,1092,73,1165
068051107,1335,140,1475
068051108,1956,233,2189
068051109,1465,157,1622
068051110,1647,164,1811
068051201,705,33,738
068051202,900,62,962
068051203,947,26,973
068051204,828,40,868
068051205,796,44,840
068051206,617,14,631
068051207,799,39,838
068051208,711,39,750
068051209,540,20,560
068051210,1688,82,1770
068051211,993,39,1032
068051212,1140,26,1166
068051213,775,37,812
068051214,840,47,887
068051301,1222,174,1396
068051302,1331,135,1466
068051303,1516,117,1633
068051304,1209,55,1264
068051305,1064,46,1110
068051306,879,73,952
068051307,905,47,952
068051308,1828,134,1962
068051309,968,89,1057
068051310,765,56,821
068051311,1438,110,1548
068051312,1257,83,1340
068051313,1139,70,1209
068051314,1007,70,1077
068051315,818,37,855
068051316,1048,63,1111
068051317,779,45,824
068051318,1425,58,1483
068051401,1292,102,1394
068051402,868,72,940
068051403,1138,67,1205
068051404,1168,70,1238
068051405,1555,77,1632
068051406,985,59,1044
068051407,927,71,998
068051408,949,64,1013
068051409,952,72,1024
068051410,898,56,954
068051411,1072,59,1131
068051412,1061,66,1127
068051413,1217,103,1320
068051414,1245,105,1350
068051415,1175,95,1270
068051416,1704,107,1811
068051501,801,23,824
068051502,781,26,807
068051503,1051,46,1097
068051504,1014,48,1062
068051505,1043,60,1103
068051506,1502,105,1607
068051507,1169,72,1241
068051508,1378,71,1449
068051509,1119,64,1183
068051510,1120,48,1168
068051511,1039,61,1100
068051512,693,46,739
068051513,1103,64,1167
068051601,1482,148,1630
068051602,1693,106,1799
068051603,1073,69,1142
068051604,1568,147,1715
068051605,781,47,828
068051606,1034,65,1099
068051607,1091,61,1152
068051608,1111,98,1209
068051609,1145,56,1201
068051610,1843,175,2018
068051611,1119,59,1178
068051701,1291,99,1390
068051702,1214,51,1265
068051703,655,31,686
068051704,775,42,817
068051705,1202,68,1270
068051706,1339,59,1398
068051707,1428,94,1522
068051708,1381,88,1469
068051709,1591,106,1697
068051710,1411,82,1493
068051711,1404,106,1510
068051801,745,39,784
068051802,757,46,803
068051803,1398,64,1462
068051804,1199,56,1255
068051805,1085,37,1122
068051806,825,30,855
068051807,785,54,839
068051808,1235,66,1301
068051809,1267,54,1321
068051810,1268,67,1335
068051811,1264,52,1316
068051812,1474,164,1638
068051901,791,47,838
068051902,908,33,941
068051903,906,19,925
068051904,718,30,748
068051905,928,55,983
068051906,1515,72,1587
068051907,760,27,787
068051908,654,29,683
068051909,998,44,1042
068051910,667,32,699
068051911,1399,70,1469
068051912,1247,43,1290
068051913,166,6,172
068051914,760,51,811
068052001,460,22,482
068052002,835,63,898
068052003,696,43,739
068052004,1686,119,1805
068052005,1285,72,1357
068052006,1261,160,1421
068052007,1936,198,2134
068052008,840,68,908
068052009,1141,72,1213
068052010,1073,70,1143
068052011,1280,102,1382
068052012,954,56,1010
068052013,1081,84,1165
068052014,915,45,960
068052101,994,92,1086
068052102,931,59,990
068052103,1676,139,1815
068052104,1804,142,1946
068052105,1089,75,1164
068052106,1076,92,1168
068052107,918,139,1057
068052108,1003,76,1079
068052109,1061,63,1124
068052110,1053,87,1140
068052111,1195,106,1301
068052112,1148,89,1237
068052113,1198,113,1311
068052114,966,66,1032
068052201,1485,122,1607
068052202,1651,154,1805
068052203,1523,126,1649
068052204,1666,153,1819
068052205,1689,143,1832
068052206,1355,85,1440
068052207,1201,105,1306
068052208,1046,62,1108
068052209,1384,63,1447
068052210,842,46,888
068052301,1138,110,1248
068052302,1390,135,1525
068052303,1473,139,1612
068052304,1481,106,1587
068052305,1141,115,1256
068052306,976,59,1035
068052307,1580,156,1736
068052308,793,57,850
068052309,747,55,802
068052310,1322,115,1437
068052311,705,46,751
068052312,4722,481,5203
068052313,1037,134,1171
068052314,1553,164,1717
068052315,1272,119,1391
068052401,1316,73,1389
068052402,1323,82,1405
068052403,947,61,1008
068052404,1118,61,1179
068052405,1660,136,1796
068052406,699,49,748
068052407,581,72,653
068052408,1136,88,1224
068052409,1365,136,1501
068052410,1373,95,1468
068052501,962,100,1062
068052502,946,79,1025
068052503,458,36,494
068052504,372,28,400
068052505,1298,108,1406
068052506,1465,125,1590
068052507,2073,222,2295
068052508,934,57,991
068052509,768,33,801
068052510,763,54,817
068052511,1100,67,1167
068052512,1389,123,1512
068052601,110,9,119
068052602,173,15,188
068052603,339,26,365
068052604,161,9,170
068052605,116,6,122
068052606,106,5,111
068052607,54,7,61
068052608,197,11,208
068052609,757,51,808
068052610,532,32,564
068052611,267,17,284
068052612,208,12,220
068052613,189,10,199
068052614,103,7,110
068052615,313,18,331
068052616,132,8,140
068052617,34,3,37
068052618,203,19,222
068052619,280,28,308
068052620,421,21,442
068052621,180,13,193
068400101,403,25,428
068400102,1084,66,1150
068400103,1677,160,1837
068400104,918,71,989
068400105,1634,123,1757
068400106,1311,107,1418
068400107,1415,139,1554
068400108,684,93,777
068400109,1027,68,1095
068400110,1406,94,1500
068400111,995,67,1062
068400112,1119,69,1188
068400113,1707,107,1814
068400201,1236,87,1323
068400202,1340,83,1423
068400203,875,35,910
068400204,854,51,905
068400205,923,61,984
068400206,883,24,907
068400207,745,31,776
068400208,654,20,674
068400209,1067,56,1123
068400210,788,42,830
068400211,885,42,927
068400212,1166,62,1228
068400301,1013,42,1055
068400302,1212,72,1284
068400303,916,56,972
068400304,1197,73,1270
068400305,1236,72,1308
068400306,1140,66,1206
068400307,1253,79,1332
068400308,1435,86,1521
068400309,902,51,953
068400310,802,44,846
068400311,1417,91,1508
068400312,1326,86,1412
068400401,1531,122,1653
068400402,1575,215,1790
068400403,883,66,949
068400404,732,37,769
068400405,814,50,864
068400406,785,52,837
068400407,883,43,926
068400408,420,21,441
068400409,811,41,852
068400410,1347,131,1478
068400411,957,60,1017
068400412,644,25,669
068400413,1110,62,1172
068400414,872,56,928
068400415,1077,103,1180
068400416,965,64,1029
068400417,1285,64,1349
068400501,1144,64,1208
068400502,836,38,874
068400503,905,55,960
068400504,777,59,836
068400505,843,44,887
068400506,618,30,648
068400507,832,32,864
068400508,1175,39,1214
068400509,682,22,704
068400510,883,37,920
068400511,1361,88,1449
068400512,1219,75,1294
068400601,1200,219,1419
068400602,611,18,629
068400603,790,40,830
068400604,932,40,972
068400605,1058,32,1090
068400606,1150,46,1196
068400607,796,27,823
068400608,537,28,565
068400609,615,29,644
068400610,662,32,694
068400611,556,24,580
068400612,573,31,604
068400613,892,55,947
068400614,1072,58,1130
068400615,880,56,936
068400616,928,51,979
068400701,1170,66,1236
068400702,1086,47,1133
068400703,803,29,832
068400704,811,28,839
068400705,695,27,722
068400706,752,33,785
068400707,873,35,908
068400708,984,46,1030
068400709,929,32,961
068400710,1032,34,1066
068400711,1066,43,1109
068400801,776,27,803
068400802,568,18,586
068400803,525,20,545
068400804,850,50,900
068400805,968,45,1013
068400806,638,34,672
068400807,733,29,762
068400808,642,31,673
068400809,1094,42,1136
068400810,615,29,644
068400811,847,26,873
068400812,1034,45,1079
068400901,891,33,924
068400902,574,22,596
068400903,794,27,821
068400904,674,21,695
068400905,535,15,550
068400906,691,23,714
068400907,711,25,736
068400908,605,20,625
068400909,611,13,624
068400910,796,19,815
068401001,1060,47,1107
068401002,1152,40,1192
068401003,539,21,560
068401004,679,22,701
068401005,557,16,573
068401006,689,23,712
068401007,714,22,736
068401008,519,20,539
068401009,379,8,387
068401010,562,16,578
068401011,600,15,615
068401012,482,11,493
068401013,528,20,548
068401101,745,22,767
068401102,696,22,718
068401103,482,19,501
068401104,289,11,300
068401105,754,39,793
068401106,1035,39,1074
068401107,702,37,739
068401108,1128,34,1162
068401109,770,32,802
068401110,1085,46,1131
068401111,955,45,1000
068401112,862,49,911
068401201,959,32,991
068401202,995,41,1036
068401203,965,39,1004
068401204,514,22,536
068401205,833,44,877
068401206,16,1,17
068401207,589,25,614
068401208,630,26,656
068401209,761,32,793
068401210,830,39,869
068401211,1005,33,1038
068401301,877,37,914
068401302,537,19,556
068401303,1049,41,1090
068401304,882,41,923
068401305,740,23,763
068401306,591,23,614
068401307,495,17,512
068401308,563,15,578
068401309,838,25,863
068401310,1137,45,1182
068401311,716,34,750
068401312,891,28,919
068401313,439,12,451
068401314,550,25,575
068401401,922,41,963
068401402,603,22,625
068401403,662,32,694
068401404,1238,45,1283
068401405,816,22,838
068401406,653,20,673
068401407,758,23,781
068401408,439,18,457
068401409,818,29,847
068401410,864,31,895
068401501,560,27,587
068401502,1001,26,1027
068401503,653,32,685
068401504,650,17,667
068401505,920,34,954
068401506,930,26,956
068401507,465,19,484
068401508,516,16,532
068401509,841,38,879
068401510,904,26,930
068401511,463,10,473
068401512,523,14,537
068401513,832,22,854
068401514,845,36,881
068401601,665,31,696
068401602,705,22,727
068401603,763,21,784
068401604,737,31,768
068401605,822,34,856
068401606,783,26,809
068401607,596,25,621
068401608,825,34,859
068401609,756,25,781
068401610,573,23,596
068401611,479,14,493
068401612,523,26,549
068401613,735,15,750
068401614,429,20,449
068401701,673,34,707
068401702,1070,34,1104
068401703,877,39,916
068401704,665,35,700
068401705,839,19,858
068401706,1119,33,1152
068401707,604,23,627
068401708,799,36,835
068401709,534,33,567
068401710,665,39,704
068401711,532,15,547
068401712,594,26,620
068401713,534,24,558
068401801,404,24,428
068401802,667,16,683
068401803,462,19,481
068401804,459,19,478
068401805,411,19,430
068401806,869,32,901
068401807,968,22,990
068401808,1084,37,1121
068401809,951,54,1005
068401810,993,47,1040
068401811,592,21,613
068401812,599,21,620
068401813,921,43,964
068401814,679,45,724
068401901,440,17,457
068401902,594,26,620
068401903,859,29,888
068401904,1164,32,1196
068401905,899,38,937
068401906,1124,41,1165
068401907,724,15,739
068401908,923,45,968
068401909,702,39,741
068401910,570,16,586
068401911,945,38,983
068401912,846,36,882
068402001,760,32,792
068402002,787,27,814
068402003,1049,38,1087
068402004,942,40,982
068402005,872,46,918
068402006,883,44,927
068402007,793,40,833
068402008,731,31,762
068402009,916,52,968
068402010,686,31,717
068402011,1029,69,1098
068402101,720,13,733
068402102,585,17,602
068402103,431,18,449
068402104,654,19,673
068402105,662,32,694
068402106,1064,31,1095
068402107,1008,44,1052
068402108,960,63,1023
068402109,1186,79,1265
068402110,1221,63,1284
068402201,1172,85,1257
068402202,905,29,934
068402203,973,54,1027
068402204,881,32,913
068402205,785,52,837
068402206,884,45,929
068402207,1041,39,1080
068402208,1121,70,1191
068402301,694,29,723
068402302,787,29,816
068402303,469,24,493
068402304,619,22,641
068402305,981,46,1027
068402306,542,25,567
068402307,533,24,557
068402308,1358,104,1462
068402309,652,30,682
068402310,873,34,907
068402401,967,31,998
068402402,771,28,799
068402403,542,23,565
068402404,684,38,722
068402405,819,64,883
068402406,845,43,888
068402407,845,40,885
068402408,656,37,693
068402409,686,43,729
068402410,488,21,509
068402501,398,31,429
068402502,191,14,205
068402503,530,48,578
068402504,757,88,845
068402505,467,46,513
068402506,1138,123,1261
068402507,408,43,451
068402508,475,50,525
068402509,508,43,551
068402510,828,72,900
068402511,734,47,781
068402601,1535,126,1661
068402602,3172,254,3426
068402603,1105,82,1187
068402604,459,24,483
068402605,934,54,988
068402606,2941,176,3117
068402607,504,42,546
068402608,14,0,14
068402701,680,27,707
068402702,1109,69,1178
068402703,1003,67,1070
068402704,1023,58,1081
068402705,249,7,256
068402706,374,10,384
068402707,716,22,738
068402708,800,36,836
068402709,772,36,808
068402710,947,51,998
068402711,647,28,675
068402712,915,52,967
068402713,791,25,816
068402801,925,66,991
068402802,859,49,908
068402803,622,45,667
068402804,777,55,832
068402805,1167,56,1223
068402806,852,44,896
068402807,1120,51,1171
068402808,662,18,680
068402809,857,46,903
068402810,658,46,704
068402811,963,67,1030
068402901,925,44,969
068402902,699,36,735
068402903,1411,94,1505
068402904,870,30,900
068402905,1075,46,1121
068402906,647,29,676
068402907,913,41,954
068402908,772,31,803
068402909,952,35,987
068402910,1065,37,1102
068402911,503,30,533
068403001,697,15,712
068403002,438,23,461
068403003,724,33,757
068403004,789,37,826
068403005,450,22,472
068403006,620,24,644
068403007,636,28,664
068403008,888,61,949
068403009,598,18,616
068403010,493,16,509
068403011,765,21,786
068403012,441,13,454
068403013,452,17,469
068403101,333,33,366
068403102,904,31,935
068403103,827,31,858
068403104,685,28,713
068403105,905,35,940
068403106,921,53,974
068403107,780,18,798
068403108,854,27,881
068403109,989,36,1025
068403110,743,30,773
068403201,387,16,403
068403202,807,28,835
068403203,635,22,657
068403204,833,28,861
068403205,816,42,858
068403206,691,30,721
068403207,807,33,840
068403208,878,31,909
068403209,829,33,862
068610101,648,29,677
068610102,445,15,460
068610103,547,13,560
068610104,715,22,737
068610105,728,26,754
068610106,513,28,541
068610107,533,7,540
068610108,683,36,719
068610109,667,27,694
068610110,519,15,534
068610111,481,10,491
068610201,743,50,793
068610202,556,17,573
068610203,343,16,359
068610204,874,23,897
068610205,448,13,461
068610206,393,17,410
068610207,521,11,532
068610208,282,8,290
068610209,823,28,851
068610210,873,33,906
068610211,706,31,737
068610212,497,21,518
068610301,640,22,662
068610302,555,22,577
068610303,737,16,753
068610304,737,20,757
068610305,508,19,527
068610306,464,11,475
068610307,484,21,505
068610308,571,6,577
068610309,318,8,326
068610310,435,8,443
068610311,581,11,592
068610401,460,15,475
068610402,476,12,488
068610403,492,12,504
068610404,312,3,315
068610405,504,16,520
068610406,573,28,601
068610407,741,39,780
068610408,377,11,388
068610409,560,19,579
068610410,671,12,683
068610411,453,15,468
068610501,577,14,591
068610502,406,8,414
068610503,536,12,548
068610504,662,27,689
068610505,600,15,615
068610506,0,0,0
068610507,497,11,508
068610508,978,27,1005
068610509,637,13,650
068610601,231,7,238
068610602,400,11,411
068610603,670,28,698
068610604,509,15,524
068610605,273,5,278
068610606,556,21,577
068610607,522,13,535
068610608,317,6,323
068610609,567,9,576
068610610,857,35,892
068610611,317,16,333
068610701,734,27,761
068610702,476,15,491
068610703,489,16,505
068610704,683,21,704
068610705,684,27,711
068610706,436,24,460
068610707,658,15,673
068610708,645,18,663
068610709,797,36,833
068610801,683,20,703
068610802,731,25,756
068610803,537,21,558
068610804,767,24,791
068610805,412,10,422
068610806,564,23,587
068610807,437,18,455
068610808,625,14,639
068610809,393,12,405
068610810,781,33,814
068610811,466,10,476
068610901,786,29,815
068610902,427,14,441
068610903,548,22,570
068610904,593,18,611
068610905,998,36,1034
068610906,823,25,848
068610907,793,21,814
068610908,567,16,583
068610909,287,9,296
068610910,640,20,660
068610911,1077,44,1121
068610912,790,25,815
068611001,893,36,929
068611002,985,44,1029
068611003,1007,34,1041
068611004,922,33,955
068611005,885,35,920
068611006,851,38,889
068611007,799,35,834
068611008,843,42,885
068611009,732,24,756
068611010,808,16,824
068611101,899,33,932
068611102,682,23,705
068611103,751,28,779
068611104,594,14,608
068611105,573,24,597
068611106,880,33,913
068611107,1030,47,1077
068611108,607,23,630
068611109,766,26,792
068611110,585,21,606
068611201,619,20,639
068611202,699,25,724
068611203,465,23,488
068611204,504,22,526
068611205,849,26,875
068611206,625,24,649
068611207,817,47,864
068611208,852,24,876
068611209,805,27,832
068611301,390,13,403
068611302,491,19,510
068611303,502,15,517
068611304,631,38,669
068611305,670,15,685
068611306,899,26,925
068611307,656,16,672
068611308,626,14,640
068611309,904,19,923
068611401,555,16,571
068611402,472,15,487
068611403,587,21,608
068611404,770,43,813
068611405,505,16,521
068611406,464,17,481
068611407,811,25,836
068611408,698,19,717
068611409,883,43,926
068611410,610,28,638
068611411,324,12,336
068611412,427,7,434
068611501,486,16,502
068611502,554,15,569
068611503,929,29,958
068611504,213,8,221
068611505,351,12,363
068611506,669,23,692
068611507,703,28,731
068611508,797,27,824
068611509,491,11,502
068611510,950,35,985
068611601,541,21,562
068611602,487,21,508
068611603,702,32,734
068611604,841,21,862
068611605,811,31,842
068611606,766,25,791
068611607,836,34,870
068611608,725,20,745
068611609,985,34,1019
068611610,845,38,883
068611611,784,39,823
068611701,875,40,915
068611702,854,29,883
068611703,698,27,725
068611704,581,36,617
068611705,688,30,718
068611706,710,30,740
068611707,946,50,996
068611708,865,53,918
068611709,848,29,877
068611801,983,42,1025
068611802,960,29,989
068611803,825,33,858
068611804,650,29,679
068611805,514,25,539
068611806,906,29,935
068611807,811,29,840
068611808,807,28,835
068611809,846,29,875
068611810,968,32,1000
068611901,738,17,755
068611902,268,7,275
068611903,676,22,698
068611904,751,32,783
068611905,915,32,947
068611906,793,25,818
068611907,875,27,902
068611908,740,16,756
068611909,802,41,843
068611910,732,22,754
068611911,873,36,909
068611912,985,37,1022
068611913,594,19,613
068611914,718,18,736
068611915,501,20,521
068612001,923,11,934
068612002,677,6,683
068612003,870,13,883
068612004,761,9,770
068612005,828,6,834
068612006,877,10,887
068612007,760,11,771
068612008,574,8,582
068612101,926,37,963
068612102,740,24,764
068612103,824,21,845
068612104,832,39,871
068612105,756,24,780
068612106,944,30,974
068612107,906,31,937
068612108,1034,39,1073
068612109,719,22,741
068612201,820,36,856
068612202,925,27,952
068612203,879,28,907
068612204,769,38,807
068612205,912,36,948
068612206,835,31,866
068612207,929,37,966
068612208,977,33,1010
068612209,603,19,622
068612210,616,20,636
068612211,556,20,576
068612212,530,22,552
068612301,1215,78,1293
068612302,1060,58,1118
068612303,1138,46,1184
068612304,995,105,1100
068612305,1279,111,1390
068612306,452,22,474
068612307,1163,60,1223
068612308,606,28,634
068612309,711,37,748
068612401,1056,51,1107
068612402,1081,41,1122
068612403,679,34,713
068612404,645,24,669
068612405,1047,32,1079
068612406,754,27,781
068612407,1165,55,1220
068612408,1029,34,1063
068612409,850,41,891
068612410,879,36,915
068612411,1165,50,1215
068612501,620,22,642
068612502,1210,46,1256
068612503,1022,41,1063
068612504,662,45,707
068612505,838,37,875
068612506,796,37,833
068612507,768,30,798
068612508,999,40,1039
068612509,990,26,1016
068612601,1024,45,1069
068612602,770,27,797
068612603,695,21,716
068612604,796,31,827
068612605,819,31,850
068612606,823,29,852
068612607,841,27,868
068612608,1099,41,1140
068612609,855,38,893
068612610,832,38,870
068612701,875,27,902
068612702,775,27,802
068612703,756,35,791
068612704,645,24,669
068612705,678,29,707
068612706,787,30,817
068612707,857,24,881
068612708,887,37,924
068612709,688,24,712
068612710,775,27,802
068612801,445,18,463
068612802,900,29,929
068612803,650,20,670
068612804,746,40,786
068612805,635,26,661
068612806,694,22,716
068612807,677,28,705
068612808,492,19,511
068612809,680,22,702
068612810,765,25,790
068612901,1463,66,1529
068612902,739,31,770
068612903,892,33,925
068612904,696,30,726
068612905,799,40,839
068612906,519,27,546
068612907,755,49,804
068612908,1644,92,1736
068612909,704,60,764
068612910,862,28,890
068612911,670,30,700
068612912,461,14,475
068613001,731,35,766
068613002,999,65,1064
068613003,1130,99,1229
068613004,1557,184,1741
068613005,789,59,848
068613006,783,82,865
068613007,944,76,1020
068613008,200,8,208
068613009,1326,76,1402
068613010,561,20,581
068613011,712,43,755
068613012,912,32,944
068613101,1151,54,1205
068613102,1468,44,1512
068613103,906,38,944
068613104,1751,50,1801
068613105,639,20,659
068613106,941,42,983
068613107,1194,41,1235
068613108,1158,59,1217
068613109,946,42,988
068613110,1096,57,1153
068613201,499,9,508
068613202,976,6,982
068613203,175,5,180
068613204,225,0,225
068613205,328,3,331
068613206,659,17,676
068613207,1012,23,1035
068613208,607,11,618
068613209,460,19,479
068613210,896,13,909
068613301,881,5,886
068613302,904,19,923
068613303,914,7,921
068613304,592,14,606
068613305,893,12,905
068613306,640,7,647
068613307,830,6,836
068613308,809,10,819
068613309,934,11,945
068613310,987,12,999
060070101,437,27,464
060070102,627,32,659
060070103,24,1,25
060070104,2,0,2
060070105,29,2,31
060070106,14,0,14
060070107,197,14,211
060070108,19,4,23
060070109,13,5,18
060070110,18,1,19
060070111,16,1,17
060070112,13,0,13
060070113,33,2,35
060070114,53,3,56
060070115,351,28,379
060070201,30,2,32
060070202,16,0,16
060070203,35,3,38
060070204,15,0,15
060070205,15,2,17
060070206,32,1,33
060070207,3,0,3
060070208,9,0,9
060070209,14,1,15
060070301,13,0,13
060070302,19,1,20
060070303,40,5,45
060070304,28,3,31
060070305,6,0,6
060070306,52,9,61
060070307,15,1,16
060070308,21,2,23
060070401,24,0,24
060070402,170,9,179
060070403,520,25,545
060070404,647,30,677
060070405,771,47,818
060070406,363,20,383
060070407,453,52,505
060070408,19,1,20
060070409,13,0,13
060070410,5,0,5
060070411,11,0,11
060070412,1,1,2
060070413,13,1,14
060070501,98,5,103
060070502,0,0,0
060070503,14,1,15
060070504,22,1,23
060070505,7,0,7
060070506,8,1,9
060070507,9,1,10
060070508,6,0,6
060070509,17,0,17
060070510,8,0,8
060070511,11,1,12
060070512,14,1,15
060070513,3,0,3
060070514,25,1,26
060070515,30,1,31
060070516,10,0,10
060070601,409,17,426
060070602,20,0,20
060070603,16,0,16
060070604,1,0,1
060070605,19,1,20
060070606,33,2,35
060070607,1,0,1
060070608,12,1,13
060070609,19,1,20
060070610,19,0,19
060070611,16,0,16
060070612,108,10,118
060070613,18,0,18
060070614,8,2,10
060070615,20,2,22
060070701,29,1,30
060070702,614,35,649
060070703,14,1,15
060070704,10,0,10
060070801,87,9,96
060070802,307,32,339
060070803,719,23,742
060070804,559,31,590
060070805,428,39,467
060070806,732,28,760
060070807,732,27,759
060070808,576,28,604
060070809,844,48,892
060070810,719,24,743
060070811,564,33,597
060070812,476,24,500
060070813,586,38,624
060070814,959,43,1002
060070901,8,0,8
060070902,20,5,25
060070903,14,0,14
060070904,10,0,10
060070905,4,0,4
060070906,14,0,14
060071001,20,1,21
060071002,5,0,5
060071003,11,1,12
060071004,11,0,11
060071005,32,2,34
060071006,28,0,28
060071007,14,0,14
060071008,5,1,6
060071009,15,1,16
060071010,31,0,31
060071011,23,1,24
060071012,8,0,8
060071101,34,3,37
060071102,0,0,0
060071103,10,3,13
060071104,19,5,24
060071105,14,0,14
060071106,6,0,6
060071107,12,0,12
060071108,18,1,19
060071109,0,0,0
060071110,13,1,14
060071111,17,1,18
060140101,59,4,63
060140201,33,2,35
060140301,190,12,202
060140302,92,3,95
060140401,89,6,95
060140501,339,14,353
060140502,114,11,125
060140503,91,7,98
060140504,766,41,807
060140505,387,18,405
060140601,40,3,43
060140701,36,1,37
060140801,65,5,70
060140901,37,0,37
060141001,332,32,364
060141002,76,6,82
060141003,405,29,434
060141004,499,30,529
060141005,606,41,647
060141006,534,24,558
060141007,418,47,465
060141008,638,33,671
060141009,665,34,699
060141010,865,29,894
060141011,699,27,726
060141012,495,37,532
060141013,719,42,761
060141014,541,33,574
060141015,869,53,922
060141101,48,3,51
060141201,48,3,51
060141202,31,1,32
060141301,60,3,63
060141401,14,0,14
060141501,6,0,6
060210101,15,0,15
060210102,13,0,13
060210201,387,13,400
060210202,361,20,381
060210203,41,1,42
060210204,19,0,19
060210205,11,0,11
060210206,160,8,168
060210207,31,2,33
060210301,15,1,16
060210302,19,0,19
060210401,28,3,31
060210402,11,1,12
060210501,366,26,392
060210502,28,1,29
060210503,10,1,11
060210601,306,25,331
060210602,1128,60,1188
060210603,670,31,701
060210604,993,61,1054
060210605,570,18,588
060210606,691,36,727
060210607,1063,67,1130
060210608,346,15,361
060210609,73,4,77
060210610,262,24,286
060210611,879,46,925
060210612,596,39,635
060210701,17,0,17
060210702,10,1,11
060210801,168,14,182
060210802,11,0,11
060210803,35,4,39
060210804,37,2,39
060210901,29,2,31
060210902,18,1,19
060210903,30,1,31
060210904,33,0,33
060211001,24,3,27
060211002,104,5,109
060211003,22,2,24
060420101,1189,105,1294
060420102,643,25,668
060420103,643,34,677
060420104,566,19,585
060420105,659,30,689
060420106,609,48,657
060420107,607,45,652
060420108,888,25,913
060420109,1081,62,1143
060420201,136,10,146
060420301,154,15,169
060420401,105,9,114
060420501,271,11,282
060420601,136,15,151
060420701,146,10,156
060420801,100,10,110
060420901,218,20,238
060421001,133,11,144
060421101,53,4,57
060421102,405,34,439
060421103,827,86,913
060421201,126,11,137
060421301,86,4,90
060421401,149,9,158
060421501,90,13,103
060421601,74,1,75
060421701,99,6,105
060421801,55,2,57
060421901,923,80,1003
060421902,793,44,837
060421903,1055,85,1140
060421904,742,39,781
060421905,763,35,798
060421906,747,48,795
060421907,686,42,728
060421908,701,57,758
060421909,1411,149,1560
060490101,566,34,600
060490102,446,19,465
060490103,626,21,647
060490104,607,21,628
060490105,579,28,607
060490106,523,13,536
060490107,679,16,695
060490108,703,19,722
060490109,553,15,568
060490110,812,45,857
060490111,702,59,761
060490112,427,41,468
060490113,663,23,686
060490114,777,34,811
060490115,591,65,656
060490116,577,53,630
060490201,578,32,610
060490202,671,37,708
060490203,643,32,675
060490204,973,37,1010
060490205,1189,83,1272
060490206,712,29,741
060490207,594,23,617
060490208,758,30,788
060490209,864,49,913
060490210,606,70,676
060490211,780,30,810
060490212,849,66,915
060490213,689,59,748
060490301,119,9,128
060490302,67,4,71
060490401,336,19,355
060490402,251,22,273
060490403,259,19,278
060490404,260,16,276
060490405,397,37,434
060490406,421,38,459
060490407,538,48,586
060490501,600,28,628
060490502,539,20,559
060490503,537,25,562
060490504,1105,48,1153
060490505,787,40,827
060490506,633,22,655
060490507,772,35,807
060490508,1017,49,1066
060490601,780,38,818
060490602,725,52,777
060490603,1072,62,1134
060490604,686,42,728
060490605,658,31,689
060490606,933,45,978
060490607,918,54,972
060490608,1197,94,1291
060490609,908,56,964
060490610,426,30,456
060490611,1041,83,1124
060490612,885,92,977
060490613,1291,106,1397
060490614,862,68,930
060490615,420,36,456
060490701,13,1,14
060490702,84,5,89
060490801,47,3,50
060490901,81,6,87
060491001,296,17,313
060491002,278,22,300
060491003,465,31,496
060491004,255,18,273
060491005,282,21,303
060491006,302,14,316
060491007,344,17,361
060491008,457,33,490
060491009,149,9,158
060491101,71,6,77
060491102,89,9,98
060491201,94,5,99
060491301,84,3,87
060491401,42,3,45
060491402,44,5,49
060491501,78,9,87
060491601,78,12,90
060491701,83,10,93
060491801,231,18,249
060491901,142,13,155
060492001,944,37,981
060492002,986,30,1016
060492003,101,5,106
060492004,78,4,82
060492005,45,4,49
060492006,461,45,506
060492007,503,25,528
060492101,121,5,126
060492102,150,8,158
060492201,222,12,234
060492301,138,13,151
060492401,51,2,53
060492501,873,67,940
060492502,1460,103,1563
060492503,528,33,561
060492504,910,58,968
060492505,836,102,938
060492506,675,33,708
060492507,1186,83,1269
060492508,1009,52,1061
060492509,1247,72,1319
060492510,902,75,977
060560101,675,8,683
060560102,707,21,728
060560103,723,14,737
060560104,328,4,332
060560105,379,7,386
060560106,344,6,350
060560107,382,5,387
060560108,979,19,998
060560109,349,6,355
060560110,467,11,478
060560111,577,13,590
060560112,531,9,540
060560113,505,12,517
060560114,392,4,396
060560115,495,15,510
060560116,447,16,463
060560117,444,10,454
060560118,342,11,353
060560119,610,10,620
060560201,910,105,1015
060560202,1101,109,1210
060560203,534,12,546
060560204,584,14,598
060560205,541,22,563
060560206,414,18,432
060560207,659,27,686
060560208,835,22,857
060560209,663,19,682
060560210,734,21,755
060560211,908,40,948
060560212,856,40,896
060560213,439,12,451
060560214,613,26,639
060560301,349,11,360
060560302,447,5,452
060560303,635,14,649
060560304,654,22,676
060560305,291,10,301
060560306,649,9,658
060560307,584,20,604
060560308,457,17,474
060560309,533,18,551
060560310,676,28,704
060560311,871,36,907
060560312,585,20,605
060560401,984,36,1020
060560402,675,43,718
060560403,909,43,952
060560404,1129,53,1182
060560405,1065,31,1096
060560406,1032,37,1069
060560407,765,24,789
060560408,614,21,635
060560409,524,20,544
060560410,401,20,421
060560501,678,19,697
060560502,879,107,986
060560503,1223,114,1337
060560504,1089,40,1129
060560505,487,14,501
060560506,846,32,878
060560507,855,59,914
060560508,564,37,601
060560509,1073,49,1122
060560601,822,46,868
060560602,882,40,922
060560603,1003,54,1057
060560604,558,35,593
060560605,1199,69,1268
060560606,485,25,510
060560607,1138,57,1195
060560608,1027,62,1089
060560609,1084,54,1138
060560701,1040,46,1086
060560702,726,20,746
060560703,985,44,1029
060560704,1010,33,1043
060560705,633,32,665
060560706,676,29,705
060560707,1001,58,1059
060560708,746,28,774
060560709,1068,58,1126
060560710,906,28,934
060560711,1051,79,1130
060560801,1482,114,1596
060560802,1539,109,1648
060560803,1148,71,1219
060560804,1308,128,1436
060560805,1364,104,1468
060560806,762,53,815
060560807,743,62,805
060560808,274,18,292
060560809,1625,159,1784
060560810,613,64,677
060560811,64,8,72
060560812,843,73,916
060560813,1044,101,1145
060560814,1319,115,1434
060560815,659,91,750
060560901,601,13,614
060560902,602,17,619
060560903,546,25,571
060560904,612,14,626
060560905,541,15,556
060560906,790,22,812
060560907,576,26,602
060560908,626,20,646
060560909,436,29,465
060560910,473,20,493
060560911,551,27,578
060561001,273,8,281
060561002,349,6,355
060561003,490,9,499
060561004,615,16,631
060561005,386,11,397
060561006,350,10,360
060561007,508,13,521
060561008,680,31,711
060561009,520,10,530
060561010,477,15,492
060561011,475,11,486
060561101,462,11,473
060561102,329,12,341
060561103,301,6,307
060561104,389,7,396
060561105,368,4,372
060561106,372,8,380
060561107,458,10,468
060561108,400,11,411
060561109,331,4,335
060561110,612,19,631
060561111,435,8,443
060561112,567,17,584
060561113,485,11,496
060561114,404,16,420
060561201,566,15,581
060561202,516,14,530
060561203,367,8,375
060561204,557,14,571
060561205,476,5,481
060561206,435,7,442
060561207,357,5,362
060561208,466,8,474
060561209,480,11,491
060561210,238,6,244
060561211,309,5,314
060561301,994,17,1011
060561302,664,15,679
060561303,584,15,599
060561304,310,7,317
060561305,383,5,388
060561306,569,17,586
060561307,618,16,634
060561308,612,2,614
060561309,323,2,325
060561310,478,13,491
060561401,451,21,472
060561402,539,10,549
060561403,527,11,538
060561404,483,12,495
060561405,422,14,436
060561406,904,24,928
060561407,487,16,503
060561408,577,5,582
060561409,361,6,367
060561410,569,17,586
060561411,530,14,544
060561412,349,14,363
060561413,662,14,676
060561414,686,17,703
060561415,311,7,318
060561416,637,18,655
060561417,568,12,580
060561418,436,10,446
060561419,525,16,541
060561420,181,1,182
060561421,343,12,355
060561501,897,63,960
060561502,1155,97,1252
060561503,879,49,928
060561504,637,38,675
060561505,798,41,839
060561506,948,72,1020
060561507,820,39,859
060561508,1154,73,1227
060561509,537,31,568
060561510,596,19,615
060561511,664,31,695
060561512,1113,59,1172
060561513,670,49,719
060561514,1065,67,1132
060561515,1289,78,1367
060561516,534,34,568
060561517,503,44,547
060561601,542,15,557
060561602,520,22,542
060561603,575,21,596
060561604,435,12,447
060561605,732,26,758
060561606,407,11,418
060561607,437,13,450
060561608,808,20,828
060561609,741,33,774
060561610,678,17,695
060561611,729,25,754
060561612,551,11,562
060561613,711,23,734
060561614,560,12,572
060561701,825,34,859
060561702,791,23,814
060561703,810,26,836
060561704,537,19,556
060561705,401,8,409
060561706,741,19,760
060561707,783,23,806
060561708,605,16,621
060561709,625,23,648
060561710,581,23,604
060561801,1024,40,1064
060561802,948,41,989
060561803,533,21,554
060561804,760,37,797
060561805,773,39,812
060561806,751,23,774
060561807,880,30,910
060561808,877,40,917
060561809,799,35,834
060561810,685,20,705
060561901,938,46,984
060561902,911,35,946
060561903,1182,56,1238
060561904,1034,64,1098
060561905,1266,87,1353
060561906,1208,45,1253
060561907,1206,90,1296
060561908,788,90,878
060561909,723,60,783
060561910,1534,172,1706
060561911,928,38,966
060561912,1118,75,1193
060561913,1157,90,1247
060561914,623,25,648
060562001,962,27,989
060562002,913,23,936
060562003,746,21,767
060562004,712,23,735
060562005,856,21,877
060562006,580,9,589
060562007,506,10,516
060562008,475,16,491
060562009,503,17,520
060562010,545,24,569
060562101,840,40,880
060562102,752,23,775
060562103,564,21,585
060562104,616,34,650
060562105,876,32,908
060562106,523,12,535
060562107,1016,85,1101
060562108,480,29,509
060562109,618,25,643
060562110,691,29,720
060562111,981,65,1046
060562201,873,32,905
060562202,880,34,914
060562203,1010,60,1070
060562204,1131,56,1187
060562205,763,50,813
060562206,983,79,1062
060562207,624,28,652
060562208,1069,52,1121
060562209,554,19,573
060562210,740,37,777
060562211,628,30,658
060562212,416,25,441
060562213,885,111,996
060562214,929,50,979
060562215,887,42,929
060562216,857,43,900
060562217,932,46,978
060562301,592,92,684
060562302,835,65,900
060562303,1002,91,1093
060562304,1525,92,1617
060562305,665,37,702
060562306,922,69,991
060562307,801,62,863
060562308,810,42,852
060562309,1151,63,1214
060562310,725,32,757
060562311,510,24,534
060562312,540,35,575
060562313,608,42,650
060562314,853,63,916
060562315,784,49,833
060562316,890,81,971
060562401,1156,73,1229
060562402,1496,109,1605
060562403,913,68,981
060562404,1131,70,1201
060562405,1073,69,1142
060562406,1294,77,1371
060562407,1212,53,1265
060562408,2111,331,2442
060562409,1146,72,1218
060562410,794,57,851
060562411,520,30,550
060562412,1391,94,1485
060562413,1201,116,1317
060562414,666,59,725
060562415,722,67,789
060562416,1078,108,1186
060562417,516,38,554
060562501,1105,60,1165
060562502,1913,94,2007
060562503,863,68,931
060562504,1225,83,1308
060562505,1159,67,1226
060562506,1310,82,1392
060562507,1237,62,1299
060562508,1057,55,1112
060562509,1053,75,1128
060562510,894,48,942
060562511,901,39,940
060562512,976,45,1021
060562513,696,25,721
060562514,719,26,745
060562515,645,20,665
060562516,767,23,790
060562601,865,66,931
060562602,902,52,954
060562603,927,64,991
060562604,361,22,383
060562605,816,56,872
060562606,503,41,544
060562607,907,27,934
060562608,902,21,923
060562609,607,17,624
060562610,1703,115,1818
060562611,1216,105,1321
060562612,487,27,514
060562613,1320,119,1439
060562614,1103,91,1194
060562615,806,93,899
060562616,870,87,957
060562617,1398,154,1552
060562618,642,58,700
060562619,618,62,680
060562701,179,13,192
060562702,729,58,787
060562703,963,82,1045
060562704,889,67,956
060562705,380,13,393
060562706,297,21,318
060562707,998,87,1085
060562708,471,30,501
060562801,46,4,50
060562901,36,4,40
060563001,120,8,128
060563002,384,21,405
060563003,516,24,540
060563004,507,23,530
060563005,286,19,305
060563006,177,9,186
060563007,68,7,75
060563101,130,6,136
060563201,37,5,42
060563202,582,28,610
060563203,983,81,1064
060563204,280,28,308
060563205,935,52,987
060563206,1022,57,1079
060563207,518,43,561
060563208,792,60,852
060563209,1072,66,1138
060563210,833,46,879
060563211,848,58,906
060563212,22,0,22
060630101,884,60,944
060630102,822,35,857
060630103,912,60,972
060630104,1017,107,1124
060630105,1142,87,1229
060630106,756,19,775
060630107,749,25,774
060630108,1000,59,1059
060630109,1092,84,1176
060630110,604,39,643
060630111,702,34,736
060630112,563,17,580
060630113,620,26,646
060630114,666,40,706
060630115,1003,72,1075
060630116,709,52,761
060630117,646,40,686
060630201,1261,78,1339
060630202,750,24,774
060630203,731,20,751
060630204,873,70,943
060630205,946,43,989
060630206,436,55,491
060630207,884,41,925
060630208,897,24,921
060630301,29,2,31
060630302,423,24,447
060630303,131,9,140
060630304,46,2,48
060630305,80,5,85
060630306,56,4,60
060630401,21,1,22
060630402,59,7,66
060630403,51,3,54
060630404,89,7,96
060630405,44,2,46
060630406,68,8,76
060630501,27,2,29
060630502,34,5,39
060630601,98,8,106
060630602,55,3,58
060630603,63,4,67
060630604,62,9,71
060630605,75,3,78
060630606,34,2,36
060630607,38,2,40
060630701,1430,81,1511
060630702,571,75,646
060630703,978,54,1032
060630704,724,56,780
060630705,511,36,547
060630706,1125,81,1206
060630707,641,41,682
060630708,1258,82,1340
060630709,804,59,863
060630801,10,2,12
060630802,148,11,159
060630803,19,1,20
060630804,70,1,71
060630805,129,9,138
060630806,167,9,176
060630901,211,15,226
060630902,32,1,33
060630903,36,1,37
060630904,10,2,12
060630905,22,2,24
060630906,242,11,253
060631001,52,2,54
060631002,318,22,340
060631003,83,6,89
060631004,46,6,52
060631101,63,3,66
060631102,131,9,140
060631103,97,8,105
060631104,138,3,141
060631105,105,8,113
060631106,98,8,106
060631107,42,3,45
060631201,40,6,46
060631202,39,3,42
060631203,18,1,19
060631301,626,16,642
060631302,877,27,904
060631303,1110,36,1146
060631304,771,29,800
060631305,787,21,808
060631306,792,27,819
060631307,1001,52,1053
060631308,991,52,1043
060700101,410,14,424
060700102,350,5,355
060700103,578,17,595
060700104,355,15,370
060700105,574,18,592
060700106,773,52,825
060700107,731,41,772
060700108,664,36,700
060700109,799,31,830
060700110,712,34,746
060700111,386,15,401
060700112,322,9,331
060700113,412,16,428
060700201,1289,102,1391
060700202,893,69,962
060700203,507,55,562
060700204,1004,51,1055
060700205,1037,76,1113
060700206,1160,109,1269
060700207,457,19,476
060700208,924,71,995
060700209,829,64,893
060700210,1443,147,1590
060700211,733,67,800
060700212,1139,77,1216
060700213,816,63,879
060700214,999,52,1051
060700215,854,55,909
060700216,597,57,654
060700217,362,55,417
060700218,435,32,467
060700301,226,10,236
060700302,227,12,239
060700303,276,31,307
060700304,195,20,215
060700305,1338,140,1478
060700306,1453,177,1630
060700401,1068,88,1156
060700402,42,4,46
060700403,52,0,52
060700404,335,19,354
060700501,91,6,97
060700502,66,4,70
060700601,42,2,44
060700602,106,4,110
060700701,50,0,50
060700702,55,2,57
060700801,344,19,363
060700802,17,2,19
060700803,23,1,24
060700804,38,4,42
060700805,37,1,38
060700806,13,2,15
060700901,11,1,12
060700902,9,0,9
060700903,31,1,32
060700904,13,0,13
060701001,168,22,190
060701002,67,4,71
060701003,39,4,43
060701004,21,1,22
060701101,17,1,18
060701102,8,1,9
060701201,50,8,58
060701202,51,4,55
060770101,956,127,1083
060770102,841,59,900
060770103,633,23,656
060770104,591,24,615
060770105,731,26,757
060770106,1004,35,1039
060770107,310,32,342
060770108,569,20,589
060770109,745,26,771
060770201,55,7,62
060770202,49,4,53
060770301,38,4,42
060770302,16,1,17
060770401,672,31,703
060770402,435,14,449
060770403,35,2,37
060770404,21,1,22
060770405,42,4,46
060770501,1012,59,1071
060770502,587,42,629
060770503,927,56,983
060770504,459,23,482
060770505,806,68,874
060770506,75,4,79
060770507,35,5,40
060770508,56,1,57
060770509,1336,83,1419
060770510,1873,191,2064
060770511,843,50,893
060770512,517,34,551
060770513,552,42,594
060770514,290,16,306
060770601,57,5,62
060770602,72,6,78
060770603,66,5,71
060770701,32,3,35
060770801,26,1,27
060770901,26,4,30
060770902,23,0,23
060770903,37,4,41
060770904,55,4,59
060770905,21,3,24
060771001,5,0,5
060771002,22,3,25
060771003,16,3,19
060771101,13,0,13
060771102,21,2,23
060771103,27,2,29
060771201,52,5,57
060771202,37,4,41
060771302,40,1,41
060771303,34,1,35
060771401,1102,127,1229
060771402,956,35,991
060771403,790,36,826
060771404,896,25,921
060771405,588,28,616
060771406,802,30,832
060771407,678,32,710
060771408,1348,109,1457
060771409,1047,76,1123
060840101,52,4,56
060840102,43,2,45
060840103,73,2,75
060840201,45,2,47
060840202,36,2,38
060840301,139,10,149
060840302,58,7,65
060840303,28,5,33
060840304,43,4,47
060840305,34,1,35
060840401,9,1,10
060840402,90,6,96
060840403,52,3,55
060840501,83,2,85
060840502,50,2,52
060840602,16,1,17
060840603,16,0,16
060840604,25,3,28
060840605,21,0,21
060840701,180,12,192
060840702,570,45,615
060840703,561,62,623
060840704,745,34,779
060840705,452,24,476
060840706,637,37,674
060840707,641,27,668
060840708,665,23,688
060840709,578,10,588
060840710,634,28,662
060840711,1049,61,1110
060840801,124,11,135
060840802,33,3,36
060840803,66,7,73
060840804,12,2,14
060840901,1149,31,1180
060840902,638,19,657
060840903,353,25,378
060840904,337,31,368
060840905,519,42,561
060840906,566,53,619
060840907,76,7,83
060840908,19,0,19
060840909,40,0,40
060841001,40,1,41
060841002,10,1,11
060841003,25,2,27
060841101,16,3,19
060841102,89,4,93
060841201,198,8,206
060841202,384,41,425
060841203,563,24,587
060841204,807,41,848
060841205,682,45,727
060841206,1219,84,1303
060841207,464,18,482
060841208,837,38,875
060841209,542,33,575
060841210,915,53,968
060980101,785,38,823
060980102,868,44,912
060980103,839,36,875
060980104,735,26,761
060980105,706,31,737
060980106,841,38,879
060980107,597,17,614
060980108,614,31,645
060980109,666,26,692
060980110,871,49,920
060980111,1049,50,1099
060980112,656,17,673
060980201,742,36,778
060980202,954,42,996
060980203,703,49,752
060980204,1198,74,1272
060980205,853,42,895
060980206,793,34,827
060980207,1115,55,1170
060980208,1108,53,1161
060980209,645,42,687
060980210,951,58,1009
060980211,737,65,802
060980212,1545,135,1680
060980213,554,26,580
060980214,723,58,781
060980215,743,42,785
060980301,356,11,367
060980302,351,14,365
060980303,999,53,1052
060980304,859,47,906
060980305,743,30,773
060980306,1083,76,1159
060980307,757,48,805
060980308,1244,66,1310
060980309,1627,139,1766
060980310,1548,137,1685
060980311,615,46,661
060980312,434,16,450
060980313,398,18,416
060980401,175,7,182
060980402,447,75,522
060980403,490,48,538
060980404,257,27,284
060980405,23,1,24
060980406,484,38,522
060980407,189,21,210
060980408,113,8,121
060980501,980,75,1055
060980502,1076,73,1149
060980503,919,75,994
060980504,844,46,890
060980505,1071,103,1174
060980506,788,89,877
060980507,702,41,743
060980508,778,59,837
060980509,891,71,962
060980510,1025,81,1106
060980601,691,32,723
060980602,1018,42,1060
060980603,1447,70,1517
060980604,700,46,746
060980605,1106,57,1163
060980606,828,34,862
060980607,760,24,784
060980608,941,33,974
060980609,1236,84,1320
060980610,709,44,753
060980611,964,57,1021
060980612,581,53,634
060980613,749,85,834
060980614,787,49,836
060980615,743,48,791
060980616,972,68,1040
060980617,722,35,757
060980701,743,54,797
060980702,1794,198,1992
060980703,460,30,490
060980704,792,29,821
060980705,860,32,892
060980706,959,52,1011
060980707,22,2,24
060980801,1005,67,1072
060980802,1148,174,1322
060980803,676,67,743
060980804,864,57,921
060980805,401,21,422
060980806,602,19,621
060980807,423,10,433
060980808,549,16,565
060980809,550,9,559
060980810,1493,111,1604
060980811,771,37,808
060980812,610,24,634
060980813,733,34,767
060980814,853,50,903
060980815,956,46,1002
060980816,910,39,949
060980817,1214,81,1295
061050101,941,50,991
061050102,837,43,880
061050103,694,17,711
061050104,857,38,895
061050105,547,16,563
061050106,574,17,591
061050107,706,21,727
061050108,815,31,846
061050109,593,27,620
061050201,864,61,925
061050202,800,32,832
061050203,804,33,837
061050204,349,12,361
061050205,687,17,704
061050206,678,38,716
061050207,873,33,906
061050208,344,18,362
061050209,476,20,496
061050210,668,36,704
061050211,801,41,842
061050301,256,19,275
061050401,121,10,131
061050402,49,5,54
061050403,188,15,203
061050501,88,6,94
061050601,141,17,158
061050602,88,2,90
061050701,109,3,112
061050801,382,34,416
061050802,526,52,578
061050803,787,83,870
061050804,12,2,14
061050805,177,16,193
061050806,101,10,111
061050807,98,2,100
061050808,123,8,131
061050809,88,5,93
061050901,96,7,103
061051001,120,3,123
061051002,132,8,140
061051101,613,23,636
061051102,380,14,394
061051103,386,20,406
061051104,422,12,434
061051105,742,36,778
061051106,240,16,256
061051107,269,23,292
061051201,152,6,158
061051301,410,23,433
061051302,338,17,355
061051303,675,32,707
061051304,205,11,216
061051401,1294,112,1406
061051402,804,66,870
061051403,532,25,557
061051404,517,39,556
061051405,586,33,619
061051406,859,59,918
061051407,833,34,867
061051408,235,23,258
061051409,82,3,85
061051410,829,51,880
061051411,526,39,565
061051412,493,24,517
061051413,1100,97,1197
061120101,574,36,610
061120102,950,59,1009
061120103,1095,80,1175
061120104,401,10,411
061120105,535,23,558
061120106,678,29,707
061120107,631,16,647
061120108,737,14,751
061120109,1080,77,1157
061120110,1364,100,1464
061120111,827,47,874
061120112,1222,97,1319
061120113,856,72,928
061120201,959,81,1040
061120202,1084,104,1188
061120203,1058,84,1142
061120204,475,26,501
061120205,836,34,870
061120206,777,34,811
061120207,643,23,666
061120208,329,23,352
061120209,498,31,529
061120210,716,36,752
061120211,1248,66,1314
061120301,203,8,211
061120302,26,1,27
061120303,34,0,34
061120304,18,0,18
061120305,36,1,37
061120306,28,1,29
061120307,23,0,23
061120308,29,0,29
061120309,26,1,27
061120310,165,7,172
061120401,23,0,23
061120402,10,2,12
061120403,11,1,12
061120501,395,21,416
061120502,29,0,29
061120503,8,0,8
061120504,10,1,11
061120505,24,2,26
061120506,15,1,16
061120601,33,5,38
061120602,21,0,21
061120603,37,2,39
061120604,45,2,47
061120605,26,2,28
061120606,19,2,21
061120701,447,31,478
061120702,954,42,996
061120703,227,24,251
061120704,22,0,22
061120705,24,1,25
061120706,22,2,24
061120707,19,1,20
061120708,23,0,23
061120709,419,27,446
061120710,200,28,228
061120801,15,2,17
061120802,56,2,58
061120803,36,0,36
061120804,18,0,18
061120805,39,2,41
061120901,109,15,124
061120902,5,1,6
061120903,27,0,27
061120904,26,4,30
061120905,12,3,15
061120906,73,5,78
061120907,25,2,27
061120908,10,0,10
061121001,108,10,118
061121002,426,20,446
061121003,984,98,1082
061121004,127,4,131
061121005,561,23,584
061121101,475,23,498
061121102,193,10,203
061121103,462,29,491
061121104,142,10,152
061121105,0,0,0
061121106,92,7,99
061121107,16,1,17
061121108,994,81,1075
061121109,1288,101,1389
061121201,20,0,20
061121202,10,0,10
061121203,13,0,13
061121204,8,0,8
061121205,13,0,13
061121301,349,19,368
061121302,22,0,22
061121303,52,3,55
061121304,24,6,30
061121305,214,19,233
061121401,838,75,913
061121402,927,59,986
061121403,689,31,720
061121404,740,33,773
061121405,654,15,669
061121406,598,22,620
061121407,610,16,626
061121408,684,25,709
061121409,692,19,711
061121410,603,24,627
061190101,82,7,89
061190102,34,2,36
061190103,31,4,35
061190104,36,1,37
061190201,26,3,29
061190202,39,7,46
061190203,299,28,327
061190204,74,7,81
061190205,105,6,111
061190206,38,3,41
061190301,687,38,725
061190302,851,42,893
061190303,952,46,998
061190304,1276,101,1377
061190305,1160,80,1240
061190306,529,39,568
061190307,779,60,839
061190308,960,88,1048
061190309,863,107,970
061190310,161,10,171
061190401,421,25,446
061190402,30,4,34
061190403,334,12,346
061190404,137,13,150
061190405,56,8,64
061190406,93,10,103
061190407,844,55,899
061190408,329,41,370
061190409,686,63,749
061190501,223,7,230
061190502,94,8,102
061190601,38,2,40
061190602,46,4,50
061190603,67,7,74
061190701,571,47,618
061190702,1029,106,1135
061190703,54,3,57
061190704,27,3,30
061190705,51,7,58
061190706,18,3,21
061190707,585,40,625
061190801,193,17,210
061190802,37,1,38
061190804,14,4,18
061190805,33,2,35
061190806,61,5,66
061190901,168,8,176
061190902,58,4,62
061190903,46,6,52
061190904,249,13,262
061191001,204,26,230
061191002,1027,103,1130
061191003,1011,80,1091
061191004,675,84,759
061191005,878,80,958
061191006,1225,100,1325
061191007,703,27,730
061191008,914,42,956
061191009,772,60,832
061191010,92,5,97
061260101,701,33,734
061260102,1149,55,1204
061260103,827,48,875
061260104,642,27,669
061260105,698,40,738
061260106,708,39,747
061260107,662,34,696
061260108,710,44,754
061260109,865,62,927
061260110,745,72,817
061260111,644,29,673
061260112,978,46,1024
061260113,642,36,678
061260114,608,19,627
061260201,1364,153,1517
061260202,1269,119,1388
061260203,1000,33,1033
061260204,980,70,1050
061260205,1005,38,1043
061260206,705,46,751
061260207,717,59,776
061260208,841,63,904
061260209,1044,84,1128
061260210,1015,69,1084
061260211,523,36,559
061260301,585,20,605
061260302,569,24,593
061260303,834,29,863
061260304,389,8,397
061260305,458,25,483
061260306,659,27,686
061260307,815,39,854
061260308,560,24,584
061260309,784,33,817
061260310,981,42,1023
061260311,799,38,837
061260401,647,20,667
061260402,596,27,623
061260403,41,11,52
061260404,1436,181,1617
061260405,73,5,78
061260406,35,3,38
061260407,1482,234,1716
061260501,995,77,1072
061260502,1053,84,1137
061260503,842,97,939
061260504,1037,103,1140
061260505,1184,82,1266
061260506,812,61,873
061260507,872,70,942
061260508,1221,100,1321
061260509,1722,211,1933
061260510,757,62,819
061260511,795,63,858
061260512,1326,127,1453
061260513,763,72,835
061260514,798,75,873
061260515,1036,98,1134
061260516,1127,122,1249
061260517,45,5,50
061260601,307,19,326
061260602,35,2,37
061260603,95,3,98
061260604,315,25,340
061260605,303,12,315
061260606,347,19,366
061260607,326,19,345
061260608,300,17,317
061260609,318,12,330
061260701,1171,105,1276
061260702,942,58,1000
061260703,1371,124,1495
061260704,1040,90,1130
061260705,1121,106,1227
061260706,734,54,788
061260707,1028,80,1108
061260708,1047,78,1125
061260709,1409,103,1512
061260710,959,45,1004
061260801,89,8,97
061260802,497,25,522
061260803,536,28,564
061260804,694,35,729
061260805,820,32,852
061260806,666,21,687
061260807,792,34,826
061260808,793,40,833
061260809,591,19,610
061260901,1537,129,1666
061260902,843,69,912
061260903,902,62,964
061260905,251,24,275
061260906,1482,49,1531
061260907,1548,128,1676
061260908,853,35,888
061260909,1361,127,1488
061260910,1385,106,1491
061260911,1176,83,1259
061260912,2,0,2
061260913,346,35,381
061260914,783,121,904
061260915,562,61,623
061260916,173,14,187
061260917,217,15,232
061260918,683,50,733
061260919,226,22,248
061261001,266,30,296
061261002,119,15,134
061261003,537,47,584
061261004,91,19,110
061261005,86,11,97
061340101,948,52,1000
061340102,479,40,519
061340103,739,63,802
061340104,290,21,311
061340105,1367,118,1485
061340106,783,80,863
061340107,501,41,542
061340108,176,32,208
061340109,567,51,618
061340110,411,50,461
061340111,371,33,404
061340112,646,20,666
061340113,101,10,111
061340114,124,8,132
061340201,1045,49,1094
061340202,759,56,815
061340203,927,107,1034
061340204,1236,73,1309
061340205,131,7,138
061340206,603,43,646
061340207,1185,103,1288
061340208,990,82,1072
061340209,986,105,1091
061340301,1680,119,1799
061340302,880,51,931
061340303,729,39,768
061340304,1025,42,1067
061340305,768,29,797
061340306,764,36,800
061340307,1317,94,1411
061340308,1358,68,1426
061340309,1059,31,1090
061340401,129,13,142
061340402,556,75,631
061340403,152,5,157
061340404,185,16,201
061340405,33,3,36
061340406,442,131,573
061340501,397,34,431
061340502,97,5,102
061340601,109,10,119
061340602,112,12,124
061340701,58,5,63
061340702,51,2,53
061340801,282,24,306
061340802,28,7,35
061340803,77,5,82
061340804,33,2,35
061340901,130,29,159
061340902,411,32,443
061340903,351,43,394
061340904,407,53,460
061340905,410,54,464
061340906,492,63,555
061340907,691,88,779
061340908,1072,106,1178
061340909,1245,100,1345
061340910,840,70,910
061340911,873,76,949
061340912,123,6,129
061340913,713,35,748
061340914,437,33,470
061341001,104,11,115
061341002,1210,109,1319
061341003,1003,120,1123
061341004,927,117,1044
061341005,906,106,1012
061341006,783,44,827
061341007,555,40,595
061341008,853,68,921
061341009,1486,139,1625
061341010,1158,88,1246
061341011,191,8,199
061400101,108,4,112
061400102,42,4,46
061400103,84,7,91
061400201,20,2,22
061400202,28,2,30
061400203,63,2,65
061400204,43,1,44
061400301,608,49,657
061400302,1077,74,1151
061400303,776,54,830
061400304,727,27,754
061400305,859,28,887
061400306,742,67,809
061400307,771,42,813
061400308,858,39,897
061400309,711,44,755
061400310,642,38,680
061400311,45,5,50
061400312,49,4,53
061400313,25,2,27
061400314,36,0,36
061400315,997,48,1045
061400316,1012,106,1118
061400317,706,38,744
061400318,734,46,780
061400319,765,46,811
061400401,203,16,219
061400402,62,5,67
061400403,64,1,65
061400501,58,5,63
061400502,38,4,42
061400503,27,5,32
061400601,16,0,16
061470101,904,49,953
061470102,797,34,831
061470103,534,22,556
061470104,757,34,791
061470105,618,22,640
061470106,668,28,696
061470107,695,54,749
061470108,664,25,689
061470109,1120,107,1227
061470201,417,30,447
061470202,45,3,48
061470203,118,10,128
061470204,32,2,34
061470205,18,0,18
061470301,434,22,456
061470302,66,8,74
061470303,8,0,8
061470304,30,0,30
061470305,34,1,35
061470306,15,0,15
061470307,39,1,40
061470401,18,1,19
061470402,33,2,35
061470403,35,0,35
061470501,1482,125,1607
061470502,37,4,41
061470503,26,0,26
061470601,12,2,14
061470602,370,25,395
061470603,57,6,63
061470604,12,0,12
061470701,637,41,678
061470702,8,3,11
061470703,186,23,209
061470704,37,4,41
061470705,9,0,9
061470706,3,0,3
061470707,4,0,4
061470708,60,15,75
061470709,25,1,26
061470710,13,0,13
061470711,13,1,14
061470712,5,1,6
061470801,482,35,517
061470802,26,0,26
061470803,16,1,17
061470804,36,5,41
061470805,53,8,61
061470901,189,16,205
061470902,129,13,142
061470903,18,2,20
061470904,21,1,22
061470905,21,1,22
061470906,31,0,31
061470907,61,4,65
061471001,190,22,212
061471002,78,5,83
061471003,35,5,40
061471101,152,13,165
061471102,29,2,31
061471103,29,4,33
061471201,799,37,836
061471202,763,44,807
061471203,927,62,989
061471204,626,28,654
061471205,579,22,601
061471206,574,16,590
061471207,668,25,693
061471208,913,54,967
061471209,801,53,854
061471210,643,44,687
061540101,345,14,359
061540102,310,19,329
061540103,46,3,49
061540104,32,1,33
061540105,59,3,62
061540201,901,48,949
061540202,354,43,397
061540203,53,2,55
061540204,69,8,77
061540205,433,19,452
061540206,24,1,25
061540207,40,4,44
061540208,64,8,72
061540209,869,48,917
061540210,374,32,406
061540301,71,5,76
061540302,80,8,88
061540401,109,10,119
061540402,362,27,389
061540403,28,4,32
061540404,30,0,30
061540405,39,3,42
061540501,35,1,36
061540502,28,2,30
061540601,466,40,506
061540602,396,24,420
061540603,430,20,450
061540604,300,14,314
061540605,328,15,343
061540606,118,8,126
061540607,626,52,678
061540608,504,13,517
061540609,44,5,49
061540610,381,43,424
061540611,557,19,576
061540612,665,34,699
061540701,51,4,55
061540702,52,5,57
061540703,40,5,45
061540801,241,14,255
061540802,141,12,153
061540803,54,5,59
061540804,36,4,40
061540805,58,2,60
061540806,88,8,96
061540901,68,2,70
061540902,39,2,41
061610101,557,38,595
061610102,573,35,608
061610103,555,31,586
061610104,375,36,411
061610105,485,52,537
061610106,722,51,773
061610107,419,21,440
061610108,419,20,439
061610109,746,31,777
061610110,549,39,588
061610111,750,54,804
061610112,502,60,562
061610113,778,58,836
061610114,603,31,634
061610115,503,34,537
061610116,576,46,622
061610117,954,55,1009
061610118,315,19,334
061610201,36,3,39
061610202,21,0,21
061610203,14,2,16
061610204,51,4,55
061610301,76,10,86
061610302,16,1,17
061610401,67,2,69
061610402,73,7,80
061610403,515,38,553
061610404,281,12,293
061610405,122,14,136
061610406,364,26,390
061610501,36,6,42
061610502,24,2,26
061610503,23,3,26
061610504,98,6,104
061610601,309,15,324
061610602,23,2,25
061610603,11,0,11
061610604,34,3,37
061610605,73,4,77
061610606,72,4,76
061610701,74,8,82
061610702,55,4,59
061610703,32,6,38
061610801,105,13,118
061610802,44,4,48
061610803,6,0,6
061610804,40,4,44
061680101,43,5,48
061680102,30,4,34
061680103,28,2,30
061680104,27,1,28
061680201,33,8,41
061680202,36,4,40
061680203,28,1,29
061680204,13,3,16
061680301,39,2,41
061680302,6,0,6
061680303,33,3,36
061680401,13,0,13
061680402,32,0,32
061680403,20,5,25
061680404,4,0,4
061680405,1,0,1
061680406,4,0,4
061680501,125,9,134
061680502,17,3,20
061680503,19,1,20
061680601,11,0,11
061680602,14,0,14
061680603,24,0,24
061680604,21,1,22
061680701,19,0,19
061680702,21,1,22
061680801,43,2,45
061680802,33,3,36
061680803,60,3,63
061680804,14,0,14
061680805,106,7,113
061680806,21,3,24
061680807,514,41,555
061680901,827,40,867
061680902,709,36,745
061680903,603,31,634
061680904,908,55,963
061680905,732,45,777
061680906,649,50,699
061680907,528,25,553
061680908,557,51,608
061681001,253,17,270
061681002,30,2,32
061681003,53,5,58
061681101,56,5,61
061681102,31,3,34
061750101,200,26,226
061750102,69,5,74
061750103,31,2,33
061750104,20,3,23
061750201,172,9,181
061750202,15,2,17
061750203,16,4,20
061750204,5,0,5
061750301,14,1,15
061750302,16,0,16
061750303,15,0,15
061750304,1,0,1
061750401,84,4,88
061750402,970,69,1039
061750403,958,85,1043
061750404,470,31,501
061750405,601,30,631
061750406,649,19,668
061750407,582,13,595
061750408,873,28,901
061750409,890,62,952
061750410,825,31,856
061750411,429,18,447
061750412,651,38,689
061750413,476,17,493
061750414,713,30,743
061750415,453,30,483
061750416,408,11,419
061750417,267,24,291
061750501,64,3,67
061750502,92,3,95
061750503,11,0,11
061750504,7,2,9
061750505,99,9,108
061750601,854,78,932
061750602,575,21,596
061750603,688,60,748
061750604,836,88,924
061750605,860,35,895
061750606,517,22,539
061750607,613,41,654
061750608,839,70,909
061750609,852,106,958
061750610,935,75,1010
061750611,717,32,749
061750612,748,37,785
061750613,1838,180,2018
061750614,221,26,247
061750615,41,2,43
061820101,735,42,777
061820102,1136,111,1247
061820103,1186,81,1267
061820104,1095,71,1166
061820105,983,41,1024
061820106,749,31,780
061820107,781,34,815
061820108,568,19,587
061820109,1290,89,1379
061820110,994,69,1063
061820111,1094,52,1146
061820112,1035,65,1100
061820113,758,48,806
061820114,1011,103,1114
061820201,555,35,590
061820202,783,40,823
061820203,686,29,715
061820204,705,21,726
061820205,636,38,674
061820206,656,28,684
061820207,641,24,665
061820208,735,35,770
061820209,573,26,599
061820210,668,37,705
061820211,596,22,618
061820212,568,19,587
061820213,612,35,647
061820301,215,9,224
061820302,264,1,265
061820303,143,8,151
061820304,1020,8,1028
061820305,201,24,225
061820306,1,0,1
061820307,0,0,0
061820308,118,2,120
061820309,589,42,631
061820310,40,2,42
061820311,466,23,489
061820312,60,5,65
061820401,54,3,57
061820501,368,31,399
061820502,386,28,414
061820503,436,49,485
061820504,797,57,854
061820505,312,20,332
061820601,56,2,58
061820602,150,9,159
061820603,40,7,47
061820604,1045,80,1125
061820605,1432,127,1559
061820606,1180,101,1281
061820607,1183,81,1264
061820608,1007,70,1077
061820609,748,41,789
061820701,40,1,41
061820702,678,74,752
061820703,1029,56,1085
061820704,676,46,722
061820705,866,62,928
061820706,372,29,401
061820707,0,0,0
061820708,772,53,825
061820709,817,48,865
061820710,1051,54,1105
061820801,60,2,62
061820901,244,14,258
061820902,100,3,103
061820903,50,5,55
061820904,179,9,188
061820905,98,5,103
061821001,509,25,534
061821002,410,19,429
061821003,820,28,848
061821004,820,31,851
061821005,704,35,739
061821006,677,40,717
061821007,651,43,694
061821008,814,27,841
061821009,901,31,932
061821010,858,52,910
061821011,709,28,737
061821101,581,38,619
061821102,827,50,877
061821103,878,60,938
061821104,680,37,717
061821105,519,21,540
061821106,632,46,678
061821107,549,39,588
061821108,825,53,878
061821109,967,86,1053
061821110,248,23,271
061890101,24,0,24
061890102,22,0,22
061890103,9,0,9
061890104,15,2,17
061890201,2,0,2
061890202,3,0,3
061890203,9,0,9
061890204,2,0,2
061890205,2,0,2
061890206,12,0,12
061890207,20,0,20
061890301,62,3,65
061890302,13,0,13
061890303,20,1,21
061890304,3,0,3
061890305,10,4,14
061890401,7,0,7
061890402,11,1,12
061890403,19,0,19
061890501,8,0,8
061890502,7,0,7
061890503,14,0,14
061890504,14,1,15
061890505,11,0,11
061890601,34,2,36
061890602,33,1,34
061890603,18,2,20
061890604,26,2,28
061890605,1,0,1
061890606,2,0,2
061890607,11,0,11
061890608,18,2,20
061890701,15,0,15
061890702,9,1,10
061890703,25,2,27
061890704,5,2,7
061890705,11,1,12
061890706,3,0,3
061890707,18,1,19
061890801,5,0,5
061890802,28,2,30
061890803,10,0,10
061890804,3,0,3
061890901,14,0,14
061890902,26,1,27
061891001,552,35,587
061891002,645,48,693
061891003,733,48,781
061891004,757,57,814
061891005,711,29,740
061891006,702,32,734
061891007,832,47,879
061891008,595,43,638
061891009,525,40,565
061891010,37,3,40
061891101,11,1,12
061891102,27,1,28
061891103,9,0,9
061891104,9,0,9
061891105,31,1,32
061891106,9,0,9
061891107,7,0,7
061891201,426,22,448
061891202,16,2,18
061891203,18,0,18
061891204,7,0,7
061891205,15,2,17
061891206,16,2,18
061891207,4,1,5
061891208,11,3,14
061891209,5,0,5
061891210,23,3,26
061891211,355,22,377
061891301,68,8,76
061891302,12,2,14
061891303,28,4,32
061891304,11,1,12
061891305,6,0,6
061891306,7,1,8
061891307,13,0,13
061891308,13,2,15
061891309,2,1,3
061891401,13,0,13
061891402,10,0,10
061891403,20,0,20
061891404,4,0,4
061891405,10,0,10
061891406,11,0,11
061891501,388,17,405
061891502,864,54,918
061891503,142,9,151
061891504,52,3,55
061891505,38,1,39
061891506,6,0,6
061891507,8,1,9
061891508,13,0,13
061891509,380,11,391
061891601,30,0,30
061891602,2,0,2
061891603,28,1,29
061891604,6,0,6
061891605,5,0,5
061891701,60,5,65
061891702,488,36,524
061891703,737,36,773
061891704,546,29,575
061891705,540,24,564
061891706,505,13,518
061891707,784,32,816
061891708,760,51,811
061891709,28,1,29
061960101,830,74,904
061960102,901,60,961
061960103,689,47,736
061960104,650,60,710
061960105,316,27,343
061960106,290,36,326
061960107,344,25,369
061960108,852,49,901
061960109,368,20,388
061960110,346,24,370
061960111,334,36,370
061960112,970,53,1023
061960113,581,29,610
061960114,474,20,494
061960115,436,17,453
061960116,773,33,806
061960117,437,19,456
061960118,420,34,454
061960119,431,29,460
061960201,216,18,234
061960202,294,37,331
061960203,307,26,333
061960204,618,53,671
061960205,810,44,854
061960206,670,32,702
061960207,559,22,581
061960208,616,31,647
061960209,771,38,809
061960210,777,31,808
061960211,405,36,441
061960212,390,31,421
061960213,464,25,489
061960214,496,31,527
061960301,25,0,25
061960302,20,2,22
061960303,23,3,26
061960304,10,1,11
061960305,10,0,10
061960306,24,1,25
061960401,41,1,42
061960402,32,5,37
061960403,17,1,18
061960404,14,1,15
061960501,15,2,17
061960502,4,0,4
061960503,23,3,26
061960504,8,1,9
061960601,16,1,17
061960602,22,0,22
061960603,13,0,13
061960604,7,0,7
061960701,373,26,399
061960702,11,0,11
061960703,5,0,5
061960704,13,1,14
061960705,25,2,27
061960706,8,1,9
061960707,43,2,45
061960708,96,8,104
061960709,52,2,54
061960801,19,2,21
061960802,18,0,18
061960803,26,0,26
061960804,28,2,30
061960805,2,0,2
061960806,29,1,30
061960901,2,0,2
061960902,15,3,18
061960903,27,4,31
061960904,36,2,38
061960905,46,1,47
061961001,22,3,25
061961002,16,0,16
061961003,15,0,15
061961004,11,1,12
061961005,30,3,33
061961101,21,1,22
061961102,44,0,44
061961103,21,0,21
061961104,14,0,14
061961105,39,5,44
061961106,20,2,22
061961107,9,0,9
061961108,19,1,20
061961201,11,0,11
061961202,35,4,39
061961203,17,0,17
061961204,6,1,7
061961205,30,2,32
061961206,15,0,15
061961301,10,1,11
061961302,14,1,15
061961303,30,3,33
061961304,27,2,29
061961305,29,2,31
061961401,13,2,15
061961402,28,2,30
061961403,26,0,26
061961501,166,9,175
061961502,24,4,28
061961503,17,1,18
061961504,11,2,13
061961505,4,1,5
061961506,232,9,241
061961507,344,10,354
061961508,238,14,252
062030101,917,39,956
062030102,563,16,579
062030103,658,22,680
062030104,620,18,638
062030105,633,19,652
062030106,712,24,736
062030107,500,10,510
062030108,748,36,784
062030109,522,19,541
062030110,856,43,899
062030111,802,56,858
062030112,834,43,877
062030113,772,37,809
062030201,405,17,422
062030202,547,21,568
062030203,477,17,494
062030204,485,36,521
062030205,36,3,39
062030206,33,1,34
062030207,71,1,72
062030208,24,0,24
062030209,19,2,21
062030210,649,31,680
062030211,360,16,376
062030212,842,44,886
062030213,293,21,314
062030214,51,7,58
062030215,486,19,505
062030301,35,3,38
062030302,28,2,30
062030303,16,1,17
062030304,33,0,33
062030305,24,4,28
062030306,21,1,22
062030401,148,8,156
062030402,11,0,11
062030403,20,0,20
062030404,12,0,12
062030405,14,0,14
062030406,15,0,15
062030407,16,0,16
062030408,26,1,27
062030501,83,7,90
062030502,9,0,9
062030503,24,2,26
062030504,38,2,40
062030505,16,1,17
062030506,15,1,16
062030507,6,0,6
062030601,21,0,21
062030602,12,0,12
062030603,11,1,12
062030604,37,2,39
062030605,9,1,10
062030701,5,0,5
062030702,10,0,10
062030703,11,1,12
062030704,16,0,16
062030705,9,0,9
062030706,6,1,7
062030707,10,0,10
062030708,4,0,4
062030709,4,0,4
062030710,20,2,22
062030711,12,1,13
062030801,33,0,33
062030802,71,3,74
062030803,734,59,793
062030804,995,53,1048
062030805,1024,37,1061
062030806,937,45,982
062030807,849,36,885
062030808,1329,88,1417
062030809,817,46,863
062030810,783,58,841
062030811,230,5,235
062030812,449,31,480
062030901,17,1,18
062030902,30,4,34
062030903,3,0,3
062030904,14,2,16
062030905,4,0,4
062030906,3,0,3
062030907,9,0,9
062031001,2,0,2
062031002,31,3,34
062031003,22,1,23
062031004,15,1,16
062031005,15,1,16
062031101,21,3,24
062031102,40,1,41
062031103,0,0,0
062031104,11,0,11
062031105,8,0,8
062031106,15,1,16
062031201,15,1,16
062031202,16,2,18
062031203,25,0,25
062031204,25,1,26
062031205,26,1,27
062031301,17,1,18
062031302,14,2,16
062031303,18,1,19
062031304,32,5,37
062031305,27,1,28
062031306,25,0,25
062031307,23,0,23
062031308,13,0,13
062031401,411,13,424
062031402,33,2,35
062031403,16,1,17
062031404,13,0,13
062031405,53,5,58
062031406,6,0,6
062031407,6,0,6
062031408,0,0,0
062031501,9,0,9
062031502,58,1,59
062031503,29,1,30
062031504,15,1,16
062031601,1212,82,1294
062031602,864,70,934
062031603,742,63,805
062031604,1198,52,1250
062031605,676,41,717
062031606,498,45,543
062031607,925,60,985
062031608,816,51,867
062031609,1105,55,1160
062031610,925,79,1004
062031611,310,25,335
062031612,679,24,703
062031613,774,27,801
062100101,516,34,550
062100102,490,26,516
062100103,416,22,438
062100104,419,11,430
062100105,430,21,451
062100106,670,25,695
062100107,772,51,823
062100108,566,20,586
062100109,413,21,434
062100110,402,12,414
062100111,645,27,672
062100112,401,20,421
062100113,539,27,566
062100114,404,37,441
062100115,796,53,849
062100116,731,32,763
062100117,737,34,771
062100118,716,34,750
062100119,868,62,930
062100120,837,35,872
062100121,726,46,772
062100201,788,74,862
062100202,1072,71,1143
062100203,1101,66,1167
062100204,868,43,911
062100205,508,10,518
062100206,520,28,548
062100207,1185,58,1243
062100208,685,28,713
062100209,590,23,613
062100210,1043,60,1103
062100301,190,6,196
062100401,147,11,158
062100501,297,32,329
062100601,79,6,85
062100602,44,2,46
062100603,463,26,489
062100604,153,11,164
062100605,271,9,280
062100606,493,22,515
062100607,310,19,329
062100608,257,11,268
062100609,28,3,31
062100610,46,3,49
062100611,145,15,160
062100612,302,18,320
062100613,171,8,179
062100701,165,16,181
062100801,317,56,373
062100802,721,52,773
062100803,929,81,1010
062100804,1075,94,1169
062100805,1642,145,1787
062100806,616,55,671
062100807,224,19,243
062100808,2529,216,2745
062100809,795,70,865
062100810,1116,120,1236
062100811,236,30,266
062100901,550,27,577
062100902,566,23,589
062100903,169,13,182
062101001,133,7,140
062101101,44,2,46
062101201,206,11,217
062101301,792,37,829
062101302,820,37,857
062101303,471,25,496
062101304,811,34,845
062101305,749,42,791
062101306,974,58,1032
062101307,762,51,813
062101308,1130,75,1205
062101309,966,68,1034
062170101,704,24,728
062170102,771,30,801
062170103,652,39,691
062170104,847,61,908
062170105,778,43,821
062170106,430,19,449
062170107,672,25,697
062170108,541,21,562
062170109,626,20,646
062170110,564,21,585
062170111,519,26,545
062170112,616,26,642
062170113,1052,59,1111
062170114,352,9,361
062170201,78,9,87
062170202,55,2,57
062170203,28,7,35
062170204,53,4,57
062170205,60,3,63
062170206,31,3,34
062170207,42,4,46
062170301,143,8,151
062170302,159,19,178
062170303,243,24,267
062170304,92,3,95
062170401,384,20,404
062170402,657,70,727
062170403,361,35,396
062170404,461,25,486
062170405,331,22,353
062170406,215,25,240
062170407,242,21,263
062170408,280,19,299
062170409,507,42,549
062170410,638,41,679
062170411,631,47,678
062170412,623,57,680
062170413,1273,115,1388
062170414,1174,101,1275
062170415,648,54,702
062170416,705,47,752
062170501,26,2,28
062170502,7,1,8
062170503,14,0,14
062170504,7,2,9
062170505,121,5,126
062170506,34,1,35
062170507,54,3,57
062170508,42,3,45
062170509,13,1,14
062170510,25,2,27
062170511,35,1,36
062170512,16,4,20
062170601,14,0,14
062170602,17,2,19
062170603,21,3,24
062170604,57,4,61
062170605,39,2,41
062170701,17,3,20
062170702,27,1,28
062170801,74,3,77
062170802,50,5,55
062170803,63,6,69
062170901,48,3,51
062170902,71,12,83
062170903,63,4,67
062170904,60,8,68
062170905,29,2,31
062170906,50,2,52
062170907,48,3,51
062171001,677,59,736
062171002,1169,89,1258
062171003,995,44,1039
062171004,788,28,816
062171005,42,1,43
062171006,58,10,68
062171007,40,3,43
062171008,56,1,57
062171009,60,5,65
062171010,184,10,194
062171011,220,14,234
062171012,21,0,21
062171013,601,33,634
062171101,130,6,136
062171102,39,4,43
062171103,46,3,49
062171104,23,2,25
062171105,107,8,115
062171106,33,2,35
062171201,690,46,736
062171202,1891,201,2092
062171203,821,52,873
062171204,680,65,745
062171205,893,72,965
062171206,587,24,611
062171207,601,31,632
062171208,634,39,673
062171209,590,30,620
062171210,1215,81,1296
062171211,544,26,570
062171212,946,92,1038
062171213,801,42,843
062171214,451,17,468
062171215,603,34,637
062240101,518,51,569
062240102,754,37,791
062240103,1054,62,1116
062240104,653,34,687
062240105,893,53,946
062240106,781,50,831
062240107,772,20,792
062240108,530,16,546
062240109,791,19,810
062240110,710,25,735
062240111,816,41,857
062240112,724,31,755
062240113,838,41,879
062240114,906,59,965
062240115,535,71,606
062240116,511,37,548
062240117,682,38,720
062240201,616,41,657
062240202,706,36,742
062240203,481,45,526
062240204,1157,100,1257
062240205,748,51,799
062240206,718,54,772
062240207,753,41,794
062240208,963,38,1001
062240209,727,43,770
062240210,723,27,750
062240211,592,27,619
062240212,375,36,411
062240213,411,89,500
062240214,678,46,724
062240301,716,30,746
062240302,851,64,915
062240303,764,22,786
062240304,715,39,754
062240305,573,38,611
062240306,666,34,700
062240307,923,81,1004
062240308,962,103,1065
062240309,468,32,500
062240310,756,51,807
062240401,793,74,867
062240402,1084,49,1133
062240403,966,70,1036
062240404,669,21,690
062240405,837,24,861
062240406,657,23,680
062240407,783,23,806
062240408,558,13,571
062240409,967,43,1010
062240410,616,27,643
062240411,820,37,857
062240412,439,34,473
062240413,764,22,786
062240414,459,40,499
062240415,387,31,418
062240416,429,30,459
062240417,788,78,866
062240501,32,1,33
062240502,27,2,29
062240503,57,8,65
062240504,8,1,9
062240505,46,4,50
062240601,49,2,51
062240602,82,3,85
062240603,97,4,101
062240604,92,8,100
062240701,6,1,7
062240702,36,1,37
062240703,36,1,37
062240801,30,2,32
062240802,33,4,37
062240901,382,27,409
062240902,764,55,819
062240903,240,12,252
062240904,161,17,178
062240905,26,0,26
062240906,189,13,202
062240907,88,9,97
062240908,883,79,962
062240909,223,31,254
062240910,142,17,159
062240911,478,46,524
062240912,392,31,423
062240913,163,17,180
062240914,189,14,203
062240915,471,43,514
062241001,24,4,28
062241002,46,5,51
062241101,83,7,90
062241102,112,10,122
062241103,179,11,190
062241201,104,10,114
062241202,26,2,28
062241203,53,4,57
062241204,238,13,251
062241301,197,7,204
062241302,34,2,36
062241303,39,0,39
062241401,33,1,34
062241402,57,3,60
062241403,130,10,140
062241501,19,1,20
062241502,41,3,44
062241503,29,2,31
062241601,22,1,23
062241602,16,0,16
062241701,164,10,174
062241702,46,3,49
062241703,61,4,65
062241801,25,4,29
062241802,42,2,44
062241901,139,16,155
062241902,25,2,27
062241903,41,2,43
062241904,53,2,55
062242001,271,13,284
062242002,320,16,336
062242003,789,45,834
062242004,15,1,16
062242005,55,5,60
062242006,19,2,21
062242007,30,5,35
062242008,17,4,21
062242009,210,18,228
062242010,326,27,353
062242101,28,3,31
062242102,9,0,9
062242103,19,3,22
062242201,516,10,526
062242202,575,23,598
062242203,790,29,819
062242204,691,20,711
062242205,701,21,722
062242206,844,24,868
062242207,661,38,699
062242208,672,26,698
062242209,585,36,621
062242210,775,54,829
062310101,613,33,646
062310102,444,18,462
062310103,36,3,39
062310104,255,10,265
062310105,61,5,66
062310106,66,1,67
062310107,506,20,526
062310201,46,1,47
062310202,56,2,58
062310203,28,2,30
062310204,23,0,23
062310301,26,2,28
062310302,70,6,76
062310303,70,6,76
062310304,20,2,22
062310401,4,0,4
062310402,18,0,18
062310403,18,0,18
062310404,38,3,41
062310405,19,1,20
062310501,33,2,35
062310502,29,5,34
062310601,5,0,5
062310602,27,2,29
062310603,81,4,85
062310604,14,3,17
062310605,22,0,22
062310606,55,7,62
062310701,36,3,39
062310702,21,3,24
062310703,26,4,30
062310704,51,6,57
062310705,2,1,3
062310706,8,0,8
062310707,10,0,10
062310801,30,1,31
062310802,3,0,3
062310803,587,35,622
062310804,4,1,5
062310805,20,1,21
062310901,41,2,43
062310902,91,5,96
062310903,35,5,40
062311001,1166,82,1248
062311002,4,0,4
062311003,26,2,28
062311004,2,0,2
062311005,198,23,221
062311101,6,0,6
062311201,1008,71,1079
062311202,888,77,965
062311203,594,24,618
062311204,807,50,857
062311205,686,30,716
062311206,441,15,456
062311207,851,53,904
062311208,1131,92,1223
062311209,575,26,601
062311210,724,35,759
062311211,1104,96,1200
062311212,505,57,562
062311213,560,62,622
062311214,104,10,114
062380101,537,40,577
062380102,497,33,530
062380103,933,52,985
062380104,933,53,986
062380105,1277,60,1337
062380106,666,35,701
062380107,1154,99,1253
062380108,580,30,610
062380109,653,25,678
062380110,874,47,921
062380111,608,25,633
062380112,728,39,767
062380113,437,45,482
062380114,395,24,419
062380201,711,56,767
062380202,982,64,1046
062380203,821,31,852
062380204,418,15,433
062380205,588,20,608
062380206,687,27,714
062380207,1057,83,1140
062380208,849,57,906
062380209,775,44,819
062380210,658,66,724
062380211,284,29,313
062380212,1004,71,1075
062380213,416,28,444
062380214,517,52,569
062380215,55,8,63
062380301,240,29,269
062380302,55,4,59
062380401,74,9,83
062380501,131,8,139
062380601,365,44,409
062380602,266,37,303
062380603,626,44,670
062380604,774,65,839
062380605,27,0,27
062380606,36,3,39
062380607,108,7,115
062380608,10,1,11
062380609,464,38,502
062380610,33,1,34
062380611,507,39,546
062380701,122,8,130
062380702,104,8,112
062380801,56,3,59
062380901,95,11,106
062381001,13,1,14
062381101,56,4,60
062450101,1109,65,1174
062450102,1048,71,1119
062450103,1130,58,1188
062450104,696,24,720
062450105,983,31,1014
062450106,1292,79,1371
062450107,706,23,729
062450108,736,41,777
062450109,646,29,675
062450110,884,44,928
062450111,789,42,831
062450201,1156,91,1247
062450202,742,48,790
062450203,554,32,586
062450204,582,37,619
062450205,1063,66,1129
062450206,1524,105,1629
062450207,1042,32,1074
062450208,838,48,886
062450209,1004,81,1085
062450210,488,19,507
062450211,1544,129,1673
062450212,1320,115,1435
062450213,827,56,883
062450214,780,52,832
062450215,802,70,872
062450301,845,35,880
062450302,1085,69,1154
062450303,991,62,1053
062450304,1534,113,1647
062450305,1320,133,1453
062450306,1248,78,1326
062450307,724,34,758
062450308,747,30,777
062450309,1142,113,1255
062450310,978,70,1048
062450311,1021,91,1112
062450401,559,57,616
062450402,388,51,439
062450403,728,63,791
062450404,686,61,747
062450405,619,47,666
062450406,544,36,580
062450407,729,53,782
062450408,379,32,411
062450409,691,58,749
062450410,696,85,781
062450411,124,6,130
062450412,214,21,235
062450413,700,63,763
062450414,255,22,277
062450415,1397,158,1555
062450416,324,20,344
062450417,237,14,251
062450418,381,33,414
062450501,874,52,926
062450502,553,25,578
062450503,620,40,660
062450504,796,48,844
062450505,1498,86,1584
062450506,5,0,5
062450507,327,9,336
062520101,465,71,536
062520102,870,73,943
062520103,558,77,635
062520104,1468,150,1618
062520105,1324,118,1442
062520106,1631,127,1758
062520107,1670,113,1783
062520108,1509,144,1653
062520109,633,23,656
062520110,382,17,399
062520111,579,22,601
062520112,1203,56,1259
062520113,845,44,889
062520114,776,43,819
062520115,920,50,970
062520201,260,15,275
062520202,406,12,418
062520203,597,37,634
062520204,626,24,650
062520205,373,17,390
062520206,377,19,396
062520207,545,49,594
062520208,171,18,189
062520209,1350,136,1486
062520210,620,44,664
062520211,797,56,853
062520212,556,42,598
062520213,729,41,770
062520214,841,64,905
062520215,1358,153,1511
062520216,993,91,1084
062520217,916,74,990
062520301,159,19,178
062520302,229,18,247
062520303,301,23,324
062520304,693,44,737
062520305,1506,171,1677
062520306,1182,111,1293
062520307,241,22,263
062520308,274,5,279
062520309,560,26,586
062520401,1093,133,1226
062520402,1263,95,1358
062520403,527,38,565
062520404,742,36,778
062520405,909,54,963
062520406,640,23,663
062520407,613,38,651
062520408,1357,107,1464
062520409,1560,168,1728
062520410,763,36,799
062520411,98,9,107
062520412,1758,154,1912
062520413,1058,92,1150
062520501,1085,40,1125
062520502,615,28,643
062520503,850,27,877
062520504,1021,38,1059
062520505,723,26,749
062520506,503,21,524
062520507,1243,67,1310
062520508,1328,55,1383
062520509,1113,74,1187
062520601,833,63,896
062520602,4,1,5
062520603,272,31,303
062520604,689,66,755
062520605,1064,80,1144
062520606,856,53,909
062520607,125,8,133
062520608,65,1,66
062520609,116,17,133
062520610,94,6,100
062520611,311,34,345
062520612,460,35,495
062520613,620,52,672
062520614,637,32,669
062520701,1020,64,1084
062520702,1191,90,1281
062520703,1339,117,1456
062520704,1477,110,1587
062520705,1678,168,1846
062520706,1989,221,2210
062520707,1173,134,1307
062520708,1390,116,1506
062520709,791,43,834
062520710,801,64,865
062520711,1418,111,1529
062520801,211,23,234
062520802,1570,156,1726
062520803,1362,137,1499
062520804,1408,121,1529
062520805,1397,127,1524
062520806,1171,55,1226
062520807,896,63,959
062520808,875,60,935
062520809,268,24,292
062520810,451,16,467
062520901,2678,273,2951
062520902,1724,186,1910
062520903,1484,146,1630
062520904,1487,129,1616
062520905,1369,122,1491
062520906,1132,112,1244
062520907,1087,70,1157
062520908,727,47,774
062520909,967,63,1030
062520910,1318,98,1416
062520911,1605,133,1738
062520912,1400,143,1543
062520913,2211,268,2479
062520914,1628,153,1781
062521001,513,20,533
062521002,122,9,131
062521003,1128,68,1196
062521004,1112,99,1211
062521005,665,64,729
062521006,978,70,1048
062521007,959,86,1045
062521008,777,78,855
062521009,984,78,1062
062521010,921,100,1021
062521011,1166,108,1274
062521012,1335,141,1476
062521013,1305,124,1429
062521014,658,62,720
062521015,529,31,560
062521016,1079,66,1145
062521017,611,49,660
062521101,735,31,766
062521102,1288,59,1347
062521103,602,20,622
062521104,939,41,980
062521105,1219,62,1281
062521106,835,52,887
062521107,870,56,926
062521108,263,19,282
062521109,476,38,514
062521110,958,44,1002
062521201,1241,120,1361
062521202,1657,155,1812
062521203,1420,96,1516
062521204,1589,133,1722
062521205,1569,131,1700
062521206,1101,82,1183
062521207,1356,112,1468
062521208,1209,142,1351
062521301,671,33,704
062521302,1283,93,1376
062521303,1167,72,1239
062521304,977,55,1032
062521305,1123,71,1194
062521306,1011,77,1088
062521307,668,33,701
062521308,769,41,810
062521309,653,46,699
062521310,603,35,638
062521311,848,48,896
062521312,1040,78,1118
062521401,1143,129,1272
062521402,1351,101,1452
062521403,1713,214,1927
062521404,1057,97,1154
062521405,682,48,730
062521406,734,73,807
062521407,1014,81,1095
062521408,1582,121,1703
062521409,975,69,1044
062521410,872,55,927
062521411,912,45,957
062521412,1419,156,1575
062521413,2106,190,2296
062521414,1117,103,1220
062521415,890,53,943
062521416,933,72,1005
062521417,862,36,898
062521418,936,57,993
062521419,1367,91,1458
062521501,11,0,11
062521502,3,0,3
062521503,1119,80,1199
062521504,1345,106,1451
062521505,1119,90,1209
062521506,1324,105,1429
062521507,1300,86,1386
062521508,1445,153,1598
062521509,1330,112,1442
062521510,577,23,600
062521511,1239,122,1361
062521512,1671,135,1806
062521513,697,35,732
062521514,1268,67,1335
062521515,1844,102,1946
062521601,443,41,484
062660101,17,2,19
062660102,162,9,171
062660103,95,3,98
062660104,153,15,168
062660201,38,3,41
062660202,90,5,95
062660203,64,2,66
062660204,1139,96,1235
062660205,352,26,378
062660301,928,81,1009
062660302,737,30,767
062660303,852,59,911
062660304,591,31,622
062660305,347,36,383
062660306,410,17,427
062660307,499,28,527
062660308,407,15,422
062660309,476,20,496
062660310,751,43,794
062660311,778,60,838
062660312,57,5,62
062660401,187,15,202
062660402,21,2,23
062660403,254,31,285
062660501,1225,155,1380
062660502,533,46,579
062660503,418,22,440
062660504,187,16,203
062660505,123,7,130
062660506,234,20,254
062660507,92,8,100
062660508,615,55,670
062660509,191,10,201
062660601,429,24,453
062660602,646,36,682
062660603,283,30,313
062660604,185,9,194
062660605,265,21,286
062660606,127,3,130
062660607,163,8,171
062660608,234,10,244
062660609,603,62,665
062660610,446,25,471
062660611,322,21,343
062660612,349,27,376
062660701,726,71,797
062660702,807,52,859
062660703,1276,116,1392
062660704,284,19,303
062660705,1384,161,1545
062660706,228,18,246
062660707,677,33,710
062660708,1086,75,1161
062660709,1092,80,1172
062660710,1045,88,1133
062660711,504,46,550
062770101,7,0,7
062770102,292,26,318
062770103,312,15,327
062770104,63,6,69
062770105,16,0,16
062770106,107,6,113
062770107,669,60,729
062770108,716,64,780
062770109,604,59,663
062770110,699,53,752
062770111,1103,78,1181
062770112,485,29,514
062770113,616,32,648
062770114,563,49,612
062770115,815,50,865
062770116,47,3,50
062770201,83,9,92
062770202,282,15,297
062770203,73,6,79
062770204,170,9,179
062770205,30,1,31
062770206,79,4,83
062800101,573,59,632
062800102,557,35,592
062800103,542,40,582
062800104,690,52,742
062800105,454,42,496
062800106,444,44,488
062800107,841,88,929
062800108,570,72,642
062800109,408,38,446
062800110,521,49,570
062800201,938,70,1008
062800202,624,47,671
062800203,411,19,430
062800204,732,49,781
062800205,952,67,1019
062800206,643,30,673
062800207,694,34,728
062800208,351,10,361
062800301,144,5,149
062800302,139,7,146
062800303,151,7,158
062800304,133,7,140
062800305,213,14,227
062800306,146,9,155
062800307,200,15,215
062800308,159,10,169
062800309,94,5,99
062800310,109,4,113
062800311,74,2,76
062800312,53,4,57
062800313,69,2,71
062800401,631,20,651
062800402,143,5,148
062800403,78,2,80
062800404,23,0,23
062800405,120,2,122
062800406,286,11,297
062800407,187,18,205
062800408,279,22,301
062800409,378,23,401
062800410,256,13,269
062800501,17,0,17
062800502,33,3,36
062800503,15,1,16
062800504,3,0,3
062800505,14,1,15
062800506,28,1,29
062800507,31,1,32
062800508,61,6,67
062800509,18,0,18
062800601,12,0,12
062800602,19,1,20
062800603,79,14,93
062800604,56,0,56
062800605,30,0,30
062800606,511,33,544
062800607,190,9,199
062800608,329,21,350
062800609,111,4,115
062800610,380,31,411
062800611,216,20,236
062800612,81,5,86
062800613,69,10,79
062800614,83,1,84
062800615,134,18,152
062800616,83,3,86
062800617,56,2,58
062800701,27,2,29
062800702,20,0,20
062800703,54,4,58
062800704,152,7,159
062800705,48,3,51
062800706,35,3,38
062800707,20,0,20
062800708,60,5,65
062800709,49,2,51
062800710,32,1,33
062800711,23,2,25
062800801,232,14,246
062800802,13,1,14
062800803,11,0,11
062800804,15,0,15
062800805,7,1,8
062800806,16,2,18
062800807,28,2,30
062800808,9,0,9
062800809,42,4,46
062800810,16,1,17
062800811,13,3,16
062800812,33,3,36
062800813,23,3,26
062800814,13,2,15
062800815,33,4,37
062800816,110,8,118
062800817,25,2,27
062800818,10,0,10
062800819,599,25,624
062800820,272,18,290
062800901,86,4,90
062800902,24,0,24
062800903,10,1,11
062800904,55,3,58
062800905,46,0,46
062800906,59,5,64
062800907,21,0,21
062800908,28,3,31
062800909,112,5,117
062800910,23,0,23
062800911,20,0,20
062800912,151,7,158
062801001,467,16,483
062801002,519,24,543
062801003,215,6,221
062801004,265,20,285
062801005,210,5,215
062801006,66,1,67
062801007,140,5,145
062801008,377,7,384
062801101,705,45,750
062801102,856,38,894
062801103,996,45,1041
062801104,369,10,379
062801105,404,18,422
062801106,464,25,489
062801107,396,14,410
062801108,517,35,552
062801109,600,44,644
062801110,386,33,419
062801111,455,43,498
062801112,393,30,423
062801201,103,11,114
062801202,90,7,97
062801203,7,1,8
062801204,72,4,76
062801205,1249,79,1328
062801206,943,56,999
062801207,1158,75,1233
062801208,1423,107,1530
062801209,562,41,603
062801210,551,42,593
062870101,215,18,233
062870201,124,7,131
062870301,19,0,19
062870302,34,3,37
062870401,203,16,219
062870402,28,0,28
062870403,253,13,266
062870404,525,39,564
062870405,747,38,785
062870406,475,25,500
062870407,619,34,653
062870408,606,39,645
062870409,334,39,373
062870410,318,26,344
062870411,673,38,711
062870412,448,17,465
062870413,886,53,939
062870414,567,32,599
062870415,937,77,1014
062870416,1389,78,1467
062870417,10,1,11
062870501,66,2,68
062870502,201,9,210
062870601,193,20,213
062870701,118,5,123
062870702,116,6,122
062940101,17,0,17
062940102,9,0,9
062940103,0,0,0
062940201,9,1,10
062940202,267,24,291
062940203,1006,64,1070
062940204,812,40,852
062940205,57,4,61
062940206,26,1,27
062940207,22,0,22
062940208,2,0,2
062940209,28,1,29
062940210,29,1,30
062940211,248,12,260
062940301,22,1,23
062940302,10,0,10
062940303,12,0,12
062940401,626,36,662
062940402,844,45,889
062940403,939,48,987
062940404,400,25,425
062940405,92,11,103
062940406,145,9,154
062940407,18,2,20
062940408,828,56,884
062940501,75,8,83
062940502,13,0,13
062940503,11,0,11
062940504,9,0,9
062940505,41,5,46
062940506,68,1,69
062940601,659,29,688
062940602,349,12,361
062940603,520,13,533
062940604,358,22,380
062940605,11,0,11
062940606,51,1,52
062940607,42,1,43
062940608,201,12,213
062940609,321,11,332
062940610,336,19,355
062940701,10,1,11
062940702,28,1,29
062940703,16,0,16
062940704,24,3,27
062940705,19,3,22
062940706,0,0,0
062940801,158,10,168
062940802,492,25,517
062940803,480,29,509
062940804,292,10,302
062940805,326,12,338
062940806,376,16,392
062940807,650,33,683
062940808,648,28,676
062940809,171,20,191
062940810,311,33,344
062940811,8,1,9
062940812,11,0,11
062940813,3,0,3
062940814,19,3,22
062940815,25,1,26
063010101,501,35,536
063010201,113,10,123
063010301,92,7,99
063010401,144,9,153
063010501,18,1,19
063010502,185,11,196
063010503,85,7,92
063010504,594,45,639
063010505,605,48,653
063010506,569,32,601
063010507,505,32,537
063010508,623,16,639
063010509,658,38,696
063010510,623,25,648
063010511,640,21,661
063010512,858,35,893
063010513,1122,69,1191
063010514,574,30,604
063010601,260,13,273
063010701,211,11,222
063010801,311,20,331
063010802,111,14,125
063010803,143,7,150
063010804,119,5,124
063010805,522,21,543
063010806,669,36,705
063010807,391,23,414
063010808,689,23,712
063010809,577,21,598
063010810,391,18,409
063010811,696,28,724
063010812,915,50,965
063010813,648,46,694
063010814,567,51,618
063010815,18,0,18
063080101,49,3,52
063080201,42,3,45
063080301,60,5,65
063080401,67,2,69
063080501,278,7,285
063080502,215,19,234
063080601,296,19,315
063080602,384,23,407
063080603,102,11,113
063080604,8,0,8
063080701,64,4,68
063080801,29,2,31
063080901,76,3,79
063081001,71,7,78
063081002,728,54,782
063081003,66,7,73
063150101,623,38,661
063150102,1029,51,1080
063150103,529,54,583
063150104,734,39,773
063150105,812,53,865
063150106,841,46,887
063150107,590,54,644
063150108,661,79,740
063150109,978,42,1020
063150110,914,49,963
063150111,1191,85,1276
063150112,914,66,980
063150113,953,76,1029
063150114,1145,103,1248
063150115,804,63,867
063150116,547,62,609
063150117,605,87,692
063150118,839,65,904
063150201,145,9,154
063150301,806,71,877
063150302,321,28,349
063150303,393,34,427
063150401,165,18,183
063150501,184,9,193
063150502,312,15,327
063150601,293,22,315
063150701,74,5,79
063220101,6,0,6
063220102,6,0,6
063220103,25,3,28
063220201,37,7,44
063220202,16,1,17
063220203,12,1,13
063220204,17,2,19
063220301,288,15,303
063220302,38,3,41
063220303,7,1,8
063220304,51,3,54
063220305,40,3,43
063220306,36,2,38
063220307,311,20,331
063220401,16,0,16
063220402,13,2,15
063220403,21,0,21
063220404,10,0,10
063220405,11,0,11
063220501,17,1,18
063220502,14,0,14
063220503,19,0,19
063220504,9,0,9
063220505,29,1,30
063220601,1049,65,1114
063220602,634,21,655
063220603,394,19,413
063220604,488,19,507
063220605,473,24,497
063220606,338,16,354
063220607,538,32,570
063220608,75,5,80
063220609,13,2,15
063220610,1,0,1
063220611,158,12,170
063220612,708,38,746
063220613,378,37,415
063220614,571,27,598
063220615,381,20,401
063220616,497,24,521
063220617,773,37,810
063220701,161,8,169
063220702,39,1,40
063220703,47,5,52
063220704,15,1,16
063220705,17,0,17
063220801,14,5,19
063220802,20,3,23
063220803,30,4,34
063220901,46,4,50
063220902,30,3,33
063220903,8,0,8
063221001,272,12,284
063221002,62,4,66
063221003,20,1,21
063221004,59,2,61
063221005,54,5,59
063221006,23,2,25
063221007,97,10,107
063221008,31,3,34
063221101,27,4,31
063221102,29,1,30
063221103,25,1,26
063221201,25,2,27
063221202,9,2,11
063221203,12,0,12
063221301,19,1,20
063221302,22,0,22
063221303,32,0,32
063221304,21,0,21
063290101,37,2,39
063290102,103,9,112
063290103,58,7,65
063290104,47,6,53
063290201,166,17,183
063290202,63,2,65
063290203,100,9,109
063290301,107,11,118
063290302,139,7,146
063290303,200,32,232
063290304,716,44,760
063290305,942,77,1019
063290306,692,59,751
063290307,479,40,519
063290308,936,58,994
063290309,691,59,750
063290310,840,64,904
063290311,870,40,910
063290312,809,32,841
063290313,485,17,502
063290314,564,24,588
063290315,869,51,920
063290316,812,52,864
063290317,437,33,470
063290401,115,8,123
063290402,185,20,205
063290403,218,18,236
063290501,238,16,254
063290502,224,28,252
063290503,97,12,109
063290504,74,7,81
063290505,332,24,356
063290506,454,38,492
063290601,73,7,80
063290602,44,6,50
063360101,89,7,96
063360201,535,41,576
063360202,418,24,442
063360203,282,23,305
063360204,36,10,46
063360205,368,18,386
063360301,60,11,71
063360401,27,5,32
063360501,294,21,315
063360601,56,5,61
063360701,158,15,173
063360801,97,6,103
063360901,65,5,70
063361001,384,48,432
063361002,387,35,422
063430101,570,51,621
063430102,71,4,75
063430103,188,16,204
063430104,53,4,57
063430105,74,7,81
063430201,119,8,127
063430301,74,3,77
063430302,42,4,46
063430303,42,4,46
063430401,74,4,78
063430402,81,6,87
063430501,47,3,50
063430502,47,3,50
063430503,82,4,86
063430601,479,31,510
063430602,232,16,248
063430603,76,8,84
063430604,29,4,33
063430605,49,1,50
063430606,11,1,12
063430701,308,17,325
063430702,554,38,592
063430703,727,46,773
063430704,355,20,375
063430705,634,39,673
063430706,700,54,754
063430707,661,30,691
063430708,446,33,479
063430709,742,33,775
063430710,903,62,965
063430711,610,44,654
063430712,498,39,537
063430713,367,34,401
063430801,33,2,35
063430802,52,3,55
063510101,39,1,40
063510102,355,28,383
063510103,375,25,400
063510104,25,1,26
063510201,155,14,169
063510202,62,9,71
063510301,35,3,38
063510302,19,4,23
063510303,10,1,11
063510304,29,2,31
063510401,562,48,610
063510402,31,4,35
063510403,48,6,54
063510404,41,4,45
063510405,49,4,53
063510406,697,36,733
063510501,40,6,46
063510502,18,2,20
063510601,431,29,460
063510602,257,12,269
063510603,789,50,839
063510604,888,57,945
063510605,728,85,813
063510606,869,32,901
063510607,770,29,799
063510608,269,20,289
063510609,4,0,4
063510610,5,0,5
063510611,24,2,26
063510612,12,3,15
063510613,37,3,40
063510614,29,2,31
063510615,868,87,955
063510701,45,3,48
063510702,42,4,46
063510703,21,0,21
063510801,59,8,67
063510802,24,2,26
063510803,73,3,76
063510901,1019,64,1083
063510902,20,1,21
063510903,127,9,136
063511001,16,0,16
063511002,23,2,25
063511003,31,1,32
063570101,793,44,837
063570102,929,48,977
063570103,1077,81,1158
063570104,1097,59,1156
063570105,961,46,1007
063570106,665,34,699
063570107,662,35,697
063570108,1046,38,1084
063570109,810,42,852
063570201,868,36,904
063570202,780,62,842
063570203,801,36,837
063570204,1097,83,1180
063570205,780,33,813
063570206,789,38,827
063570207,628,22,650
063570208,539,16,555
063570209,830,27,857
063570210,733,29,762
063570301,389,17,406
063570302,471,33,504
063570303,319,10,329
063570304,621,41,662
063570305,658,30,688
063570306,944,41,985
063570307,722,24,746
063570308,930,39,969
063570309,1059,48,1107
063570310,856,34,890
063570311,1041,49,1090
063570401,591,22,613
063570402,417,13,430
063570403,380,13,393
063570404,423,19,442
063570405,405,15,420
063570406,518,22,540
063570407,706,27,733
063570408,840,40,880
063570409,656,26,682
063570410,539,16,555
063570501,1049,38,1087
063570502,1058,49,1107
063570503,660,18,678
063570504,631,26,657
063570505,518,18,536
063570506,640,28,668
063570507,502,20,522
063570508,597,15,612
063570509,921,42,963
063570510,869,31,900
063570511,426,15,441
063570512,481,20,501
063570513,372,7,379
063570514,373,24,397
063570601,874,59,933
063570602,744,33,777
063570603,680,35,715
063570604,1080,53,1133
063570605,721,39,760
063570606,635,30,665
063570607,827,23,850
063570608,917,72,989
063570609,1051,49,1100
063570610,878,34,912
063570611,768,33,801
063570701,727,31,758
063570702,983,45,1028
063570703,789,43,832
063570704,974,59,1033
063570705,1178,62,1240
063570706,1011,46,1057
063570707,800,44,844
063570708,756,40,796
063570709,1227,68,1295
063570710,921,67,988
063570711,726,67,793
063570801,1104,75,1179
063570802,832,53,885
063570803,603,35,638
063570804,712,43,755
063570805,884,47,931
063570806,765,31,796
063570807,913,43,956
063570808,696,25,721
063570809,924,43,967
063570810,953,58,1011
063570811,1008,43,1051
063570812,1019,39,1058
063570813,597,70,667
063570814,418,12,430
063570901,1281,86,1367
063570902,1017,114,1131
063570903,876,82,958
063570904,1083,82,1165
063570905,1029,87,1116
063570906,1211,88,1299
063570907,1032,97,1129
063570908,972,93,1065
063570909,954,78,1032
063570910,1234,72,1306
063570911,1079,53,1132
063570912,1249,69,1318
063570913,953,47,1000
063571001,661,23,684
063571002,585,37,622
063571003,1098,66,1164
063571004,923,85,1008
063571005,1065,107,1172
063571006,1155,73,1228
063571007,960,110,1070
063571008,1404,117,1521
063571009,762,45,807
063571010,673,51,724
063571011,902,62,964
063571012,865,61,926
063571013,712,56,768
063571014,908,57,965
063571015,769,33,802
063571101,665,44,709
063571102,1047,79,1126
063571103,810,56,866
063571104,1380,98,1478
063571105,995,99,1094
063571106,1087,101,1188
063571107,1007,103,1110
063571108,661,43,704
063571109,1227,65,1292
063571110,789,52,841
063571111,813,43,856
063571112,1093,81,1174
063571201,957,72,1029
063571202,542,23,565
063571203,858,36,894
063571204,725,43,768
063571205,1013,44,1057
063571206,591,24,615
063571207,982,77,1059
063571208,1229,135,1364
063571209,1061,80,1141
063571210,1228,116,1344
063571211,1275,188,1463
063571212,1026,75,1101
063571213,881,57,938
063571214,740,29,769
063571215,1256,126,1382
063571301,808,35,843
063571302,761,29,790
063571303,1091,50,1141
063571304,1307,53,1360
063571305,739,40,779
063571306,1232,79,1311
063571307,1047,60,1107
063571308,828,51,879
063571309,501,26,527
063571401,947,32,979
063571402,828,40,868
063571403,1162,55,1217
063571404,890,31,921
063571405,574,24,598
063571406,687,31,718
063571407,986,44,1030
063571408,818,46,864
063571409,798,32,830
063571501,851,52,903
063571502,582,7,589
063571503,684,22,706
063571504,944,33,977
063571505,946,29,975
063571506,644,33,677
063571507,1621,53,1674
063571508,838,44,882
063571509,715,26,741
063571510,790,28,818
063571511,367,21,388
063571601,685,26,711
063571602,634,21,655
063571603,650,17,667
063571604,721,24,745
063571605,569,33,602
063571606,507,27,534
063571607,424,12,436
063571608,583,11,594
063571609,352,9,361
063571610,360,13,373
063571611,370,7,377
063571612,351,9,360
063571613,487,20,507
063571701,727,34,761
063571702,229,4,233
063571703,425,18,443
063571704,576,30,606
063571705,1052,67,1119
063571706,518,21,539
063571707,433,21,454
063571708,699,44,743
063571709,571,25,596
063571710,470,25,495
063571801,659,25,684
063571802,516,17,533
063571803,320,11,331
063571804,553,21,574
063571805,788,36,824
063571806,646,29,675
063571807,631,21,652
063571808,781,27,808
063571809,605,16,621
063571810,467,16,483
063571901,685,12,697
063571902,420,16,436
063571903,350,8,358
063571904,161,1,162
063571905,299,5,304
063571906,265,4,269
063571907,649,13,662
063571908,433,11,444
063571909,252,14,266
063571910,223,8,231
063571911,320,9,329
063572001,384,22,406
063572002,618,16,634
063572003,328,12,340
063572004,272,5,277
063572005,172,2,174
063572006,203,4,207
063572007,303,9,312
063572008,92,1,93
063572009,185,6,191
063572101,331,7,338
063572102,580,17,597
063572103,452,10,462
063572104,305,8,313
063572105,729,24,753
063572106,517,10,527
063572107,507,9,516
063572108,428,5,433
063572201,391,14,405
063572202,240,2,242
063572203,397,13,410
063572204,318,14,332
063572205,322,6,328
063572206,463,13,476
063572207,330,7,337
063572208,450,13,463
063572209,446,13,459
063572210,333,7,340
063572211,303,11,314
063572212,361,8,369
063572213,277,7,284
063572214,336,8,344
063572301,369,10,379
063572302,410,8,418
063572303,257,4,261
063572304,284,5,289
063572305,208,4,212
063572306,305,6,311
063572307,188,4,192
063572308,211,2,213
063572401,166,3,169
063572402,112,0,112
063572403,253,2,255
063572404,335,9,344
063572405,417,9,426
063572501,453,3,456
063572502,474,8,482
063572503,251,6,257
063572601,410,6,416
063572602,541,11,552
063572603,459,12,471
063572604,445,4,449
063572701,335,6,341
063572702,327,3,330
063572703,466,6,472
063572704,333,7,340
063572705,400,3,403
063572801,424,12,436
063572802,314,5,319
063572803,293,8,301
063572804,236,9,245
063572805,334,7,341
063572806,349,3,352
063572901,259,5,264
063572902,236,8,244
063572903,260,9,269
063572904,338,11,349
063572905,129,0,129
063572906,444,11,455
063573001,272,5,277
063573002,332,9,341
063573003,153,4,157
063573004,342,7,349
063573005,285,8,293
063573006,459,12,471
063573007,244,0,244
063573008,184,4,188
063573009,374,11,385
063573010,285,6,291
063573011,397,4,401
063573101,432,7,439
063573102,407,12,419
063573103,309,1,310
063573104,175,3,178
063573105,364,11,375
063573106,352,7,359
063573107,474,7,481
063573108,452,12,464
063573109,419,9,428
063573201,527,19,546
063573202,607,16,623
063573203,645,17,662
063573204,568,14,582
063573205,220,3,223
063573206,372,10,382
063573207,436,10,446
063573208,216,5,221
063573209,528,16,544
063573210,407,7,414
063573301,611,20,631
063573302,744,28,772
063573303,714,37,751
063573304,616,18,634
063573305,556,18,574
063573306,432,10,442
063573307,522,20,542
063573308,531,8,539
063573309,402,14,416
063573310,297,6,303
063573311,342,14,356
063573401,386,10,396
063573402,392,15,407
063573403,255,10,265
063573404,587,15,602
063573405,370,9,379
063573406,303,10,313
063573407,444,10,454
063573408,191,4,195
063573501,456,14,470
063573502,546,18,564
063573503,280,5,285
063573504,366,10,376
063573505,522,12,534
063573506,398,8,406
063573507,449,12,461
063573508,428,8,436
063573509,417,10,427
063573510,230,8,238
063573601,459,8,467
063573602,473,8,481
063573603,339,9,348
063573604,427,10,437
063573605,96,2,98
063573701,362,6,368
063573702,349,3,352
063573703,390,7,397
063573704,241,6,247
063573705,389,7,396
063573706,326,7,333
063573707,274,6,280
063573708,248,7,255
063573801,371,5,376
063573802,307,5,312
063573803,364,4,368
063573804,216,2,218
063573901,337,5,342
063573902,283,7,290
063573903,318,1,319
063573904,523,18,541
063573905,283,8,291
063573906,286,10,296
063573907,570,12,582
063573908,313,12,325
063573909,165,2,167
063574001,53,0,53
063574002,501,15,516
063574003,293,8,301
063574004,966,11,977
063574005,253,3,256
063574006,269,4,273
063574007,468,12,480
063574008,341,6,347
063574101,770,31,801
063574102,577,13,590
063574103,492,15,507
063574104,375,10,385
063574105,310,6,316
063574106,123,5,128
063574107,242,6,248
063574201,279,4,283
063574202,267,6,273
063574203,195,7,202
063574204,114,1,115
063574205,227,11,238
063574206,284,3,287
063574207,309,11,320
063574301,160,3,163
063574302,213,4,217
063574303,219,6,225
063574304,417,12,429
063574305,99,1,100
063574306,262,10,272
063574307,424,7,431
063574308,90,4,94
063574309,223,4,227
063574310,197,3,200
063574311,159,3,162
063574312,187,4,191
063574401,69,2,71
063574402,217,7,224
063574403,636,25,661
063574404,689,18,707
063574405,585,20,605
063574406,229,12,241
063574407,385,9,394
063574408,373,12,385
063574409,172,8,180
063574501,330,12,342
063574502,454,14,468
063574503,525,21,546
063574504,597,12,609
063574505,380,14,394
063574506,668,25,693
063574507,776,30,806
063574508,620,22,642
063574509,963,23,986
063574510,831,30,861
063574511,297,12,309
063574512,300,9,309
063574513,430,6,436
063574514,191,4,195
063574515,351,10,361
063574516,628,21,649
063574601,397,11,408
063574602,457,8,465
063574603,584,14,598
063574604,359,14,373
063574605,613,15,628
063574606,702,27,729
063574607,391,15,406
063574608,400,11,411
063574609,688,30,718
063574610,574,14,588
063574611,678,24,702
063574612,693,22,715
063574613,460,12,472
063574701,673,26,699
063574702,670,16,686
063574703,729,34,763
063574704,631,19,650
063574705,749,26,775
063574706,413,10,423
063574707,379,5,384
063574708,638,26,664
063574709,679,14,693
063574710,721,20,741
063574801,881,30,911
063574802,829,46,875
063574803,720,46,766
063574804,384,30,414
063574805,495,14,509
063574806,414,24,438
063574807,505,19,524
063574808,462,16,478
063574809,422,20,442
063574810,752,32,784
063574811,690,28,718
063574812,416,8,424
063574813,502,18,520
063574814,555,26,581
063574815,482,22,504
063574901,585,29,614
063574902,817,26,843
063574903,550,17,567
063574904,558,23,581
063574905,732,30,762
063574906,621,23,644
063574907,658,26,684
063574908,576,14,590
063575001,655,28,683
063575002,792,28,820
063575003,761,35,796
063575004,897,25,922
063575005,980,50,1030
063575006,863,37,900
063575007,1034,86,1120
063575008,1610,90,1700
063575009,1848,127,1975
063575010,515,29,544
063575011,388,18,406
063575012,927,74,1001
063575013,509,33,542
063575014,504,32,536
063575101,656,34,690
063575102,730,29,759
063575103,919,50,969
063575104,760,31,791
063575105,990,54,1044
063575106,900,79,979
063575107,1118,69,1187
063575108,1119,62,1181
063575109,1158,54,1212
063575201,1517,139,1656
063575202,1228,94,1322
063575203,1087,54,1141
063575204,1118,87,1205
063575205,788,54,842
063575206,703,66,769
063575207,1102,74,1176
063575208,782,48,830
063575209,840,84,924
063575210,1519,104,1623
063575211,1202,96,1298
063575212,995,77,1072
063575213,1070,96,1166
063575214,1274,99,1373
063575215,1412,144,1556
063575216,1475,138,1613
063575301,920,40,960
063575302,979,45,1024
063575303,1086,65,1151
063575304,766,40,806
063575305,748,44,792
063575306,766,50,816
063575307,1137,69,1206
063575308,1052,66,1118
063575309,1260,73,1333
063575310,1118,70,1188
063575311,984,82,1066
063575312,1056,81,1137
063575313,765,46,811
063575314,716,52,768
063575315,963,86,1049
063575316,818,101,919
063575401,829,25,854
063575402,924,33,957
063575403,1056,60,1116
063575404,1072,74,1146
063575405,754,36,790
063575406,684,22,706
063575407,700,56,756
063575408,625,27,652
063575501,501,36,537
063575502,639,24,663
063575503,924,31,955
063575504,1062,51,1113
063575505,500,23,523
063575506,774,32,806
063575507,632,31,663
063575508,1202,51,1253
063575601,850,26,876
063575602,886,38,924
063575603,731,32,763
063575604,928,33,961
063575605,695,23,718
063575606,724,21,745
063575607,874,55,929
063575608,848,27,875
063575609,703,28,731
063575610,358,25,383
063575611,980,32,1012
063575612,704,25,729
063575701,1269,76,1345
063575702,877,29,906
063575703,685,29,714
063575704,1064,47,1111
063575705,575,22,597
063575706,866,30,896
063575707,564,24,588
063575708,506,22,528
063575709,972,44,1016
063575710,615,24,639
063575801,650,26,676
063575802,671,32,703
063575803,654,20,674
063575804,720,26,746
063575805,878,52,930
063575806,884,40,924
063575807,759,33,792
063575808,1180,55,1235
063575901,732,23,755
063575902,736,28,764
063575903,837,22,859
063575904,716,30,746
063575905,731,28,759
063575906,1125,43,1168
063575907,920,72,992
063575908,751,28,779
063575909,471,19,490
063575910,465,19,484
063575911,814,28,842
063576001,865,31,896
063576002,558,31,589
063576003,729,19,748
063576004,496,25,521
063576005,764,38,802
063576006,868,37,905
063576007,805,35,840
063576008,616,28,644
063576009,600,38,638
063576010,682,50,732
063576011,682,28,710
063576101,927,34,961
063576102,977,47,1024
063576103,395,24,419
063576104,598,22,620
063576105,869,37,906
063576106,1091,55,1146
063576107,501,31,532
063576108,36,3,39
063576109,559,24,583
063576110,825,44,869
063576111,542,28,570
063576112,289,31,320
063576113,585,22,607
063576201,918,42,960
063576202,537,25,562
063576203,463,23,486
063576204,759,39,798
063576205,705,38,743
063576206,724,52,776
063576207,633,37,670
063576208,460,31,491
063576209,656,37,693
063576210,237,8,245
063576211,556,25,581
063576301,55,3,58
063576302,191,21,212
063576303,172,8,180
063576304,347,8,355
063576305,332,12,344
063576306,155,3,158
063576307,153,8,161
063576308,235,8,243
063576309,113,9,122
063576401,1078,54,1132
063576402,1124,65,1189
063576403,612,39,651
063576404,704,41,745
063576405,575,40,615
063576406,427,29,456
063576407,494,24,518
063576408,378,13,391
063576409,211,6,217
063576410,190,4,194
063576411,296,6,302
063576501,507,30,537
063576502,634,48,682
063576503,8,0,8
063576504,923,47,970
063576505,604,33,637
063576506,544,27,571
063576507,762,32,794
063576508,937,55,992
063576509,750,33,783
063576510,509,23,532
063576511,521,36,557
063576512,542,23,565
063576513,188,4,192
063576514,248,10,258
063576601,819,38,857
063576602,808,35,843
063576603,1109,88,1197
063576604,951,60,1011
063576605,737,33,770
063576606,798,34,832
063576607,831,29,860
063576608,608,27,635
063576701,526,35,561
063576702,696,34,730
063576703,943,61,1004
063576704,938,60,998
063576705,920,70,990
063576706,679,44,723
063576707,1205,83,1288
063576708,741,59,800
063576709,887,59,946
063576710,1051,95,1146
063576711,1228,100,1328
063576712,1054,86,1140
063576713,656,73,729
063576714,636,44,680
063576715,1184,109,1293
063576801,1218,64,1282
063576802,1118,77,1195
063576803,718,48,766
063576804,495,33,528
063576805,512,30,542
063576806,802,44,846
063576807,794,42,836
063576808,675,26,701
063576809,804,38,842
063576810,1008,57,1065
063576901,736,42,778
063576902,711,41,752
063576903,596,40,636
063576904,731,60,791
063576905,737,44,781
063576906,835,53,888
063576907,1161,93,1254
063576908,854,69,923
063576909,871,68,939
063576910,1069,94,1163
063576911,583,50,633
063577001,741,73,814
063577002,932,37,969
063577003,1208,58,1266
063577004,1158,54,1212
063577005,544,33,577
063577006,705,44,749
063577007,1023,68,1091
063577008,988,43,1031
063577009,668,41,709
063577010,682,38,720
063577011,767,65,832
063577012,648,38,686
063577013,812,67,879
063577014,919,71,990
063577101,673,70,743
063577102,811,47,858
063577103,1069,47,1116
063577104,1112,38,1150
063577105,784,46,830
063577106,1215,114,1329
063577107,883,46,929
063577108,1098,59,1157
063577109,1212,82,1294
063577110,951,71,1022
063577111,1282,103,1385
063577201,987,108,1095
063577202,1073,110,1183
063577203,874,75,949
063577204,1137,98,1235
063577205,1088,100,1188
063577206,925,63,988
063577207,1076,65,1141
063577208,601,39,640
063577209,1132,108,1240
063577210,1304,88,1392
063577211,1077,75,1152
063577301,253,21,274
063577302,1156,108,1264
063577303,32,2,34
063577304,189,23,212
063577305,1076,89,1165
063577306,1199,93,1292
063577307,214,29,243
063577308,497,54,551
063577309,498,56,554
063577310,8,0,8
063577311,285,38,323
063577312,197,7,204
063577401,882,64,946
063577402,1059,97,1156
063577403,657,57,714
063577404,913,120,1033
063577405,702,95,797
063577406,1251,161,1412
063577407,680,41,721
063577408,834,73,907
063577409,518,34,552
063577410,527,37,564
063577411,391,21,412
063577412,476,24,500
063577413,574,37,611
063577414,935,58,993
063577415,494,40,534
063577416,478,29,507
063577417,539,38,577
063577418,479,39,518
063577501,385,16,401
063577502,176,9,185
063577503,62,3,65
063577504,313,24,337
063577505,230,14,244
063577506,359,27,386
063577507,522,42,564
063577508,386,20,406
063577509,201,13,214
063577510,266,17,283
063577511,292,11,303
063577512,478,30,508
063577513,408,26,434
063577514,229,23,252
063577515,191,11,202
063577516,153,10,163
063577601,286,27,313
063577602,437,60,497
063577603,146,5,151
063577604,252,12,264
063577605,231,5,236
063577606,108,6,114
063577607,243,13,256
063577608,305,19,324
063577609,398,17,415
063577610,650,49,699
063577611,343,26,369
063577612,227,19,246
063577613,201,10,211
063577614,119,3,122
063577615,201,10,211
063577616,240,24,264
063577617,174,4,178
063577701,630,48,678
063577702,617,48,665
063577703,180,12,192
063577704,114,7,121
063577705,131,6,137
063577706,61,4,65
063577707,129,6,135
063577708,127,5,132
063577709,314,17,331
063577710,370,20,390
063577711,152,5,157
063577712,157,8,165
063577713,166,20,186
063577714,619,57,676
063577715,125,8,133
063577716,1701,18,1719
063577717,84,1,85
063577718,97,5,102
063577801,38,1,39
063577802,541,36,577
063577803,354,32,386
063577804,916,83,999
063577805,888,69,957
063577806,153,16,169
063577807,298,31,329
063577808,561,47,608
063577809,2329,185,2514
063577810,1048,88,1136
063577811,1273,139,1412
063577812,1339,182,1521
063577813,807,79,886
063577814,1145,116,1261
063577815,596,79,675
063577816,700,59,759
063577901,4,1,5
063577902,826,42,868
063577903,222,19,241
063577904,665,89,754
063577905,751,72,823
063577906,759,81,840
063577907,657,100,757
063577908,965,93,1058
063577909,1091,108,1199
063577910,756,99,855
063577911,482,38,520
063577912,648,55,703
063577913,1138,86,1224
063577914,1279,113,1392
063577915,1771,139,1910
063577916,164,21,185
063577917,135,27,162
063578001,1107,103,1210
063578002,784,46,830
063578003,888,85,973
063578004,937,88,1025
063578005,1197,103,1300
063578006,984,72,1056
063578007,540,53,593
063578008,528,38,566
063578009,403,42,445
063578010,343,30,373
063578011,393,26,419
063578012,270,21,291
063578013,467,59,526
063578014,378,28,406
063578015,52,0,52
063578016,695,33,728
063578017,406,22,428
063578018,319,19,338
063578101,262,25,287
063578102,37,2,39
063578103,24,0,24
063578104,231,19,250
063578105,178,16,194
063578106,369,32,401
063578107,371,34,405
063578108,417,27,444
063578109,473,42,515
063578110,494,29,523
063578111,450,29,479
063578112,502,30,532
063578113,481,29,510
063578114,1068,83,1151
063578201,90,6,96
063578202,125,6,131
063578203,615,71,686
063578204,516,49,565
063578205,805,81,886
063578206,643,45,688
063578207,188,12,200
063578208,204,9,213
063578209,172,9,181
063578210,180,2,182
063578211,393,14,407
063578212,376,35,411
063578213,371,31,402
063578301,234,31,265
063578302,454,30,484
063640101,1007,72,1079
063640102,592,34,626
063640103,990,42,1032
063640104,854,78,932
063640105,829,62,891
063640106,769,47,816
063640107,687,62,749
063640108,791,90,881
063640109,783,112,895
063640110,777,78,855
063640111,742,70,812
063640112,563,30,593
063640113,704,57,761
063640114,1216,77,1293
063640115,516,16,532
063640116,512,16,528
063640117,518,24,542
063640118,556,14,570
063640119,1012,49,1061
063640201,520,47,567
063640202,877,60,937
063640203,1033,77,1110
063640204,634,74,708
063640205,873,93,966
063640206,665,93,758
063640207,1060,68,1128
063640208,699,33,732
063640209,700,79,779
063640210,859,51,910
063640211,348,25,373
063640212,270,20,290
063640213,422,44,466
063640214,335,15,350
063640301,607,57,664
063640302,797,76,873
063640303,715,62,777
063640304,708,43,751
063640305,581,46,627
063640306,861,55,916
063640307,1449,113,1562
063640308,984,99,1083
063640309,484,37,521
063640310,487,70,557
063640311,385,48,433
063640312,829,119,948
063640313,276,33,309
063640314,0,0,0
063640315,532,68,600
063640316,0,0,0
063640317,470,46,516
063640318,872,57,929
063640401,1096,107,1203
063640402,1078,144,1222
063640403,1090,142,1232
063640404,340,30,370
063640405,1034,89,1123
063640406,710,73,783
063640407,549,51,600
063640408,723,107,830
063640409,785,75,860
063640410,783,73,856
063640411,535,40,575
063640412,684,71,755
063640413,754,60,814
063640414,111,19,130
063640501,982,100,1082
063640502,531,61,592
063640503,30,3,33
063640504,293,30,323
063640601,28,1,29
063640602,30,2,32
063640603,66,9,75
063640604,65,7,72
063640701,748,47,795
063640702,768,50,818
063640703,661,48,709
063640704,1113,94,1207
063640705,814,58,872
063640706,731,23,754
063640707,700,29,729
063640708,721,28,749
063640709,1067,55,1122
063640710,424,9,433
063640711,555,30,585
063640712,1169,47,1216
063640713,755,38,793
063640714,837,43,880
063640715,696,42,738
063640716,579,63,642
063640717,543,50,593
063640801,414,25,439
063640802,483,34,517
063640803,572,60,632
063640804,447,60,507
063640805,807,74,881
063640806,627,76,703
063640807,814,83,897
063640808,624,63,687
063640809,817,73,890
063640810,883,75,958
063640811,548,57,605
063640812,519,60,579
063640813,804,73,877
063640814,602,55,657
063640815,543,59,602
063640816,637,53,690
063640817,740,91,831
063640818,757,86,843
063640819,812,78,890
063640820,701,55,756
063640821,470,59,529
063640822,589,61,650
063640823,894,91,985
063850101,612,45,657
063850102,31,1,32
063850103,43,1,44
063850104,1,1,2
063850105,15,1,16
063850106,497,39,536
063850107,576,48,624
063850201,301,13,314
063850202,30,1,31
063850203,43,3,46
063850204,18,1,19
063850301,14,0,14
063850302,25,1,26
063850303,29,4,33
063850401,140,8,148
063850402,46,1,47
063850403,32,1,33
063850404,33,1,34
063850405,14,0,14
063850501,18,0,18
063850601,52,2,54
063850701,844,47,891
063850702,749,41,790
063850703,488,31,519
063850704,839,58,897
063850705,727,32,759
063850706,483,17,500
063850707,791,28,819
063850708,826,33,859
063850709,716,47,763
063850710,765,62,827
063850711,502,37,539
063850712,128,16,144
063850713,626,49,675
063850714,707,48,755
063850715,691,35,726
063850716,542,23,565
063850717,471,18,489
063850718,149,17,166
063850801,94,5,99
063850802,43,4,47
063850901,73,5,78
063850902,58,6,64
063851001,869,38,907
063851002,1428,131,1559
063851101,46,1,47
063851102,98,3,101
063920101,759,75,834
063920102,1173,80,1253
063920103,499,21,520
063920104,492,22,514
063920105,784,33,817
063920106,853,41,894
063920107,774,37,811
063920108,768,47,815
063920109,993,58,1051
063920110,814,62,876
063920111,652,45,697
063920112,763,45,808
063920113,919,60,979
063920114,876,63,939
063920115,747,69,816
063920116,475,19,494
063920201,46,5,51
063920202,64,8,72
063920203,29,2,31
063920204,15,1,16
063920301,634,33,667
063920302,33,3,36
063920303,40,4,44
063920304,22,1,23
063920305,48,2,50
063920306,89,7,96
063920401,298,20,318
063920402,29,2,31
063920403,46,4,50
063920404,15,2,17
063920405,37,2,39
063920501,14,1,15
063920502,68,0,68
063920503,26,2,28
063920504,18,6,24
063920505,2,0,2
063920601,221,12,233
063920602,62,7,69
063920603,19,1,20
063920604,86,5,91
063920605,148,13,161
063920701,22,3,25
063920702,509,30,539
063920703,156,9,165
063920704,54,4,58
063920705,280,15,295
063920706,298,11,309
063920707,271,14,285
063920708,391,20,411
063920709,74,7,81
063920710,53,2,55
063920801,695,36,731
063920802,81,9,90
063920803,117,10,127
063920804,36,4,40
063920805,49,1,50
063920806,1073,77,1150
063920901,838,45,883
063920902,232,14,246
063920903,241,21,262
063920904,83,10,93
063920905,45,7,52
063920906,373,20,393
063920907,479,40,519
063921001,54,4,58
063921002,32,5,37
063921003,17,1,18
063921004,44,5,49
063921005,117,9,126
063921006,17,0,17
063921101,22,4,26
063921102,51,5,56
063921103,6,0,6
063921201,1028,128,1156
063921202,833,87,920
063921203,856,92,948
063921204,114,8,122
063921205,36,1,37
063921206,738,56,794
063921207,311,35,346
063921208,51,3,54
063921209,51,3,54
063921301,69,6,75
063921302,68,5,73
063921303,64,1,65
063921401,51,4,55
063921402,23,1,24
063921403,4,0,4
063921404,27,1,28
063921501,587,34,621
063921502,567,47,614
063921503,139,7,146
063921504,71,6,77
063921505,26,5,31
063921506,374,30,404
063921507,30,1,31
063990101,656,22,678
063990102,586,33,619
063990103,337,10,347
063990104,57,2,59
063990105,700,66,766
063990106,736,28,764
063990107,357,19,376
063990108,412,31,443
063990109,471,36,507
063990201,26,2,28
063990202,109,7,116
063990301,106,9,115
063990302,159,17,176
063990303,397,31,428
063990304,530,24,554
063990401,61,5,66
063990402,45,6,51
063990501,1073,52,1125
063990502,383,30,413
063990503,105,9,114
063990504,189,16,205
063990601,129,9,138
063990602,107,4,111
063990701,22,1,23
063990702,231,7,238
063990703,732,57,789
063990704,681,25,706
063990705,559,31,590
063990706,510,28,538
063990801,55,1,56
063990802,61,2,63
063990803,49,1,50
063990804,48,3,51
063990805,48,2,50
064060101,10,0,10
064060102,3,0,3
064060103,33,3,36
064060104,19,0,19
064060105,20,1,21
064060106,26,4,30
064060107,2,0,2
064060201,822,70,892
064060202,761,46,807
064060203,705,43,748
064060204,1014,64,1078
064060205,822,35,857
064060206,788,48,836
064060207,706,62,768
064060208,61,5,66
064060209,7,0,7
064060210,347,31,378
064060211,55,7,62
064060212,15,0,15
064060213,43,0,43
064060214,528,35,563
064060215,784,43,827
064060216,539,41,580
064060301,24,2,26
064060302,146,6,152
064060303,23,0,23
064060304,53,5,58
064060305,44,4,48
064060306,27,9,36
064060307,21,1,22
064060308,92,6,98
064060309,13,1,14
064130101,827,75,902
064130102,816,57,873
064130103,835,53,888
064130104,1048,75,1123
064130105,819,43,862
064130106,1093,64,1157
064130107,907,39,946
064130108,826,44,870
064130109,716,33,749
064130110,862,47,909
064130201,1275,94,1369
064130202,828,79,907
064130203,938,53,991
064130204,857,72,929
064130205,1015,96,1111
064130206,922,77,999
064130207,1145,76,1221
064130208,806,29,835
064130209,777,31,808
064130210,751,16,767
064130211,674,21,695
064130212,731,22,753
064130213,779,74,853
064130301,316,15,331
064130302,599,19,618
064130303,640,12,652
064130304,557,14,571
064130305,544,11,555
064130306,637,22,659
064130307,964,54,1018
064130308,687,46,733
064130309,898,85,983
064130310,802,48,850
064130311,695,50,745
064130401,623,24,647
064130402,512,14,526
064130403,756,35,791
064130404,962,32,994
064130405,716,21,737
064130406,632,8,640
064130407,583,28,611
064130408,1095,37,1132
064130409,915,34,949
064130410,463,19,482
064130411,892,39,931
064130412,658,35,693
064130413,1018,40,1058
064130501,860,31,891
064130502,719,15,734
064130503,765,31,796
064130504,724,30,754
064130505,284,7,291
064130506,578,14,592
064130507,944,24,968
064130508,611,15,626
064130509,781,21,802
064130510,530,32,562
064130511,759,16,775
064130512,800,40,840
064130513,376,15,391
064130601,525,21,546
064130602,716,38,754
064130603,848,44,892
064130604,905,24,929
064130605,820,35,855
064130606,707,19,726
064130607,955,41,996
064130608,694,42,736
064130609,953,48,1001
064130610,695,55,750
064130611,811,50,861
064130612,712,46,758
064130703,109,18,127
064130704,102,12,114
064130901,134,9,143
064130902,22,1,23
064131101,156,18,174
064131106,126,6,132
064131301,338,28,366
064131302,1022,66,1088
064131303,524,43,567
064131304,884,66,950
064131305,507,39,546
064131306,93,13,106
064131307,1051,71,1122
064131308,419,50,469
064131309,680,50,730
064131401,114,12,126
064131402,106,7,113
064131403,326,38,364
064131404,732,7,739
064131405,356,4,360
064131406,461,49,510
064131407,1240,131,1371
064131408,625,102,727
064131409,392,44,436
064131501,304,23,327
064131502,78,7,85
064131503,52,4,56
064131504,5,0,5
064131505,96,6,102
064131506,32,25,57
064131507,164,12,176
064131508,82,7,89
064131509,75,7,82
064131601,19,3,22
064131801,359,31,390
064131802,125,8,133
064131803,35,4,39
064131804,8,0,8
064131805,11,1,12
064131806,44,1,45
064131901,47,3,50
064131902,560,53,613
064131903,125,7,132
064131904,120,7,127
064131905,145,10,155
064131906,80,8,88
064132101,1230,72,1302
064132102,891,53,944
064132103,547,20,567
064132104,1131,60,1191
064132105,732,28,760
064132106,520,18,538
064132107,664,29,693
064132108,1201,83,1284
064132109,1302,75,1377
064132110,940,44,984
064132201,433,28,461
064132202,351,27,378
064132203,111,15,126
064132204,144,5,149
064132205,586,63,649
064132206,294,17,311
064132207,179,14,193
064132208,323,20,343
064132209,336,26,362
064132210,444,26,470
064132211,502,34,536
064132212,251,16,267
064200101,18,3,21
064200102,492,42,534
064200103,309,25,334
064200104,714,64,778
064200105,225,5,230
064200106,193,10,203
064200107,155,3,158
064200108,211,11,222
064200109,357,24,381
064200110,535,41,576
064200111,277,10,287
064200112,149,5,154
064200113,146,7,153
064200114,161,7,168
064200115,152,2,154
064200116,436,30,466
064200201,72,1,73
064200202,76,5,81
064200203,87,1,88
064200204,116,8,124
064200205,60,2,62
064200206,62,2,64
064200207,108,2,110
064200208,212,4,216
064200209,154,11,165
064200210,134,11,145
064200211,146,5,151
064200212,344,12,356
064200213,581,38,619
064200214,236,1,237
064200215,303,14,317
064200216,635,47,682
064200301,186,9,195
064200302,183,4,187
064200303,131,9,140
064200304,283,26,309
064200305,267,20,287
064200306,205,9,214
064200307,254,13,267
064200308,364,31,395
064200309,265,28,293
064200310,195,10,205
064200311,369,18,387
064200312,221,16,237
064200313,91,6,97
064200314,110,6,116
064200315,52,2,54
064200316,89,2,91
064200317,110,9,119
064200318,100,6,106
064200319,135,9,144
064200320,434,58,492
064200401,105,6,111
064200402,159,12,171
064200403,381,40,421
064200404,301,29,330
064200405,200,9,209
064200406,281,13,294
064200407,307,13,320
064200408,115,7,122
064200409,107,6,113
064200410,295,20,315
064200411,265,23,288
064200412,272,23,295
064200413,155,7,162
064200414,179,16,195
064200415,179,7,186
064200416,146,5,151
064200417,84,6,90
064200418,101,5,106
064200419,180,8,188
064200501,13,1,14
064200502,88,2,90
064200503,412,18,430
064200504,348,17,365
064200505,368,25,393
064200506,557,31,588
064200507,495,26,521
064200508,609,42,651
064200509,828,61,889
064200510,263,20,283
064200511,186,6,192
064200512,191,8,199
064200601,176,6,182
064200602,37,1,38
064200603,130,4,134
064200604,139,9,148
064200605,104,5,109
064200606,31,0,31
064200607,92,4,96
064200608,177,10,187
064200609,163,6,169
064200610,105,2,107
064200611,15,0,15
064200612,53,2,55
064200701,110,4,114
064200702,57,4,61
064200703,27,1,28
064200704,94,4,98
064200705,118,5,123
064200706,215,9,224
064200707,155,6,161
064200708,101,3,104
064200709,50,2,52
064200710,85,2,87
064200711,90,2,92
064200801,759,65,824
064200802,766,54,820
064200803,339,20,359
064200804,315,14,329
064200805,335,8,343
064200806,231,12,243
064200807,281,14,295
064200808,220,9,229
064200809,109,5,114
064200901,1000,67,1067
064200902,503,50,553
064200903,575,49,624
064200904,251,19,270
064200905,170,11,181
064200906,148,7,155
064200907,212,11,223
064200908,225,18,243
064200909,125,2,127
064200910,121,5,126
064200911,155,14,169
064200912,54,2,56
064201001,352,24,376
064201002,114,10,124
064201003,58,0,58
064201004,154,8,162
064201005,317,20,337
064201006,297,16,313
064201007,281,26,307
064201008,117,7,124
064201009,136,7,143
064201010,248,19,267
064201011,303,22,325
064201012,166,11,177
064201013,284,11,295
064201101,184,8,192
064201102,112,6,118
064201103,97,3,100
064201104,171,8,179
064201105,164,15,179
064201106,253,24,277
064201107,157,7,164
064201108,87,6,93
064201109,83,1,84
064201110,342,15,357
064201111,179,10,189
064201112,317,29,346
064201113,219,11,230
064201114,156,5,161
064201115,162,12,174
064201116,293,22,315
064201117,385,35,420
064201201,319,27,346
064201202,37,5,42
064201203,225,9,234
064201204,114,6,120
064201205,155,14,169
064201206,163,9,172
064201207,94,8,102
064201208,341,21,362
064201209,4,1,5
064201210,41,0,41
064201211,147,8,155
064201212,112,5,117
064201213,134,7,141
064201214,354,38,392
064201301,57,2,59
064201302,99,2,101
064201303,115,2,117
064201304,37,0,37
064201305,60,2,62
064201306,141,1,142
064201307,229,10,239
064201308,91,3,94
064201309,119,8,127
064201310,171,8,179
064201311,202,15,217
064201401,134,2,136
064201402,74,4,78
064201403,293,16,309
064201404,439,34,473
064201405,90,4,94
064201406,58,2,60
064201407,48,1,49
064201408,70,1,71
064201409,69,5,74
064201410,51,2,53
064201501,26,2,28
064201502,80,1,81
064201503,67,3,70
064201504,42,1,43
064201505,50,2,52
064201506,137,6,143
064201507,66,1,67
064201508,401,23,424
064201509,260,18,278
064201510,482,24,506
064201601,44,1,45
064201602,48,1,49
064201603,67,2,69
064201604,37,0,37
064201605,25,0,25
064201606,40,1,41
064201607,45,0,45
064201608,56,1,57
064201609,80,3,83
064201610,83,6,89
064201611,507,39,546
064201612,547,43,590
064201701,174,14,188
064201702,22,2,24
064201703,52,1,53
064201704,74,3,77
064201705,76,4,80
064201706,52,1,53
064201707,94,4,98
064201708,365,29,394
064201709,577,49,626
064201710,338,25,363
064201801,39,4,43
064201802,31,3,34
064201803,59,5,64
064201804,48,3,51
064201805,54,4,58
064201806,46,2,48
064201807,41,2,43
064201808,282,19,301
064201809,97,3,100
064201810,47,2,49
064201811,15,1,16
064201812,459,33,492
064201901,13,0,13
064201902,35,2,37
064201903,243,8,251
064201904,358,28,386
064201905,443,24,467
064201906,474,32,506
064201907,407,21,428
064201908,166,14,180
064201909,133,7,140
064201910,321,17,338
064201911,284,23,307
064201912,115,7,122
064202001,577,31,608
064202002,327,17,344
064202003,248,10,258
064202004,91,2,93
064202005,106,3,109
064202006,114,3,117
064202007,55,3,58
064202008,50,4,54
064202009,118,5,123
064202010,149,7,156
064202011,136,5,141
064202012,120,5,125
064202013,194,9,203
064202101,188,7,195
064202102,165,10,175
064202103,380,20,400
064202104,375,21,396
064202105,350,22,372
064202106,637,29,666
064202107,641,38,679
064202108,926,73,999
064202109,1170,101,1271
064202110,553,33,586
064202111,609,42,651
064202112,865,41,906
064202201,553,57,610
064202202,751,54,805
064202203,424,35,459
064202204,164,8,172
064202205,200,8,208
064202206,322,17,339
064202207,149,7,156
064202208,192,12,204
064202209,418,38,456
064202210,143,7,150
064202211,147,8,155
064202212,128,5,133
064202213,153,8,161
064202214,70,7,77
064410101,775,37,812
064410102,753,32,785
064410103,632,25,657
064410104,660,28,688
064410105,531,15,546
064410106,455,16,471
064410107,559,27,586
064410108,468,20,488
064410109,736,37,773
064410110,882,20,902
064410111,530,12,542
064410112,669,16,685
064410113,719,49,768
064410201,419,5,424
064410202,409,5,414
064410203,583,8,591
064410204,419,10,429
064410205,436,10,446
064410206,815,10,825
064410207,682,13,695
064410208,94,2,96
064410209,802,17,819
064410210,828,28,856
064410211,548,20,568
064410301,537,19,556
064410302,1015,38,1053
064410303,406,12,418
064410304,539,16,555
064410305,568,15,583
064410306,636,7,643
064410307,800,22,822
064410308,550,14,564
064410401,851,31,882
064410402,1113,39,1152
064410403,891,27,918
064410404,431,12,443
064410405,453,16,469
064410406,509,11,520
064410407,634,10,644
064410408,558,16,574
064410409,585,10,595
064410410,498,11,509
064410411,684,14,698
064410412,635,8,643
064410413,461,16,477
064410414,475,9,484
064410501,647,13,660
064410502,605,17,622
064410503,508,15,523
064410504,491,13,504
064410505,337,6,343
064410506,580,12,592
064410507,298,10,308
064410508,425,10,435
064410509,346,7,353
064410601,498,14,512
064410602,306,3,309
064410603,380,8,388
064410604,339,8,347
064410605,594,14,608
064410606,357,12,369
064410607,428,7,435
064410608,339,7,346
064410609,587,6,593
064410701,276,2,278
064410702,399,11,410
064410703,559,9,568
064410704,468,7,475
064410705,553,5,558
064410706,360,3,363
064410707,450,6,456
064410708,302,10,312
064410709,469,10,479
064410801,612,6,618
064410802,433,6,439
064410803,203,2,205
064410804,278,3,281
064410805,273,4,277
064410806,90,2,92
064410807,327,3,330
064410808,418,3,421
064410809,419,4,423
064410901,302,8,310
064410902,569,13,582
064410903,424,10,434
064410904,605,10,615
064410905,451,8,459
064410906,634,6,640
064410907,554,11,565
064410908,473,10,483
064410909,430,2,432
064410910,136,2,138
064410911,397,5,402
064410912,486,10,496
064410913,532,35,567
064410914,387,6,393
064411001,1064,57,1121
064411002,529,23,552
064411003,593,18,611
064411004,453,9,462
064411005,409,10,419
064411006,819,59,878
064411007,455,9,464
064411008,557,22,579
064411009,811,36,847
064411010,442,19,461
064411011,459,15,474
064411012,477,15,492
064411013,522,29,551
064411014,383,8,391
064411015,370,3,373
064411101,516,27,543
064411102,568,14,582
064411103,440,15,455
064411104,394,13,407
064411105,498,15,513
064411106,408,14,422
064411107,455,9,464
064411108,392,11,403
064411109,405,7,412
064411110,355,7,362
064411111,615,20,635
064411112,848,25,873
064411113,691,14,705
064411114,630,13,643
064411115,401,11,412
064411116,407,2,409
064411201,377,4,381
064411202,400,6,406
064411203,289,4,293
064411204,401,7,408
064411205,623,18,641
064411206,365,10,375
064411207,431,8,439
064411208,213,7,220
064411209,276,13,289
064411210,184,24,208
064411211,485,4,489
064411212,329,2,331
064411213,361,5,366
064411214,317,8,325
064411215,295,2,297
064411216,287,2,289
064411301,350,2,352
064411302,486,10,496
064411303,174,0,174
064411304,528,9,537
064411305,258,3,261
064411306,321,11,332
064411307,436,12,448
064411308,387,11,398
064411309,490,19,509
064411401,288,7,295
064411402,284,2,286
064411403,356,6,362
064411404,480,9,489
064411405,534,13,547
064411406,310,6,316
064411407,397,7,404
064411408,455,8,463
064411409,388,7,395
064411501,502,7,509
064411502,525,10,535
064411503,438,7,445
064411504,550,7,557
064411505,532,6,538
064411506,399,7,406
064411507,464,5,469
064411508,342,5,347
064411509,588,15,603
064411510,582,14,596
064411511,452,8,460
064411512,378,5,383
064411601,696,16,712
064411602,478,7,485
064411603,445,12,457
064411604,459,8,467
064411605,448,11,459
064411606,836,22,858
064411607,901,17,918
064411608,485,22,507
064411609,613,14,627
064411610,946,18,964
064411611,778,45,823
064411612,585,14,599
064411613,374,8,382
064411614,698,22,720
064411615,185,2,187
064411701,434,10,444
064411702,499,16,515
064411703,639,31,670
064411704,499,21,520
064411705,771,23,794
064411706,748,49,797
064411707,460,17,477
064411708,517,10,527
064411709,428,15,443
064411710,452,19,471
064411711,491,20,511
064411712,734,28,762
064411713,538,39,577
064411801,284,7,291
064411802,373,10,383
064411803,317,5,322
064411804,372,10,382
064411805,542,21,563
064411806,396,11,407
064411807,487,15,502
064411808,617,17,634
064411809,540,32,572
064411810,536,21,557
064411811,796,19,815
064411812,434,7,441
064411813,406,9,415
064411901,624,16,640
064411902,668,19,687
064411903,498,23,521
064411904,466,7,473
064411905,295,8,303
064411906,565,13,578
064411907,457,16,473
064411908,364,11,375
064411909,392,13,405
064411910,376,20,396
064411911,509,10,519
064412001,691,16,707
064412002,474,19,493
064412003,533,12,545
064412004,352,5,357
064412005,414,8,422
064412006,490,22,512
064412007,369,15,384
064412008,443,16,459
064412009,514,14,528
064412010,362,6,368
064412011,246,8,254
064412012,271,7,278
064412013,260,5,265
064412014,91,0,91
064412015,309,7,316
064412016,275,6,281
064412017,328,12,340
064412101,440,14,454
064412102,457,22,479
064412103,840,38,878
064412104,819,24,843
064412105,768,31,799
064412106,440,13,453
064412107,443,10,453
064412108,405,16,421
064412109,442,15,457
064412110,492,24,516
064412111,418,12,430
064412112,447,21,468
064412113,787,13,800
064412114,461,27,488
064412115,794,29,823
064412201,569,22,591
064412202,719,41,760
064412203,802,36,838
064412204,827,26,853
064412205,753,30,783
064412206,538,20,558
064412207,550,23,573
064412208,664,32,696
064412209,622,32,654
064412301,568,7,575
064412302,418,14,432
064412303,532,11,543
064412304,437,13,450
064412305,556,19,575
064412306,496,20,516
064412307,663,26,689
064412308,549,15,564
064412309,374,7,381
064412401,434,10,444
064412402,511,24,535
064412403,484,16,500
064412404,523,18,541
064412405,1001,35,1036
064412406,683,17,700
064412407,433,15,448
064412408,423,14,437
064412409,597,20,617
064412410,397,13,410
064412411,991,32,1023
064412501,438,9,447
064412502,579,17,596
064412503,463,9,472
064412504,372,7,379
064412505,723,28,751
064412506,527,17,544
064412507,459,27,486
064412508,549,16,565
064412509,429,25,454
064412510,631,20,651
064412601,517,19,536
064412602,500,20,520
064412603,503,15,518
064412604,381,17,398
064412605,441,20,461
064412606,765,26,791
064412607,631,25,656
064412608,373,10,383
064412609,478,17,495
064412610,959,37,996
064412611,509,25,534
064412612,537,16,553
064412613,494,20,514
064412614,627,9,636
064412701,786,23,809
064412702,933,24,957
064412703,811,75,886
064412704,806,36,842
064412705,951,41,992
064412706,521,20,541
064412707,567,16,583
064412708,893,31,924
064412709,903,32,935
064412801,555,19,574
064412802,759,25,784
064412803,531,16,547
064412804,367,13,380
064412805,512,21,533
064412806,482,14,496
064412807,424,14,438
064412808,541,11,552
064412809,596,23,619
064412810,586,21,607
064412811,782,25,807
064412812,925,47,972
064412813,862,44,906
064412901,477,20,497
064412902,500,25,525
064412903,572,24,596
064412904,493,17,510
064412905,593,26,619
064412906,488,12,500
064412907,552,20,572
064412908,509,18,527
064412909,693,16,709
064412910,500,15,515
064412911,433,26,459
064412912,453,22,475
064412913,820,25,845
064412914,974,32,1006
064413001,946,46,992
064413002,1069,49,1118
064413003,789,39,828
064413004,986,47,1033
064413005,702,35,737
064413006,951,49,1000
064413007,473,16,489
064413008,629,28,657
064413009,821,56,877
064413101,1095,49,1144
064413102,649,24,673
064413103,575,19,594
064413104,466,10,476
064413105,498,15,513
064413106,737,34,771
064413107,622,27,649
064413108,515,15,530
064413109,628,30,658
064413110,564,24,588
064413111,1082,52,1134
064413112,768,32,800
064413113,566,20,586
064413114,702,22,724
064413115,639,19,658
064413116,625,32,657
064413201,516,29,545
064413202,509,16,525
064413203,1064,44,1108
064413204,1163,70,1233
064413205,1074,50,1124
064413206,829,22,851
064413207,915,46,961
064413208,902,38,940
064413209,655,33,688
064413210,804,40,844
064413211,1084,74,1158
064413301,820,27,847
064413302,442,5,447
064413303,742,18,760
064413304,592,29,621
064413305,765,30,795
064413306,1176,68,1244
064413307,654,21,675
064413308,563,37,600
064413309,1076,37,1113
064413310,837,32,869
064413311,1166,33,1199
064413401,570,30,600
064413402,709,35,744
064413403,1143,80,1223
064413404,726,35,761
064413405,914,35,949
064413406,721,27,748
064413407,695,23,718
064413408,904,32,936
064413409,627,26,653
064413410,684,28,712
064413411,702,37,739
064413412,480,34,514
064413413,953,62,1015
064413414,911,79,990
064413415,1557,147,1704
064413501,1082,61,1143
064413502,1094,47,1141
064413503,504,15,519
064413504,508,23,531
064413505,1090,41,1131
064413506,663,30,693
064413507,837,36,873
064413508,1091,86,1177
064413509,1029,60,1089
064413510,1060,84,1144
064413511,1221,60,1281
064413512,920,49,969
064413513,943,43,986
064413514,876,34,910
064413515,1336,126,1462
064413516,2210,204,2414
064413601,746,36,782
064413602,2039,73,2112
064413603,628,28,656
064413604,625,28,653
064413605,969,58,1027
064413606,1166,150,1316
064413607,810,48,858
064413608,695,37,732
064413609,915,41,956
064413610,1038,62,1100
064413611,917,60,977
064413612,1049,80,1129
064413701,1059,88,1147
064413702,1158,120,1278
064413703,737,67,804
064413704,667,92,759
064413705,1107,144,1251
064413706,1096,73,1169
064413707,662,48,710
064413708,846,73,919
064413709,985,66,1051
064413710,1271,85,1356
064413711,1290,95,1385
064413712,1170,69,1239
064413713,769,92,861
064413714,1030,107,1137
064413801,1486,80,1566
064413802,783,68,851
064413803,766,66,832
064413804,683,53,736
064413805,859,33,892
064413806,1126,69,1195
064413807,1041,42,1083
064413808,614,64,678
064413809,1005,83,1088
064413810,842,59,901
064413901,768,21,789
064413902,577,24,601
064413903,648,34,682
064413904,758,31,789
064413905,745,40,785
064413906,870,50,920
064413907,812,55,867
064413908,859,50,909
064413909,814,42,856
064413910,1347,86,1433
064414001,827,45,872
064414002,765,68,833
064414003,623,16,639
064414004,575,37,612
064414005,500,29,529
064414006,981,45,1026
064414007,879,60,939
064414008,819,67,886
064414009,831,92,923
064414010,1156,112,1268
064414011,1175,92,1267
064414012,1060,107,1167
064414013,1407,107,1514
064414101,1902,197,2099
064414102,1077,144,1221
064414103,1125,114,1239
064414104,1248,86,1334
064414105,1217,83,1300
064414106,846,62,908
064414107,886,71,957
064414108,1378,96,1474
064414109,1063,121,1184
064414110,983,95,1078
064414111,343,34,377
064414112,622,51,673
064414201,1666,252,1918
064414202,684,81,765
064414203,1174,99,1273
064414204,1090,90,1180
064414205,1178,128,1306
064414206,1407,149,1556
064414207,1205,157,1362
064414208,750,34,784
064414209,903,82,985
064414210,1395,244,1639
064414211,881,74,955
064414212,822,52,874
064414213,430,39,469
064414214,426,49,475
064414215,1631,210,1841
064414216,2003,165,2168
064414217,1233,120,1353
064414218,1194,73,1267
064414219,1868,390,2258
064414301,745,51,796
064414302,796,34,830
064414303,670,39,709
064414304,926,43,969
064414305,666,33,699
064414306,946,55,1001
064414307,696,52,748
064414308,779,59,838
064414309,1044,70,1114
064414310,1306,98,1404
064414311,729,55,784
064414312,643,57,700
064414313,741,47,788
064414314,998,85,1083
064414315,1423,128,1551
064414401,804,47,851
064414402,733,47,780
064414403,1205,99,1304
064414404,774,56,830
064414405,909,73,982
064414406,891,56,947
064414407,1223,85,1308
064414408,794,70,864
064414409,833,79,912
064414410,2075,294,2369
064414501,683,45,728
064414502,775,55,830
064414503,855,47,902
064414504,1101,115,1216
064414505,815,71,886
064414506,935,70,1005
064414507,976,80,1056
064414508,944,86,1030
064414509,1132,132,1264
064414510,1107,131,1238
064414511,1239,134,1373
064414601,844,83,927
064414602,1036,91,1127
064414603,841,66,907
064414604,805,40,845
064414605,734,45,779
064414606,612,34,646
064414607,808,39,847
064414608,961,54,1015
064414609,1018,71,1089
064414701,1574,110,1684
064414702,1109,85,1194
064414703,922,64,986
064414704,1329,50,1379
064414705,1041,60,1101
064414706,833,58,891
064414707,1340,105,1445
064414708,1018,65,1083
064414709,1836,126,1962
064414710,900,83,983
064414801,914,44,958
064414802,542,33,575
064414803,625,28,653
064414804,1195,36,1231
064414805,555,14,569
064414806,784,71,855
064414807,858,49,907
064414808,548,39,587
064414809,613,36,649
064414901,828,41,869
064414902,668,31,699
064414903,741,36,777
064414904,533,15,548
064414905,434,21,455
064414906,598,23,621
064414907,677,28,705
064414908,486,19,505
064414909,573,25,598
064414910,436,20,456
064415001,498,30,528
064415002,522,14,536
064415003,1018,46,1064
064415004,523,17,540
064415005,497,25,522
064415006,570,25,595
064415007,435,20,455
064415008,580,21,601
064415009,636,32,668
064415010,648,21,669
064415101,1951,243,2194
064415102,831,72,903
064415103,572,19,591
064415104,835,49,884
064415105,1088,49,1137
064415106,553,62,615
064415107,721,31,752
064415108,722,31,753
064415109,536,15,551
064415110,442,14,456
064415111,602,25,627
064415112,479,25,504
064415113,569,36,605
064415114,589,22,611
064415115,570,19,589
064415116,448,22,470
064415117,1098,67,1165
064415118,943,37,980
064415201,980,141,1121
064415202,666,33,699
064415203,540,18,558
064415204,1080,86,1166
064415205,867,53,920
064415206,515,15,530
064415207,880,56,936
064415208,750,44,794
064415209,497,19,516
064415210,629,14,643
064415301,557,27,584
064415302,1044,36,1080
064415303,502,27,529
064415304,825,36,861
064415305,1199,112,1311
064415306,602,41,643
064415307,555,22,577
064415308,794,33,827
064415309,1038,62,1100
064415310,1388,137,1525
064415401,916,62,978
064415402,837,68,905
064415403,799,59,858
064415404,663,12,675
064415405,1084,53,1137
064415406,412,15,427
064415407,666,23,689
064415408,451,17,468
064415409,568,12,580
064415410,843,51,894
064415411,598,25,623
064415412,895,62,957
064415413,379,16,395
064415414,739,60,799
064415415,578,59,637
064415416,684,47,731
064415417,1074,52,1126
064415418,894,32,926
064415501,1579,139,1718
064415502,1618,152,1770
064415503,655,59,714
064415504,681,57,738
064415505,1008,61,1069
064415506,989,57,1046
064415507,697,25,722
064415508,961,69,1030
064415509,732,56,788
064415510,395,30,425
064415511,642,61,703
064415601,823,22,845
064415602,1091,42,1133
064415603,547,18,565
064415604,722,24,746
064415605,1113,56,1169
064415606,1089,59,1148
064415607,852,36,888
064415608,1242,55,1297
064415701,95,3,98
064415702,729,48,777
064415703,646,50,696
064415704,669,36,705
064415705,1076,88,1164
064415706,1217,73,1290
064415707,1384,100,1484
064415708,763,45,808
064415709,778,58,836
064415710,737,78,815
064415711,1027,65,1092
064415712,962,55,1017
064415713,730,41,771
064415801,656,18,674
064415802,659,25,684
064415803,756,29,785
064415804,464,12,476
064415805,458,10,468
064415806,504,21,525
064415807,765,33,798
064415808,492,22,514
064415901,627,19,646
064415902,692,27,719
064415903,563,17,580
064415904,769,38,807
064415905,608,25,633
064415906,614,28,642
064415907,867,52,919
064415908,965,64,1029
064415909,771,51,822
064415910,1091,51,1142
064416001,1038,66,1104
064416002,616,25,641
064416003,745,48,793
064416004,1121,68,1189
064416005,1337,109,1446
064416006,688,32,720
064416007,899,76,975
064416008,669,30,699
064416009,1026,89,1115
064416010,838,43,881
064416101,583,16,599
064416102,619,36,655
064416103,648,44,692
064416104,617,45,662
064416105,783,48,831
064416106,1112,70,1182
064416107,764,60,824
064416108,299,30,329
064416109,672,33,705
064416110,598,40,638
064416111,781,39,820
064416112,759,57,816
064416201,319,14,333
064416202,780,50,830
064416203,654,26,680
064416204,769,42,811
064416205,163,7,170
064416206,672,25,697
064416207,563,24,587
064416208,954,45,999
064416209,566,29,595
064416210,583,42,625
064416211,1383,94,1477
064416212,522,28,550
064416213,1134,107,1241
064416301,607,30,637
064416302,600,39,639
064416303,779,49,828
064416304,885,70,955
064416305,496,37,533
064416306,888,72,960
064416307,659,30,689
064416308,499,33,532
064416309,439,36,475
064416310,630,60,690
064416311,391,34,425
064416401,1145,95,1240
064416402,389,35,424
064416403,499,51,550
064416404,489,57,546
064416405,416,49,465
064416406,472,50,522
064416407,441,25,466
064416408,137,6,143
064416409,1171,129,1300
064416410,112,8,120
064416411,516,49,565
064416412,323,28,351
064416413,296,21,317
064416414,486,43,529
064416415,983,107,1090
064416416,440,31,471
064416417,1212,89,1301
064416418,584,44,628
064416419,1000,99,1099
064416501,553,38,591
064416502,527,60,587
064416503,545,65,610
064416504,120,13,133
064416505,283,37,320
064416506,308,45,353
064416507,178,10,188
064416508,138,11,149
064416509,736,80,816
064416510,1362,153,1515
064416511,990,105,1095
064416512,268,32,300
064416513,459,69,528
064416514,614,52,666
064416515,971,64,1035
064416516,779,44,823
064416517,1012,78,1090
064416518,584,58,642
064416519,1136,119,1255
064416520,550,59,609
064416521,279,12,291
064416601,692,80,772
064416602,816,70,886
064416603,1468,179,1647
064416604,866,71,937
064416605,61,9,70
064416606,793,89,882
064416607,1161,82,1243
064416608,824,73,897
064416609,1027,85,1112
064416610,661,32,693
064416611,1062,67,1129
064416612,1076,80,1156
064416613,713,70,783
064416614,660,85,745
064416615,1222,173,1395
064416616,829,82,911
064416617,1016,118,1134
064416618,885,94,979
064416701,345,51,396
064416702,121,13,134
064416703,268,23,291
064416704,309,49,358
064416801,711,64,775
064416802,1365,98,1463
064416803,710,69,779
064416804,684,40,724
064416805,1018,55,1073
064416806,542,53,595
064416807,535,43,578
064416808,382,30,412
064416809,362,23,385
064416810,175,10,185
064416811,290,21,311
064416812,256,11,267
064416813,102,5,107
064416814,619,52,671
064416815,470,33,503
064416816,425,55,480
064416817,101,15,116
064416901,1093,101,1194
064416902,951,94,1045
064416903,929,82,1011
064416904,1154,97,1251
064416905,899,87,986
064416906,1429,123,1552
064416907,692,83,775
064416908,1149,95,1244
064416909,972,106,1078
064416910,639,36,675
064416911,1013,103,1116
064416912,337,32,369
064417001,1276,87,1363
064417002,829,78,907
064417003,715,52,767
064417004,1526,115,1641
064417005,1085,106,1191
064417006,899,131,1030
064417007,592,54,646
064417101,119,7,126
064480101,277,16,293
064480102,19,1,20
064480103,28,0,28
064480201,28,2,30
064480202,10,0,10
064480203,36,2,38
064480301,17,1,18
064480302,14,1,15
064480303,11,2,13
064480401,24,0,24
064480402,8,4,12
064480403,0,0,0
064480501,39,7,46
064480502,27,2,29
064480503,10,2,12
064480601,1189,79,1268
064480602,913,46,959
064480603,647,37,684
064480604,561,23,584
064480605,494,24,518
064480606,940,71,1011
064480607,731,46,777
064480608,1065,93,1158
064480609,645,63,708
064480610,162,21,183
064480611,22,1,23
064480612,70,1,71
064480613,7,0,7
064480614,732,55,787
064480701,27,6,33
064480702,5,0,5
064480703,13,0,13
064480801,13,0,13
064480802,24,1,25
064480803,25,3,28
064480901,13,0,13
064480902,13,0,13
064480903,11,0,11
064480904,19,0,19
064481001,17,2,19
064481002,17,2,19
064481003,7,1,8
064481004,4,2,6
064481101,13,2,15
064481102,29,3,32
064481103,8,1,9
064481201,15,0,15
064481202,8,1,9
064481203,18,1,19
064481204,12,1,13
064481205,39,3,42
064481206,8,1,9
064550101,813,46,859
064550102,614,29,643
064550103,625,18,643
064550104,558,18,576
064550105,731,29,760
064550106,786,45,831
064550107,545,65,610
064550108,728,67,795
064550109,674,21,695
064550110,681,36,717
064550111,394,28,422
064550112,495,36,531
064550113,555,34,589
064550114,647,42,689
064550115,455,37,492
064550201,71,4,75
064550301,114,8,122
064550401,199,17,216
064550501,54,10,64
064550601,156,13,169
064550602,30,3,33
064550603,97,6,103
064550604,124,9,133
064550605,48,4,52
064550606,52,2,54
064550607,127,5,132
064550701,160,6,166
064550801,36,5,41
064550802,68,1,69
064550901,88,6,94
064551001,69,7,76
064551101,152,9,161
064551201,165,11,176
064551301,338,23,361
064551401,1006,66,1072
064551402,1365,121,1486
064551403,419,27,446
064551404,397,17,414
064551405,697,38,735
064551406,764,37,801
064551407,775,46,821
064551408,844,51,895
064551409,199,18,217
064551410,813,50,863
064551411,586,36,622
064551412,870,43,913
064551413,737,26,763
064551414,564,23,587
064620101,25,3,28
064620201,95,4,99
064620202,28,2,30
064620203,18,3,21
064620301,20,0,20
064620401,282,19,301
064620402,664,42,706
064620403,963,60,1023
064620404,97,8,105
064620405,85,7,92
064620406,266,17,283
064620501,20,2,22
064620502,34,0,34
064620601,279,28,307
064620602,25,0,25
064620603,43,4,47
064620604,33,1,34
064620605,38,5,43
064620701,818,82,900
064620702,696,37,733
064620703,976,58,1034
064620704,868,58,926
064620705,697,27,724
064620706,1192,72,1264
064620707,1033,82,1115
064620708,661,32,693
064620709,23,1,24
064620710,105,7,112
064620711,28,1,29
064620712,8,1,9
064620801,96,10,106
064620802,1014,123,1137
064620901,34,1,35
064621001,36,2,38
064621002,999,90,1089
064621101,45,6,51
064621102,26,1,27
064621201,324,24,348
064621202,1054,60,1114
064621203,806,45,851
064621204,20,2,22
064621205,318,27,345
064621206,35,3,38
064621207,55,10,65
064690101,694,42,736
064690102,793,37,830
064690103,651,36,687
064690104,1067,50,1117
064690105,645,32,677
064690106,771,36,807
064690107,595,22,617
064690108,831,28,859
064690109,1171,57,1228
064690110,631,40,671
064690111,756,55,811
064690112,501,20,521
064690113,649,51,700
064690114,688,53,741
064690201,644,17,661
064690202,825,41,866
064690203,883,69,952
064690204,993,46,1039
064690205,639,19,658
064690206,514,20,534
064690207,776,25,801
064690208,983,49,1032
064690209,519,26,545
064690210,744,55,799
064690211,731,52,783
064690212,789,47,836
064690213,443,15,458
064690214,792,42,834
064690301,104,7,111
064690302,35,5,40
064690303,12,1,13
064690304,79,11,90
064690305,23,0,23
064690306,30,1,31
064690401,494,32,526
064690402,51,3,54
064690403,35,3,38
064690404,43,3,46
064690405,37,1,38
064690406,44,3,47
064690501,28,4,32
064690502,12,2,14
064690503,17,0,17
064690504,15,2,17
064690601,715,53,768
064690602,1215,70,1285
064690603,682,52,734
064690604,457,46,503
064690605,1177,104,1281
064690606,1101,96,1197
064690701,25,2,27
064690702,24,1,25
064690703,42,0,42
064690801,676,48,724
064690802,139,12,151
064690803,65,6,71
064690804,75,9,84
064690805,64,4,68
064690806,95,11,106
064690807,499,37,536
064690901,559,21,580
064690902,24,0,24
064690903,328,27,355
064690904,36,1,37
064690905,13,2,15
064690906,43,1,44
064690907,40,0,40
064690908,55,4,59
064690909,625,29,654
064691001,314,18,332
064691002,250,23,273
064691003,76,6,82
064691004,56,2,58
064691005,10,2,12
064691006,8,1,9
064691007,491,28,519
064691101,211,12,223
064691102,29,2,31
064691103,8,0,8
064691104,35,2,37
064691105,25,6,31
064691106,490,22,512
064691107,67,5,72
064691201,22,1,23
064691202,22,0,22
064691203,36,6,42
064691204,26,2,28
064691301,641,28,669
064691302,1072,80,1152
064691303,81,11,92
064691304,35,2,37
064691305,331,38,369
064691306,52,9,61
064691307,734,49,783
064691401,45,1,46
064691402,25,2,27
064691403,61,6,67
064691404,37,3,40
064691501,884,48,932
064691502,26,0,26
064691503,11,0,11
064691504,1,1,2
064691505,9,1,10
064691506,43,3,46
064691507,166,11,177
064691508,729,43,772
064760101,746,42,788
064760102,779,46,825
064760103,428,15,443
064760104,420,16,436
064760105,502,15,517
064760106,816,50,866
064760107,705,43,748
064760108,844,56,900
064760201,1026,59,1085
064760202,140,6,146
064760203,98,10,108
064760204,55,3,58
064760205,109,11,120
064760206,67,3,70
064760207,63,3,66
064760208,63,2,65
064760301,75,6,81
064760302,38,1,39
064760303,30,1,31
064760401,16,1,17
064760402,9,0,9
064760403,16,0,16
064760404,36,1,37
064760501,67,7,74
064760502,57,3,60
064760503,32,2,34
064760504,48,0,48
064760505,29,2,31
064760601,19,0,19
064760602,31,3,34
064760603,91,8,99
064760604,17,1,18
064760701,279,24,303
064760702,133,8,141
064760703,244,23,267
064760704,107,8,115
064760705,131,6,137
064760706,12,0,12
064760707,408,43,451
064760708,533,38,571
064760709,39,7,46
064760801,48,0,48
064760802,32,2,34
064760803,30,3,33
064760804,36,4,40
064760901,47,6,53
064760902,41,2,43
064760903,28,5,33
064760904,17,4,21
064760905,20,0,20
064761001,88,6,94
064761002,25,2,27
064761003,23,1,24
064761101,31,1,32
064761102,82,0,82
064761103,44,3,47
064761104,22,0,22
064761105,47,3,50
064761201,9,2,11
064761202,58,4,62
064761203,56,5,61
064761204,90,4,94
064761205,60,7,67
064761206,67,5,72
064761301,94,9,103
064761401,748,60,808
064761402,821,51,872
064761403,859,40,899
064761404,685,45,730
064761405,535,14,549
064761406,507,25,532
064761407,386,13,399
064761408,854,60,914
064830101,1306,77,1383
064830102,1072,70,1142
064830103,1005,50,1055
064830104,595,29,624
064830105,698,25,723
064830106,674,32,706
064830107,504,18,522
064830108,530,18,548
064830109,689,30,719
064830110,763,43,806
064830111,675,28,703
064830112,644,39,683
064830113,637,45,682
064830114,880,84,964
064830115,622,46,668
064830116,622,48,670
064830117,758,40,798
064830118,651,51,702
064830201,41,2,43
064830202,95,8,103
064830203,73,2,75
064830301,276,24,300
064830302,266,23,289
064830303,199,21,220
064830304,148,25,173
064830401,1483,182,1665
064830402,473,18,491
064830403,437,26,463
064830404,1009,81,1090
064830405,776,40,816
064830406,302,20,322
064830407,1090,92,1182
064830408,673,25,698
064830409,819,41,860
064830410,518,28,546
064830411,504,18,522
064830412,779,50,829
064830413,1215,122,1337
064830414,771,38,809
064830415,970,78,1048
064830416,667,56,723
064830417,338,46,384
064830501,955,67,1022
064830502,112,8,120
064830503,135,16,151
064830504,198,10,208
064830505,114,8,122
064830506,24,2,26
064830601,96,5,101
064830602,339,35,374
064830701,267,14,281
064830702,112,9,121
064830703,84,5,89
064830704,24,2,26
064830705,53,3,56
064830706,81,3,84
064830801,281,11,292
064830802,104,6,110
064830803,87,4,91
064830804,94,5,99
064830805,40,5,45
064830806,393,25,418
064830901,224,9,233
064830902,106,7,113
064830903,199,16,215
064830904,105,2,107
064830905,91,6,97
064830906,83,6,89
064830907,77,6,83
064830908,239,15,254
064831001,64,8,72
064831002,132,7,139
064970101,957,21,978
064970102,485,22,507
064970103,501,14,515
064970104,819,26,845
064970105,732,24,756
064970106,800,28,828
064970107,577,22,599
064970108,670,22,692
064970109,499,25,524
064970110,719,33,752
064970111,785,54,839
064970112,865,70,935
064970201,496,43,539
064970202,50,9,59
064970203,115,5,120
064970204,54,1,55
064970205,28,0,28
064970206,51,4,55
064970207,143,14,157
064970301,19,2,21
064970302,1159,758,1917
064970303,610,31,641
064970304,64,4,68
064970305,640,27,667
064970306,634,63,697
064970307,1376,172,1548
064970308,1118,164,1282
064970309,553,59,612
064970310,363,33,396
064970311,749,70,819
064970312,1106,71,1177
064970401,110,15,125
064970402,155,12,167
064970403,292,10,302
064970404,583,38,621
064970405,518,38,556
064970406,507,41,548
064970407,574,48,622
064970408,1112,281,1393
064970409,670,81,751
064970410,753,78,831
064970501,621,35,656
064970502,525,36,561
064970503,1005,37,1042
064970504,1053,119,1172
064970505,1307,157,1464
064970506,1165,132,1297
064970507,1051,79,1130
064970508,916,67,983
064970509,1070,54,1124
064970510,1325,99,1424
064970511,1195,125,1320
064970512,908,73,981
064970513,916,47,963
064970601,1041,68,1109
064970602,970,49,1019
064970603,501,53,554
064970604,803,36,839
064970605,938,51,989
064970606,348,26,374
064970607,1099,95,1194
064970608,79,8,87
064970609,562,54,616
064970610,677,56,733
064970611,499,28,527
064970612,206,17,223
064970613,589,33,622
064970614,410,37,447
064970701,718,24,742
064970702,294,9,303
064970703,375,14,389
064970704,323,10,333
064970705,746,33,779
064970706,600,14,614
064970707,307,10,317
064970708,786,24,810
064970709,501,17,518
064970710,648,36,684
064970801,647,43,690
064970802,1096,169,1265
064970803,722,39,761
064970804,223,15,238
064970805,134,7,141
064970806,635,34,669
064970807,657,38,695
064970808,307,22,329
064970809,903,68,971
064970810,861,65,926
064970811,1151,53,1204
064970812,1509,84,1593
064970813,576,30,606
064970814,569,31,600
064970815,953,71,1024
064970901,91,7,98
064971001,599,44,643
064971002,113,10,123
064971003,48,8,56
064971004,78,7,85
064971005,27,1,28
064971006,68,3,71
064971007,36,3,39
064971008,1078,104,1182
064971101,954,32,986
064971102,998,28,1026
064971103,797,27,824
064971104,953,37,990
064971105,881,27,908
064971106,1028,32,1060
064971107,824,37,861
064971108,722,31,753
064971201,986,62,1048
064971202,1240,106,1346
064971203,878,45,923
064971204,786,31,817
064971205,1048,60,1108
064971206,881,46,927
064971207,960,45,1005
064971208,369,37,406
064971209,123,6,129
064971210,388,18,406
064971211,439,30,469
064971212,252,16,268
064971301,1423,130,1553
064971302,1178,86,1264
064971303,462,33,495
064971304,421,22,443
064971305,212,14,226
064971306,858,45,903
064971307,737,25,762
064971308,713,30,743
064971309,457,31,488
064971310,121,28,149
064971311,11,3,14
064971401,1250,76,1326
064971402,1136,71,1207
064971403,1396,103,1499
064971404,88,7,95
064971405,1127,81,1208
064971406,1089,66,1155
064971407,364,19,383
064971408,630,23,653
064971409,934,68,1002
064971410,820,39,859
065050101,66,3,69
065050102,107,7,114
065050103,193,12,205
065050104,25,2,27
065050105,73,4,77
065050106,36,1,37
065050201,389,39,428
065050202,65,7,72
065050203,29,2,31
065050204,305,27,332
065050205,256,19,275
065050206,117,10,127
065050207,48,1,49
065050208,53,7,60
065050209,89,7,96
065050210,561,33,594
065050211,457,37,494
065050212,367,26,393
065050301,126,18,144
065050302,143,10,153
065050303,174,9,183
065050304,177,13,190
065050305,157,6,163
065050306,1026,67,1093
065050307,491,28,519
065050308,726,55,781
065050309,633,44,677
065050310,456,40,496
065050311,676,27,703
065050312,613,29,642
065050313,402,35,437
065050314,801,66,867
065050315,834,52,886
065050316,255,21,276
065050317,270,28,298
065050318,333,32,365
065050319,805,42,847
065050320,516,38,554
065050321,460,34,494
065050322,617,60,677
065050401,253,20,273
065050402,252,11,263
065050403,2351,116,2467
065050404,86,14,100
065050405,53,8,61
065050406,110,10,120
065050407,133,13,146
065110101,45,3,48
065110102,26,0,26
065110201,42,4,46
065110202,63,7,70
065110301,87,4,91
065110302,47,4,51
065110303,49,6,55
065110304,95,18,113
065110401,75,13,88
065110402,15,1,16
065110501,258,23,281
065110502,725,38,763
065110503,1120,67,1187
065110504,685,36,721
065110505,808,53,861
065110506,598,22,620
065110507,768,29,797
065110508,843,47,890
065110509,567,60,627
065110510,18,0,18
065110511,37,9,46
065110512,1037,63,1100
065110513,606,59,665
065110601,333,18,351
065110602,52,5,57
065110603,51,0,51
065110701,59,7,66
065110702,44,1,45
065180101,509,17,526
065180102,347,13,360
065180103,530,25,555
065180104,125,9,134
065180105,11,0,11
065180106,5,1,6
065180107,24,0,24
065180108,13,1,14
065180109,23,1,24
065180110,7,1,8
065180111,152,15,167
065180112,77,4,81
065180113,42,2,44
065180114,411,19,430
065180115,649,38,687
065180201,345,43,388
065180202,578,36,614
065180203,622,33,655
065180204,879,46,925
065180205,1045,54,1099
065180206,568,48,616
065180207,56,6,62
065180208,74,11,85
065180209,254,22,276
065180210,0,0,0
065180211,586,46,632
065180212,452,39,491
065180301,204,13,217
065180302,320,23,343
065180303,152,6,158
065180304,107,7,114
065180305,70,2,72
065180401,30,3,33
065180402,51,1,52
065180403,15,2,17
065180404,37,1,38
065180405,32,3,35
065180406,10,1,11
065180407,18,4,22
065180408,13,0,13
065180409,11,0,11
065180410,17,0,17
065180411,10,2,12
065180412,25,0,25
065180501,40,3,43
065180502,20,0,20
065180503,38,4,42
065180504,662,56,718
065180505,12,1,13
065180506,187,10,197
065180507,26,3,29
065180508,11,1,12
065180509,4,1,5
065180510,64,5,69
065180511,82,6,88
065180601,131,3,134
065180602,182,6,188
065180603,192,10,202
065180604,454,16,470
065180605,225,7,232
065180606,227,14,241
065180607,156,5,161
065180608,10,1,11
065180609,148,5,153
065180610,101,8,109
065180611,132,7,139
065180612,190,9,199
065180613,184,14,198
065180614,251,17,268
065180615,23,0,23
065180701,82,5,87
065180702,107,5,112
065180703,184,14,198
065180704,171,5,176
065180705,239,14,253
065180706,112,7,119
065180707,123,4,127
065180708,324,13,337
065180709,308,18,326
065180710,266,23,289
065180711,588,42,630
065180712,534,40,574
065180713,350,25,375
065180714,319,16,335
065180715,318,20,338
065180716,253,12,265
065180717,221,6,227
065180801,4,0,4
065180802,125,6,131
065180803,203,14,217
065180804,124,2,126
065180805,6,0,6
065180806,20,0,20
065180807,98,5,103
065180808,210,15,225
065180809,263,12,275
065180810,124,4,128
065180811,32,2,34
065180812,151,11,162
065180813,18,3,21
065180814,10,0,10
065250101,480,54,534
065250102,493,51,544
065250103,425,20,445
065250104,562,63,625
065250105,929,68,997
065250106,987,72,1059
065250107,799,26,825
065250108,835,49,884
065250109,939,41,980
065250110,637,35,672
065250111,1177,75,1252
065250112,555,59,614
065250113,423,32,455
065250114,873,59,932
065250201,102,10,112
065250202,107,11,118
065250203,946,82,1028
065250204,406,24,430
065250301,95,13,108
065250302,139,12,151
065250303,1619,174,1793
065250304,852,97,949
065250401,1326,110,1436
065250402,1417,144,1561
065250403,763,62,825
065250404,1150,145,1295
065250405,1395,140,1535
065250406,1629,174,1803
065250407,873,95,968
065250408,1302,83,1385
065250409,1085,77,1162
065250410,39,9,48
065250411,276,36,312
065250412,233,29,262
065250413,243,34,277
065250414,1186,145,1331
065250415,908,101,1009
065250416,446,61,507
065250417,1429,145,1574
065250418,1260,106,1366
065250501,1832,215,2047
065250502,1837,16,1853
065250503,56,5,61
065250504,401,29,430
065250601,487,41,528
065250602,371,35,406
065250603,451,53,504
065250604,520,43,563
065250605,536,51,587
065250606,1235,65,1300
065250607,1585,98,1683
065250608,673,73,746
065250609,916,103,1019
065250610,1130,76,1206
065250611,1274,53,1327
065250612,953,86,1039
065250613,910,44,954
065250614,423,32,455
065320101,2296,109,2405
065320102,949,40,989
065320103,709,30,739
065320104,826,33,859
065320105,714,26,740
065320106,765,32,797
065320107,586,19,605
065320108,619,28,647
065320109,600,21,621
065320110,682,22,704
065320111,876,57,933
065320112,853,36,889
065320201,458,12,470
065320202,745,23,768
065320203,797,23,820
065320204,719,41,760
065320205,489,32,521
065320206,606,27,633
065320207,907,49,956
065320208,666,25,691
065320301,922,59,981
065320302,1452,93,1545
065320303,844,43,887
065320304,675,39,714
065320305,985,152,1137
065320306,943,70,1013
065320307,966,83,1049
065320308,1034,74,1108
065320309,1249,81,1330
065320310,852,49,901
065320311,787,36,823
065320312,714,34,748
065320313,620,42,662
065320401,205,23,228
065320402,61,5,66
065320403,232,30,262
065320501,29,2,31
065320502,81,7,88
065320503,119,11,130
065320504,104,6,110
065320601,20,2,22
065320602,22,2,24
065320603,35,0,35
065320604,25,4,29
065320701,128,10,138
065320801,56,3,59
065320802,63,2,65
065320803,32,9,41
065320804,72,4,76
065320805,123,6,129
065320901,1506,125,1631
065320902,608,59,667
065320903,349,26,375
065320904,549,49,598
065320905,532,40,572
065320906,262,21,283
065320907,315,26,341
065320908,529,37,566
065320909,424,32,456
065320910,2813,331,3144
065320911,698,53,751
065320912,313,20,333
065321001,1017,95,1112
065321002,45,4,49
065321003,87,6,93
065321004,60,4,64
065321005,76,3,79
065321101,173,8,181
065321102,162,7,169
065321103,55,1,56
065321104,27,2,29
065321201,41,1,42
065321202,22,3,25
065321203,51,3,54
065321301,32,2,34
065321302,40,2,42
065321303,16,1,17
065321401,613,25,638
065321402,774,35,809
065321403,888,39,927
065321404,802,40,842
065321405,750,32,782
065321406,608,15,623
065321407,473,20,493
065321408,695,32,727
065321501,735,36,771
065321502,919,73,992
065321503,783,57,840
065321504,918,53,971
065321505,980,103,1083
065321506,1041,101,1142
065321507,713,51,764
065321508,855,87,942
065321509,1025,62,1087
065321510,671,28,699
065321511,1082,78,1160
065321512,1183,84,1267
065470101,86,6,92
065470102,57,1,58
065470201,540,30,570
065470202,86,9,95
065470203,112,8,120
065470301,88,5,93
065470302,112,7,119
065470303,59,2,61
065470304,93,6,99
065470305,735,48,783
065470306,1216,71,1287
065470307,1261,110,1371
065470308,331,36,367
065470309,803,103,906
065470310,392,35,427
065470311,301,21,322
065470312,1074,48,1122
065470313,188,17,205
065470401,20,0,20
065470402,139,11,150
065470501,70,2,72
065470502,100,8,108
065470503,50,5,55
065470601,213,10,223
065470602,81,6,87
065470603,216,12,228
065470701,42,0,42
065470702,53,1,54
065470703,95,7,102
065470801,203,17,220
065470802,98,11,109
065470901,1051,46,1097
065470902,949,74,1023
065470903,1004,86,1090
065470904,1204,76,1280
065470905,1148,78,1226
065470906,923,36,959
065470907,1056,48,1104
065470908,977,47,1024
065470909,766,31,797
065470910,723,31,754
065530101,663,32,695
065530102,349,23,372
065530103,329,19,348
065530104,108,4,112
065530105,227,5,232
065530106,234,22,256
065530107,125,4,129
065530108,188,8,196
065530109,104,7,111
065530110,83,5,88
065530111,39,1,40
065530201,12,1,13
065530202,69,3,72
065530203,131,3,134
065530204,1186,95,1281
065530205,114,2,116
065530301,150,10,160
065530302,215,11,226
065530303,164,11,175
065530304,209,11,220
065530305,251,19,270
065530306,209,11,220
065530307,160,9,169
065530308,101,4,105
065530309,92,2,94
065530310,51,1,52
065530311,43,2,45
065530312,73,5,78
065530313,98,3,101
065530314,94,6,100
065740101,64,7,71
065740102,75,7,82
065740201,33,1,34
065740202,149,25,174
065740301,33,2,35
065740302,93,8,101
065740303,179,18,197
065740401,218,26,244
065740402,1217,133,1350
065740403,1080,115,1195
065740404,875,51,926
065740405,736,85,821
065740406,647,70,717
065740407,731,29,760
065740408,769,38,807
065740409,701,38,739
065740410,976,51,1027
065740411,726,35,761
065740412,723,48,771
065740413,15,5,20
065740414,912,67,979
065740415,865,77,942
065740416,693,47,740
065740501,87,16,103
065740502,121,13,134
065740503,103,13,116
065740601,134,10,144
065740602,56,0,56
065740701,407,29,436
065740702,184,13,197
065740703,66,5,71
065740704,36,1,37
065740705,114,6,120
065740706,89,4,93
065740707,69,5,74
065740708,73,3,76
065740801,257,16,273
065740802,76,3,79
065740803,75,5,80
065740804,65,3,68
065740805,272,22,294
065740901,52,5,57
065740902,78,4,82
065740903,90,11,101
065810101,1027,85,1112
065810102,1196,87,1283
065810103,1170,94,1264
065810104,1076,70,1146
065810105,1128,47,1175
065810106,560,20,580
065810107,681,27,708
065810108,793,43,836
065810109,803,65,868
065810110,775,82,857
065810111,819,67,886
065810201,665,34,699
065810202,546,31,577
065810203,283,10,293
065810204,648,28,676
065810205,403,7,410
065810206,599,34,633
065810207,721,39,760
065810208,703,34,737
065810209,617,23,640
065810210,650,39,689
065810211,802,61,863
065810212,679,29,708
065810301,748,32,780
065810302,778,32,810
065810303,779,41,820
065810304,495,16,511
065810305,503,16,519
065810306,493,24,517
065810307,602,22,624
065810308,534,42,576
065810401,923,34,957
065810402,486,24,510
065810403,494,22,516
065810404,579,28,607
065810405,993,59,1052
065810406,401,17,418
065810407,576,33,609
065810408,658,32,690
065810409,563,36,599
065810410,447,15,462
065810411,503,29,532
065810501,149,3,152
065810502,85,1,86
065810503,213,8,221
065810504,152,7,159
065810505,145,6,151
065810506,373,6,379
065810507,162,3,165
065810508,197,4,201
065810601,28,3,31
065810602,90,14,104
065810603,71,5,76
065810604,26,1,27
065810701,578,40,618
065810702,18,0,18
065810703,68,9,77
065810704,52,0,52
065810705,39,1,40
065810706,71,2,73
065810707,107,8,115
065810708,502,40,542
065810709,532,20,552
065810710,460,15,475
065810711,433,26,459
065810712,444,24,468
065810801,532,36,568
065810802,465,20,485
065810803,85,7,92
065810804,82,7,89
065810805,50,4,54
065810806,37,3,40
065810807,8,0,8
065810808,52,4,56
065810809,485,28,513
065810810,441,33,474
065810901,27,1,28
065810902,21,0,21
065810903,12,0,12
065810904,15,2,17
065810905,8,0,8
065810906,21,1,22
065810907,10,0,10
065810908,5,0,5
065810909,8,0,8
065810910,9,1,10
065810911,4,0,4
065810912,18,2,20
065810913,29,0,29
065811001,379,26,405
065811002,58,6,64
065811003,35,3,38
065811004,11,0,11
065811005,21,2,23
065811006,42,3,45
065811101,6,0,6
065811102,15,3,18
065811103,30,2,32
065811104,23,1,24
065811105,79,3,82
065811106,8,0,8
065811107,56,6,62
065811108,18,0,18
065811109,36,1,37
065811201,22,2,24
065811202,13,0,13
065811203,34,0,34
065811204,47,3,50
065811205,89,3,92
065811206,128,10,138
065811207,35,2,37
065811301,746,58,804
065811302,739,57,796
065811303,944,76,1020
065811304,904,56,960
065811305,818,28,846
065811306,1579,90,1669
065811307,237,18,255
065811308,537,38,575
065811309,521,37,558
065811310,570,35,605
065811311,775,41,816
065811401,301,24,325
065811402,833,69,902
065811403,1022,92,1114
065811404,401,27,428
065811405,453,35,488
065811406,449,45,494
065811407,721,58,779
065811408,813,88,901
065811409,713,49,762
065811410,748,55,803
065811411,704,58,762
065811412,1105,78,1183
065811501,410,36,446
065811502,953,81,1034
065811503,523,25,548
065811504,893,43,936
065811505,907,64,971
065811506,821,62,883
065811507,1264,125,1389
065811508,803,41,844
065811509,923,49,972
065811510,811,33,844
065811511,640,37,677
065811601,741,24,765
065811602,867,29,896
065811603,767,32,799
065811604,822,54,876
065811605,614,32,646
065811606,1093,85,1178
065811607,699,36,735
065811608,829,54,883
065811701,491,22,513
065811702,565,27,592
065811703,579,23,602
065811704,448,18,466
065811705,683,39,722
065811706,612,42,654
065811707,642,14,656
065811708,353,9,362
065811709,214,5,219
065811710,400,20,420
065811711,693,34,727
065811801,738,32,770
065811802,209,6,215
065811803,213,10,223
065811804,477,16,493
065811805,228,13,241
065811806,191,2,193
065811807,363,4,367
065811808,259,7,266
065811809,195,5,200
065811901,192,14,206
065811902,117,4,121
065811903,299,16,315
065811904,353,18,371
065811905,910,76,986
065811906,418,38,456
065811907,439,30,469
065811908,944,64,1008
065811909,558,47,605
065811910,434,34,468
065811911,556,30,586
065811912,663,45,708
065880101,752,31,783
065880102,694,21,715
065880103,919,49,968
065880104,817,26,843
065880105,679,20,699
065880106,704,43,747
065880107,552,19,571
065880108,601,29,630
065880109,598,32,630
065880110,534,34,568
065880111,1025,55,1080
065880112,666,46,712
065880113,672,29,701
065880114,609,29,638
065880115,515,22,537
065880116,683,48,731
065880117,579,35,614
065880201,898,51,949
065880202,848,55,903
065880203,691,52,743
065880204,906,57,963
065880205,356,37,393
065880206,462,20,482
065880207,554,14,568
065880208,538,27,565
065880301,404,46,450
065880302,471,25,496
065880303,569,32,601
065880304,229,12,241
065880305,33,0,33
065880306,46,7,53
065880307,36,2,38
065880308,38,1,39
065880309,130,3,133
065880401,63,10,73
065880501,468,43,511
065880502,41,5,46
065880503,24,1,25
065880504,25,1,26
065880505,150,13,163
065880601,128,11,139
065880701,98,8,106
065880702,212,17,229
065880703,241,11,252
065880801,180,18,198
065880802,65,6,71
065880901,754,56,810
065880902,948,54,1002
065880903,386,21,407
065880904,321,22,343
065880905,265,25,290
065880906,313,23,336
065880907,546,42,588
065880908,837,55,892
065880909,766,43,809
065880910,754,77,831
065880911,1242,138,1380
065880912,1252,114,1366
065880913,1172,117,1289
065880914,541,48,589
065880915,764,72,836
065881001,320,20,340
065881002,194,13,207
065881003,34,0,34
065881004,15,0,15
065881005,122,7,129
065881006,49,0,49
065881007,86,4,90
065881008,45,0,45
065881009,9,0,9
065881010,22,3,25
065881011,25,0,25
065881012,363,20,383
065881101,32,0,32
065881102,38,1,39
065881201,94,4,98
065881202,21,2,23
065881203,102,17,119
065881301,498,37,535
065881302,50,3,53
065881303,77,5,82
065881304,56,2,58
065881305,64,4,68
065881401,260,19,279
065881402,395,26,421
065881403,11,1,12
065881404,53,2,55
065881501,301,28,329
065881502,24,4,28
065881503,13,2,15
065881504,40,1,41
065881601,684,44,728
065881602,891,49,940
065881603,769,88,857
065881604,34,0,34
065881605,6,1,7
065881606,35,4,39
065881607,0,0,0
065881608,30,1,31
065881609,6,1,7
065881701,744,28,772
065881702,833,58,891
065881703,632,26,658
065881704,826,61,887
065881705,753,39,792
065881706,738,29,767
065881707,509,16,525
065881708,532,26,558
065950101,928,75,1003
065950102,685,57,742
065950103,1150,64,1214
065950104,1061,78,1139
065950105,889,37,926
065950106,697,31,728
065950107,792,37,829
065950108,933,50,983
065950109,757,46,803
065950110,964,58,1022
065950201,720,25,745
065950202,746,44,790
065950203,648,22,670
065950204,656,19,675
065950205,436,13,449
065950206,633,15,648
065950207,673,25,698
065950208,947,32,979
065950209,542,17,559
065950210,1044,54,1098
065950211,496,14,510
065950212,603,22,625
065950213,433,20,453
065950214,571,30,601
065950215,464,16,480
065950301,587,31,618
065950302,676,29,705
065950303,682,18,700
065950304,667,19,686
065950305,626,26,652
065950306,646,18,664
065950307,575,19,594
065950308,528,18,546
065950309,550,23,573
065950310,958,51,1009
065950311,820,50,870
065950312,550,25,575
065950313,548,22,570
065950401,636,34,670
065950402,884,52,936
065950403,781,34,815
065950404,953,65,1018
065950405,962,59,1021
065950406,652,45,697
065950407,684,28,712
065950408,643,19,662
065950409,917,45,962
065950410,805,45,850
065950411,679,30,709
065950412,950,48,998
065950413,960,49,1009
065950501,134,5,139
065950601,183,7,190
065950602,57,7,64
065950603,266,20,286
065950701,162,13,175
065950801,443,32,475
065950802,165,18,183
065950901,132,15,147
065951001,126,14,140
065951101,99,6,105
065951201,89,6,95
065951301,131,9,140
065951401,234,19,253
065951501,119,6,125
065951601,924,114,1038
065951602,1034,105,1139
065951603,1205,104,1309
065951604,286,25,311
065951605,100,8,108
065951606,655,48,703
065951607,866,77,943
065951608,1455,116,1571
065951609,615,26,641
065951610,495,25,520
065951611,554,31,585
065951612,596,30,626
065951613,500,32,532
065951701,110,12,122
065951801,9,0,9
065951802,19,1,20
065951803,57,2,59
065951804,10,0,10
065951901,2511,100,2611
065951902,549,28,577
065951903,980,121,1101
065951904,489,20,509
065951905,248,8,256
065951906,271,31,302
065951907,279,21,300
065951908,491,37,528
065951909,316,18,334
065951910,552,26,578
065951911,883,39,922
065951912,516,28,544
065951913,142,7,149
065951914,819,47,866
065952001,663,39,702
065952002,33,0,33
065952101,529,31,560
065952102,584,43,627
065952103,396,25,421
065952104,602,32,634
065952105,772,47,819
065952106,2,0,2
065952107,275,13,288
065952201,184,21,205
065952301,228,20,248
065952401,658,35,693
065952402,675,25,700
065952403,654,24,678
065952404,672,25,697
065952405,674,25,699
065952406,665,41,706
065952407,882,38,920
065952408,1225,89,1314
065952409,745,49,794
065952410,791,50,841
065952411,679,54,733
065952412,756,41,797
065952501,972,52,1024
065952502,587,24,611
065952503,893,37,930
065952504,897,44,941
065952505,713,39,752
065952506,713,55,768
065952507,657,36,693
065952508,757,39,796
065952509,622,23,645
065952510,740,45,785
065952511,863,49,912
065952512,637,53,690
065952513,695,41,736
065952601,301,15,316
065952602,1472,166,1638
065952603,771,100,871
065952604,715,45,760
065952605,1112,89,1201
065952606,488,25,513
065952607,954,60,1014
065952608,1073,82,1155
065952609,729,53,782
065952610,1057,92,1149
065952611,1082,77,1159
065952612,1134,75,1209
065952613,667,51,718
065952614,492,29,521
065952701,1021,82,1103
065952702,1362,101,1463
065952703,625,51,676
065952704,795,33,828
065952705,47,4,51
065952706,167,6,173
065952707,612,43,655
065952708,319,12,331
065952709,717,50,767
065952710,502,23,525
065952711,598,38,636
065952712,476,26,502
066020101,152,3,155
066020201,459,31,490
066020202,139,11,150
066020203,199,17,216
066020204,40,2,42
066020205,87,9,96
066020206,37,1,38
066020207,71,9,80
066020301,1137,61,1198
066020302,572,68,640
066020303,25,1,26
066020304,546,63,609
066020305,22,2,24
066020306,67,3,70
066020307,19,0,19
066020308,1217,111,1328
066020309,679,46,725
066020401,33,2,35
066020501,14,3,17
066020601,19,1,20
066020701,15,0,15
066020801,576,41,617
066020802,647,31,678
066020803,260,18,278
066020804,298,10,308
066020805,216,12,228
066020806,38,0,38
066020901,83,4,87
066020902,45,1,46
066020903,22,0,22
066021001,17,1,18
066021002,10,0,10
066021101,997,106,1103
066021102,576,70,646
066021103,1016,107,1123
066021104,824,50,874
066021105,517,21,538
066021106,724,51,775
066021107,699,47,746
066021108,1172,63,1235
066021109,1223,65,1288
066021110,17,0,17
066021111,843,43,886
066021112,668,50,718
066021113,783,47,830
066021201,94,8,102
066021301,134,6,140
066021401,81,5,86
066021402,90,3,93
066021403,136,7,143
066021404,93,4,97
066021405,106,14,120
066021406,121,10,131
066021501,1,0,1
066021601,636,83,719
066021602,511,49,560
066021603,1272,158,1430
066021604,647,66,713
066021605,696,37,733
066021606,749,54,803
066021607,638,33,671
066021608,523,28,551
066021609,918,86,1004
066021610,774,35,809
066021611,691,101,792
066021612,32,2,34
066090101,1215,102,1317
066090102,1023,56,1079
066090103,802,51,853
066090104,649,36,685
066090105,633,16,649
066090106,551,26,577
066090107,839,64,903
066090108,568,53,621
066090109,879,79,958
066090110,898,89,987
066090201,799,34,833
066090202,613,26,639
066090203,448,9,457
066090204,596,33,629
066090205,756,35,791
066090206,1146,80,1226
066090207,558,42,600
066090208,1206,93,1299
066090209,971,58,1029
066090210,582,19,601
066090211,896,60,956
066090212,890,78,968
066090213,1201,113,1314
066090214,686,56,742
066090215,614,35,649
066090301,14,0,14
066090302,9,1,10
066090303,17,1,18
066090304,49,1,50
066090401,239,32,271
066090402,31,2,33
066090403,27,5,32
066090404,111,9,120
066090501,28,4,32
066090502,97,8,105
066090503,94,9,103
066090601,73,14,87
066090602,10,1,11
066090603,26,0,26
066090604,11,0,11
066090605,49,2,51
066090606,70,5,75
066090607,231,10,241
066090608,186,13,199
066090609,54,3,57
066090610,162,40,202
066090611,31,6,37
066090612,3,0,3
066090613,188,9,197
066090701,11,0,11
066090702,9,3,12
066090703,11,1,12
066090704,9,0,9
066090705,59,4,63
066090801,7,1,8
066090802,6,1,7
066090803,2,0,2
066090804,11,2,13
066090901,54,6,60
066090902,584,47,631
066090903,527,42,569
066090904,441,21,462
066090905,387,34,421
066090906,37,0,37
066091001,481,38,519
066091002,348,21,369
066091003,20,0,20
066091004,26,0,26
066091005,67,6,73
066091006,10,0,10
066091007,400,37,437
066091101,40,2,42
066091102,48,7,55
066091201,29,3,32
066091202,42,6,48
066091301,187,13,200
066091302,30,2,32
066091303,10,1,11
066091304,67,9,76
066091305,30,0,30
066091306,56,5,61
066091401,36,0,36
066091402,48,2,50
066091501,169,13,182
066091502,22,1,23
066091503,6,1,7
066091601,18,1,19
066091602,33,3,36
066091603,38,3,41
066091604,0,0,0
066091701,783,28,811
066091702,754,49,803
066091703,57,3,60
066091704,34,2,36
066091705,7,0,7
066091706,11,3,14
066091707,70,5,75
066091708,39,2,41
066091709,21,2,23
066091801,35,5,40
066091802,4,0,4
066091901,1383,139,1522
066091902,527,36,563
066091903,923,55,978
066091904,574,40,614
066091905,461,22,483
066091906,779,24,803
066091907,934,40,974
066091908,1057,74,1131
066091909,762,56,818
066160101,58,2,60
066160102,67,2,69
066160103,83,6,89
066160104,123,7,130
066160105,64,5,69
066160106,3,0,3
066160107,113,2,115
066160108,40,5,45
066160109,24,4,28
066160110,68,3,71
066160201,22,1,23
066160202,16,0,16
066160301,625,40,665
066160302,742,52,794
066160303,609,51,660
066160304,708,33,741
066160305,650,37,687
066160306,395,19,414
066160307,451,15,466
066160308,106,8,114
066160309,356,18,374
066230101,753,42,795
066230102,974,44,1018
066230103,1052,51,1103
066230104,888,44,932
066230105,853,40,893
066230106,893,53,946
066230107,893,43,936
066230108,992,47,1039
066230109,754,32,786
066230110,506,57,563
066230111,675,19,694
066230112,652,26,678
066230201,636,27,663
066230202,629,18,647
066230203,718,29,747
066230204,713,19,732
066230205,540,18,558
066230206,681,31,712
066230207,674,29,703
066230208,654,21,675
066230209,816,24,840
066230301,460,17,477
066230302,1035,51,1086
066230303,520,14,534
066230304,432,21,453
066230305,627,22,649
066230306,602,17,619
066230307,499,14,513
066230308,527,14,541
066230309,531,28,559
066230310,619,14,633
066230311,582,28,610
066230401,791,20,811
066230402,743,31,774
066230403,731,40,771
066230404,624,19,643
066230405,861,36,897
066230406,1048,40,1088
066230407,795,27,822
066230408,1084,46,1130
066230409,922,88,1010
066230410,809,50,859
066230501,847,37,884
066230502,655,26,681
066230503,890,37,927
066230504,894,29,923
066230505,1122,41,1163
066230506,1125,49,1174
066230507,1204,38,1242
066230508,976,23,999
066230509,753,24,777
066230510,949,39,988
066230601,8,1,9
066230602,27,2,29
066230603,0,0,0
066230701,474,32,506
066230702,578,28,606
066230703,71,1,72
066230704,37,9,46
066230705,22,0,22
066230801,161,4,165
066230802,21,1,22
066230803,19,2,21
066230901,59,1,60
066230902,448,17,465
066230903,260,19,279
066230904,90,5,95
066231001,15,1,16
066231002,39,2,41
066231003,13,3,16
066231101,52,2,54
066231102,79,5,84
066231103,433,14,447
066231104,497,23,520
066231201,30,0,30
066231202,19,1,20
066231301,7,0,7
066231302,25,0,25
066231401,667,24,691
066231402,711,49,760
066231403,70,3,73
066231404,176,8,184
066231501,182,25,207
066231502,39,2,41
066231503,36,4,40
066231601,361,32,393
066231602,34,5,39
066231603,37,3,40
066231604,45,2,47
066231605,612,28,640
066231701,52,6,58
066231702,13,1,14
066231703,23,4,27
066231801,44,4,48
066231802,353,23,376
066231803,553,26,579
066231804,41,0,41
066231901,15,1,16
066231902,46,4,50
066232001,627,50,677
066232002,1243,138,1381
066232003,849,59,908
066232004,356,34,390
066232005,950,118,1068
066232006,852,69,921
066232007,1208,73,1281
066232008,1046,44,1090
066232009,1069,92,1161
066232010,778,60,838
066232011,1751,125,1876
066232012,469,39,508
066232101,433,52,485
066232102,228,17,245
066232103,16,0,16
066232104,732,50,782
066232105,60,3,63
066232106,236,20,256
066232107,428,49,477
066232201,677,29,706
066232202,632,27,659
066232203,637,32,669
066232204,820,26,846
066232205,828,34,862
066232206,799,28,827
066232207,887,44,931
066232208,1154,42,1196
066232209,234,7,241
066232210,518,9,527
066232211,30,1,31
066232212,54,1,55
066232213,554,16,570
066232214,162,5,167
066232301,484,14,498
066232302,33,1,34
066232303,84,3,87
066232304,329,17,346
066232305,80,4,84
066232306,415,27,442
066232401,42,4,46
066232402,14,0,14
066232403,46,4,50
066232404,20,2,22
066232501,324,18,342
066232502,44,4,48
066232503,27,1,28
066232504,212,11,223
066232505,34,1,35
066232506,312,12,324
066232601,65,2,67
066232602,76,3,79
066232701,366,17,383
066232702,8,0,8
066232703,39,1,40
066232704,19,1,20
066232801,1365,161,1526
066232802,1117,75,1192
066232803,503,26,529
066232804,866,37,903
066232805,845,25,870
066232806,1121,49,1170
066232807,970,56,1026
066232808,1104,114,1218
066232809,1048,71,1119
066232810,711,36,747
066232811,509,18,527
066232812,1092,65,1157
066232813,1405,80,1485
066232901,1156,104,1260
066232902,1164,85,1249
066232903,976,89,1065
066232904,566,32,598
066232905,775,36,811
066232906,987,74,1061
066232907,1036,104,1140
066232908,645,118,763
066232909,783,72,855
066232910,815,115,930
066232911,684,93,777
066300101,279,14,293
066300201,32,3,35
066300202,821,41,862
066300203,464,39,503
066300204,422,30,452
066300205,531,22,553
066300301,113,8,121
066300401,109,4,113
066300501,161,13,174
066300601,321,20,341
066380101,140,9,149
066380102,1554,132,1686
066380103,812,60,872
066380104,337,32,369
066380105,535,60,595
066380106,1226,110,1336
066380107,1055,155,1210
066380108,1620,199,1819
066380109,1379,114,1493
066380110,1431,140,1571
066380111,2053,200,2253
066380112,2323,197,2520
066380113,2531,221,2752
066380114,934,60,994
066380201,1172,102,1274
066380202,1108,61,1169
066380203,851,92,943
066380204,1268,117,1385
066380205,1082,88,1170
066380206,865,62,927
066380207,846,66,912
066380208,819,58,877
066380209,954,75,1029
066380210,1050,57,1107
066380211,1374,67,1441
066380212,757,34,791
066380213,907,58,965
066380214,802,73,875
066380301,1404,156,1560
066380302,1442,141,1583
066380303,1224,99,1323
066380304,1774,191,1965
066380305,655,63,718
066380306,686,56,742
066380307,464,23,487
066380308,443,12,455
066380309,2685,209,2894
066380310,735,56,791
066380311,1631,119,1750
066380312,1596,119,1715
066380313,1331,87,1418
066380401,1132,93,1225
066380402,1448,108,1556
066380403,1184,103,1287
066380404,681,42,723
066380405,1885,215,2100
066380406,984,95,1079
066380407,1039,120,1159
066380408,992,91,1083
066380409,695,29,724
066380410,821,40,861
066380411,680,50,730
066380412,905,62,967
066380501,292,14,306
066380502,195,8,203
066380503,279,12,291
066380504,224,11,235
066380505,582,32,614
066380506,519,14,533
066380507,706,26,732
066380508,921,75,996
066380509,863,77,940
066380510,1167,75,1242
066380511,1087,77,1164
066380512,1003,69,1072
066380513,1153,89,1242
066380514,1200,139,1339
066380601,1227,105,1332
066380602,879,66,945
066380603,1254,76,1330
066380604,1415,166,1581
066380605,1425,112,1537
066380606,1318,134,1452
066380607,1244,138,1382
066380608,641,37,678
066380609,427,28,455
066380610,1467,126,1593
066380611,1152,123,1275
066380612,1087,52,1139
066380613,1259,93,1352
066380614,1532,117,1649
066380615,1229,111,1340
066380701,1803,193,1996
066380702,916,86,1002
066380703,1034,106,1140
066380704,1082,90,1172
066380705,732,46,778
066380706,472,22,494
066380707,1093,47,1140
066380708,622,31,653
066380709,698,43,741
066380710,1090,69,1159
066380711,724,44,768
066380712,964,87,1051
066380713,998,64,1062
066380801,640,33,673
066380802,656,46,702
066380803,992,52,1044
066380804,467,16,483
066380805,447,22,469
066380806,574,39,613
066380807,421,21,442
066380808,1660,152,1812
066380809,423,30,453
066380810,535,41,576
066380811,543,23,566
066380812,572,25,597
066380813,369,28,397
066380814,495,78,573
066380815,101,8,109
066380816,638,62,700
066380901,500,18,518
066380902,489,44,533
066380903,863,77,940
066380904,623,50,673
066380905,895,71,966
066380906,1298,96,1394
066380907,1926,168,2094
066380908,1252,129,1381
066380909,1262,121,1383
066380910,1070,91,1161
066380911,1268,124,1392
066380912,1164,123,1287
066380913,1563,156,1719
066381001,1251,102,1353
066381002,1019,82,1101
066381003,1095,90,1185
066381004,915,82,997
066381005,728,39,767
066381006,1425,144,1569
066381007,1462,130,1592
066381008,1799,188,1987
066381009,1197,95,1292
066381010,1386,124,1510
066381011,967,53,1020
066381101,527,66,593
066381102,506,58,564
066381103,1948,207,2155
066381104,1488,104,1592
066381105,955,51,1006
066381106,896,37,933
066381107,1124,70,1194
066381108,1284,148,1432
066381109,1231,103,1334
066381110,1535,154,1689
066381111,881,96,977
066381112,656,104,760
066381201,306,13,319
066381202,256,12,268
066381203,1225,85,1310
066381204,553,31,584
066381205,1661,107,1768
066381206,944,70,1014
066381207,22,1,23
066381208,41,1,42
066381209,568,25,593
066381210,339,29,368
066381211,514,68,582
066381301,1009,78,1087
066381302,925,87,1012
066381303,841,100,941
066381304,709,48,757
066381305,1205,84,1289
066381306,1739,181,1920
066381307,1462,123,1585
066381308,954,86,1040
066381309,896,104,1000
066381310,1033,133,1166
066381311,1061,151,1212
066381312,782,39,821
066381313,1287,45,1332
066381314,298,19,317
066381315,348,16,364
066381316,608,82,690
066381317,359,25,384
066381318,1284,97,1381
066381319,598,46,644
066381401,471,31,502
066381402,806,107,913
066381403,1514,149,1663
066381404,878,79,957
066381405,1035,117,1152
066381406,1013,91,1104
066381407,1301,131,1432
066381408,1225,132,1357
066381409,1183,117,1300
066381501,412,30,442
066381502,459,37,496
066381503,1013,63,1076
066381504,1135,78,1213
066381505,604,59,663
066381506,1020,63,1083
066381507,1463,105,1568
066381508,1443,104,1547
066381509,1147,100,1247
066381510,1385,145,1530
066381511,1030,65,1095
066381512,1347,103,1450
066381513,1425,133,1558
066381514,1093,117,1210
066381601,904,38,942
066381602,575,27,602
066381603,865,25,890
066381604,608,27,635
066381605,475,23,498
066381606,890,52,942
066381607,1019,44,1063
066381608,793,28,821
066381609,901,35,936
066381610,1061,68,1129
066381611,1016,83,1099
066381701,942,63,1005
066381702,631,54,685
066381703,827,52,879
066381704,856,49,905
066381705,628,26,654
066381706,458,21,479
066381707,653,30,683
066381708,757,43,800
066381709,310,5,315
066381710,468,10,478
066381711,441,13,454
066381712,987,54,1041
066381713,975,43,1018
066381714,739,23,762
066381801,2753,348,3101
066381802,1458,141,1599
066381803,1326,128,1454
066381804,1205,69,1274
066381805,429,36,465
066381806,1044,94,1138
066381807,1067,113,1180
066381808,1155,89,1244
066381809,858,66,924
066381810,562,70,632
066381901,884,88,972
066381902,1380,99,1479
066381903,960,92,1052
066381904,547,83,630
066381905,1361,106,1467
066381906,393,39,432
066382001,57,6,63
066382002,881,64,945
066382003,881,51,932
066382004,87,8,95
066382005,676,71,747
066382006,574,58,632
066382007,716,57,773
066382008,465,23,488
066382009,709,75,784
066382101,380,25,405
066382102,187,14,201
066382103,198,9,207
066382104,833,38,871
066382105,202,9,211
066382106,48,1,49
066382107,914,80,994
066382108,8,0,8
066382201,1817,157,1974
066382202,845,59,904
066382203,833,69,902
066382204,1285,165,1450
066382205,1000,108,1108
066382206,1999,144,2143
066382207,649,42,691
066382208,1059,126,1185
066382209,813,50,863
066382210,500,35,535
066382211,593,61,654
066382212,470,43,513
066382213,774,84,858
066382214,1369,120,1489
066382301,736,81,817
066382302,841,91,932
066382303,218,15,233
066382304,681,51,732
066382305,15,1,16
066382306,82,8,90
066382307,152,15,167
066440101,166,10,176
066440102,149,5,154
066440103,274,18,292
066440104,91,3,94
066440105,74,4,78
066440106,128,10,138
066440107,136,9,145
066440108,39,1,40
066440109,31,1,32
066440110,66,1,67
066440111,91,4,95
066440201,528,24,552
066440202,261,11,272
066440203,105,4,109
066440204,73,0,73
066440205,87,4,91
066440206,198,9,207
066440207,250,14,264
066440208,184,6,190
066440301,654,49,703
066440302,470,41,511
066440303,11,0,11
066440304,479,25,504
066440305,250,17,267
066440306,122,6,128
066440307,235,13,248
066440308,106,9,115
066440309,89,9,98
066440310,79,2,81
066440311,141,5,146
066440312,59,4,63
066440313,227,11,238
066440314,94,5,99
066440315,268,21,289
066440316,152,7,159
066440401,172,7,179
066440402,197,5,202
066440403,134,4,138
066440404,111,4,115
066440405,139,6,145
066440406,65,4,69
066440407,108,7,115
066440408,75,2,77
066440501,103,3,106
066440502,410,31,441
066440503,649,40,689
066440504,485,31,516
066440505,1194,82,1276
066440506,1053,57,1110
066440507,534,22,556
066440508,214,15,229
066440509,237,7,244
066440510,130,5,135
066440511,114,3,117
066440512,160,4,164
066440513,53,2,55
066440601,736,60,796
066440602,485,51,536
066440603,393,39,432
066440604,317,16,333
066440605,232,20,252
066440606,350,30,380
066440607,535,45,580
066440608,783,76,859
066440609,722,75,797
066440610,619,55,674
066440611,245,25,270
066440612,897,93,990
066440613,740,91,831
066440614,498,45,543
066440615,691,70,761
066440616,296,13,309
066440617,148,10,158
066440618,162,12,174
066440619,238,13,251
066440620,275,13,288
066440621,241,16,257
066440622,424,25,449
066480101,1175,97,1272
066480102,1065,63,1128
066480103,1324,98,1422
066480104,996,55,1051
066480105,1074,71,1145
066480106,1022,58,1080
066480107,819,50,869
066480108,909,63,972
066480109,813,54,867
066480110,1503,132,1635
066480111,1179,90,1269
066480112,1278,133,1411
066480113,1083,97,1180
066480114,1521,141,1662
066480115,852,99,951
066480116,831,91,922
066480117,816,91,907
066480118,942,132,1074
066480119,1003,100,1103
066480201,1323,167,1490
066480202,775,89,864
066480203,447,32,479
066480204,986,124,1110
066480205,964,109,1073
066480206,875,119,994
066480207,1344,126,1470
066480208,1237,110,1347
066480209,1050,94,1144
066480210,1360,113,1473
066480211,756,34,790
066480212,1148,86,1234
066480213,1193,63,1256
066480301,940,78,1018
066480302,1162,94,1256
066480303,223,32,255
066480304,1081,116,1197
066480305,808,72,880
066480306,898,106,1004
066480307,841,64,905
066480308,1565,144,1709
066480309,1350,116,1466
066480310,1332,129,1461
066480311,767,147,914
066480312,1063,99,1162
066480313,538,25,563
066480314,343,30,373
066480315,1105,138,1243
066480316,385,48,433
066480401,987,93,1080
066480402,808,114,922
066480403,1120,119,1239
066480404,1098,126,1224
066480405,37,3,40
066480406,797,79,876
066480407,108,16,124
066480408,13,2,15
066480409,79,11,90
066480410,101,11,112
066480411,142,15,157
066480501,745,101,846
066480502,1346,146,1492
066480503,823,107,930
066480504,1031,113,1144
066480505,889,104,993
066480506,1590,203,1793
066480507,1623,137,1760
066480508,862,67,929
066480509,1336,68,1404
066480510,855,61,916
066480511,1233,127,1360
066480512,882,101,983
066480513,1475,114,1589
066480514,868,61,929
066510101,20,0,20
066510102,17,1,18
066510103,57,5,62
066510104,602,32,634
066510105,609,45,654
066510106,428,26,454
066510107,479,16,495
066510108,785,38,823
066510109,508,25,533
066510110,574,36,610
066510111,389,17,406
066510112,18,1,19
066510201,35,0,35
066510301,28,0,28
066510302,22,1,23
066510303,14,1,15
066510304,18,1,19
066510401,26,2,28
066510402,15,0,15
066510403,34,3,37
066510404,21,0,21
066510405,11,1,12
066510406,8,0,8
066510407,32,0,32
066510501,6,0,6
066510502,8,0,8
066510503,19,0,19
066510504,512,44,556
066510505,493,21,514
066510506,717,21,738
066510507,513,11,524
066510508,791,15,806
066510509,705,28,733
066510510,626,19,645
066510511,830,40,870
066510601,13,0,13
066510602,14,2,16
066510603,16,0,16
066510604,22,0,22
066510605,7,1,8
066510606,29,4,33
066510607,30,4,34
066510608,4,1,5
066510609,17,2,19
066510610,19,0,19
066510701,318,21,339
066510702,26,0,26
066510703,17,1,18
066510704,17,0,17
066510705,8,0,8
066510706,14,1,15
066510707,23,0,23
066510708,13,0,13
066510709,6,0,6
066510710,12,1,13
066510711,10,1,11
066510712,15,0,15
066510713,30,2,32
066510714,549,22,571
066510715,597,33,630
066510716,238,14,252
066510801,200,16,216
066510802,298,15,313
066510803,2,0,2
066510804,12,1,13
066510805,7,0,7
066510806,6,0,6
066510807,6,1,7
066510808,28,1,29
066510809,18,0,18
066510810,30,0,30
066510811,8,0,8
066510812,6,0,6
066510813,13,0,13
066510814,12,1,13
066510815,12,0,12
066510816,4,0,4
066510817,25,1,26
066510818,388,11,399
066510901,24,0,24
066510902,35,2,37
066511001,140,8,148
066511002,6,0,6
066511003,20,1,21
066511004,10,1,11
066511005,8,0,8
066511101,21,2,23
066511102,8,1,9
066511103,17,0,17
066511104,20,1,21
066511201,11,0,11
066511202,27,2,29
066511203,27,0,27
066511301,8,0,8
066511302,88,5,93
066511303,32,1,33
066511304,37,2,39
066511305,21,2,23
066511306,38,1,39
066511307,32,1,33
066511308,281,13,294
066511309,320,15,335
066511310,186,7,193
066511311,34,0,34
066511312,22,0,22
066550101,52,6,58
066550102,40,4,44
066550103,98,4,102
066550104,80,4,84
066550105,128,7,135
066550106,45,3,48
066550201,92,6,98
066550202,651,22,673
066550203,538,25,563
066550204,750,34,784
066550205,680,42,722
066550206,469,36,505
066550207,64,5,69
066550208,58,4,62
066550209,196,13,209
066550210,359,15,374
066550211,451,25,476
066550301,96,2,98
066550302,74,4,78
066550303,102,12,114
066550304,94,7,101
066550305,154,2,156
066550306,156,9,165
066550307,193,6,199
066550308,365,18,383
066550309,770,39,809
066550310,721,60,781
066550311,1080,46,1126
066550312,449,5,454
066650101,684,61,745
066650102,602,70,672
066650103,17,9,26
066650104,34,0,34
066650105,167,16,183
066650201,59,6,65
066650202,761,26,787
066650203,1045,49,1094
066650204,814,23,837
066650205,1253,76,1329
066650206,690,78,768
066650207,870,42,912
066650208,830,65,895
066650209,77,4,81
066650301,42,4,46
066650302,883,92,975
066650303,724,76,800
066650304,55,7,62
066650305,430,27,457
066650306,534,39,573
066650307,410,28,438
066650308,304,38,342
066650309,948,73,1021
066650310,1172,67,1239
066650311,98,15,113
066650401,357,25,382
066650402,146,11,157
066650403,54,5,59
066650404,41,3,44
066650501,25,2,27
066650502,71,4,75
066650503,81,2,83
066650601,37,5,42
066650701,91,7,98
066650801,34,4,38
066650901,79,6,85
066651001,869,70,939
066651002,992,103,1095
066651003,33,4,37
066651004,50,3,53
066651005,21,1,22
066651006,24,3,27
066651007,911,79,990
066651008,1166,127,1293
066651101,68,2,70
066651201,0,0,0
066651202,2,0,2
066651301,20,1,21
066651302,0,0,0
066651303,941,91,1032
066651304,870,59,929
066651305,1179,84,1263
066651306,1231,101,1332
066651307,740,36,776
066651308,806,56,862
066651309,1203,142,1345
066651310,853,45,898
066651311,1095,73,1168
066651312,1431,121,1552
066720101,22,3,25
066720102,48,6,54
066720103,18,0,18
066720104,40,4,44
066720201,35,3,38
066720202,38,6,44
066720301,9,1,10
066720302,47,3,50
066720303,23,2,25
066720401,31,2,33
066720402,38,1,39
066720403,104,8,112
066720404,35,2,37
066720501,22,3,25
066720502,12,1,13
066720503,18,1,19
066720504,17,1,18
066720601,14,3,17
066720602,25,0,25
066720603,10,0,10
066720604,14,0,14
066720701,91,6,97
066720702,56,2,58
066720801,30,3,33
066720802,27,4,31
066720901,41,3,44
066720902,27,2,29
066720903,33,0,33
066721001,43,1,44
066721002,44,1,45
066721101,19,0,19
066721102,27,0,27
066721103,39,3,42
066721104,34,2,36
066721201,1321,83,1404
066721202,646,45,691
066721203,845,53,898
066721204,913,45,958
066721205,811,60,871
066721206,786,28,814
066721207,889,42,931
066721208,950,44,994
066721209,712,24,736
066721210,1966,171,2137
066721211,50,4,54
066721212,102,10,112
066721213,37,1,38
066721214,501,40,541
066721215,722,47,769
066721216,844,48,892
066721301,28,5,33
066721302,24,3,27
066721303,48,4,52
066721401,18,1,19
066721402,121,8,129
066721403,170,8,178
066790101,221,19,240
066790102,53,4,57
066790103,39,5,44
066790104,26,1,27
066790105,234,22,256
066790201,38,2,40
066790202,27,2,29
066790301,56,5,61
066790302,428,29,457
066790303,433,19,452
066790304,303,19,322
066790305,280,26,306
066790306,37,3,40
066790401,16,2,18
066790402,37,3,40
066790403,27,5,32
066790404,23,1,24
066790405,14,3,17
066790501,9,0,9
066790502,69,6,75
066790503,26,3,29
066790601,1100,88,1188
066790602,757,85,842
066790603,626,85,711
066790604,698,76,774
066790605,1113,82,1195
066790606,808,65,873
066790607,779,57,836
066790608,562,49,611
066790609,667,24,691
066790610,767,26,793
066790611,657,39,696
066790612,552,28,580
066790613,591,20,611
066790701,28,1,29
066790702,31,1,32
066790801,46,3,49
066790802,71,11,82
066790901,445,32,477
066790902,75,11,86
066790903,47,2,49
066790904,239,17,256
066790905,414,36,450
066791001,946,104,1050
066791002,25,1,26
066791003,59,8,67
066791101,54,4,58
066791102,99,15,114
066791103,39,3,42
066791201,226,8,234
066791202,34,4,38
066791203,40,4,44
066791204,61,2,63
066791205,8,2,10
066791206,69,5,74
066860101,562,38,600
066860102,1290,80,1370
066860103,881,40,921
066860104,830,58,888
066860105,626,26,652
066860106,627,25,652
066860107,598,31,629
066860108,573,16,589
066860109,566,17,583
066860110,896,68,964
066860201,646,50,696
066860202,351,23,374
066860203,77,8,85
066860204,4,1,5
066860205,5,0,5
066860206,10,0,10
066860207,5,0,5
066860208,9,0,9
066860209,30,1,31
066860210,2,0,2
066860301,38,5,43
066860302,50,6,56
066860303,38,2,40
066860304,62,5,67
066860401,7,0,7
066860402,28,2,30
066860403,10,0,10
066860501,32,3,35
066860502,27,3,30
066860601,535,33,568
066860602,150,9,159
066860603,69,5,74
066860604,52,6,58
066860605,39,3,42
066860606,32,2,34
066860607,21,0,21
066860608,472,24,496
066860609,548,41,589
066860701,52,4,56
066860702,63,2,65
066860703,35,0,35
066860704,5,0,5
066860705,19,1,20
066860706,25,2,27
066860707,44,3,47
066860801,22,3,25
066860802,13,2,15
066860803,24,1,25
066860804,20,0,20
066860805,85,6,91
066860901,17,2,19
066860902,12,2,14
066860903,25,6,31
066861001,11,0,11
066861002,100,13,113
066861003,41,3,44
066861101,818,45,863
066861102,20,1,21
066861103,26,1,27
066861201,20,0,20
066861202,8,1,9
066861203,47,2,49
066861204,17,1,18
066861301,411,30,441
066861302,636,56,692
066861303,520,23,543
066861304,816,67,883
066861305,861,90,951
066861306,526,35,561
066861307,646,38,684
066861308,438,37,475
066861309,749,43,792
066861310,707,33,740
066861311,608,25,633
066861312,632,21,653
066861313,673,20,693
066861314,510,36,546
066930101,123,11,134
066930102,54,1,55
066930201,76,5,81
066930202,99,5,104
066930203,42,4,46
066930301,145,8,153
066930302,85,6,91
066930303,151,12,163
066930304,129,9,138
066930305,375,40,415
066930306,441,30,471
066930307,1044,42,1086
066930308,547,29,576
066930309,420,20,440
066930310,438,23,461
066930311,1120,95,1215
066930312,557,25,582
066930313,648,36,684
066930314,557,27,584
066930315,10,0,10
066930316,988,85,1073
066930317,565,28,593
066930318,614,68,682
066930319,881,120,1001
066930401,171,7,178
066930402,107,6,113
066930501,41,1,42
066930502,70,1,71
066930601,41,3,44
066930602,50,4,54
066930603,37,10,47
066930604,51,5,56
066930701,48,0,48
066930702,49,3,52
066930703,223,16,239
066930704,133,7,140
067000101,270,11,281
067000102,461,21,482
067000103,13,4,17
067000104,16,2,18
067000105,19,1,20
067000106,16,0,16
067000107,28,2,30
067000108,11,0,11
067000109,4,0,4
067000110,452,27,479
067000201,26,1,27
067000202,31,0,31
067000203,11,1,12
067000204,315,27,342
067000205,491,40,531
067000206,596,28,624
067000207,351,14,365
067000208,413,24,437
067000209,857,39,896
067000210,462,23,485
067000211,634,43,677
067000212,611,29,640
067000213,688,27,715
067000214,757,32,789
067000215,891,63,954
067000216,834,62,896
067000301,10,0,10
067000302,17,0,17
067000303,8,1,9
067000401,41,0,41
067000402,27,1,28
067000501,171,10,181
067000502,16,1,17
067000503,17,2,19
067000504,18,0,18
067000505,39,3,42
067000601,7,0,7
067000602,707,9,716
067000603,364,20,384
067000604,593,39,632
067000605,600,41,641
067000606,471,56,527
067000701,472,29,501
067000702,18,2,20
067000703,25,1,26
067000704,16,3,19
067000705,36,4,40
067000706,19,0,19
067000707,24,2,26
067000801,13,2,15
067000802,13,1,14
067000803,8,0,8
067000804,18,1,19
067000805,7,0,7
067000806,7,0,7
067000807,14,1,15
067000808,0,0,0
067000809,10,1,11
067000901,12,2,14
067000902,9,0,9
067000903,7,2,9
067000904,16,2,18
067001001,9,0,9
067001002,20,4,24
067001003,114,5,119
067001004,9,0,9
067001101,34,2,36
067001102,11,1,12
067001201,17,0,17
067001202,36,1,37
067001203,18,0,18
067001204,588,40,628
067001205,528,26,554
067001206,346,17,363
067001207,714,35,749
067001208,2,0,2
067001209,469,25,494
067001210,625,35,660
067001211,931,43,974
067001212,852,43,895
067001213,477,29,506
067070101,1024,54,1078
067070102,1323,132,1455
067070103,585,42,627
067070104,633,54,687
067070105,930,49,979
067070106,1008,56,1064
067070107,674,23,697
067070108,550,19,569
067070109,694,33,727
067070110,565,36,601
067070111,377,28,405
067070112,664,54,718
067070113,776,71,847
067070114,396,19,415
067070115,658,39,697
067070116,536,50,586
067070117,817,78,895
067070201,40,4,44
067070202,91,5,96
067070301,212,16,228
067070401,425,44,469
067070402,279,19,298
067070403,751,72,823
067070404,141,9,150
067070405,870,78,948
067070501,192,12,204
067070502,84,5,89
067070503,82,10,92
067070504,118,5,123
067070601,22,0,22
067070602,101,5,106
067070603,348,29,377
067070604,383,15,398
067070605,381,47,428
067070606,148,5,153
067070607,372,8,380
067070608,84,3,87
067070701,7,0,7
067070702,123,9,132
067070801,184,20,204
067070802,136,10,146
067070803,105,7,112
067070901,152,8,160
067070902,174,10,184
067070903,67,6,73
067071001,62,5,67
067071002,83,10,93
067071101,1020,58,1078
067071102,978,72,1050
067071103,693,51,744
067071104,1063,88,1151
067071105,700,47,747
067071106,685,45,730
067071107,697,21,718
067071108,765,45,810
067071109,524,24,548
067071110,976,47,1023
067071111,610,36,646
067071112,598,35,633
067071113,947,66,1013
067140101,1104,56,1160
067140102,920,47,967
067140103,776,41,817
067140104,763,21,784
067140105,905,42,947
067140106,744,31,775
067140107,893,51,944
067140108,772,29,801
067140109,648,22,670
067140110,1040,55,1095
067140111,579,22,601
067140112,761,33,794
067140113,551,53,604
067140114,907,115,1022
067140115,544,37,581
067140201,23,2,25
067140202,39,3,42
067140203,33,2,35
067140204,16,2,18
067140205,19,2,21
067140206,20,3,23
067140207,33,1,34
067140301,1582,83,1665
067140302,24,0,24
067140303,7,0,7
067140304,17,3,20
067140305,20,1,21
067140306,8,0,8
067140401,35,1,36
067140402,34,7,41
067140403,48,3,51
067140404,20,0,20
067140501,592,32,624
067140502,29,4,33
067140503,54,1,55
067140504,187,30,217
067140505,70,0,70
067140601,1062,100,1162
067140602,1031,56,1087
067140603,352,23,375
067140604,825,93,918
067140605,838,65,903
067140606,604,26,630
067140607,687,57,744
067140608,825,57,882
067140609,780,79,859
067140610,504,39,543
067140611,792,63,855
067140612,796,67,863
067140613,1356,112,1468
067140614,25,1,26
067140615,398,30,428
067140616,671,68,739
067140617,897,94,991
067140701,15,1,16
067140702,175,17,192
067140703,25,5,30
067140801,333,30,363
067140802,11,0,11
067140803,16,1,17
067140804,112,2,114
067140805,44,4,48
067140806,179,6,185
067140807,31,0,31
067140808,26,1,27
067140809,497,18,515
067140901,170,12,182
067140902,36,2,38
067140903,20,3,23
067140904,47,5,52
067140905,11,0,11
067140906,33,1,34
067210101,594,30,624
067210102,55,4,59
067210103,39,1,40
067210104,75,4,79
067210201,554,25,579
067210202,226,7,233
067210203,474,11,485
067210204,923,74,997
067210205,935,41,976
067210206,680,41,721
067210207,730,61,791
067210208,18,0,18
067210209,41,1,42
067210210,9,0,9
067210211,35,4,39
067210212,25,4,29
067210213,33,1,34
067210214,679,46,725
067210215,615,40,655
067210216,481,32,513
067210217,569,30,599
067280101,895,60,955
067280102,149,15,164
067280201,284,18,302
067280202,193,18,211
067280203,59,10,69
067280204,34,2,36
067280301,38,2,40
067280302,30,3,33
067280303,66,11,77
067280304,22,4,26
067280401,48,5,53
067280402,8,5,13
067280403,6,1,7
067280501,44,5,49
067280502,20,4,24
067280503,29,5,34
067280601,20,2,22
067280602,48,4,52
067280603,6,2,8
067280701,38,0,38
067280702,48,3,51
067280703,102,6,108
067280801,94,11,105
067280802,59,6,65
067280803,39,5,44
067280901,304,24,328
067280902,250,26,276
067280903,355,19,374
067280904,753,66,819
067281001,644,93,737
067281002,431,36,467
067281003,762,43,805
067281004,451,19,470
067281005,383,25,408
067281006,363,21,384
067281007,446,18,464
067281008,464,39,503
067281009,500,26,526
067281010,770,49,819
067281011,669,32,701
067281012,390,17,407
067281013,578,39,617
067281014,437,22,459
067281015,468,18,486
067281016,524,19,543
067281017,467,19,486
067281018,730,49,779
067281019,849,62,911
067281020,780,52,832
067281021,758,59,817
067281022,896,67,963
067281023,184,18,202
067281024,837,83,920
067281025,144,28,172
067281026,32,2,34
067281101,11,3,14
067281102,94,13,107
067281103,59,7,66
067281201,53,5,58
067281202,50,4,54
067281301,432,25,457
067281302,74,5,79
067281303,51,5,56
067281401,135,14,149
067281402,500,41,541
067281403,101,15,116
067281404,72,9,81
067281405,109,22,131
067281406,148,11,159
067281407,57,4,61
067281408,80,6,86
067281501,137,15,152
067281502,55,5,60
067281503,47,5,52
067281601,20,2,22
067281602,19,2,21
067281603,38,3,41
067350101,448,32,480
067350102,451,29,480
067350103,763,23,786
067350104,605,18,623
067350105,1026,36,1062
067350106,992,52,1044
067350107,880,27,907
067350108,584,27,611
067350109,1149,65,1214
067350110,1084,62,1146
067350201,518,36,554
067350202,62,5,67
067350203,12,0,12
067350204,119,6,125
067350205,113,6,119
067350206,77,9,86
067350207,60,1,61
067350208,32,2,34
067350301,472,35,507
067350302,70,6,76
067350303,40,4,44
067350304,42,3,45
067350305,74,5,79
067350306,130,5,135
067350307,76,2,78
067350308,573,42,615
067350401,45,4,49
067350402,153,15,168
067350403,91,20,111
067350404,373,26,399
067350501,26,5,31
067350502,9,1,10
067350503,34,3,37
067350504,3,0,3
067350601,27,4,31
067350602,18,0,18
067350603,4,0,4
067350701,669,28,697
067350702,1136,82,1218
067350703,1250,99,1349
067350704,427,31,458
067350705,1032,62,1094
067350706,1293,104,1397
067350707,1017,80,1097
067350708,944,42,986
067350709,902,49,951
067350710,848,100,948
067420101,48,4,52
067420201,121,7,128
067420301,71,5,76
067420401,839,33,872
067420402,786,44,830
067420403,574,28,602
067420404,625,28,653
067420405,592,29,621
067420406,481,25,506
067420407,771,55,826
067420408,476,30,506
067420409,91,11,102
067420410,279,15,294
067420411,2,0,2
067420412,8,0,8
067420413,688,43,731
067420414,526,33,559
067420501,69,3,72
067420601,19,1,20
067420701,46,3,49
067420702,122,5,127
067420801,79,5,84
067420901,97,7,104
067421001,45,1,46
067421002,169,5,174
067630101,962,61,1023
067630102,819,29,848
067630103,1074,64,1138
067630104,956,40,996
067630105,896,35,931
067630106,562,20,582
067630107,476,12,488
067630108,812,18,830
067630109,963,41,1004
067630110,820,26,846
067630111,920,29,949
067630112,573,24,597
067630113,785,40,825
067630114,734,23,757
067630115,1085,49,1134
067630201,273,11,284
067630202,188,25,213
067630203,625,30,655
067630204,898,43,941
067630205,1225,49,1274
067630206,907,30,937
067630207,728,25,753
067630208,457,64,521
067630209,814,26,840
067630210,822,32,854
067630211,860,18,878
067630212,321,7,328
067630213,205,2,207
067630301,797,25,822
067630302,897,32,929
067630303,502,16,518
067630304,694,25,719
067630305,606,22,628
067630306,706,25,731
067630307,957,32,989
067630308,855,23,878
067630309,1081,47,1128
067630310,637,20,657
067630311,707,26,733
067630401,880,73,953
067630402,999,46,1045
067630403,863,48,911
067630404,606,33,639
067630405,902,31,933
067630406,813,34,847
067630407,584,36,620
067630408,893,85,978
067630409,838,42,880
067630410,567,41,608
067630501,673,29,702
067630502,874,130,1004
067630503,715,25,740
067630504,886,35,921
067630505,696,36,732
067630506,1090,94,1184
067630507,973,58,1031
067630508,717,53,770
067630509,827,66,893
067630510,805,42,847
067630511,1284,54,1338
067630512,412,18,430
067630513,1057,91,1148
067630514,1254,110,1364
067630515,754,29,783
067630516,623,20,643
067630517,869,45,914
067630518,985,87,1072
067630601,1441,147,1588
067630602,859,63,922
067630603,1111,159,1270
067630604,1143,98,1241
067630605,900,97,997
067630606,1156,120,1276
067630607,1274,100,1374
067630608,1363,118,1481
067630609,990,102,1092
067630610,958,63,1021
067630611,886,81,967
067630612,811,76,887
067630613,980,68,1048
067630614,1125,87,1212
067630615,1328,107,1435
067630701,70,4,74
067630702,848,97,945
067630703,1264,110,1374
067630704,958,42,1000
067630705,894,67,961
067630706,1403,84,1487
067630707,1010,46,1056
067630708,795,42,837
067630709,659,40,699
067630710,1526,95,1621
067630711,1710,197,1907
067630712,527,37,564
067630801,699,46,745
067630802,969,72,1041
067630803,687,41,728
067630804,1318,82,1400
067630805,976,88,1064
067630806,953,76,1029
067630807,868,60,928
067630808,1173,73,1246
067630809,1225,98,1323
067630810,816,61,877
067630811,817,54,871
067630812,449,66,515
067630813,915,84,999
067630901,687,34,721
067630902,619,66,685
067630903,330,29,359
067630904,270,18,288
067631001,43,2,45
067631002,9,1,10
067631101,1102,58,1160
067631102,1159,47,1206
067631103,41,4,45
067631201,402,18,420
067631202,48,1,49
067631203,52,2,54
067631301,12,0,12
067631302,46,2,48
067631401,782,43,825
067631402,25,1,26
067631403,47,0,47
067631501,47,5,52
067631601,500,19,519
067631602,627,22,649
067631603,50,2,52
067631701,1059,56,1115
067631702,707,24,731
067631703,828,31,859
067631704,1050,45,1095
067631705,828,45,873
067631706,908,43,951
067631707,1383,96,1479
067631708,720,36,756
067631709,775,60,835
067631801,1067,76,1143
067631802,900,50,950
067631803,1064,91,1155
067631804,696,47,743
067631805,645,40,685
067631806,590,37,627
067631807,570,45,615
067631808,585,30,615
067631809,572,22,594
067631810,973,39,1012
067631811,797,35,832
067631812,446,49,495
067631813,29,1,30
067631814,915,61,976
067631815,547,37,584
067631816,667,66,733
067631901,39,1,40
067631902,25,1,26
067631903,224,12,236
067631904,64,5,69
067631905,1029,72,1101
067631906,495,25,520
067631907,51,7,58
067631908,148,11,159
067631909,771,39,810
067631910,713,21,734
067631911,502,28,530
067632001,304,28,332
067632002,261,13,274
067632003,729,35,764
067632004,127,7,134
067632005,250,17,267
067632006,1082,57,1139
067632007,442,23,465
067632008,1170,75,1245
067632009,870,27,897
067632010,672,39,711
067632011,556,40,596
067632012,713,37,750
067632013,832,51,883
067632101,14,2,16
067700101,348,32,380
067700102,618,64,682
067700103,1505,119,1624
067700104,1160,144,1304
067700105,1237,94,1331
067700106,1027,54,1081
067700107,982,62,1044
067700108,696,77,773
067700109,662,27,689
067700110,703,33,736
067700111,980,65,1045
067700201,24,0,24
067700202,139,17,156
067700203,95,8,103
067700204,47,9,56
067700205,987,95,1082
067700206,492,22,514
067700207,790,77,867
067700208,50,5,55
067700301,53,3,56
067700302,12,1,13
067700303,13,3,16
067700304,16,2,18
067700305,7,1,8
067700401,23,5,28
067700402,20,3,23
067700403,18,0,18
067700404,11,2,13
067700501,4,0,4
067700502,1,0,1
067700503,6,0,6
067700504,10,1,11
067700601,7,0,7
067700602,29,0,29
067700701,27,1,28
067700702,3,0,3
067700703,2,0,2
067700704,12,0,12
067700705,20,3,23
067700801,70,10,80
067700802,10,0,10
067700803,29,3,32
067700804,17,1,18
067700805,6,0,6
067700901,551,49,600
067700902,57,6,63
067700903,80,9,89
067700904,4,0,4
067700905,10,1,11
067700906,132,10,142
067700907,36,2,38
067700908,108,14,122
067701001,825,51,876
067701002,825,62,887
067701003,796,63,859
067701004,644,68,712
067701005,986,69,1055
067701006,1046,69,1115
067701007,1112,85,1197
067701008,1055,80,1135
067701009,932,67,999
067701010,819,41,860
067701011,471,24,495
067701012,284,34,318
067701013,1540,215,1755
067701014,97,16,113
067701101,97,4,101
067701102,40,2,42
067701103,131,14,145
067701104,35,4,39
067701105,85,7,92
067701201,1357,132,1489
067701202,103,18,121
067701203,426,45,471
067701204,25,4,29
067701205,39,3,42
067701206,19,4,23
067701301,34,1,35
067701302,40,3,43
067701303,50,5,55
067701304,64,2,66
067701305,27,5,32
067701306,28,1,29
067701307,30,1,31
067701401,17,1,18
067701402,36,3,39
067701403,10,1,11
067701501,11,1,12
067701502,14,0,14
067701503,15,1,16
067701504,15,1,16
067701505,28,0,28
067701601,850,94,944
067701602,617,24,641
067701603,636,30,666
067701604,19,0,19
067701605,87,4,91
067701606,20,0,20
067701607,28,1,29
067701701,15,1,16
067701702,20,1,21
067701703,14,1,15
067701704,17,2,19
067701705,41,0,41
067701801,457,47,504
067701802,19,0,19
067701803,22,2,24
067701804,31,2,33
067701805,54,4,58
067701806,19,4,23
067701901,5,0,5
067701902,7,0,7
067701903,19,3,22
067701904,9,2,11
067702001,26,2,28
067702002,6,1,7
067702101,649,27,676
067702102,752,40,792
067702103,609,21,630
067702104,636,25,661
067702105,755,27,782
067702106,707,24,731
067702107,1036,45,1081
067702108,627,12,639
067702109,601,16,617
067702110,634,31,665
067702201,905,103,1008
067702202,1043,139,1182
067702203,1343,134,1477
067702204,1793,249,2042
067702205,1087,81,1168
067702206,1162,102,1264
067702207,752,78,830
067702208,689,41,730
067702209,618,34,652
067702210,770,48,818
067702211,758,51,809
067702212,1033,72,1105
067702213,498,26,524
067702214,1102,68,1170
067702301,62,12,74
067780101,824,54,878
067780102,604,45,649
067780103,683,36,719
067780104,712,62,774
067780105,1052,96,1148
067780106,1105,72,1177
067780107,697,51,748
067780108,766,77,843
067780109,624,57,681
067780110,102,5,107
067780111,143,7,150
067780201,643,58,701
067780202,509,48,557
067780203,493,51,544
067780204,887,94,981
067780205,1206,88,1294
067780206,753,34,787
067780207,1261,150,1411
067780208,622,23,645
067780209,1072,90,1162
067780210,784,34,818
067780211,580,60,640
067780212,638,56,694
067780213,535,68,603
067780214,813,68,881
067780215,986,126,1112
067780216,502,85,587
067780217,534,43,577
067780218,712,62,774
067780301,147,9,156
067780401,42,5,47
067780402,100,11,111
067780403,167,11,178
067780404,463,40,503
067780405,507,48,555
067780406,292,25,317
067780407,889,71,960
067780501,646,49,695
067780502,204,17,221
067780503,40,3,43
067780504,69,5,74
067780505,59,1,60
067780506,1099,73,1172
067780507,811,75,886
067780601,11,2,13
067780602,524,72,596
067780603,414,36,450
067780604,1105,109,1214
067780701,31,4,35
067780702,47,4,51
067780703,32,1,33
067780704,35,0,35
067780801,43,6,49
067780802,6,0,6
067780803,47,0,47
067780901,27,2,29
067780902,380,25,405
067780903,828,88,916
067780904,394,45,439
067780905,1199,132,1331
067780906,1082,89,1171
067780907,501,41,542
067780908,354,29,383
067780909,742,43,785
067780910,667,35,702
067780911,910,39,949
067780912,812,35,847
067780913,821,41,862
067781001,1287,96,1383
067781002,822,89,911
067781003,826,115,941
067781004,968,74,1042
067781005,953,59,1012
067781006,548,27,575
067781007,1043,73,1116
067781008,1191,144,1335
067781009,1273,114,1387
067781010,536,26,562
067781011,746,39,785
067781012,863,62,925
067781013,1327,137,1464
067781014,936,119,1055
067781015,727,93,820
067840101,16,1,17
067840102,21,2,23
067840201,14,2,16
067840202,465,31,496
067840203,41,4,45
067840204,13,1,14
067840301,15,0,15
067840302,37,2,39
067840303,18,4,22
067840401,12,1,13
067840402,36,0,36
067840403,15,1,16
067840404,18,0,18
067840501,26,5,31
067840502,23,4,27
067840503,25,3,28
067840601,22,4,26
067840701,31,3,34
067840702,25,3,28
067840703,23,2,25
067840704,35,4,39
067840801,53,5,58
067840802,239,23,262
067840803,804,60,864
067840804,1032,83,1115
067840805,724,46,770
067840806,627,56,683
067840807,748,32,780
067840808,979,65,1044
067840809,730,64,794
067840810,609,26,635
067840811,961,77,1038
067840812,45,1,46
067840813,75,3,78
067840901,16,2,18
067840902,15,0,15
067841001,32,3,35
067841002,4,2,6
067841003,22,6,28
067841004,16,1,17
067841101,20,3,23
067841102,18,2,20
067841103,35,2,37
067841104,10,1,11
067841201,30,2,32
067841202,25,2,27
067841203,76,14,90
067841204,23,3,26
067910101,1026,36,1062
067910102,426,18,444
067910103,526,24,550
067910104,373,18,391
067910105,402,12,414
067910106,658,23,681
067910107,810,25,835
067910108,439,11,450
067910109,452,9,461
067910110,640,21,661
067910111,459,15,474
067910201,417,25,442
067910202,758,24,782
067910203,714,28,742
067910204,673,40,713
067910205,615,22,637
067910206,782,26,808
067910207,691,28,719
067910208,757,22,779
067910209,571,20,591
067910210,901,41,942
067910211,853,23,876
067910212,684,34,718
067910213,783,13,796
067910214,763,40,803
067910215,707,26,733
067910216,566,18,584
067910217,631,24,655
067910218,1078,57,1135
067910301,812,33,845
067910302,520,21,541
067910303,659,26,685
067910304,1010,52,1062
067910305,340,8,348
067910306,454,24,478
067910307,993,36,1029
067910308,638,25,663
067910309,951,50,1001
067910310,1086,50,1136
067910401,553,23,576
067910402,514,20,534
067910403,454,24,478
067910404,529,19,548
067910405,312,15,327
067910406,472,15,487
067910407,429,12,441
067910408,502,8,510
067910409,486,17,503
067910410,458,13,471
067910411,493,20,513
067910412,410,10,420
067910501,89,7,96
067910502,67,3,70
067910503,10,1,11
067910601,184,9,193
067910602,96,4,100
067910603,57,1,58
067910701,146,11,157
067910702,91,8,99
067910801,33,0,33
067910802,102,10,112
067910803,61,3,64
067910901,93,9,102
067910902,119,3,122
067910903,106,10,116
067910904,86,5,91
067910905,84,6,90
067910906,136,4,140
067911001,88,8,96
067911002,229,11,240
067911003,252,17,269
067911004,90,8,98
067911005,101,15,116
067911006,835,48,883
067911007,397,28,425
067911008,408,40,448
067911009,76,5,81
067911101,58,5,63
067911102,84,4,88
067911103,54,8,62
067911104,169,9,178
067911105,89,8,97
067911201,743,75,818
067911202,1108,51,1159
067911203,1329,81,1410
067911204,790,48,838
067911205,642,34,676
067911206,1088,85,1173
067911207,944,55,999
067911208,1079,46,1125
067911209,907,48,955
067911210,819,46,865
067911211,578,25,603
067911212,585,28,613
067911213,1058,61,1119
067911301,1533,106,1639
067911302,873,57,930
067911303,721,57,778
067911304,907,64,971
067911305,1424,109,1533
067911306,1453,106,1559
067911307,736,52,788
067911308,743,47,790
067911309,683,42,725
067911310,828,55,883
067911311,835,70,905
067911312,759,47,806
067911313,848,48,896
067911314,802,44,846
067911401,65,9,74
067911402,98,5,103
067911403,168,10,178
067911404,112,11,123
067911405,152,5,157
067911406,104,11,115
067911501,258,10,268
067911502,291,12,303
067911503,87,13,100
067911504,120,7,127
067911505,54,2,56
067911506,39,1,40
067911601,64,9,73
067911602,76,17,93
067911701,114,6,120
067911702,79,5,84
067911801,475,23,498
067911802,489,21,510
067911803,412,12,424
067911804,616,16,632
067911805,496,26,522
067911806,529,18,547
067911807,715,30,745
067911808,698,37,735
067911809,711,35,746
067911811,622,47,669
067911812,634,34,668
067911813,806,40,846
067911814,873,59,932
067911901,506,20,526
067911902,558,19,577
067911903,648,34,682
067911904,674,27,701
067911905,926,56,982
067911906,584,31,615
067911907,456,18,474
067911908,444,11,455
067911909,318,3,321
067911910,428,17,445
067911911,565,17,582
067912001,821,42,863
067912002,900,60,960
067912003,1449,111,1560
067912004,1060,60,1120
067912005,881,25,906
067912006,884,29,913
067912007,859,31,890
067912008,478,45,523
067912009,902,43,945
067912101,652,52,704
067912102,1049,90,1139
067912103,870,59,929
067912104,736,49,785
067912105,1249,68,1317
067912106,1116,61,1177
067912107,660,25,685
067912108,564,28,592
067912109,1286,58,1344
067912110,1297,149,1446
067912111,885,93,978
067912112,1024,69,1093
067912113,493,38,531
067912114,337,24,361
067912115,353,31,384
067912116,631,37,668
067912201,378,27,405
067912202,453,26,479
067912203,709,45,754
067912204,550,38,588
067912205,781,62,843
067912206,1099,67,1166
067912207,1307,106,1413
067912208,1094,68,1162
067912209,748,39,787
067912210,915,51,966
067912211,635,45,680
067912212,691,31,722
067912213,631,56,687
067912214,608,30,638
067912215,681,27,708
067912216,970,65,1035
067912217,542,29,571
067912218,606,30,636
067980101,46,2,48
067980102,52,4,56
067980103,39,3,42
067980201,60,7,67
067980202,16,0,16
067980203,68,8,76
067980301,35,3,38
067980302,41,5,46
067980401,19,4,23
067980402,33,7,40
067980501,138,11,149
067980502,76,11,87
067980503,11,3,14
067980504,24,0,24
067980505,34,1,35
067980506,34,0,34
067980507,31,3,34
067980601,163,9,172
067980701,531,43,574
067980702,1011,60,1071
067980703,749,34,783
067980704,542,35,577
067980705,486,63,549
067980706,94,3,97
067980707,555,32,587
067980708,1224,117,1341
067980709,451,33,484
067980710,484,41,525
067980711,653,32,685
067980801,28,1,29
067980901,52,3,55
067980902,26,2,28
067980903,30,1,31
067980904,36,3,39
067980905,22,3,25
067981001,47,8,55
067981002,61,4,65
067981003,38,4,42
067981004,46,6,52
067981005,45,1,46
067981006,18,1,19
068120101,64,4,68
068120102,60,5,65
068120201,23,1,24
068120202,28,2,30
068120301,54,1,55
068120302,15,3,18
068120303,6,0,6
068120401,99,7,106
068120402,34,2,36
068120403,14,6,20
068120501,29,2,31
068120502,518,32,550
068120503,619,42,661
068120504,9,0,9
068120601,8,0,8
068120602,9,0,9
068190101,193,6,199
068190102,75,1,76
068190103,66,3,69
068190104,145,11,156
068190201,158,8,166
068190202,76,5,81
068190301,37,1,38
068190302,76,1,77
068190401,817,52,869
068190402,1180,67,1247
068190403,658,22,680
068190404,845,50,895
068190405,794,38,832
068190406,863,41,904
068190407,741,67,808
068190408,156,11,167
068190409,161,11,172
068190501,50,2,52
068190502,90,9,99
068190503,62,1,63
068190504,242,8,250
068190505,318,15,333
068190601,77,5,82
068190602,105,4,109
068190603,59,4,63
068190701,44,4,48
068190801,58,3,61
068190802,90,2,92
068190901,154,7,161
068190902,179,8,187
068190903,426,17,443
068190904,386,26,412
068190905,380,18,398
068190906,262,6,268
068190907,206,5,211
068190908,48,0,48
068190909,117,7,124
068190910,402,20,422
068190911,370,36,406
068190912,436,32,468
068260101,1880,182,2062
068260102,826,75,901
068260103,962,101,1063
068260104,442,26,468
068260105,473,16,489
068260106,574,28,602
068260107,792,49,841
068260108,880,76,956
068260109,376,13,389
068260110,264,5,269
068260111,459,19,478
068260112,499,30,529
068260113,648,48,696
068260114,465,35,500
068260115,575,21,596
068260116,413,25,438
068260117,449,35,484
068260118,735,51,786
068260119,553,44,597
068260120,686,43,729
068260201,675,40,715
068260202,1132,97,1229
068260203,812,61,873
068260204,558,46,604
068260205,360,22,382
068260206,357,24,381
068260207,340,15,355
068260208,329,8,337
068260209,697,35,732
068260210,388,18,406
068260211,391,22,413
068260212,598,20,618
068260213,210,5,215
068260214,257,15,272
068260301,32,1,33
068260302,9,0,9
068260303,38,2,40
068260401,45,1,46
068260402,88,7,95
068260403,684,47,731
068260501,245,15,260
068260502,25,4,29
068260503,16,3,19
068260601,68,7,75
068260602,52,2,54
068260701,1192,79,1271
068260702,496,24,520
068260703,140,5,145
068260704,509,48,557
068260705,65,2,67
068260706,1077,70,1147
068260707,51,1,52
068260708,137,7,144
068260709,156,9,165
068260801,160,19,179
068260802,42,5,47
068260901,54,7,61
068260902,69,11,80
068261001,134,6,140
068261002,72,4,76
068261101,172,9,181
068261102,62,4,66
068261201,62,3,65
068261301,63,12,75
068261302,74,7,81
068261303,133,14,147
068261401,49,3,52
068261402,25,3,28
068261501,109,9,118
068261502,62,3,65
068261601,133,8,141
068261602,114,13,127
068261603,83,5,88
068261604,267,12,279
068261605,383,34,417
068261606,685,56,741
068261607,465,25,490
068261608,1100,63,1163
068261609,381,15,396
068261610,512,26,538
068261611,499,46,545
068261701,52,7,59
068261702,45,1,46
068261703,47,0,47
068261704,14,1,15
068261801,144,12,156
068261802,61,4,65
068261803,80,4,84
068261804,118,19,137
068261805,60,5,65
068261901,645,22,667
068261902,729,33,762
068261903,488,29,517
068261904,506,32,538
068261905,427,35,462
068261906,682,44,726
068261907,564,41,605
068261908,625,68,693
068261909,928,56,984
068261910,624,32,656
068261911,476,27,503
068330101,501,27,528
068330102,769,22,791
068330103,585,28,613
068330104,879,38,917
068330105,549,24,573
068330106,826,32,858
068330107,830,27,857
068330108,846,35,881
068330109,753,22,775
068330110,868,38,906
068330111,731,24,755
068330112,1075,41,1116
068330113,1129,56,1185
068330114,903,42,945
068330115,200,10,210
068330116,488,12,500
068330201,675,22,697
068330202,938,50,988
068330203,769,32,801
068330204,687,33,720
068330205,576,14,590
068330206,438,17,455
068330207,702,28,730
068330208,664,23,687
068330209,655,29,684
068330210,735,15,750
068330211,765,27,792
068330212,900,46,946
068330213,887,30,917
068330301,2,0,2
068330302,13,1,14
068330303,9,1,10
068330304,13,0,13
068330305,12,4,16
068330401,63,0,63
068330402,41,4,45
068330403,47,1,48
068330501,18,2,20
068330502,22,1,23
068330503,15,0,15
068330601,18,0,18
068330602,4,1,5
068330603,23,0,23
068330604,19,1,20
068330701,16,0,16
068330702,21,2,23
068330703,54,7,61
068330704,42,3,45
068330705,55,3,58
068330706,52,1,53
068330801,57,5,62
068330802,69,4,73
068330803,19,1,20
068330901,31,2,33
068330902,27,3,30
068330903,62,0,62
068331001,220,15,235
068331002,722,58,780
068331003,28,1,29
068331004,1079,61,1140
068331005,1105,50,1155
068331006,996,73,1069
068331007,1058,64,1122
068331008,1592,156,1748
068331009,993,74,1067
068331010,598,30,628
068331011,900,53,953
068331012,1539,105,1644
068331013,123,11,134
068331101,521,25,546
068331102,7,0,7
068331103,16,0,16
068331104,13,0,13
068331105,4,0,4
068331201,23,3,26
068331202,25,6,31
068331203,13,1,14
068331301,15,0,15
068331302,255,16,271
068331303,90,1,91
068331304,145,5,150
068331401,547,31,578
068331402,93,8,101
068331403,7,1,8
068331404,13,1,14
068331405,93,2,95
068331406,0,0,0
068331407,14,0,14
068331408,323,22,345
068331501,185,8,193
068331502,42,3,45
068331503,30,0,30
068331504,34,1,35
068331505,26,0,26
068331506,294,18,312
068331601,35,2,37
068331602,19,0,19
068331603,13,1,14
068331604,3,0,3
068331605,61,1,62
068331701,399,25,424
068331702,564,32,596
068331703,456,19,475
068331704,71,4,75
068331705,208,13,221
068331706,21,1,22
068331707,31,3,34
068331708,34,2,36
068331709,457,23,480
068331801,219,6,225
068331802,411,19,430
068331803,248,13,261
068331804,139,4,143
068331805,201,7,208
068331806,105,5,110
068331807,180,5,185
068331808,65,1,66
068331809,345,34,379
068331810,22,1,23
068331811,132,8,140
068331901,837,64,901
068331902,214,19,233
068331903,1019,60,1079
068331904,679,53,732
068331905,1215,72,1287
068331906,964,79,1043
068331907,872,83,955
068331908,836,59,895
068331909,916,55,971
068331910,747,42,789
068331911,887,78,965
068331912,629,48,677
068331913,1071,93,1164
068331914,402,38,440
068331915,151,14,165
068470101,399,16,415
068470102,928,29,957
068470103,868,80,948
068470104,1045,59,1104
068470105,627,26,653
068470106,35,1,36
068470107,111,5,116
068470108,8,0,8
068470109,25,3,28
068470110,56,4,60
068470111,930,57,987
068470112,516,40,556
068470113,539,29,568
068470114,818,82,900
068470115,511,35,546
068470201,136,5,141
068470202,18,1,19
068470203,82,4,86
068470204,80,7,87
068470205,21,2,23
068540101,473,31,504
068540102,660,23,683
068540103,761,37,798
068540104,621,42,663
068540105,771,33,804
068540106,641,33,674
068540107,606,17,623
068540108,689,32,721
068540109,1032,82,1114
068540110,940,42,982
068540111,1789,179,1968
068540112,728,46,774
068540113,1154,72,1226
068540114,619,38,657
068540115,451,43,494
068540201,1171,113,1284
068540202,1362,132,1494
068540203,836,39,875
068540204,644,21,665
068540205,600,20,620
068540206,693,23,716
068540207,884,58,942
068540208,654,27,681
068540209,1159,95,1254
068540210,541,39,580
068540211,673,44,717
068540301,233,22,255
068540302,57,5,62
068540303,66,5,71
068540401,468,37,505
068540402,239,22,261
068540403,202,13,215
068540501,89,6,95
068540502,130,7,137
068540503,45,4,49
068540601,160,8,168
068540602,348,29,377
068540701,73,5,78
068540702,90,4,94
068540801,295,15,310
068540802,206,10,216
068540803,67,4,71
068540901,123,11,134
068541001,483,31,514
068541002,589,29,618
068541003,692,35,727
068541004,802,58,860
068541005,624,28,652
068541006,895,73,968
068541007,263,18,281
068541008,270,19,289
068541009,137,6,143
068541010,143,2,145
068541011,118,5,123
068541012,103,11,114
068541013,202,15,217
068541014,455,29,484
068541015,304,20,324
068541101,83,6,89
068541102,68,1,69
068541103,63,5,68
068541201,143,9,152
068541202,51,5,56
068541203,71,6,77
068541301,140,8,148
068541302,86,3,89
068541401,353,31,384
068541402,247,17,264
068541403,137,12,149
068541404,39,4,43
068541405,76,3,79
068541406,438,35,473
068680101,1532,127,1659
068680102,709,72,781
068680103,646,42,688
068680104,503,20,523
068680105,251,10,261
068680106,177,6,183
068680107,155,6,161
068680108,652,34,686
068680109,819,68,887
068680110,768,74,842
068680201,476,26,502
068680202,158,7,165
068680203,192,8,200
068680204,468,33,501
068680205,907,38,945
068680206,563,24,587
068680207,171,6,177
068680208,36,0,36
068680209,86,1,87
068680210,146,3,149
068680211,89,1,90
068680212,222,17,239
068680213,1364,91,1455
068680301,1255,178,1433
068680302,847,73,920
068680303,504,31,535
068680304,510,31,541
068680305,290,21,311
068680306,516,30,546
068680307,431,20,451
068680308,139,7,146
068680309,67,3,70
068680310,121,3,124
068680311,77,4,81
068680312,76,2,78
068680313,74,2,76
068680401,69,1,70
068680402,52,2,54
068680403,42,4,46
068680404,15,0,15
068680405,85,5,90
068680406,20,0,20
068680407,143,9,152
068680408,217,13,230
068680409,80,4,84
068680410,70,2,72
068680501,23,1,24
068680502,1139,92,1231
068680503,1247,128,1375
068680504,501,39,540
068680505,161,6,167
068680506,150,6,156
068680507,186,10,196
068680508,393,37,430
068680509,297,28,325
068680510,165,9,174
068680511,3,0,3
068680601,64,5,69
068680602,79,5,84
068680603,156,5,161
068680604,176,6,182
068680605,76,2,78
068680606,37,0,37
068680607,78,4,82
068680608,59,2,61
068680609,166,4,170
068680610,46,2,48
068680701,805,63,868
068680702,660,33,693
068680703,302,18,320
068680704,232,16,248
068680705,162,4,166
068680706,273,22,295
068680707,78,3,81
068680708,91,6,97
068680709,57,2,59
068680710,46,0,46
068680711,112,4,116
068680712,130,14,144
068680801,854,71,925
068680802,697,70,767
068680803,350,29,379
068680804,427,21,448
068680805,49,1,50
068680806,140,3,143
068680807,66,3,69
068680808,45,1,46
068680809,480,39,519
068680810,106,5,111
068750101,22,2,24
068750201,139,8,147
068750301,129,8,137
068750401,133,10,143
068750402,99,6,105
068750403,120,2,122
068750501,28,2,30
068750502,111,3,114
068750601,703,48,751
068750602,530,31,561
068750603,290,17,307
068750604,1093,45,1138
068750605,840,73,913
068750606,293,32,325
068750607,66,1,67
068750608,885,79,964
068750609,398,20,418
068750701,81,5,86
068750801,141,6,147
068750802,402,26,428
068750803,346,14,360
068750804,468,26,494
068750805,389,18,407
068750901,186,13,199
068750902,94,5,99
068751001,56,5,61
068751101,29,1,30
068751201,300,24,324
068751301,26,2,28
068751302,149,12,161
068751401,135,7,142
068751402,103,3,106
068751501,587,26,613
068751502,297,20,317
068751503,319,28,347
068751504,561,71,632
068751505,76,8,84
068751506,1108,143,1251
068751507,893,99,992
068751508,772,51,823
068751509,526,41,567
068751601,384,39,423
068751602,1157,102,1259
068751603,1644,144,1788
068751604,843,74,917
068751605,981,73,1054
068751606,908,69,977
068751607,623,37,660
068751608,646,35,681
068751609,491,22,513
068751610,1136,104,1240
068751611,488,27,515
068751612,615,60,675
068751613,859,80,939
068751614,840,90,930
068751615,1257,177,1434
068751701,372,29,401
068751801,56,5,61
068820101,970,56,1026
068820102,1107,52,1159
068820103,1096,58,1154
068820104,1227,61,1288
068820105,1538,120,1658
068820106,978,40,1018
068820107,942,33,975
068820108,881,37,918
068820109,733,23,756
068820110,921,39,960
068820201,1058,51,1109
068820202,761,36,797
068820203,491,14,505
068820204,585,11,596
068820205,754,22,776
068820206,616,21,637
068820207,797,36,833
068820208,866,37,903
068820209,850,39,889
068820210,780,46,826
068820211,1085,39,1124
068820212,861,103,964
068820213,890,26,916
068820214,679,60,739
068820301,169,19,188
068820302,858,47,905
068820303,1071,74,1145
068820304,1057,46,1103
068820305,751,35,786
068820306,921,49,970
068820307,785,49,834
068820308,1027,57,1084
068820401,1086,72,1158
068820402,79,6,85
068820403,290,13,303
068820501,349,24,373
068820502,1363,130,1493
068820503,1372,100,1472
068820504,1499,141,1640
068820505,133,10,143
068820506,146,24,170
068820507,485,26,511
068820508,1166,93,1259
068820509,1307,88,1395
068820601,135,5,140
068820701,173,15,188
068820702,418,34,452
068820703,679,78,757
068820801,1382,141,1523
068820802,1231,111,1342
068820803,1129,69,1198
068820804,1080,76,1156
068820805,934,34,968
068820806,900,29,929
068820807,783,22,805
068820808,784,36,820
068820809,673,23,696
068820810,729,27,756
068820811,558,20,578
068820812,666,21,687
068820813,2363,160,2523
068820901,1566,127,1693
068820902,1074,106,1180
068820903,1158,67,1225
068820904,1288,122,1410
068820905,775,66,841
068820906,1580,159,1739
068820907,1533,127,1660
068820908,968,52,1020
068820909,801,51,852
068820910,1206,60,1266
068820911,800,48,848
068820912,1304,131,1435
068820913,1005,134,1139
068820914,1002,68,1070
068821001,829,45,874
068821002,617,23,640
068821003,900,45,945
068821004,729,28,757
068821005,691,35,726
068821006,1196,84,1280
068821007,647,42,689
068821008,835,55,890
068821009,1322,77,1399
068821010,1845,192,2037
068821011,1459,179,1638
068821101,627,36,663
068821201,383,28,411
068821301,436,39,475
068821401,533,48,581
068821501,96,7,103
068821601,968,35,1003
068821602,1116,59,1175
068821603,1145,58,1203
068821604,1162,69,1231
068821605,1624,116,1740
068821606,782,47,829
068821607,1001,99,1100
068821608,1299,106,1405
068821701,1142,77,1219
068821702,992,84,1076
068821703,1249,132,1381
068821704,1666,176,1842
068821705,1770,199,1969
068821706,405,61,466
068821707,471,34,505
068821708,497,48,545
068821709,243,34,277
068821710,1148,125,1273
068821711,939,111,1050
068821801,132,12,144
068821802,38,6,44
068821803,58,8,66
100070101,36,3,39
100070102,168,12,180
100070103,73,7,80
100070104,273,15,288
100070105,383,19,402
100070201,549,31,580
100070202,281,17,298
100070203,104,5,109
100070204,256,16,272
100070301,410,32,442
100070302,110,12,122
100070401,65,6,71
100070402,86,6,92
100070403,10,3,13
100070404,270,15,285
100070405,35,4,39
100070406,270,15,285
100070407,269,17,286
100070408,224,17,241
100070409,148,8,156
100140101,350,26,376
100140102,71,5,76
100140103,72,13,85
100140104,65,7,72
100140201,328,26,354
100140202,99,9,108
100140301,126,8,134
100140302,28,2,30
100140303,30,2,32
100140401,80,7,87
100140402,73,8,81
100140501,73,5,78
100140502,108,12,120
100140503,129,7,136
100140601,113,11,124
100140602,86,10,96
100140701,213,19,232
100140702,51,4,55
100140801,91,7,98
100140802,101,8,109
100140803,94,7,101
100140901,81,6,87
100140902,106,15,121
100210101,335,24,359
100210102,14,2,16
100210103,1549,120,1669
100210104,1090,68,1158
100210105,940,38,978
100210106,807,48,855
100210107,1148,112,1260
100210108,742,59,801
100210109,802,28,830
100210110,947,63,1010
100210111,1119,124,1243
100210112,767,68,835
100210113,864,77,941
100210114,314,44,358
100210201,19,1,20
100210202,950,89,1039
100210301,209,22,231
100210401,356,29,385
100210501,79,6,85
100210601,68,4,72
100210701,152,9,161
100210801,223,22,245
100210901,128,6,134
100210902,149,20,169
100211001,593,46,639
100211002,262,23,285
100211003,318,27,345
100211004,319,31,350
100211005,360,43,403
100211006,274,14,288
100280101,221,40,261
100280201,266,28,294
100280202,639,53,692
100280301,37,8,45
100280302,53,11,64
100350101,973,126,1099
100350102,71,16,87
100350103,911,68,979
100350104,650,54,704
100350105,1113,100,1213
100350106,884,60,944
100350107,584,51,635
100350108,827,89,916
100350109,658,66,724
100350110,736,41,777
100350111,650,47,697
100350112,1185,100,1285
100350113,898,66,964
100350114,763,74,837
100350115,861,77,938
100350201,292,28,320
100350202,81,11,92
100350203,107,11,118
100350204,1005,91,1096
100350205,564,53,617
100350206,562,56,618
100350301,242,18,260
100350302,124,16,140
100350303,237,27,264
100350304,164,22,186
100350305,221,28,249
100350306,598,83,681
100350307,250,27,277
100350401,366,36,402
100350402,156,20,176
100350501,394,36,430
100350502,495,56,551
100350503,627,106,733
100350504,39,8,47
100350505,141,35,176
100350506,182,56,238
100350507,61,14,75
100350508,953,167,1120
100350601,1538,13,1551
100350602,152,19,171
100350603,194,19,213
100350604,182,36,218
100350605,348,73,421
100350606,463,55,518
100350607,420,204,624
100350608,821,94,915
100420101,67,10,77
100420102,205,21,226
100420103,673,47,720
100420104,686,69,755
100420105,826,85,911
100420106,903,111,1014
100420107,786,52,838
100420201,129,8,137
100420202,566,47,613
100420203,43,5,48
100420204,194,15,209
100420205,311,21,332
100420206,819,83,902
100420207,1278,124,1402
100420301,584,36,620
100420302,727,77,804
100420303,1507,83,1590
100420304,140,31,171
100420305,800,82,882
100420306,844,100,944
100420307,67,5,72
100420401,311,42,353
100420402,352,34,386
100420501,82,3,85
100420502,262,25,287
100420601,36,3,39
100420602,363,53,416
100420603,126,15,141
100420604,226,28,254
100490101,166,28,194
100490102,1680,142,1822
100490103,1149,67,1216
100490104,584,42,626
100490105,1099,93,1192
100490106,921,125,1046
100490107,820,61,881
100490108,1047,59,1106
100490109,736,56,792
100490110,1358,117,1475
100490111,1295,218,1513
100490112,1327,127,1454
100490113,1750,153,1903
100490114,1524,140,1664
100490115,953,81,1034
100490201,972,87,1059
100490202,912,44,956
100490203,1084,57,1141
100490204,837,39,876
100490205,864,49,913
100490206,572,38,610
100490207,1089,55,1144
100490208,1226,62,1288
100490209,853,28,881
100490210,685,28,713
100490211,609,33,642
100490212,799,43,842
100490213,625,24,649
100490214,706,36,742
100490215,608,20,628
100490216,1080,42,1122
100490217,786,30,816
100490218,698,40,738
100490219,908,39,947
100490220,464,29,493
100490221,556,26,582
100490301,1253,86,1339
100490302,1018,59,1077
100490303,1090,85,1175
100490304,936,67,1003
100490305,1006,90,1096
100490306,912,59,971
100490307,906,92,998
100490308,1247,106,1353
100490309,1493,133,1626
100490310,673,35,708
100490311,1100,32,1132
100490312,704,29,733
100490313,610,26,636
100490314,856,66,922
100490315,915,50,965
100490316,546,19,565
100490317,1022,27,1049
100490318,576,14,590
100490319,806,34,840
100490320,912,30,942
100490321,472,17,489
100490322,290,10,300
100490323,400,15,415
100490324,748,25,773
100490401,727,30,757
100490402,676,26,702
100490403,762,31,793
100490404,1463,86,1549
100490405,1181,98,1279
100490406,1230,94,1324
100490407,1470,127,1597
100490408,832,54,886
100490409,1246,81,1327
100490410,888,53,941
100490411,944,54,998
100490412,843,41,884
100490413,772,58,830
100490414,843,51,894
100490415,1030,84,1114
100490416,1198,73,1271
100490417,812,41,853
100490418,981,41,1022
100490419,1045,62,1107
100490501,717,29,746
100490502,517,22,539
100490503,682,33,715
100490504,641,35,676
100490505,930,68,998
100490506,743,45,788
100490507,701,30,731
100490508,819,22,841
100490509,656,24,680
100490510,1215,83,1298
100490511,704,50,754
100490512,1455,112,1567
100490513,1580,149,1729
100490514,520,33,553
100490515,1584,122,1706
100490516,1338,190,1528
100490517,608,70,678
100490601,793,32,825
100490602,554,13,567
100490603,521,21,542
100490604,455,5,460
100490605,610,31,641
100490606,723,29,752
100490607,1029,56,1085
100490608,450,22,472
100490609,880,38,918
100490610,724,40,764
100490611,1046,70,1116
100490612,809,66,875
100490613,1203,65,1268
100490614,687,45,732
100490615,1296,91,1387
100490616,1088,92,1180
100490617,736,61,797
100490618,1049,65,1114
100490619,759,40,799
100490701,948,60,1008
100490702,676,41,717
100490703,778,46,824
100490704,775,47,822
100490705,600,34,634
100490706,1332,93,1425
100490707,1482,99,1581
100490708,987,54,1041
100490709,1027,58,1085
100490710,1061,63,1124
100490711,1093,71,1164
100490712,1335,97,1432
100490801,653,46,699
100490802,989,63,1052
100490803,1293,91,1384
100490804,867,45,912
100490805,984,108,1092
100490806,790,46,836
100490807,987,73,1060
100490808,1565,177,1742
100490809,891,62,953
100490810,1259,100,1359
100490811,1036,86,1122
100490812,760,66,826
100490813,1600,107,1707
100490901,226,24,250
100490902,324,72,396
100490903,759,72,831
100490904,1046,62,1108
100490905,591,23,614
100490906,1621,102,1723
100490907,987,117,1104
100490908,906,96,1002
100490909,1200,123,1323
100490910,780,96,876
100490911,806,39,845
100490912,1073,102,1175
100490913,947,88,1035
100490914,1013,96,1109
100560101,28,1,29
100560102,333,19,352
100560103,100,4,104
100560104,30,4,34
100560201,59,5,64
100560202,51,5,56
100560203,70,3,73
100560204,35,2,37
100560205,658,57,715
100560301,48,0,48
100560302,155,11,166
100560303,105,16,121
100560304,74,11,85
100560401,99,13,112
100560402,46,6,52
100560403,135,14,149
100560501,54,7,61
100560502,297,35,332
100560503,245,27,272
100560504,153,47,200
100560601,98,11,109
100560602,8,3,11
100560603,58,10,68
100560701,121,9,130
100630101,680,42,722
100630102,224,10,234
100630103,213,20,233
100630201,333,24,357
100630202,759,62,821
100630203,534,36,570
100630204,779,54,833
100630205,1022,60,1082
100630206,748,41,789
100630207,690,43,733
100630208,631,36,667
100630209,696,44,740
100630210,672,54,726
100630211,688,49,737
100630212,756,50,806
100630213,1114,75,1189
100630214,16,2,18
100630215,0,0,0
100630216,0,0,0
100630217,0,0,0
100630218,0,0,0
100700101,90,10,100
100700102,123,18,141
100700103,1242,129,1371
100700104,907,77,984
100700105,853,50,903
100700106,783,59,842
100700107,1115,103,1218
100700108,1080,93,1173
100700109,667,62,729
100700110,1126,129,1255
100700111,917,85,1002
100700112,933,87,1020
100700113,616,79,695
100700201,444,30,474
100700202,277,30,307
100700203,875,86,961
100700204,623,113,736
100700205,430,35,465
100700301,794,73,867
100700302,225,24,249
100700303,318,39,357
100700304,82,12,94
100700305,889,76,965
100700306,768,53,821
100700307,931,78,1009
100700308,652,68,720
100700309,143,25,168
100700401,171,12,183
100700402,152,13,165
100700403,273,47,320
100700404,963,117,1080
100770101,33,3,36
100770102,284,19,303
100770103,171,9,180
100770104,654,30,684
100770105,701,39,740
100770201,156,15,171
100770202,249,19,268
100770203,81,7,88
100770301,197,18,215
100770401,207,18,225
100770402,103,8,111
100770501,60,5,65
100770502,250,9,259
100770601,280,14,294
100770602,130,8,138
100770603,201,5,206
100840101,563,66,629
100840102,33,1,34
100840103,686,54,740
100840104,599,34,633
100840105,566,56,622
100840106,628,50,678
100840107,14,0,14
100840201,71,6,77
100840202,435,29,464
100840203,524,37,561
100840204,436,29,465
100840301,31,8,39
100840302,112,14,126
100840303,454,40,494
100840304,969,105,1074
100840305,449,58,507
100840306,675,69,744
100840307,884,73,957
100840401,720,74,794
100840402,47,5,52
100840403,368,41,409
100910101,8,2,10
100910102,293,20,313
100910103,795,46,841
100910104,795,61,856
100910105,811,37,848
100910106,563,33,596
100910107,898,76,974
100910108,1403,126,1529
100910109,962,94,1056
100910110,872,46,918
100910111,1057,52,1109
100910112,705,60,765
100910113,739,49,788
100910114,836,78,914
100910115,496,38,534
100910201,412,46,458
100910202,203,14,217
100910301,3,0,3
100910302,728,79,807
100910303,771,72,843
100910401,27,3,30
100910402,0,0,0
100910403,1363,97,1460
100910404,345,43,388
100910405,23,4,27
100910501,526,42,568
100910502,619,63,682
100910503,537,39,576
100910504,562,43,605
100910505,809,72,881
100910506,105,11,116
100910507,341,43,384
100910508,211,31,242
100910509,200,22,222
100910510,49,11,60
100910511,2,0,2
100910601,159,18,177
100910602,62,14,76
100910603,104,17,121
100910604,66,17,83
100910701,42,8,50
100910702,170,32,202
100910703,60,8,68
100980101,315,17,332
100980102,676,79,755
100980103,13,3,16
100980104,205,25,230
100980201,114,5,119
100980202,83,6,89
100980203,717,75,792
100980204,151,18,169
100980205,474,47,521
100980206,476,39,515
100980207,250,20,270
100980208,139,14,153
100980301,181,17,198
100980302,87,9,96
100980303,453,55,508
100980401,274,20,294
100980402,730,65,795
100980403,708,96,804
100980404,1336,135,1471
100980405,1031,145,1176
100980406,53,1,54
100980407,583,97,680
100980408,704,55,759
100980409,550,31,581
100980410,41,6,47
101050101,93,8,101
101050102,649,62,711
101050103,476,59,535
101050104,868,70,938
101050105,856,83,939
101050106,598,66,664
101050107,774,56,830
101050108,562,34,596
101050109,749,52,801
101050110,459,15,474
101050111,764,45,809
101050112,935,77,1012
101050113,517,53,570
101050114,910,61,971
101050115,952,105,1057
101050201,234,22,256
101050202,614,51,665
101050301,40,2,42
101050302,743,98,841
101050303,810,61,871
101050304,838,112,950
101050305,560,36,596
101050306,613,57,670
101050307,475,45,520
101050401,371,37,408
101050402,202,24,226
101050501,210,13,223
101050502,30,18,48
101050601,7,0,7
101050602,629,40,669
101050701,333,43,376
101050702,861,90,951
101050703,149,20,169
101050704,69,11,80
101050705,96,13,109
101050706,96,25,121
101050707,259,68,327
101050708,393,38,431
101050709,415,77,492
101050801,115,6,121
101050802,23,1,24
101120101,375,17,392
101120201,121,11,132
101120202,154,15,169
101120301,97,6,103
101120302,328,34,362
101120303,151,15,166
101120401,83,12,95
101120402,637,42,679
101120403,1432,108,1540
101120404,1097,70,1167
101120405,1209,102,1311
101120406,1279,96,1375
101120407,839,44,883
101120408,1279,78,1357
101120409,1154,61,1215
101120410,750,47,797
101120411,621,26,647
101120501,45,9,54
101120502,699,51,750
101120503,951,61,1012
101120504,874,52,926
101120505,865,63,928
101120506,1074,76,1150
101120507,882,83,965
101120508,733,59,792
101120509,1124,60,1184
101120510,1004,94,1098
101120511,911,73,984
101120512,737,74,811
101120513,1099,70,1169
101120514,715,51,766
101120515,718,76,794
140070101,63,3,66
140070102,434,40,474
140070103,192,12,204
140070104,70,2,72
140070105,229,23,252
140070106,75,4,79
140070107,123,9,132
140070108,313,25,338
140070110,388,33,421
140070111,557,45,602
140070112,430,41,471
140070113,495,34,529
140070201,274,18,292
140070202,102,4,106
140070203,207,18,225
140070204,414,39,453
140070205,433,28,461
140070206,902,62,964
140070207,731,38,769
140070208,875,54,929
140070209,610,38,648
140070210,390,10,400
140070211,811,68,879
140070212,459,16,475
140070213,421,20,441
140070214,608,37,645
140070215,527,30,557
140070216,270,15,285
140070301,46,4,50
140070302,48,4,52
140070303,18,1,19
140070304,49,9,58
140070305,249,35,284
140070306,86,3,89
140070307,79,9,88
140070308,223,23,246
140070309,803,72,875
140070310,552,41,593
140070311,754,59,813
140070312,756,69,825
140070401,47,3,50
140070402,58,4,62
140070403,77,7,84
140070404,7,0,7
140070405,134,14,148
140070406,207,8,215
140070407,223,9,232
140070408,62,5,67
140070409,22,2,24
140070410,25,2,27
140070411,43,9,52
140070412,85,12,97
140070413,142,7,149
140070414,913,107,1020
140070415,159,13,172
140070416,383,24,407
140070501,581,46,627
140070502,318,19,337
140070503,451,28,479
140070504,471,19,490
140070505,456,17,473
140070506,798,53,851
140070507,564,53,617
140070508,532,39,571
140070509,639,36,675
140070510,862,45,907
140070511,764,39,803
140070512,742,50,792
140070513,696,31,727
140070514,532,27,559
140070515,583,35,618
140070516,353,23,376
140070517,876,97,973
140070518,823,88,911
140070601,29,3,32
140070602,221,18,239
140070603,115,11,126
140070604,47,8,55
140070605,151,15,166
140070606,159,7,166
140070607,696,41,737
140070608,618,42,660
140070609,444,32,476
140070610,411,25,436
140070611,630,32,662
140070612,444,26,470
140070613,369,19,388
140070614,708,58,766
140070615,386,22,408
140070616,304,11,315
140070701,74,6,80
140070702,62,3,65
140070703,30,2,32
140070704,17,0,17
140070705,71,11,82
140070706,774,63,837
140070707,44,4,48
140070708,41,4,45
140070709,24,0,24
140070710,30,2,32
140070711,33,4,37
140070712,41,4,45
140070713,85,5,90
140070714,14,2,16
140070715,197,19,216
140070716,34,0,34
140070717,20,2,22
140070718,58,1,59
140070719,440,29,469
140070720,51,1,52
140070801,28,2,30
140070802,154,21,175
140070803,780,39,819
140070804,185,10,195
140070805,963,89,1052
140070806,504,42,546
140070807,783,46,829
140070808,725,33,758
140070809,1887,65,1952
140070810,90,7,97
140070811,35,2,37
140070812,32,2,34
140070813,37,5,42
140070814,941,77,1018
140070815,878,73,951
140070816,674,52,726
140070817,927,49,976
140070818,727,55,782
140070819,101,8,109
140070820,560,40,600
140070901,45,5,50
140070902,56,9,65
140070903,42,4,46
140070904,623,48,671
140070905,34,2,36
140070906,59,7,66
140070907,36,2,38
140070908,271,17,288
140140101,496,55,551
140140102,1083,87,1170
140140103,1142,71,1213
140140104,709,52,761
140140105,828,57,885
140140106,1053,72,1125
140140107,693,32,725
140140108,711,31,742
140140109,1319,80,1399
140140110,753,66,819
140140111,626,27,653
140140112,819,60,879
140140113,1067,77,1144
140140201,812,80,892
140140202,1111,106,1217
140140203,950,73,1023
140140204,895,27,922
140140205,679,21,700
140140206,510,22,532
140140207,1001,45,1046
140140208,782,34,816
140140209,723,33,756
140140210,771,19,790
140140211,612,25,637
140140212,772,24,796
140140213,1029,47,1076
140140214,1064,57,1121
140140215,1118,53,1171
140140301,430,24,454
140140302,1851,145,1996
140140303,1356,95,1451
140140304,1226,121,1347
140140305,1006,59,1065
140140306,756,71,827
140140307,655,46,701
140140308,1066,111,1177
140140309,1320,103,1423
140140310,841,36,877
140140311,741,33,774
140140312,1097,57,1154
140140313,1275,78,1353
140140401,1409,91,1500
140140402,1134,91,1225
140140403,330,20,350
140140404,881,83,964
140140405,1638,175,1813
140140406,1508,133,1641
140140407,916,33,949
140140408,1415,76,1491
140140409,975,50,1025
140140410,1306,98,1404
140140411,1399,85,1484
140140501,778,65,843
140140502,1278,124,1402
140140503,923,82,1005
140140504,1389,157,1546
140140505,1552,84,1636
140140506,728,61,789
140140507,1030,108,1138
140140508,1276,81,1357
140140509,853,40,893
140140510,1281,78,1359
140140511,1058,59,1117
140140512,1076,73,1149
140140513,1234,96,1330
140140514,1287,134,1421
140140515,1336,44,1380
140140601,717,50,767
140140602,153,12,165
140140603,208,18,226
140140604,711,86,797
140140605,799,81,880
140140606,808,53,861
140140607,1500,98,1598
140140608,533,53,586
140140609,1097,66,1163
140140610,977,50,1027
140140701,1174,64,1238
140140702,760,41,801
140140703,598,26,624
140140704,922,93,1015
140140705,1025,108,1133
140140706,28,1,29
140140707,771,54,825
140140708,1108,112,1220
140140709,1226,175,1401
140140710,185,12,197
140140711,705,73,778
140140712,415,52,467
140140713,970,108,1078
140140714,1162,125,1287
140140715,934,115,1049
140140801,42,0,42
140140802,745,81,826
140140803,358,18,376
140140804,961,132,1093
140140805,1434,119,1553
140140806,810,42,852
140140807,910,37,947
140140808,730,79,809
140140809,1582,162,1744
140140810,1290,125,1415
140140811,1271,90,1361
140140812,906,72,978
140140901,36,4,40
140140902,1161,91,1252
140140903,983,103,1086
140140904,859,62,921
140140905,1395,84,1479
140140906,869,53,922
140140907,489,23,512
140140908,1440,112,1552
140140909,1259,71,1330
140140910,1186,66,1252
140140911,1390,78,1468
140140912,1791,122,1913
140140913,1125,74,1199
140140914,893,84,977
140140915,41,11,52
140141001,461,48,509
140141002,1425,104,1529
140141003,612,21,633
140141004,741,24,765
140141005,621,25,646
140141006,996,50,1046
140141007,439,26,465
140141008,1434,96,1530
140141009,951,46,997
140141010,1014,38,1052
140141011,1347,101,1448
140141012,677,30,707
140141013,951,58,1009
140141014,565,31,596
140141015,789,50,839
140141016,946,54,1000
140141017,627,64,691
140141018,536,54,590
140141101,407,22,429
140141102,843,52,895
140141103,879,76,955
140141104,651,43,694
140141105,820,54,874
140141106,789,36,825
140141107,809,58,867
140141108,946,101,1047
140141109,1362,159,1521
140141110,964,62,1026
140141111,921,68,989
140141201,868,75,943
140141202,1065,59,1124
140141203,1209,110,1319
140141204,1366,83,1449
140141205,1485,84,1569
140141206,852,55,907
140141207,901,53,954
140141208,984,58,1042
140141209,1001,56,1057
140141301,406,20,426
140141302,1209,78,1287
140141303,932,52,984
140141304,1201,60,1261
140141305,764,60,824
140141306,668,74,742
140141307,1232,99,1331
140141308,1114,102,1216
140141309,1622,177,1799
140141310,554,44,598
140141401,1317,101,1418
140141402,1942,162,2104
140141403,1170,119,1289
140141404,679,54,733
140141405,788,51,839
140141406,1189,89,1278
140141407,1201,71,1272
140141408,175,15,190
140141501,689,49,738
140141502,770,28,798
140141503,614,32,646
140141504,936,47,983
140141505,937,61,998
140141506,1400,84,1484
140141507,623,27,650
140141508,855,57,912
140141509,1197,60,1257
140141510,1152,62,1214
140141511,1329,59,1388
140141512,574,30,604
140141513,1908,102,2010
140141514,1122,73,1195
140141515,926,62,988
140141516,565,33,598
140141517,999,111,1110
140141518,836,67,903
140141519,864,71,935
140141520,1303,139,1442
140141601,1227,118,1345
140141602,1511,197,1708
140141603,1684,147,1831
140141604,671,60,731
140141605,877,95,972
140141606,1155,101,1256
140141607,1124,87,1211
140141608,651,35,686
140141609,841,81,922
140141610,899,66,965
140141611,1148,156,1304
140141612,866,102,968
140141613,860,110,970
140141614,848,101,949
140141615,734,71,805
140141616,1483,168,1651
140141617,995,105,1100
140141618,1443,234,1677
140141701,1260,76,1336
140141702,1044,60,1104
140141703,1056,60,1116
140141704,1245,76,1321
140141705,1036,58,1094
140141706,1464,88,1552
140141707,856,58,914
140141708,1089,80,1169
140141709,784,48,832
140141710,1119,44,1163
140141711,1117,53,1170
140141712,895,60,955
140141713,1527,119,1646
140141714,856,52,908
140141715,1233,89,1322
140141716,1696,132,1828
140141717,1518,114,1632
140141718,1159,99,1258
140141719,969,43,1012
140141720,598,31,629
140141721,1175,64,1239
140141801,1382,111,1493
140141802,930,91,1021
140141803,917,82,999
140141804,860,100,960
140141805,1507,107,1614
140141806,823,64,887
140141807,789,57,846
140141808,1504,102,1606
140141809,1152,60,1212
140141810,622,62,684
140141811,1130,72,1202
140141812,1044,62,1106
140141813,1006,34,1040
140141814,1236,94,1330
140141815,921,73,994
140141816,1617,124,1741
140141817,988,151,1139
140141818,1145,161,1306
140141901,1174,58,1232
140141902,712,46,758
140141903,931,86,1017
140141904,1018,88,1106
140141905,949,97,1046
140141906,1343,130,1473
140141907,1481,149,1630
140141908,1493,186,1679
140141909,1151,122,1273
140141910,814,63,877
140141911,1031,48,1079
140141912,846,99,945
140141913,1287,88,1375
140141914,1312,143,1455
140141915,1447,95,1542
140141916,1302,88,1390
140141917,742,45,787
140141918,726,64,790
140141919,759,100,859
140142001,908,54,962
140142002,672,44,716
140142003,801,46,847
140142004,989,69,1058
140142005,1186,68,1254
140142006,800,34,834
140142007,766,31,797
140142008,729,33,762
140142009,655,20,675
140142010,817,47,864
140142011,709,21,730
140142012,902,48,950
140142013,921,38,959
140142014,986,70,1056
140142015,574,17,591
140142016,1204,73,1277
140142101,867,60,927
140142102,983,82,1065
140142103,875,58,933
140142104,1475,64,1539
140142105,1145,16,1161
140142201,566,74,640
140142202,1089,85,1174
140142203,605,60,665
140142204,690,68,758
140142205,490,36,526
140142206,1257,103,1360
140142207,655,60,715
140142208,1127,63,1190
140142209,743,20,763
140142210,968,42,1010
140142211,1012,40,1052
140142212,958,58,1016
140142213,6,0,6
140142214,765,28,793
140142215,918,61,979
140142216,818,41,859
140142217,1046,66,1112
140142218,1295,111,1406
140142301,796,29,825
140142302,922,34,956
140142303,657,21,678
140142304,480,22,502
140142305,494,17,511
140142306,709,31,740
140142307,767,24,791
140142308,1171,56,1227
140142309,582,9,591
140142310,772,37,809
140142311,689,27,716
140142312,812,31,843
140142313,1677,55,1732
140142314,796,42,838
140142315,788,37,825
140142316,595,14,609
140142401,1044,41,1085
140142402,906,37,943
140142403,799,24,823
140142404,1184,56,1240
140142405,772,27,799
140142406,867,19,886
140142407,686,27,713
140142408,707,18,725
140142409,863,31,894
140142410,437,12,449
140142411,604,18,622
140142412,499,10,509
140142413,594,19,613
140142414,565,21,586
140142501,465,6,471
140142502,584,17,601
140142503,259,10,269
140142504,1086,41,1127
140142505,744,42,786
140142506,935,56,991
140142507,945,60,1005
140142508,503,29,532
140142509,679,32,711
140142510,617,25,642
140142511,707,33,740
140142512,653,26,679
140142513,648,23,671
140142514,580,23,603
140142515,951,31,982
140142516,978,32,1010
140142517,680,34,714
140142518,869,31,900
140142601,744,47,791
140142602,610,30,640
140142603,801,46,847
140142604,477,26,503
140142605,445,15,460
140142606,704,29,733
140142607,684,21,705
140142608,1018,47,1065
140142609,724,24,748
140142610,558,17,575
140142611,1118,44,1162
140142612,733,34,767
140142613,598,39,637
140142614,717,45,762
140142615,814,31,845
140142616,719,29,748
140142701,828,33,861
140142702,977,56,1033
140142703,1157,71,1228
140142704,873,38,911
140142705,593,21,614
140142706,752,35,787
140142707,830,39,869
140142708,918,41,959
140142709,643,42,685
140142710,849,46,895
140142711,788,40,828
140142712,601,26,627
140142801,1183,39,1222
140142802,941,23,964
140142803,1126,40,1166
140142804,1230,51,1281
140142805,1087,58,1145
140142806,772,35,807
140142807,668,38,706
140142808,1177,52,1229
140142809,924,38,962
140142810,1146,68,1214
140142811,969,55,1024
140142812,860,37,897
140142813,1398,96,1494
140142814,1450,160,1610
140142815,855,45,900
140142816,1570,159,1729
140142901,1070,49,1119
140142902,940,47,987
140142903,1074,86,1160
140142904,1123,83,1206
140142905,1171,59,1230
140142906,1009,31,1040
140142907,661,27,688
140142908,799,48,847
140142909,1084,64,1148
140142910,997,49,1046
140142911,722,64,786
140142912,957,75,1032
140142913,741,29,770
140142914,889,46,935
140142915,1205,58,1263
140142916,918,32,950
140142917,1016,59,1075
140142918,772,81,853
140142919,762,70,832
140143001,771,30,801
140143002,1277,81,1358
140143003,912,49,961
140143004,1305,76,1381
140143005,828,52,880
140143006,1079,87,1166
140143007,617,38,655
140143008,1088,114,1202
140143009,1304,59,1363
140143010,1016,63,1079
140143011,941,34,975
140143012,1114,52,1166
140143013,991,45,1036
140143014,1056,64,1120
140143015,945,46,991
140143101,1025,97,1122
140143102,1651,161,1812
140143103,1478,104,1582
140143104,1026,105,1131
140143105,1198,115,1313
140143106,907,93,1000
140143107,1366,74,1440
140143108,1040,62,1102
140143109,1541,110,1651
140143110,856,55,911
140143111,895,57,952
140143112,1271,82,1353
140143113,849,61,910
140143114,843,49,892
140143115,765,51,816
140143116,1145,69,1214
140143201,718,58,776
140143202,1330,57,1387
140143203,706,40,746
140143204,733,33,766
140143205,1100,39,1139
140143206,1008,64,1072
140143207,1125,53,1178
140143208,1008,98,1106
140143209,763,38,801
140143210,1233,54,1287
140143211,954,39,993
140143212,805,50,855
140143213,928,47,975
140143301,854,57,911
140143302,711,48,759
140143303,915,46,961
140143304,742,33,775
140143305,663,33,696
140143306,667,30,697
140143307,1065,46,1111
140143308,1252,43,1295
140143309,754,38,792
140143310,761,37,798
140143311,822,33,855
140143312,828,34,862
140143313,874,46,920
140143314,758,77,835
140143315,763,52,815
140143316,625,32,657
140143317,988,57,1045
140143318,1145,67,1212
140143319,907,85,992
140143320,662,49,711
140143401,733,46,779
140143402,876,101,977
140143403,744,30,774
140143404,374,14,388
140143405,535,21,556
140143406,534,47,581
140143407,642,34,676
140143408,663,36,699
140143409,703,44,747
140143410,624,23,647
140143411,561,32,593
140143412,729,36,765
140143413,657,48,705
140143414,674,25,699
140143415,630,34,664
140143416,716,33,749
140143417,541,32,573
140143418,1077,58,1135
140143419,590,22,612
140143501,816,47,863
140143502,1358,71,1429
140143503,634,27,661
140143504,1216,57,1273
140143505,648,20,668
140143506,2641,320,2961
140143507,1137,70,1207
140143508,933,37,970
140143509,731,50,781
140143510,671,19,690
140143511,1016,56,1072
140143512,933,53,986
140143513,845,50,895
140143514,1163,39,1202
140143601,698,34,732
140143602,689,24,713
140143603,1047,67,1114
140143604,909,42,951
140143605,919,43,962
140143606,719,41,760
140143607,702,26,728
140143608,765,29,794
140143609,609,21,630
140143610,569,24,593
140143611,753,26,779
140143612,688,25,713
140143613,663,21,684
140143614,612,26,638
140143701,1248,72,1320
140143702,578,32,610
140143703,728,53,781
140143704,801,45,846
140143705,784,56,840
140143706,981,63,1044
140143707,961,56,1017
140143708,942,52,994
140143709,620,40,660
140143710,736,34,770
140143711,1226,72,1298
140143712,787,48,835
140143713,635,37,672
140143714,579,30,609
140143715,582,30,612
140143716,523,19,542
140143717,539,26,565
140143718,429,19,448
140143719,548,24,572
140143720,545,24,569
140143721,488,14,502
140143801,1075,57,1132
140143802,937,39,976
140143803,902,37,939
140143804,822,38,860
140143805,657,30,687
140143806,672,24,696
140143807,669,20,689
140143808,1086,46,1132
140143809,671,36,707
140143810,779,25,804
140143811,724,17,741
140143812,690,21,711
140143813,778,18,796
140143814,687,28,715
140143815,629,21,650
140143816,595,27,622
140143901,494,26,520
140143902,937,92,1029
140143903,873,32,905
140143904,555,20,575
140143905,530,32,562
140143906,594,19,613
140143907,640,39,679
140143908,605,16,621
140143909,687,22,709
140143910,514,12,526
140143911,503,14,517
140143912,758,24,782
140143913,484,29,513
140144001,594,26,620
140144002,583,27,610
140144003,651,32,683
140144004,570,24,594
140144005,427,21,448
140144006,356,24,380
140144007,1435,59,1494
140144008,867,64,931
140144009,542,25,567
140144010,795,37,832
140144011,625,29,654
140144012,625,39,664
140144101,641,18,659
140144102,503,19,522
140144103,871,30,901
140144104,496,21,517
140144105,522,19,541
140144106,647,23,670
140144107,599,21,620
140144108,423,23,446
140144109,554,35,589
140144110,726,25,751
140144111,574,29,603
140144112,816,36,852
140144113,773,21,794
140144114,807,45,852
140144115,675,23,698
140144116,565,14,579
140144117,767,39,806
140144118,547,20,567
140144119,629,25,654
140144201,646,12,658
140144202,407,5,412
140144203,401,6,407
140144204,526,8,534
140144205,576,17,593
140144206,653,15,668
140144207,813,28,841
140144208,1123,24,1147
140144209,505,15,520
140144210,569,24,593
140144211,705,21,726
140144212,765,29,794
140144213,675,20,695
140144214,907,29,936
140144215,582,18,600
140144216,1008,27,1035
140144217,690,19,709
140144218,956,69,1025
140144219,1106,60,1166
140144220,999,33,1032
140144301,990,47,1037
140144302,1412,100,1512
140144303,1094,107,1201
140144304,1216,128,1344
140144305,579,57,636
140144306,1451,119,1570
140144307,1031,92,1123
140144308,1277,114,1391
140144309,1244,72,1316
140144310,729,26,755
140144311,831,42,873
140144401,1039,53,1092
140144402,846,36,882
140144403,945,53,998
140144404,566,28,594
140144405,639,43,682
140144406,1467,72,1539
140144407,1027,58,1085
140144408,574,22,596
140144409,941,91,1032
140144410,737,49,786
140144411,1355,93,1448
140144501,1245,78,1323
140144502,1629,138,1767
140144503,793,59,852
140144504,977,48,1025
140144505,919,35,954
140144506,690,20,710
140144507,980,64,1044
140144508,793,31,824
140144509,1026,64,1090
140144510,1213,59,1272
140144511,877,44,921
140144512,810,52,862
140144513,539,25,564
140144601,871,68,939
140144602,1133,64,1197
140144603,889,55,944
140144604,664,39,703
140144605,769,31,800
140144606,825,54,879
140144607,748,51,799
140144608,713,33,746
140144609,986,61,1047
140144610,1018,63,1081
140144611,1179,59,1238
140144612,866,47,913
140144613,417,25,442
140144614,1051,60,1111
140144615,903,37,940
140144616,915,67,982
140144701,414,25,439
140144702,518,27,545
140144703,815,33,848
140144704,384,12,396
140144705,443,14,457
140144706,554,34,588
140144707,801,33,834
140144708,813,34,847
140144709,506,14,520
140144710,455,17,472
140144711,679,23,702
140144712,983,37,1020
140144801,347,8,355
140144802,523,17,540
140144803,561,14,575
140144804,485,13,498
140144805,525,35,560
140144806,519,22,541
140144807,692,25,717
140144808,505,18,523
140144809,390,20,410
140144810,814,17,831
140144811,539,17,556
140144812,515,18,533
140144813,579,20,599
140144814,587,33,620
140144815,861,34,895
140144816,619,15,634
140144901,401,19,420
140144902,414,23,437
140144903,402,24,426
140144904,531,16,547
140144905,525,36,561
140144906,389,22,411
140144907,949,50,999
140144908,798,52,850
140144909,626,18,644
140144910,284,10,294
140144911,269,7,276
140144912,395,11,406
140144913,680,23,703
140144914,493,15,508
140144915,533,21,554
140144916,671,13,684
140144917,251,3,254
140144918,285,5,290
140144919,396,6,402
140144920,386,14,400
140144921,560,17,577
140145001,686,29,715
140145002,831,31,862
140145003,570,17,587
140145004,646,40,686
140145005,728,21,749
140145006,539,19,558
140145007,658,27,685
140145008,631,32,663
140145009,816,31,847
140145010,677,25,702
140145011,629,23,652
140145012,680,30,710
140145013,501,19,520
140145014,600,18,618
140145015,697,40,737
140145101,724,23,747
140145102,656,38,694
140145103,522,29,551
140145104,816,26,842
140145105,686,40,726
140145106,939,60,999
140145107,968,54,1022
140145108,800,33,833
140145109,926,45,971
140145110,731,31,762
140145111,742,28,770
140145112,1032,41,1073
140145113,889,60,949
140145114,820,47,867
140145115,714,34,748
140145116,519,36,555
140145117,1235,64,1299
140145118,818,47,865
140145119,1135,74,1209
140145120,1688,215,1903
140145121,816,100,916
140145201,533,20,553
140145202,924,43,967
140145203,671,34,705
140145204,1269,188,1457
140145205,409,24,433
140145206,486,20,506
140145207,609,24,633
140145208,588,22,610
140145209,502,24,526
140145210,507,27,534
140145211,508,35,543
140145212,1017,77,1094
140145213,741,30,771
140145214,674,20,694
140145215,634,34,668
140145216,833,32,865
140145217,758,83,841
140145218,1120,139,1259
140145219,1002,73,1075
140145301,711,34,745
140145302,628,29,657
140145303,381,13,394
140145304,450,14,464
140145305,445,11,456
140145306,577,23,600
140145307,553,21,574
140145308,828,45,873
140145309,597,19,616
140145310,643,32,675
140145311,608,35,643
140145312,568,17,585
140145313,462,19,481
140145314,534,22,556
140145315,677,12,689
140145316,452,10,462
140145317,483,21,504
140145318,540,16,556
140145319,590,26,616
140145320,366,15,381
140145401,401,16,417
140145402,426,18,444
140145403,456,8,464
140145404,422,12,434
140145405,322,9,331
140145406,571,4,575
140145407,270,1,271
140145408,361,8,369
140145409,576,20,596
140145410,489,11,500
140145411,253,2,255
140145412,467,7,474
140145413,704,7,711
140145414,426,6,432
140145415,407,10,417
140145416,351,6,357
140145501,511,25,536
140145502,432,16,448
140145503,240,6,246
140145504,213,5,218
140145505,288,9,297
140145506,182,6,188
140145507,268,3,271
140145508,108,1,109
140145509,271,3,274
140145510,275,3,278
140145511,405,10,415
140145512,303,8,311
140145513,387,5,392
140145514,315,5,320
140145515,132,2,134
140145516,370,6,376
140145517,575,4,579
140145518,300,8,308
140145519,507,11,518
140145601,396,8,404
140145602,558,11,569
140145603,479,10,489
140145604,330,8,338
140145605,362,10,372
140145606,295,5,300
140145607,243,7,250
140145608,226,11,237
140145609,282,7,289
140145610,159,3,162
140145611,517,12,529
140145612,191,7,198
140145613,281,6,287
140145614,202,4,206
140145615,253,4,257
140145616,280,5,285
140145617,363,2,365
140145618,447,10,457
140145619,304,5,309
140145701,706,8,714
140145702,428,7,435
140145703,459,5,464
140145704,675,10,685
140145705,337,8,345
140145706,194,2,196
140145707,296,1,297
140145708,132,4,136
140145709,264,3,267
140145710,262,7,269
140145711,316,6,322
140145712,237,3,240
140145713,407,9,416
140145714,419,7,426
140145715,517,5,522
140145716,167,4,171
140145801,250,6,256
140145802,568,15,583
140145803,320,10,330
140145804,405,12,417
140145805,556,11,567
140145806,607,18,625
140145807,374,12,386
140145808,496,9,505
140145809,474,13,487
140145810,236,8,244
140145811,561,9,570
140145812,449,12,461
140145813,185,6,191
140145901,837,51,888
140145902,291,10,301
140145903,540,16,556
140145904,537,16,553
140145905,484,14,498
140145906,417,12,429
140145907,425,15,440
140145908,248,7,255
140145909,423,12,435
140145910,395,7,402
140145911,377,9,386
140145912,817,21,838
140146001,739,39,778
140146002,624,29,653
140146003,542,19,561
140146004,736,40,776
140146005,844,35,879
140146006,638,39,677
140146007,538,20,558
140146008,412,11,423
140146009,578,31,609
140146010,508,24,532
140146011,926,35,961
140146012,382,11,393
140146013,509,18,527
140146014,885,34,919
140146015,815,36,851
140146016,706,36,742
140146017,942,32,974
140146018,781,27,808
140146101,1006,96,1102
140146102,924,76,1000
140146103,858,78,936
140146104,768,76,844
140146105,1016,169,1185
140146106,792,37,829
140146107,961,80,1041
140146108,991,78,1069
140146109,778,44,822
140146110,801,35,836
140146111,957,77,1034
140146112,1607,126,1733
140146113,1380,112,1492
140146114,808,113,921
140146115,1165,120,1285
140146201,840,38,878
140146202,750,30,780
140146203,782,36,818
140146204,608,47,655
140146205,621,30,651
140146206,778,48,826
140146207,785,54,839
140146208,821,40,861
140146209,926,48,974
140146210,969,30,999
140146211,1468,127,1595
140146212,1099,60,1159
140146213,850,39,889
140146301,583,28,611
140146302,598,32,630
140146303,557,25,582
140146304,676,33,709
140146305,976,64,1040
140146306,873,47,920
140146307,752,30,782
140146308,841,40,881
140146309,830,37,867
140146310,628,26,654
140146311,591,22,613
140146312,511,20,531
140146313,660,24,684
140146401,559,19,578
140146402,909,45,954
140146403,587,25,612
140146404,672,20,692
140146405,585,23,608
140146406,471,19,490
140146407,905,38,943
140146408,818,25,843
140146409,899,40,939
140146410,1007,59,1066
140146411,859,37,896
140146501,503,12,515
140146502,682,31,713
140146503,402,9,411
140146504,305,8,313
140146505,580,18,598
140146506,664,27,691
140146507,466,36,502
140146508,313,17,330
140146509,532,9,541
140146510,492,25,517
140146511,841,65,906
140146512,798,34,832
140146513,578,44,622
140146514,1203,71,1274
140146515,457,30,487
140146516,851,49,900
140146601,636,12,648
140146602,741,21,762
140146603,246,6,252
140146604,400,12,412
140146605,333,3,336
140146606,385,6,391
140146607,424,7,431
140146608,136,4,140
140146609,401,8,409
140146610,244,5,249
140146611,221,3,224
140146612,409,12,421
140146613,303,5,308
140146614,662,14,676
140146701,441,16,457
140146702,178,5,183
140146703,674,3,677
140146704,323,12,335
140146705,381,4,385
140146706,559,9,568
140146707,314,3,317
140146708,439,7,446
140146709,456,3,459
140146710,394,2,396
140146711,814,9,823
140146801,301,4,305
140146802,258,7,265
140146803,491,6,497
140146804,762,12,774
140146805,210,7,217
140146806,506,13,519
140146807,299,4,303
140146808,148,4,152
140146809,467,10,477
140146810,369,4,373
140146811,238,11,249
140146812,399,18,417
140146813,275,7,282
140146814,655,15,670
140146901,386,1,387
140146902,204,4,208
140146903,409,5,414
140146904,406,2,408
140146905,542,14,556
140146906,571,31,602
140146907,526,23,549
140146908,671,36,707
140146909,379,7,386
140146910,517,23,540
140146911,909,24,933
140146912,336,7,343
140146913,138,1,139
140146914,557,9,566
140147001,503,9,512
140147002,497,4,501
140147003,635,4,639
140147004,521,10,531
140147005,563,7,570
140147006,600,8,608
140147007,446,3,449
140147008,490,2,492
140147009,400,3,403
140147010,538,2,540
140147011,383,2,385
140147101,396,5,401
140147102,650,5,655
140147103,527,5,532
140147104,640,4,644
140147105,455,6,461
140147106,606,5,611
140147107,736,4,740
140147108,442,4,446
140147109,749,3,752
140147110,675,7,682
140147111,479,4,483
140147201,1093,18,1111
140147202,1292,18,1310
140147203,1076,7,1083
140147204,1014,12,1026
140147205,443,1,444
140147206,962,7,969
140147207,1098,2,1100
140147301,653,40,693
140147302,633,31,664
140147303,597,26,623
140147304,678,32,710
140147305,634,32,666
140147306,714,35,749
140147307,610,30,640
140147308,595,40,635
140147309,887,45,932
140147310,522,23,545
140147311,540,28,568
140147312,525,32,557
140147313,644,32,676
140147401,1046,90,1136
140147402,861,71,932
140147403,744,47,791
140147404,678,45,723
140147405,763,48,811
140147406,1249,98,1347
140147407,941,39,980
140147408,951,62,1013
140147409,745,31,776
140147410,735,34,769
140147411,1102,82,1184
140147412,1016,58,1074
140147413,731,27,758
140147414,804,34,838
140147415,911,47,958
140147416,645,28,673
140147417,715,24,739
140147418,752,49,801
140147501,1177,174,1351
140147502,863,81,944
140147503,932,54,986
140147504,854,88,942
140147505,922,100,1022
140147506,1120,108,1228
140147507,1248,114,1362
140147508,908,62,970
140147509,1174,98,1272
140147510,1158,60,1218
140147511,1066,74,1140
140147512,990,74,1064
140147513,1450,155,1605
140147514,1561,123,1684
140147515,1365,77,1442
140147516,920,46,966
140147517,1014,50,1064
140147518,1157,148,1305
140147519,1634,201,1835
140147601,1304,62,1366
140147602,946,40,986
140147603,817,46,863
140147604,904,53,957
140147605,905,73,978
140147606,2181,133,2314
140147607,900,76,976
140147608,789,45,834
140147609,1000,65,1065
140147610,843,50,893
140147611,871,50,921
140147612,1134,58,1192
140147613,729,54,783
140147614,929,72,1001
140147615,770,46,816
140147616,1363,94,1457
140147617,1268,112,1380
140147701,989,52,1041
140147702,732,45,777
140147703,678,26,704
140147704,776,36,812
140147705,909,37,946
140147706,804,45,849
140147707,1005,42,1047
140147708,793,44,837
140147709,728,34,762
140147710,841,23,864
140147711,633,23,656
140147712,844,59,903
140147713,1275,103,1378
140147714,844,51,895
140147715,996,72,1068
140147716,698,43,741
140147717,1032,69,1101
140147718,624,38,662
140147719,1059,136,1195
140147720,1084,71,1155
140147721,668,37,705
140147722,943,79,1022
140147801,981,51,1032
140147802,525,51,576
140147803,707,34,741
140147804,772,41,813
140147805,728,35,763
140147806,422,12,434
140147807,835,42,877
140147808,766,35,801
140147809,1000,57,1057
140147810,817,41,858
140147811,1024,47,1071
140147812,838,30,868
140147813,589,24,613
140147814,1120,51,1171
140147815,456,17,473
140147816,556,24,580
140147901,869,31,900
140147902,770,25,795
140147903,653,33,686
140147904,575,23,598
140147905,587,30,617
140147906,826,31,857
140147907,926,41,967
140147908,624,27,651
140147909,953,55,1008
140147910,719,44,763
140147911,892,63,955
140147912,550,45,595
140147913,860,69,929
140147914,635,35,670
140147915,1041,95,1136
140147916,808,46,854
140147917,762,31,793
140147918,738,30,768
140147919,745,37,782
140147920,681,28,709
140148001,417,5,422
140148002,379,5,384
140148003,329,1,330
140148004,309,2,311
140148005,515,5,520
140148006,664,6,670
140148007,277,4,281
140148008,297,2,299
140148009,375,4,379
140148010,398,1,399
140148011,670,14,684
140148012,692,27,719
140148013,360,12,372
140148014,462,58,520
140148101,472,2,474
140148102,541,5,546
140148103,953,6,959
140148104,923,3,926
140148105,894,4,898
140148106,1178,14,1192
140148107,435,3,438
140148108,465,6,471
140148109,446,7,453
140148110,439,13,452
140148201,533,8,541
140148202,676,5,681
140148203,554,3,557
140148204,950,11,961
140148205,338,6,344
140148206,263,2,265
140148207,570,4,574
140148208,1112,8,1120
140148209,579,9,588
140148210,375,4,379
140148211,380,4,384
140148301,792,31,823
140148302,871,35,906
140148303,792,46,838
140148304,666,25,691
140148305,588,37,625
140148306,523,48,571
140148307,884,53,937
140148308,585,31,616
140148309,868,43,911
140148310,456,13,469
140148311,733,52,785
140148312,880,61,941
140148313,727,46,773
140148314,826,52,878
140148315,579,36,615
140148316,454,19,473
140148401,836,46,882
140148402,849,35,884
140148403,777,23,800
140148404,587,21,608
140148405,870,45,915
140148406,537,23,560
140148407,493,24,517
140148408,647,30,677
140148409,738,36,774
140148410,637,28,665
140148411,703,21,724
140148412,675,22,697
140148501,855,31,886
140148502,632,23,655
140148503,653,23,676
140148504,791,24,815
140148505,907,24,931
140148506,924,35,959
140148507,641,34,675
140148508,1274,84,1358
140148509,1390,87,1477
140148510,1151,65,1216
140148511,1243,55,1298
140148512,1026,62,1088
140148513,1116,77,1193
140148514,1097,65,1162
140148515,586,30,616
140148516,795,32,827
140148601,831,83,914
140148602,584,41,625
140148603,902,68,970
140148604,1153,94,1247
140148605,1273,89,1362
140148606,1119,80,1199
140148607,1148,74,1222
140148608,945,72,1017
140148609,928,89,1017
140148610,1281,116,1397
140148611,788,44,832
140148612,824,66,890
140148701,946,38,984
140148702,774,46,820
140148703,657,34,691
140148704,734,35,769
140148705,1282,90,1372
140148706,669,36,705
140148707,832,55,887
140148708,1366,94,1460
140148709,705,42,747
140148710,851,52,903
140148711,1103,55,1158
140148712,963,74,1037
140148713,547,26,573
140148801,672,41,713
140148802,903,35,938
140148803,839,48,887
140148804,714,42,756
140148805,373,12,385
140148806,845,35,880
140148807,885,40,925
140148808,715,37,752
140148809,783,26,809
140148810,816,41,857
140148811,1147,59,1206
140148812,938,53,991
140148813,996,57,1053
140148814,1218,153,1371
140148815,948,101,1049
140148901,703,21,724
140148902,543,23,566
140148903,1031,37,1068
140148904,1055,36,1091
140148905,623,32,655
140148906,915,31,946
140148907,843,30,873
140148908,648,23,671
140148909,785,38,823
140148910,769,43,812
140148911,727,44,771
140148912,854,59,913
140148913,817,46,863
140148914,745,39,784
140148915,1065,55,1120
140148916,1450,106,1556
140149001,625,21,646
140149002,846,60,906
140149003,602,38,640
140149004,547,17,564
140149005,703,41,744
140149006,1060,69,1129
140149007,1083,70,1153
140149008,540,19,559
140149009,675,25,700
140149010,621,38,659
140149011,761,48,809
140149012,920,77,997
140149013,1163,131,1294
140149014,706,32,738
140149015,818,23,841
140149101,1136,39,1175
140149102,875,34,909
140149103,719,32,751
140149104,1026,55,1081
140149105,848,37,885
140149106,855,45,900
140149107,756,30,786
140149108,676,25,701
140149109,434,13,447
140149110,734,24,758
140149111,772,19,791
140149112,827,48,875
140149113,864,45,909
140149114,1167,55,1222
140149115,859,28,887
140149116,685,36,721
140149117,814,35,849
140149118,911,40,951
140149119,864,37,901
140149120,545,17,562
140149201,741,20,761
140149202,439,23,462
140149203,445,26,471
140149204,824,52,876
140149205,755,47,802
140149206,715,39,754
140149207,553,49,602
140149208,582,35,617
140149209,742,30,772
140149210,588,26,614
140149211,741,17,758
140149212,799,36,835
140149213,452,18,470
140149214,830,30,860
140149215,620,24,644
140149216,804,25,829
140149217,826,32,858
140149218,403,9,412
140149301,697,28,725
140149302,718,20,738
140149303,1060,49,1109
140149304,1248,80,1328
140149305,814,41,855
140149306,1110,65,1175
140149307,962,67,1029
140149308,1231,60,1291
140149309,757,42,799
140149310,1014,48,1062
140149311,1298,68,1366
140149312,1285,46,1331
140149313,674,33,707
140149314,446,27,473
140149315,781,47,828
140149316,699,38,737
140149317,1425,86,1511
140149318,795,39,834
140149319,1035,75,1110
140149320,563,29,592
140149321,804,55,859
140149401,1001,38,1039
140149402,897,57,954
140149403,687,50,737
140149404,1644,126,1770
140149405,1188,72,1260
140149406,905,50,955
140149407,1440,106,1546
140149408,1686,96,1782
140149409,1071,74,1145
140149410,869,70,939
140149411,952,87,1039
140149412,1059,68,1127
140149413,924,76,1000
140149414,750,51,801
140149501,676,26,702
140149502,647,28,675
140149503,611,37,648
140149504,1126,110,1236
140149505,1252,52,1304
140149506,1102,62,1164
140149507,1034,95,1129
140149508,1180,140,1320
140149509,840,42,882
140149510,980,50,1030
140149511,809,77,886
140149512,1457,112,1569
140149513,1321,90,1411
140149514,1273,82,1355
140149601,681,46,727
140149602,682,40,722
140149603,1028,79,1107
140149604,1024,71,1095
140149605,804,50,854
140149606,673,40,713
140149607,624,41,665
140149608,868,44,912
140149609,867,49,916
140149610,1016,56,1072
140149611,783,41,824
140149612,1014,53,1067
140149613,1047,74,1121
140149614,727,27,754
140149615,672,32,704
140149616,1198,81,1279
140149617,1486,161,1647
140149701,1717,169,1886
140149702,650,59,709
140149703,749,58,807
140149704,637,34,671
140149705,751,32,783
140149706,1477,103,1580
140149707,1132,105,1237
140149708,1338,120,1458
140149709,1385,102,1487
140149710,1096,114,1210
140149711,1270,123,1393
140149712,880,80,960
140149713,715,53,768
140149714,1531,109,1640
140149715,1074,68,1142
140149716,1012,75,1087
140149717,1610,150,1760
140149801,874,29,903
140149802,1137,66,1203
140149803,823,55,878
140149804,797,63,860
140149805,566,39,605
140149806,813,55,868
140149807,1371,94,1465
140149808,785,53,838
140149809,994,63,1057
140149810,699,46,745
140149811,750,46,796
140149812,842,54,896
140149813,1362,124,1486
140149901,1098,40,1138
140149902,1027,53,1080
140149903,1040,186,1226
140149904,697,42,739
140149905,668,51,719
140149906,949,66,1015
140149907,734,37,771
140149908,1376,85,1461
140149909,1011,78,1089
140149910,1082,69,1151
140149911,691,43,734
140149912,826,55,881
140149913,1451,101,1552
140210101,47,13,60
140210102,77,7,84
140210103,142,8,150
140210104,333,42,375
140210105,240,16,256
140210106,514,21,535
140210107,493,23,516
140210108,400,29,429
140210109,476,37,513
140210110,353,15,368
140210201,46,2,48
140210202,66,7,73
140210203,40,3,43
140210204,128,11,139
140210205,311,30,341
140210206,221,21,242
140210207,400,26,426
140210208,260,21,281
140210209,496,28,524
140210210,360,15,375
140210211,214,14,228
140210212,317,27,344
140210213,466,37,503
140210301,161,11,172
140210302,346,26,372
140210303,591,55,646
140210304,752,42,794
140210305,377,20,397
140210306,339,28,367
140210307,127,13,140
140210308,315,24,339
140210309,565,38,603
140210310,290,30,320
140210311,387,21,408
140210312,384,23,407
140210313,317,29,346
140210314,934,99,1033
140210315,821,112,933
140210316,755,109,864
140210401,257,16,273
140210402,213,32,245
140210403,386,57,443
140210404,315,14,329
140210405,289,29,318
140210406,799,63,862
140210407,878,90,968
140210408,284,20,304
140210409,1135,89,1224
140210410,864,59,923
140210501,149,13,162
140210502,256,16,272
140210503,39,3,42
140210504,180,15,195
140210505,175,10,185
140210506,415,42,457
140210507,699,71,770
140210508,681,97,778
140210601,172,13,185
140210602,86,4,90
140210603,70,6,76
140210604,133,10,143
140210605,305,24,329
140210606,59,3,62
140210607,178,17,195
140210608,821,63,884
140210609,848,44,892
140210610,525,40,565
140210611,1391,118,1509
140210612,1195,67,1262
140210613,822,43,865
140210614,1325,114,1439
140210615,1403,104,1507
140210616,1004,84,1088
140210701,202,20,222
140210702,545,47,592
140210703,258,27,285
140210704,640,47,687
140210705,1311,124,1435
140210706,1040,113,1153
140210707,1099,93,1192
140210708,1037,88,1125
140210709,826,131,957
140210710,660,88,748
140210711,852,50,902
140210712,714,55,769
140210713,177,13,190
140210714,608,85,693
140210715,973,101,1074
140210716,519,63,582
140210801,136,11,147
140210802,509,63,572
140210803,1477,138,1615
140210804,1031,87,1118
140210805,1060,117,1177
140210806,444,46,490
140210807,1243,119,1362
140210808,818,81,899
140210809,1355,133,1488
140210810,829,68,897
140210811,747,71,818
140210812,840,77,917
140210813,921,93,1014
140210814,1047,106,1153
140210901,694,56,750
140210902,725,56,781
140210903,669,43,712
140210904,568,32,600
140210905,471,27,498
140210906,816,49,865
140210907,519,15,534
140210908,423,14,437
140210909,549,22,571
140210910,870,69,939
140210911,1812,59,1871
140210912,545,39,584
140210913,784,49,833
140210914,861,40,901
140211001,1182,75,1257
140211002,727,43,770
140211003,828,35,863
140211004,1085,60,1145
140211005,723,65,788
140211006,999,82,1081
140211007,548,23,571
140211008,839,53,892
140211009,665,22,687
140211010,814,45,859
140211011,1211,111,1322
140211012,1547,94,1641
140211013,1323,119,1442
140211014,1349,90,1439
140211015,466,19,485
140211016,859,33,892
140211101,694,57,751
140211102,895,86,981
140211103,611,30,641
140211104,748,50,798
140211105,682,24,706
140211106,315,24,339
140211107,732,72,804
140211108,799,44,843
140211109,1189,86,1275
140211110,556,33,589
140211111,650,42,692
140211112,1108,65,1173
140211113,867,48,915
140211114,713,52,765
140211115,622,35,657
140211116,615,27,642
140211117,734,32,766
140211118,1020,49,1069
140211119,847,57,904
140211201,522,65,587
140211202,510,48,558
140211203,803,62,865
140211204,603,51,654
140211205,725,67,792
140211206,645,40,685
140211207,574,40,614
140211208,376,19,395
140211209,361,24,385
140211210,664,44,708
140211211,751,30,781
140211212,611,71,682
140211213,574,38,612
140211214,742,46,788
140211301,729,51,780
140211302,456,33,489
140211303,676,43,719
140211304,569,32,601
140211305,865,60,925
140211306,590,38,628
140211307,521,34,555
140211308,1029,65,1094
140211309,563,41,604
140211310,656,33,689
140211311,523,33,556
140211312,556,27,583
140211313,670,27,697
140211314,761,29,790
140211401,613,43,656
140211402,437,15,452
140211403,465,27,492
140211404,803,50,853
140211405,831,52,883
140211406,802,78,880
140211407,1035,65,1100
140211408,608,43,651
140211409,588,31,619
140211410,700,41,741
140211411,908,63,971
140211412,710,54,764
140211501,589,26,615
140211502,704,47,751
140211503,670,47,717
140211504,701,36,737
140211505,573,39,612
140211506,788,29,817
140211507,705,37,742
140211508,323,24,347
140211509,512,31,543
140211510,596,37,633
140211511,545,26,571
140211601,860,80,940
140211602,1104,68,1172
140211603,674,40,714
140211604,862,76,938
140211605,850,76,926
140211606,1033,128,1161
140211607,758,51,809
140211608,688,31,719
140211609,673,38,711
140211610,693,58,751
140211611,1169,93,1262
140211701,682,60,742
140211702,622,62,684
140211703,610,58,668
140211704,687,64,751
140211705,558,49,607
140211706,978,52,1030
140211707,1003,82,1085
140211708,1366,99,1465
140211709,1443,107,1550
140211710,988,61,1049
140211801,630,48,678
140211802,775,62,837
140211803,614,34,648
140211804,729,38,767
140211805,857,79,936
140211806,781,51,832
140211807,838,72,910
140211808,938,110,1048
140211809,924,89,1013
140211810,951,49,1000
140211811,751,42,793
140211812,1142,79,1221
140211813,1317,83,1400
140211814,611,26,637
140211815,982,47,1029
140211816,1028,41,1069
140211901,758,58,816
140211902,801,43,844
140211903,557,25,582
140211904,544,35,579
140211905,728,40,768
140211906,570,28,598
140211907,499,30,529
140211908,506,35,541
140211909,867,67,934
140211910,995,49,1044
140211911,857,52,909
140211912,689,26,715
140211913,714,47,761
140212001,617,61,678
140212002,601,47,648
140212003,1051,85,1136
140212004,838,70,908
140212005,1035,96,1131
140212006,765,77,842
140212007,1083,90,1173
140212008,740,68,808
140212009,699,48,747
140212010,742,69,811
140212011,537,30,567
140212012,637,38,675
140212013,740,35,775
140212014,1194,85,1279
140212015,852,40,892
140212016,612,27,639
140212017,621,30,651
140212018,939,95,1034
140212101,765,103,868
140212102,614,41,655
140212103,626,64,690
140212104,156,13,169
140212105,818,67,885
140212106,922,65,987
140212107,649,30,679
140212108,642,26,668
140212109,649,39,688
140212110,1127,86,1213
140212111,276,26,302
140212112,526,43,569
140212113,939,83,1022
140212114,681,46,727
140212115,593,31,624
140212116,939,57,996
140212117,491,20,511
140212118,1282,80,1362
140212119,446,34,480
140212120,478,40,518
140280101,77,6,83
140280102,461,66,527
140280103,250,34,284
140280104,753,95,848
140280105,549,59,608
140280106,248,35,283
140280107,81,13,94
140280108,316,40,356
140280109,680,66,746
140280110,1464,184,1648
140280111,788,91,879
140280201,1438,190,1628
140280202,808,82,890
140280203,907,82,989
140280204,1468,147,1615
140280205,713,56,769
140280206,538,26,564
140280207,590,29,619
140280208,1101,93,1194
140280209,873,48,921
140280210,752,48,800
140280211,1083,78,1161
140280212,1018,64,1082
140280213,1021,71,1092
140280214,1016,60,1076
140280215,1238,83,1321
140280216,1227,83,1310
140280301,979,150,1129
140280302,1112,66,1178
140280303,1024,50,1074
140280304,1094,68,1162
140280305,1016,75,1091
140280306,607,31,638
140280307,670,30,700
140280308,533,26,559
140280309,790,33,823
140280310,952,56,1008
140280311,2035,160,2195
140280312,564,60,624
140280401,65,8,73
140280402,270,51,321
140280403,433,83,516
140280404,355,33,388
140280405,283,29,312
140280406,653,67,720
140280407,725,105,830
140280408,691,75,766
140280409,853,109,962
140280410,719,125,844
140280501,644,62,706
140280502,458,44,502
140280503,122,11,133
140280504,336,32,368
140280505,890,71,961
140280506,1012,97,1109
140280507,972,81,1053
140280508,892,64,956
140280509,585,27,612
140280510,686,35,721
140280511,865,68,933
140280512,739,65,804
140280513,679,36,715
140280514,1224,69,1293
140280515,345,38,383
140280601,63,7,70
140280602,231,25,256
140280603,378,34,412
140280604,176,22,198
140280605,52,7,59
140280606,501,26,527
140280607,853,50,903
140280701,178,11,189
140280702,162,25,187
140280703,113,10,123
140280704,39,1,40
140280705,50,5,55
140280706,218,19,237
140350101,40,0,40
140350102,33,3,36
140350103,129,16,145
140350104,66,2,68
140350105,67,5,72
140350106,108,13,121
140350107,314,44,358
140350108,1005,119,1124
140350109,849,55,904
140350110,721,89,810
140350201,76,6,82
140350202,74,6,80
140350203,47,4,51
140350204,48,7,55
140350205,43,2,45
140350206,275,34,309
140350207,57,4,61
140350208,115,10,125
140350209,42,1,43
140350210,538,69,607
140350211,632,87,719
140350212,884,48,932
140350213,938,60,998
140350214,715,57,772
140350215,879,60,939
140350301,99,13,112
140350302,44,5,49
140350303,311,24,335
140350304,195,12,207
140350305,196,23,219
140350306,170,21,191
140350307,475,30,505
140350308,116,8,124
140350309,108,7,115
140350310,440,37,477
140350311,851,53,904
140350312,718,31,749
140350313,722,47,769
140350314,652,54,706
140350315,872,47,919
140350316,631,54,685
140350317,947,62,1009
140350318,987,64,1051
140350401,70,6,76
140350402,146,11,157
140350403,181,20,201
140350404,621,65,686
140350405,797,64,861
140350406,1040,69,1109
140350407,708,34,742
140350408,462,23,485
140350409,651,34,685
140350410,521,16,537
140350411,435,16,451
140350412,709,50,759
140350413,651,38,689
140350414,832,100,932
140350415,951,68,1019
140350501,22,2,24
140350502,93,3,96
140350503,69,3,72
140350504,109,7,116
140350505,95,11,106
140350506,94,9,103
140350507,39,3,42
140350508,653,55,708
140350509,604,57,661
140350510,628,61,689
140350511,651,38,689
140350512,1075,75,1150
140350513,750,36,786
140350514,623,66,689
140420101,115,16,131
140420102,97,7,104
140420103,164,20,184
140420104,116,7,123
140420105,277,21,298
140420106,127,14,141
140420107,185,32,217
140420108,258,30,288
140420109,995,79,1074
140420110,603,26,629
140420111,795,48,843
140420112,358,16,374
140420201,111,12,123
140420202,188,12,200
140420203,142,13,155
140420204,108,6,114
140420205,254,33,287
140420206,89,12,101
140420207,119,13,132
140420208,393,47,440
140420209,386,37,423
140420210,604,36,640
140420301,261,29,290
140420302,270,28,298
140420303,179,16,195
140420304,146,12,158
140420305,161,13,174
140420306,25,2,27
140420307,512,44,556
140420308,539,51,590
140420309,764,44,808
140420310,904,88,992
140420311,698,34,732
140420312,331,12,343
140420313,1062,47,1109
140420314,1055,62,1117
140420401,1027,64,1091
140420402,639,36,675
140420403,642,54,696
140420404,1045,59,1104
140420405,969,52,1021
140420406,967,73,1040
140420407,1016,79,1095
140420408,957,60,1017
140420409,833,59,892
140420410,814,58,872
140420411,910,54,964
140420412,822,70,892
140420413,1022,102,1124
140420414,741,54,795
140420415,1245,138,1383
140420416,580,54,634
140420417,716,75,791
140420418,981,90,1071
140420419,594,52,646
140420501,78,8,86
140420502,75,9,84
140420503,53,4,57
140420504,112,13,125
140420505,95,9,104
140420506,91,12,103
140420507,120,14,134
140420508,215,32,247
140420509,174,22,196
140420510,481,47,528
140420511,454,30,484
140420512,657,52,709
140420513,579,48,627
140420514,697,34,731
140420515,554,32,586
140420516,523,26,549
140420517,915,56,971
140420601,775,90,865
140420602,652,42,694
140420603,1457,56,1513
140420604,763,32,795
140420605,667,32,699
140420606,789,30,819
140420607,505,15,520
140420608,1024,49,1073
140420609,758,36,794
140420610,444,21,465
140420611,693,18,711
140420612,396,12,408
140420613,666,23,689
140420614,652,25,677
140420615,1037,104,1141
140420616,1103,63,1166
140420617,691,28,719
140420618,510,37,547
140420619,400,21,421
140420620,389,13,402
140420621,1201,89,1290
140420701,1135,70,1205
140420702,866,65,931
140420703,1121,94,1215
140420704,649,25,674
140420705,835,49,884
140420706,613,24,637
140420707,748,34,782
140420708,838,50,888
140420709,912,71,983
140420710,1104,110,1214
140420711,1804,148,1952
140420712,722,45,767
140420713,667,36,703
140420714,416,12,428
140420715,1179,102,1281
140420801,536,18,554
140420802,334,12,346
140420803,753,30,783
140420804,351,14,365
140420805,672,25,697
140420806,606,24,630
140420807,654,20,674
140420808,518,16,534
140420809,696,32,728
140420810,839,40,879
140420811,504,21,525
140420812,796,35,831
140420813,429,16,445
140420814,589,31,620
140420815,876,68,944
140420816,867,93,960
140420817,458,17,475
140420818,799,28,827
140420819,1270,93,1363
140420820,459,8,467
140420821,403,19,422
140420822,695,49,744
140420823,655,28,683
140420901,772,92,864
140420902,780,43,823
140420903,611,35,646
140420904,740,78,818
140420905,914,62,976
140420906,953,53,1006
140420907,621,23,644
140420908,486,17,503
140420909,892,41,933
140420910,519,31,550
140420911,450,14,464
140420912,382,19,401
140420913,625,24,649
140420914,684,18,702
140420915,606,24,630
140420916,853,44,897
140420917,718,31,749
140420918,614,19,633
140420919,852,42,894
140420920,748,57,805
140420921,820,48,868
140420922,426,20,446
140420923,425,14,439
140420924,500,16,516
140420925,492,15,507
140421001,148,17,165
140421002,131,17,148
140421003,6,0,6
140421004,86,7,93
140421005,118,3,121
140421006,82,6,88
140421007,76,5,81
140421008,563,25,588
140421009,768,49,817
140421010,697,57,754
140421011,456,35,491
140421012,673,30,703
140421013,567,43,610
140421014,585,32,617
140421015,688,30,718
140421016,958,58,1016
140421101,703,47,750
140421102,591,28,619
140421103,798,49,847
140421104,745,34,779
140421105,908,68,976
140421106,668,57,725
140421107,1444,154,1598
140421108,1180,105,1285
140421109,1091,90,1181
140421110,752,39,791
140421111,855,32,887
140421112,819,38,857
140421113,540,29,569
140490101,91,13,104
140490102,104,17,121
140490103,198,18,216
140490104,107,18,125
140490105,117,24,141
140490106,62,16,78
140490107,67,7,74
140490108,187,12,199
140490109,289,32,321
140490110,52,9,61
140490111,481,48,529
140490112,400,30,430
140490113,980,103,1083
140490114,656,68,724
140490115,686,99,785
140490116,1099,158,1257
140490201,697,85,782
140490202,128,5,133
140490203,73,6,79
140490204,237,34,271
140490205,70,7,77
140490206,61,8,69
140490207,179,11,190
140490208,18,1,19
140490209,54,3,57
140490210,105,11,116
140490211,402,36,438
140490212,91,10,101
140490213,179,14,193
140490214,448,63,511
140490215,249,20,269
140490301,572,72,644
140490302,611,49,660
140490303,1013,67,1080
140490304,628,63,691
140490305,856,56,912
140490306,540,61,601
140490307,877,47,924
140490308,803,40,843
140490309,859,33,892
140490310,646,40,686
140490311,1108,70,1178
140490312,827,82,909
140490313,705,47,752
140490314,695,65,760
140490315,312,14,326
140490316,608,37,645
140490317,545,34,579
140490318,600,31,631
140490319,992,71,1063
140490320,893,60,953
140490321,680,56,736
140490322,1053,94,1147
140490323,716,71,787
140490324,656,65,721
140490325,908,63,971
140560101,166,14,180
140560102,175,19,194
140560103,154,14,168
140560104,1144,77,1221
140560105,1232,74,1306
140560106,1042,57,1099
140560107,707,44,751
140560108,1013,65,1078
140560109,836,110,946
140560110,798,74,872
140560111,693,65,758
140560112,588,20,608
140560113,774,36,810
140560114,608,24,632
140560115,471,36,507
140560116,580,22,602
140560117,1028,62,1090
140560118,661,40,701
140560201,106,3,109
140560202,47,6,53
140560203,20,2,22
140560204,539,31,570
140560205,1015,70,1085
140560206,795,49,844
140560207,360,16,376
140560208,553,32,585
140560209,701,46,747
140560210,927,43,970
140560211,942,52,994
140560212,1006,65,1071
140560213,1563,106,1669
140560214,1527,89,1616
140560301,14,1,15
140560302,83,6,89
140560303,210,16,226
140560304,176,11,187
140560305,112,6,118
140560306,34,4,38
140560307,27,1,28
140560308,77,5,82
140560309,104,6,110
140560310,174,12,186
140560311,842,33,875
140560312,709,38,747
140560313,892,46,938
140560314,652,28,680
140560315,492,20,512
140560316,772,87,859
140560317,543,34,577
140560318,551,36,587
140560319,993,51,1044
140560320,562,30,592
140560401,88,5,93
140560402,111,7,118
140560403,23,2,25
140560404,33,2,35
140560405,97,4,101
140560406,76,1,77
140560407,1081,104,1185
140560408,416,48,464
140560409,615,54,669
140560410,602,67,669
140560411,583,27,610
140560412,520,44,564
140560413,847,62,909
140560414,770,38,808
140560415,730,51,781
140560501,62,1,63
140560502,54,4,58
140560503,44,0,44
140560504,121,9,130
140560505,25,2,27
140560506,190,18,208
140560507,128,10,138
140560508,514,38,552
140560509,508,30,538
140560601,166,11,177
140560602,93,8,101
140560603,79,7,86
140560604,49,5,54
140560605,78,2,80
140560606,63,2,65
140560607,89,4,93
140560608,138,9,147
140560609,229,16,245
140560610,116,7,123
140560611,144,9,153
140560612,171,18,189
140560613,192,13,205
140560614,44,7,51
140560615,749,52,801
140560616,655,25,680
140560617,782,35,817
140560618,489,38,527
140560701,626,32,658
140560702,576,35,611
140560703,883,52,935
140560704,687,45,732
140560705,539,26,565
140560706,923,62,985
140560707,586,25,611
140560708,904,52,956
140560709,1046,72,1118
140560710,684,44,728
140560711,972,75,1047
140560712,1296,117,1413
140560713,969,80,1049
140560714,525,26,551
140630101,86,11,97
140630102,67,9,76
140630103,48,2,50
140630104,37,3,40
140630105,43,3,46
140630106,93,7,100
140630107,48,5,53
140630108,53,7,60
140630109,740,27,767
140630201,83,9,92
140630202,213,11,224
140630203,82,11,93
140630204,93,4,97
140630205,44,5,49
140630206,92,4,96
140630207,93,12,105
140630208,78,14,92
140630209,63,8,71
140630210,99,4,103
140630211,81,5,86
140630212,901,43,944
140630213,709,37,746
140630214,539,25,564
140630215,394,35,429
140630301,35,5,40
140630302,100,10,110
140630303,281,18,299
140630304,751,62,813
140630305,789,53,842
140630306,806,27,833
140630307,625,14,639
140630308,742,36,778
140630309,532,34,566
140630310,548,22,570
140630311,844,84,928
140630401,33,1,34
140630402,52,6,58
140630403,33,0,33
140630404,62,1,63
140630405,110,6,116
140630406,32,3,35
140630407,884,46,930
140630408,703,25,728
140630409,476,22,498
140630410,478,13,491
140630411,499,7,506
140630412,444,10,454
140630413,840,32,872
140630414,687,28,715
140630415,639,48,687
140630501,169,7,176
140630502,123,4,127
140630503,51,0,51
140630504,484,28,512
140630505,710,24,734
140630506,799,36,835
140630507,541,28,569
140630508,726,38,764
140630509,481,29,510
140630510,1069,73,1142
140630511,619,35,654
140630512,469,18,487
140630513,658,28,686
140630514,631,25,656
140630515,821,37,858
140630516,743,30,773
140630517,373,28,401
140630601,13,3,16
140630602,13,0,13
140630603,106,12,118
140630604,92,9,101
140630605,64,2,66
140630606,78,6,84
140630607,732,32,764
140630608,544,17,561
140630609,803,48,851
140630610,593,18,611
140630611,784,39,823
140630612,539,24,563
140630613,779,48,827
140630614,404,44,448
140630615,648,48,696
140630701,235,30,265
140630702,122,12,134
140630703,92,4,96
140630704,78,4,82
140630705,102,11,113
140630706,752,31,783
140630707,649,37,686
140630708,729,20,749
140630709,773,20,793
140630710,379,36,415
140630711,674,69,743
140630801,70,5,75
140630802,80,4,84
140630803,98,10,108
140630804,156,14,170
140630805,48,4,52
140630806,51,2,53
140630807,429,45,474
140630808,626,26,652
140630809,542,29,571
140630810,592,35,627
140630811,582,32,614
140630812,511,38,549
140630901,55,7,62
140630902,108,5,113
140630903,178,16,194
140630904,157,11,168
140630905,108,17,125
140630906,50,7,57
140630907,89,7,96
140630908,109,8,117
140630909,128,13,141
140630910,473,29,502
140630911,509,34,543
140630912,573,32,605
140630913,523,37,560
140630914,888,78,966
140630915,899,48,947
140630916,785,42,827
140630917,392,27,419
140630918,665,27,692
140630919,501,20,521
140630920,803,47,850
140630921,833,54,887
140630922,975,76,1051
140630923,558,31,589
140631001,525,61,586
140631002,828,67,895
140631003,937,40,977
140631004,644,16,660
140631005,509,15,524
140631006,656,25,681
140631007,1010,48,1058
140631008,551,18,569
140631009,634,27,661
140631010,575,35,610
140631011,560,14,574
140631012,919,31,950
140631013,1131,79,1210
140631101,1199,92,1291
140631102,930,76,1006
140631103,639,27,666
140631104,784,43,827
140631105,939,28,967
140631106,470,17,487
140631107,659,31,690
140631108,667,53,720
140631109,642,30,672
140631110,973,48,1021
140631111,579,21,600
140631112,382,15,397
140631113,706,16,722
140631114,527,16,543
140631115,549,19,568
140631116,1001,46,1047
140631201,630,41,671
140631202,511,14,525
140631203,670,26,696
140631204,383,15,398
140631205,948,35,983
140631206,839,60,899
140631207,730,29,759
140631208,656,23,679
140631209,1030,69,1099
140631210,1135,105,1240
140631211,824,56,880
140631212,810,44,854
140631213,710,42,752
140631214,990,53,1043
140631215,1013,83,1096
140631216,937,68,1005
140631301,977,91,1068
140631302,569,48,617
140631303,867,47,914
140631304,639,30,669
140631305,1166,66,1232
140631306,667,25,692
140631307,411,15,426
140631308,584,23,607
140631309,814,30,844
140631310,402,14,416
140631311,569,19,588
140631312,542,15,557
140631313,523,26,549
140631314,779,28,807
140700101,256,24,280
140700102,112,14,126
140700103,301,27,328
140700104,101,13,114
140700105,284,30,314
140700201,130,8,138
140700202,121,16,137
140700203,263,16,279
140700204,87,8,95
140700205,162,16,178
140700206,248,18,266
140700207,205,25,230
140700208,116,11,127
140700209,116,13,129
140700210,220,11,231
140700211,274,20,294
140700212,398,19,417
140700213,785,43,828
140770101,33,7,40
140770102,17,6,23
140770103,118,12,130
140770104,72,13,85
140770105,162,16,178
140770106,138,20,158
140770107,116,12,128
140770108,81,10,91
140770109,99,15,114
140770110,366,38,404
140770201,143,14,157
140770202,257,25,282
140770203,441,29,470
140770204,635,51,686
140770205,141,1,142
140770206,43,4,47
140770207,168,13,181
140770208,142,14,156
140770209,72,3,75
140770210,615,45,660
140770211,530,35,565
140770212,158,15,173
140770213,158,6,164
140840101,114,7,121
140840102,140,10,150
140840103,113,11,124
140840104,53,3,56
140840105,51,2,53
140840106,965,52,1017
140840107,602,22,624
140840108,1012,58,1070
140840109,847,73,920
140840110,757,53,810
140840111,922,84,1006
140840201,58,6,64
140840202,56,11,67
140840203,62,4,66
140840204,126,14,140
140840205,68,6,74
140840206,155,14,169
140840207,132,7,139
140840208,104,10,114
140840209,340,14,354
140840210,762,29,791
140840301,67,9,76
140840302,158,8,166
140840303,81,4,85
140840304,69,4,73
140840305,109,12,121
140840306,74,2,76
140840307,82,5,87
140840308,74,5,79
140840309,59,7,66
140840310,59,2,61
140840311,48,4,52
140840312,70,5,75
140840313,547,23,570
140840314,649,40,689
140840315,456,49,505
140840316,452,33,485
140840401,87,6,93
140840402,148,12,160
140840403,42,1,43
140840404,208,18,226
140840405,253,19,272
140840406,546,22,568
140840407,594,27,621
140840408,853,62,915
140840409,861,62,923
140840501,809,94,903
140840502,569,69,638
140840503,580,101,681
140840504,986,87,1073
140840505,753,82,835
140840506,682,46,728
140840507,703,42,745
140840508,871,69,940
140840509,593,31,624
140840510,499,22,521
140840511,662,25,687
140840512,876,63,939
140840513,643,45,688
140840514,982,49,1031
140840515,596,29,625
140840516,699,21,720
140840517,515,33,548
140840518,632,34,666
140840519,645,43,688
140840520,478,18,496
140840521,816,58,874
140840522,647,19,666
140840523,740,51,791
140840524,687,45,732
140840525,535,29,564
140840526,626,32,658
140840527,496,40,536
140910101,745,52,797
140910102,408,31,439
140910103,564,30,594
140910104,570,35,605
140910105,255,13,268
140910106,616,23,639
140910107,692,45,737
140910108,622,29,651
140910109,428,15,443
140910110,494,16,510
140910111,486,30,516
140910112,527,21,548
140910113,707,40,747
140910114,767,63,830
140910115,294,32,326
140910116,580,39,619
140910117,397,30,427
140910118,615,34,649
140910119,386,22,408
140910201,269,39,308
140910202,115,21,136
140910203,175,15,190
140910204,139,14,153
140910205,8,8,16
140910206,73,5,78
140910207,5,1,6
140910208,23,2,25
140910209,754,62,816
140910210,837,65,902
140910211,278,14,292
140910212,5,0,5
140910301,20,1,21
140910302,54,1,55
140910303,786,42,828
140910304,870,74,944
140910305,621,31,652
140910306,505,30,535
140910307,712,47,759
140910308,659,58,717
140910309,758,35,793
140910310,545,22,567
140910311,587,34,621
140910401,934,69,1003
140910402,830,67,897
140910403,667,21,688
140910404,869,46,915
140910405,680,29,709
140910406,634,37,671
140910407,1025,50,1075
140910408,672,28,700
140910409,875,33,908
140910410,414,17,431
140910411,839,37,876
140910412,269,19,288
140910413,916,43,959
140910414,536,22,558
140910415,761,60,821
140910416,496,18,514
140910417,1199,64,1263
140910418,687,35,722
140910419,570,65,635
140910420,919,72,991
140910501,15,1,16
140910502,474,50,524
140910503,689,40,729
140910504,866,60,926
140910505,920,52,972
140910506,652,24,676
140910507,518,24,542
140910508,295,12,307
140910509,528,38,566
140910510,624,42,666
140910601,3,1,4
140910602,331,37,368
140910603,61,4,65
140910604,47,8,55
140910605,52,5,57
140910606,761,61,822
140910607,870,62,932
140910608,948,147,1095
140910609,465,27,492
140910610,898,38,936
140910611,604,40,644
140910612,556,50,606
140910613,693,33,726
140910614,514,30,544
140910615,474,27,501
140910616,468,26,494
140910617,614,34,648
140910618,562,76,638
140910701,97,0,97
140910702,616,38,654
140910703,888,41,929
140910704,635,31,666
140910705,524,20,544
140910706,406,30,436
140910707,742,35,777
140910708,692,27,719
140910709,855,48,903
140910710,426,14,440
140910711,802,30,832
140910712,713,29,742
140910713,1208,76,1284
140910714,777,39,816
140910715,1032,40,1072
140910716,718,31,749
140910717,527,35,562
140910718,834,41,875
140910719,499,25,524
140910720,1139,75,1214
140910721,1262,121,1383
140910722,1053,81,1134
140910723,788,82,870
140910801,13,2,15
140910802,208,17,225
140910803,16,0,16
140910804,306,20,326
140910805,528,16,544
140910806,574,26,600
140910807,496,34,530
140910808,386,29,415
140910809,578,27,605
140910810,692,43,735
140910811,496,19,515
140910812,904,65,969
140910813,927,73,1000
140910901,771,44,815
140910902,488,26,514
140910903,582,18,600
140910904,1104,64,1168
140910905,1048,85,1133
140910906,977,39,1016
140910907,725,48,773
140910908,730,38,768
140910909,770,23,793
140910910,452,18,470
140910911,277,6,283
140910912,576,29,605
140910913,663,44,707
140910914,910,79,989
140910915,1018,73,1091
140910916,1078,75,1153
140910917,802,40,842
140910918,568,14,582
140910919,615,24,639
140910920,769,45,814
140910921,1440,115,1555
140910922,1320,102,1422
140910923,0,0,0
140911001,881,32,913
140911002,654,29,683
140911003,648,31,679
140911004,921,51,972
140911005,767,27,794
140911006,817,35,852
140911007,581,14,595
140911008,837,26,863
140911009,550,22,572
140911010,653,24,677
140911011,619,22,641
140911012,558,28,586
140911013,827,29,856
140911014,459,19,478
140911015,596,24,620
140911016,634,18,652
140911017,643,13,656
140911018,661,13,674
140911019,500,17,517
140911020,283,20,303
140911101,629,18,647
140911102,561,12,573
140911103,612,18,630
140911104,598,17,615
140911105,894,36,930
140911106,214,11,225
140911107,290,10,300
140911108,446,22,468
140911109,856,20,876
140911110,775,33,808
140911111,311,9,320
140911112,686,37,723
140911113,589,17,606
140911114,479,18,497
140911115,522,20,542
140911116,475,17,492
140911117,536,16,552
140911118,561,13,574
140911201,830,30,860
140911202,586,29,615
140911203,678,24,702
140911204,847,42,889
140911205,870,54,924
140911206,517,29,546
140911207,856,58,914
140911208,1080,112,1192
140911209,634,28,662
140911210,842,60,902
140911211,866,56,922
140911212,523,32,555
140911213,636,35,671
140911214,829,51,880
140911215,854,33,887
140911216,371,14,385
140911217,521,27,548
140911218,541,21,562
140911219,769,39,808
140911220,631,41,672
140911221,700,49,749
140911222,661,40,701
140911223,608,49,657
140911301,9,2,11
140911302,39,4,43
140911303,70,4,74
140911304,13,0,13
140911305,15,0,15
140911306,22,1,23
140911307,16,0,16
140911308,12,0,12
140911309,350,16,366
140911310,257,16,273
140911311,889,74,963
140911312,497,32,529
140911313,725,58,783
140911314,378,25,403
140911315,749,37,786
140911316,273,19,292
140911317,302,23,325
140911318,345,19,364
140911319,293,10,303
140911320,276,18,294
140911321,274,9,283
140911322,232,15,247
140911323,564,27,591
140911401,35,4,39
140911402,63,9,72
140911403,27,2,29
140911404,64,2,66
140911405,84,7,91
140911406,435,27,462
140911407,770,44,814
140911408,642,23,665
140911409,823,58,881
140911410,1064,79,1143
140911411,566,33,599
140911412,599,40,639
140911413,685,34,719
140911414,645,28,673
140911415,609,28,637
140911501,16,2,18
140911502,417,37,454
140911503,649,34,683
140911504,531,41,572
140911505,451,26,477
140911506,533,21,554
140911507,687,42,729
140911508,634,26,660
140911509,707,29,736
140911510,753,46,799
140911601,17,1,18
140911602,38,5,43
140911603,7,1,8
140911604,16,2,18
140911605,171,14,185
140911606,75,7,82
140911607,15,4,19
140911608,494,30,524
140911609,382,23,405
140911610,223,10,233
140911701,3,0,3
140911702,7,0,7
140911703,25,3,28
140911704,2,0,2
140911705,9,8,17
140911706,733,36,769
140911707,501,36,537
140911708,470,21,491
140911709,593,34,627
140911710,410,25,435
140911711,420,16,436
140911712,397,18,415
140911713,700,36,736
140911714,427,20,447
140911715,274,14,288
140911801,38,6,44
140911802,15,4,19
140911803,41,4,45
140911804,313,29,342
140911805,150,20,170
140911806,299,14,313
140911807,232,28,260
140911808,545,53,598
140911809,462,22,484
140911810,122,4,126
140911901,128,11,139
140911902,83,6,89
140911903,2,0,2
140911904,79,0,79
140911905,28,3,31
140911906,518,43,561
140911907,438,22,460
140911908,614,38,652
140911909,604,36,640
140911910,591,40,631
140911911,828,57,885
140911912,101,4,105
140911913,600,32,632
140911914,409,30,439
140980101,11,2,13
140980102,54,3,57
140980103,92,6,98
140980104,67,8,75
140980105,32,3,35
140980106,61,2,63
140980107,32,6,38
140980108,463,31,494
140980109,662,42,704
140980110,762,62,824
140980111,550,33,583
140980112,506,21,527
140980113,560,27,587
140980114,587,48,635
140980115,711,29,740
140980116,611,16,627
140980117,812,71,883
140980201,25,3,28
140980202,91,12,103
140980203,223,11,234
140980204,128,4,132
140980205,92,4,96
140980206,47,5,52
140980207,51,2,53
140980208,632,22,654
140980209,481,54,535
140980210,664,51,715
140980211,915,56,971
140980301,50,1,51
140980302,79,7,86
140980303,34,0,34
140980304,609,46,655
140980305,874,51,925
140980306,758,52,810
140980307,516,23,539
140980308,742,31,773
140980309,557,58,615
140980310,535,51,586
140980311,742,63,805
140980401,63,1,64
140980402,155,12,167
140980403,72,4,76
140980404,53,1,54
140980405,56,6,62
140980406,125,11,136
140980407,635,58,693
140980408,647,56,703
140980409,267,19,286
140980501,49,2,51
140980502,153,19,172
140980503,69,0,69
140980504,27,2,29
140980505,321,21,342
140980506,533,39,572
140980507,111,5,116
140980508,58,1,59
140980509,144,6,150
140980510,792,70,862
140980511,674,32,706
140980512,824,48,872
140980513,617,24,641
140980514,511,32,543
140980515,637,47,684
140980516,379,7,386
140980517,741,8,749
140980601,66,3,69
140980602,162,12,174
140980603,129,7,136
140980604,93,10,103
140980605,110,8,118
140980606,156,17,173
140980607,193,13,206
140980608,242,19,261
140980609,126,9,135
140980701,67,8,75
140980702,117,26,143
140980703,117,19,136
140980704,217,12,229
140980705,48,2,50
140980706,69,9,78
140980707,131,11,142
140980708,119,14,133
140980801,133,9,142
140980802,145,10,155
140980803,181,9,190
140980804,192,10,202
140980805,46,2,48
140980806,205,6,211
140980807,425,26,451
140980808,699,42,741
140980809,535,38,573
140980810,401,28,429
140980811,259,21,280
140980901,128,6,134
140980902,407,25,432
140980903,169,11,180
140980904,577,54,631
140980905,609,29,638
140980906,695,37,732
140980907,599,23,622
140980908,633,27,660
140980909,706,53,759
140980910,584,33,617
140980911,298,18,316
140980912,972,85,1057
140980913,640,32,672
140980914,685,42,727
140981001,37,2,39
140981002,51,6,57
140981003,503,69,572
140981004,140,9,149
140981005,131,11,142
140981006,94,5,99
140981007,168,20,188
140981008,191,13,204
140981009,516,35,551
140981010,554,32,586
140981011,956,49,1005
140981012,595,38,633
140981013,845,47,892
140981014,695,47,742
140981101,227,15,242
140981102,251,20,271
140981103,60,2,62
140981104,50,3,53
140981105,95,3,98
140981106,305,26,331
140981107,181,5,186
140981108,106,4,110
140981109,760,36,796
140981110,529,31,560
140981111,704,33,737
140981201,220,14,234
140981202,249,14,263
140981203,340,36,376
140981204,370,28,398
140981205,103,6,109
140981206,321,29,350
140981207,785,57,842
140981208,597,32,629
140981209,481,34,515
140981210,495,44,539
140981211,489,18,507
140981212,591,54,645
140981301,117,15,132
140981302,123,6,129
140981303,125,10,135
140981304,117,8,125
140981305,80,1,81
140981306,67,8,75
140981307,23,3,26
140981308,98,7,105
140981309,126,11,137
140981310,139,6,145
140981311,668,55,723
140981312,934,79,1013
140981313,515,53,568
140981401,179,8,187
140981402,108,8,116
140981403,99,7,106
140981404,148,9,157
140981405,150,7,157
140981406,108,11,119
140981407,91,9,100
140981408,101,7,108
140981409,364,30,394
140981410,859,62,921
140981501,906,97,1003
140981502,902,118,1020
140981503,1088,116,1204
140981504,877,63,940
140981505,696,52,748
140981506,671,64,735
140981507,745,37,782
140981508,667,31,698
140981509,962,62,1024
140981510,1008,59,1067
140981511,872,48,920
140981512,545,42,587
140981513,961,82,1043
140981514,890,39,929
140981515,600,16,616
140981601,830,85,915
140981602,1134,90,1224
140981603,538,49,587
140981604,622,32,654
140981605,1023,47,1070
140981606,501,32,533
140981607,674,44,718
140981608,628,54,682
140981609,1279,92,1371
140981610,1092,56,1148
140981611,712,26,738
140981612,704,30,734
140981613,384,14,398
140981614,387,7,394
140981615,367,12,379
140981701,1229,200,1429
140981702,890,119,1009
140981703,877,42,919
140981704,617,25,642
140981705,1072,59,1131
140981706,664,58,722
140981707,587,29,616
140981708,946,59,1005
140981709,787,49,836
140981710,712,40,752
140981711,865,41,906
140981712,1260,84,1344
140981713,778,24,802
140981801,1176,43,1219
140981802,1108,60,1168
140981803,1338,96,1434
140981804,1252,89,1341
140981805,1175,78,1253
140981806,898,44,942
140981807,889,47,936
140981808,1002,59,1061
140981809,1321,99,1420
140981810,1153,88,1241
140981811,867,31,898
140981812,869,42,911
140981813,928,71,999
140981901,605,41,646
140981902,1854,282,2136
140981903,999,113,1112
140981904,740,93,833
140981905,654,84,738
140981906,724,64,788
140981907,692,87,779
140981908,787,87,874
140981909,608,31,639
140981910,603,35,638
140981911,834,49,883
140981912,961,42,1003
140982001,287,20,307
140982002,545,21,566
140982003,642,24,666
140982004,371,8,379
140982005,289,3,292
140982006,731,20,751
140982007,518,5,523
140982008,844,52,896
140982009,598,56,654
140982010,698,32,730
140982011,341,6,347
140982012,451,23,474
140982013,423,7,430
140982014,472,7,479
140982015,344,11,355
140982016,547,19,566
140982017,674,28,702
140982018,746,29,775
140982019,204,9,213
140982020,390,3,393
140982021,435,7,442
140982022,472,12,484
140982101,852,75,927
140982102,564,46,610
140982103,1084,61,1145
140982104,647,21,668
140982105,625,20,645
140982106,460,19,479
140982107,496,14,510
140982108,862,25,887
140982109,779,30,809
140982110,909,58,967
140982111,917,54,971
140982112,819,63,882
140982113,890,75,965
140982114,1027,62,1089
140982201,1197,62,1259
140982202,1074,48,1122
140982203,1007,42,1049
140982204,638,40,678
140982205,1083,55,1138
140982206,991,42,1033
140982207,1051,63,1114
140982208,1009,80,1089
140982209,777,88,865
140982210,1020,159,1179
140982211,899,135,1034
140982212,717,72,789
140982301,902,45,947
140982302,710,29,739
140982303,613,34,647
140982304,1161,56,1217
140982305,458,17,475
140982306,671,38,709
140982307,906,43,949
140982308,954,45,999
140982309,770,58,828
140982310,767,55,822
140982311,761,59,820
140982312,1238,66,1304
140982313,979,70,1049
140982314,728,58,786
140982401,655,17,672
140982402,412,14,426
140982403,338,12,350
140982404,803,29,832
140982405,795,43,838
140982406,814,35,849
140982407,367,8,375
140982408,502,11,513
140982409,673,26,699
140982410,664,25,689
140982411,743,26,769
140982412,762,22,784
140982413,765,24,789
140982414,844,23,867
140982415,506,19,525
140982416,670,22,692
140982417,744,32,776
140982418,559,19,578
140982419,390,12,402
140982420,858,42,900
140982421,644,23,667
140982501,793,41,834
140982502,964,58,1022
140982503,787,31,818
140982504,810,42,852
140982505,1128,62,1190
140982506,1117,105,1222
140982507,1107,156,1263
140982508,1062,90,1152
140982509,703,41,744
140982510,690,33,723
140982511,1359,92,1451
140982512,1305,156,1461
140982601,787,50,837
140982602,811,43,854
140982603,1339,67,1406
140982604,1010,57,1067
140982605,928,68,996
140982606,727,60,787
140982607,866,64,930
140982608,974,67,1041
140982609,807,74,881
140982610,829,84,913
140982611,808,86,894
140982612,942,98,1040
140982613,578,48,626
140982701,1074,113,1187
140982702,1167,66,1233
140982703,943,56,999
140982704,518,20,538
140982705,700,45,745
140982706,657,32,689
140982707,852,50,902
140982708,860,69,929
140982801,1104,67,1171
140982802,885,46,931
140982803,460,22,482
140982804,491,27,518
140982805,586,44,630
140982806,744,57,801
140982807,712,53,765
140982808,458,23,481
140982809,726,29,755
140982810,675,40,715
140982811,509,71,580
140982812,744,53,797
140982901,730,68,798
140982902,844,55,899
140982903,413,23,436
140982904,585,43,628
140982905,567,56,623
140982906,602,44,646
140982907,347,14,361
140982908,414,15,429
140982909,518,36,554
140982910,746,51,797
140982911,696,50,746
140982912,713,65,778
140982913,837,62,899
140982914,926,61,987
141050101,217,26,243
141050102,100,10,110
141050103,322,29,351
141050104,103,12,115
141050105,46,3,49
141050106,227,17,244
141050107,133,8,141
141050108,249,16,265
141050109,325,35,360
141050110,246,7,253
141050111,200,20,220
141050112,587,44,631
141050113,690,68,758
141050114,841,72,913
141050201,71,3,74
141050202,52,2,54
141050203,195,23,218
141050204,90,9,99
141050205,241,24,265
141050206,179,18,197
141050207,63,4,67
141050208,196,17,213
141050209,124,6,130
141050210,402,34,436
141050211,722,59,781
141050212,625,42,667
141050213,559,33,592
141050214,745,45,790
141050215,844,57,901
141050216,990,74,1064
141050217,902,98,1000
141050301,53,4,57
141050302,129,14,143
141050303,166,12,178
141050304,58,7,65
141050305,324,34,358
141050306,153,13,166
141050307,103,8,111
141050308,416,61,477
141050309,1084,65,1149
141050310,869,51,920
141050311,487,27,514
141050312,745,40,785
141050313,1057,91,1148
141050314,972,51,1023
141050315,996,70,1066
141050316,781,25,806
141050401,34,2,36
141050402,137,14,151
141050403,66,8,74
141050404,147,13,160
141050405,154,5,159
141050406,177,13,190
141050407,208,23,231
141050408,85,7,92
141050409,121,12,133
141050410,266,21,287
141050411,69,5,74
141050412,145,7,152
141050413,84,7,91
141050414,489,41,530
141050415,712,34,746
141050416,253,22,275
141050501,125,12,137
141050502,313,35,348
141050503,603,111,714
141050504,573,37,610
141050505,1130,106,1236
141050506,695,52,747
141050507,717,40,757
141050508,968,74,1042
141050509,738,50,788
141050510,897,53,950
141050511,618,31,649
141050512,692,48,740
141050513,417,18,435
141050514,1228,117,1345
141050515,696,65,761
141050601,180,19,199
141050602,242,29,271
141050603,174,21,195
141050604,350,49,399
141050605,295,27,322
141050606,545,43,588
141050607,579,32,611
141050608,881,42,923
141050609,860,49,909
141050610,1126,70,1196
141050611,1075,82,1157
141050612,1207,101,1308
141050613,325,24,349
141120101,67,5,72
141120102,111,14,125
141120103,124,10,134
141120104,293,21,314
141120105,135,16,151
141120106,214,17,231
141120107,79,10,89
141120108,152,16,168
141120109,606,57,663
141120110,619,35,654
141120111,366,19,385
141120112,1023,100,1123
141120113,560,46,606
141120114,325,26,351
141120115,550,56,606
141120201,509,64,573
141120202,48,8,56
141120203,61,17,78
141120204,57,7,64
141120205,55,8,63
141120206,153,17,170
141120207,448,51,499
141120301,94,5,99
141120302,252,16,268
141120303,116,10,126
141120304,547,40,587
141120305,200,32,232
141120306,292,33,325
141120307,167,21,188
141120308,88,9,97
141120309,172,52,224
141120310,583,55,638
141120311,617,55,672
141120312,801,88,889
141120313,716,79,795
141120314,206,7,213
141190101,857,104,961
141190102,221,16,237
141190103,165,6,171
141190104,48,7,55
141190105,79,5,84
141190106,544,23,567
141190107,575,38,613
141190108,952,63,1015
141190109,1082,69,1151
141190110,413,23,436
141190111,704,33,737
141190112,875,63,938
141190113,653,28,681
141190114,926,61,987
141190115,861,51,912
141190201,39,3,42
141190202,72,4,76
141190203,31,2,33
141190204,37,0,37
141190205,143,13,156
141190206,20,1,21
141190207,5,1,6
141190208,16,0,16
141190209,79,4,83
141190210,40,3,43
141190211,81,9,90
141190212,440,47,487
141190213,889,44,933
141190214,715,69,784
141190215,605,38,643
141190301,334,23,357
141190302,284,27,311
141190303,209,19,228
141190304,119,7,126
141190305,111,10,121
141190306,848,33,881
141190307,828,64,892
141190308,813,46,859
141190309,280,22,302
141190310,691,35,726
141190311,691,47,738
141190312,610,35,645
141190313,681,36,717
141190314,1133,47,1180
141190315,850,47,897
141190316,1052,49,1101
141190401,44,3,47
141190402,83,6,89
141190403,38,9,47
141190404,86,7,93
141190405,53,4,57
141190406,126,17,143
141190407,195,13,208
141190408,180,19,199
141190409,382,40,422
141190410,1097,62,1159
141190411,1102,66,1168
141190412,688,25,713
141190413,917,59,976
141190414,839,40,879
141190415,610,28,638
141190416,624,45,669
141190417,615,34,649
141190418,997,36,1033
141190419,686,28,714
141190420,815,61,876
141190501,217,17,234
141190502,50,2,52
141190503,194,13,207
141190504,186,15,201
141190505,108,2,110
141190506,105,7,112
141190507,21,3,24
141190508,107,6,113
141190509,43,2,45
141190510,58,2,60
141190511,814,50,864
141190512,753,63,816
141190513,582,36,618
141190514,875,28,903
141190515,684,38,722
141190601,1140,102,1242
141190602,1004,78,1082
141190603,918,34,952
141190604,665,29,694
141190605,1181,105,1286
141190606,1263,82,1345
141190607,819,47,866
141190608,610,21,631
141190609,701,42,743
141190610,789,67,856
141190611,834,84,918
141190612,868,49,917
141190613,578,17,595
141190614,416,16,432
141190615,640,39,679
141190616,779,43,822
141190617,649,60,709
141190618,803,30,833
141190619,1003,53,1056
141190620,958,71,1029
141190621,942,104,1046
141190701,971,98,1069
141190702,927,68,995
141190703,1332,118,1450
141190704,1105,63,1168
141190705,1020,55,1075
141190706,1030,48,1078
141190707,831,28,859
141190708,998,89,1087
141190709,959,66,1025
141190710,948,31,979
141190711,684,37,721
141190712,804,47,851
141190713,863,59,922
141190714,634,63,697
141190801,990,101,1091
141190802,700,49,749
141190803,556,34,590
141190804,620,35,655
141190805,661,48,709
141190806,653,55,708
141190807,746,47,793
141190808,1024,80,1104
141190809,898,43,941
141190810,899,34,933
141190811,777,34,811
141190812,980,82,1062
141190813,821,34,855
141190814,827,34,861
141190815,1169,49,1218
141190816,680,36,716
141190817,748,70,818
141190901,758,43,801
141190902,833,55,888
141190903,488,29,517
141190904,689,32,721
141190905,681,43,724
141190906,615,27,642
141190907,576,23,599
141190908,611,21,632
141190909,716,27,743
141190910,429,13,442
141190911,813,40,853
141190912,1035,49,1084
141190913,440,21,461
141190914,872,48,920
141190915,646,40,686
141190916,946,58,1004
141190917,944,40,984
141260101,127,5,132
141260102,139,7,146
141260103,139,18,157
141260104,157,14,171
141260105,33,5,38
141260106,91,9,100
141260107,97,14,111
141260108,177,11,188
141260109,341,29,370
141260201,125,27,152
141260202,22,3,25
141260203,95,15,110
141260204,211,18,229
141260205,63,8,71
141260206,710,59,769
141260207,101,8,109
141260208,558,62,620
141260301,48,2,50
141260302,5,0,5
141260303,408,31,439
141260304,937,83,1020
141260305,135,11,146
141260306,111,16,127
141260307,703,62,765
141260308,837,52,889
141260309,524,38,562
141260310,375,18,393
141260311,714,56,770
141260312,704,44,748
141260313,751,63,814
141260314,997,100,1097
141260401,272,23,295
141260402,92,19,111
141260403,88,12,100
141260404,330,32,362
141260405,121,10,131
141260406,491,29,520
141260501,27,8,35
141260502,296,43,339
141260503,9,3,12
141260504,373,34,407
141260505,266,77,343
141260506,227,24,251
141260507,400,43,443
141260508,813,46,859
141260509,1149,116,1265
141260510,741,60,801
141260511,807,53,860
141260512,1104,86,1190
141260513,517,43,560
141260514,719,72,791
141260515,374,29,403
141260516,741,56,797
141260517,576,33,609
141260518,406,52,458
141260601,193,11,204
141260602,74,10,84
141260603,362,29,391
141260604,347,33,380
141260605,399,40,439
141260606,82,7,89
141260607,392,39,431
141260608,564,30,594
141260609,513,34,547
141260610,537,29,566
141260611,120,9,129
141260701,462,30,492
141260702,659,47,706
141260703,474,15,489
141260704,659,69,728
141260705,697,38,735
141260706,578,24,602
141260707,596,25,621
141260708,790,44,834
141260709,562,31,593
141260710,453,33,486
141260711,654,36,690
141260712,785,36,821
141260713,266,6,272
141330101,64,4,68
141330102,323,30,353
141330103,435,49,484
141330104,379,34,413
141330105,894,79,973
141330106,64,6,70
141330107,112,6,118
141330108,712,94,806
141330109,335,35,370
141330110,856,72,928
141330111,1044,131,1175
141330112,854,121,975
141330201,521,50,571
141330202,209,19,228
141330203,201,15,216
141330204,781,82,863
141330205,245,38,283
141330206,263,11,274
141330207,350,27,377
141330208,550,37,587
141330209,278,10,288
141330210,202,21,223
141330211,509,23,532
141330212,463,23,486
141330213,946,52,998
141330214,683,45,728
141330215,167,10,177
141330216,584,29,613
141330301,253,27,280
141330302,336,57,393
141330303,203,31,234
141330304,417,50,467
141330305,371,42,413
141330306,300,44,344
141330307,1101,64,1165
141330308,444,35,479
141330309,628,63,691
141330401,67,3,70
141330402,142,23,165
141330403,154,12,166
141330404,176,23,199
141330405,346,46,392
141330406,157,14,171
141330407,218,32,250
141330408,351,27,378
141330409,1059,87,1146
141330410,381,22,403
141330411,472,38,510
141330501,984,77,1061
141330502,527,21,548
141330503,634,26,660
141330504,769,67,836
141330505,898,97,995
141330506,967,53,1020
141330507,677,34,711
141330508,671,47,718
141330509,572,26,598
141330510,942,58,1000
141330511,836,56,892
141330512,1366,87,1453
141330513,796,49,845
141330514,387,20,407
141330515,1311,78,1389
141330516,773,49,822
141330517,739,60,799
141330601,751,29,780
141330602,1093,58,1151
141330603,802,40,842
141330604,712,46,758
141330605,813,105,918
141330606,501,40,541
141330607,980,104,1084
141330608,701,40,741
141330609,637,29,666
141330610,739,24,763
141330611,599,40,639
141330612,522,26,548
141330613,1098,49,1147
141330614,1037,74,1111
141330615,717,51,768
141330616,712,46,758
141330617,586,41,627
141400101,157,8,165
141400102,130,13,143
141400103,350,19,369
141400104,104,7,111
141400105,80,7,87
141400106,55,7,62
141400107,81,6,87
141400108,142,11,153
141400109,733,38,771
141400110,500,45,545
141400111,647,65,712
141400112,652,54,706
141400113,190,25,215
141400201,118,15,133
141400202,275,18,293
141400203,177,24,201
141400204,280,31,311
141400205,112,10,122
141400206,271,25,296
141400207,75,13,88
141400208,200,21,221
141400209,168,10,178
141400210,92,7,99
141400211,468,23,491
141400212,672,40,712
141400213,249,17,266
141400301,1194,95,1289
141400302,1157,75,1232
141400303,552,27,579
141400304,615,39,654
141400305,935,54,989
141400306,723,43,766
141400307,828,48,876
141400308,964,79,1043
141400309,607,47,654
141400310,675,48,723
141400311,592,42,634
141400312,734,48,782
141400313,345,19,364
141400401,552,27,579
141400402,614,29,643
141400403,460,30,490
141400404,489,16,505
141400405,546,17,563
141400406,642,33,675
141400407,932,42,974
141400408,1114,93,1207
141400409,1069,90,1159
141400410,695,48,743
141400411,539,38,577
141400412,916,72,988
141400413,1178,122,1300
141400501,189,12,201
141400502,272,21,293
141400503,96,16,112
141400504,131,16,147
141400505,219,19,238
141400506,174,21,195
141400507,35,4,39
141400508,763,51,814
141400509,789,36,825
141400510,270,23,293
141400511,942,77,1019
141400512,638,45,683
141400513,518,32,550
141400514,739,44,783
141400515,770,54,824
141400516,744,50,794
141400517,562,38,600
141400518,504,51,555
141400519,556,28,584
141400520,1060,69,1129
141400601,35,5,40
141400602,85,15,100
141400603,49,10,59
141400604,275,23,298
141400605,232,24,256
141400606,133,21,154
141400607,148,12,160
141400608,139,12,151
141400609,95,10,105
141400610,1058,86,1144
141400611,631,43,674
141400612,553,63,616
141400613,376,37,413
141400614,656,51,707
141400615,501,41,542
141400616,1084,66,1150
141400617,469,17,486
141400618,419,10,429
141400619,893,72,965
141400701,688,63,751
141400702,822,30,852
141400703,614,27,641
141400704,479,24,503
141400705,1166,100,1266
141400706,1104,71,1175
141400707,453,18,471
141400708,378,12,390
141400709,694,35,729
141400710,1180,106,1286
141400711,836,27,863
141400712,489,15,504
141400713,902,62,964
141400714,922,65,987
141400715,763,61,824
141400716,729,17,746
141400717,332,38,370
141400718,889,34,923
141400719,848,50,898
141400720,862,80,942
141400801,555,72,627
141400802,344,46,390
141400803,534,55,589
141400804,626,52,678
141400805,272,31,303
141400806,120,18,138
141400807,300,27,327
141400808,257,30,287
141400809,856,50,906
141400810,874,184,1058
141400811,629,64,693
141400812,992,72,1064
141400813,700,49,749
141400814,727,46,773
141400815,696,30,726
141400816,579,24,603
141400817,751,63,814
141400818,963,66,1029
141400819,823,48,871
141400820,930,51,981
141400821,664,34,698
141400901,224,27,251
141400902,98,15,113
141400903,244,24,268
141400904,450,33,483
141400905,193,20,213
141400906,313,25,338
141400907,115,16,131
141400908,748,52,800
141400909,807,36,843
141400910,810,68,878
141400911,961,49,1010
141400912,524,20,544
141400913,683,21,704
141400914,891,78,969
141400915,959,46,1005
141400916,513,48,561
141401001,264,17,281
141401002,243,23,266
141401003,261,25,286
141401004,150,11,161
141401005,152,7,159
141401006,385,26,411
141401007,421,26,447
141401008,471,30,501
141401009,578,32,610
141401010,755,54,809
141401011,769,68,837
141401012,959,46,1005
141401013,381,14,395
141401014,563,28,591
141401015,740,34,774
141401016,901,31,932
141401017,927,65,992
141401101,388,42,430
141401102,633,26,659
141401103,934,38,972
141401104,554,15,569
141401105,725,26,751
141401106,499,27,526
141401107,499,18,517
141401108,1338,117,1455
141401109,721,42,763
141401110,751,45,796
141401111,576,20,596
141401112,480,21,501
141401113,689,20,709
141401114,650,21,671
141401115,466,26,492
141401116,443,20,463
141401117,455,13,468
141401118,712,24,736
141401119,728,28,756
141401120,896,37,933
141401121,865,54,919
141401201,566,49,615
141401202,475,18,493
141401203,810,91,901
141401204,669,50,719
141401205,1117,102,1219
141401206,1214,136,1350
141401207,755,43,798
141401208,713,34,747
141401209,653,19,672
141401210,1021,71,1092
141401211,1108,82,1190
141401212,895,82,977
141401213,668,47,715
141401214,521,24,545
141401215,514,21,535
141401216,544,26,570
141401217,550,15,565
141401218,459,14,473
141401219,625,55,680
141401301,637,37,674
141401302,511,20,531
141401303,483,25,508
141401304,644,27,671
141401305,707,33,740
141401306,583,38,621
141401307,499,24,523
141401308,452,21,473
141401309,550,19,569
141401310,562,23,585
141401311,545,25,570
141401312,557,32,589
141401313,698,43,741
141401314,507,21,528
141401315,1057,102,1159
141401316,764,30,794
141401317,1108,93,1201
141401318,688,58,746
141401401,1234,60,1294
141401402,723,45,768
141401403,636,23,659
141401404,591,23,614
141401405,667,28,695
141401406,456,18,474
141401407,488,20,508
141401408,429,16,445
141401409,418,19,437
141401410,433,27,460
141401411,581,21,602
141401412,884,36,920
141401413,1071,53,1124
141401414,1161,99,1260
141401415,859,64,923
141401416,819,51,870
141401417,642,39,681
141401418,806,34,840
141401419,946,51,997
141401420,546,32,578
141401421,631,26,657
141401422,576,26,602
141401423,768,57,825
141401501,226,25,251
141401502,164,17,181
141401503,201,15,216
141401504,304,24,328
141401505,283,20,303
141401506,142,20,162
141401507,679,46,725
141401508,517,27,544
141401509,629,29,658
141401510,829,51,880
141401511,732,28,760
141401512,860,42,902
141401513,1255,98,1353
141401514,324,21,345
141401515,279,22,301
141401601,116,11,127
141401602,174,22,196
141401603,140,20,160
141401604,33,1,34
141401605,270,35,305
141401606,256,28,284
141401607,562,31,593
141401608,990,83,1073
141401609,667,48,715
141401610,1020,66,1086
141401611,847,54,901
141401612,620,32,652
141401613,503,18,521
141401614,850,59,909
141401615,590,66,656
141401701,180,22,202
141401702,241,14,255
141401703,105,15,120
141401704,74,5,79
141401705,268,23,291
141401706,162,9,171
141401707,59,4,63
141401708,241,25,266
141401709,307,28,335
141401710,209,25,234
141401711,1162,83,1245
141401712,557,22,579
141401713,420,17,437
141401714,945,37,982
141401715,893,101,994
141401716,585,26,611
141401717,741,35,776
141401718,245,22,267
141401719,672,63,735
141401720,498,19,517
141401801,581,25,606
141401802,762,49,811
141401803,615,30,645
141401804,643,42,685
141401805,652,79,731
141401806,792,84,876
141401807,533,39,572
141401808,758,39,797
141401809,668,30,698
141401810,452,29,481
141401811,641,31,672
141401812,634,44,678
141401901,1038,43,1081
141401902,549,30,579
141401903,375,15,390
141401904,431,19,450
141401905,447,20,467
141401906,547,26,573
141401907,544,24,568
141401908,521,12,533
141401909,790,51,841
141401910,1103,66,1169
141401911,596,45,641
141470101,77,7,84
141470102,561,63,624
141470103,516,62,578
141470104,980,88,1068
141470105,1134,53,1187
141470106,805,49,854
141470107,1057,69,1126
141470108,611,43,654
141470109,1420,87,1507
141470110,1130,82,1212
141470111,923,57,980
141470112,657,47,704
141470113,674,43,717
141470114,942,70,1012
141470201,502,32,534
141470202,1588,129,1717
141470203,2698,72,2770
141470204,675,56,731
141470205,1104,105,1209
141470206,155,12,167
141470207,998,99,1097
141470208,822,65,887
141470209,746,50,796
141470210,1269,74,1343
141470211,684,60,744
141470212,665,40,705
141470213,756,75,831
141470301,108,6,114
141470302,327,23,350
141470303,356,28,384
141470304,373,35,408
141470305,216,24,240
141470306,61,3,64
141470307,428,40,468
141470308,1125,114,1239
141470309,773,48,821
141470310,881,49,930
141470311,560,43,603
141470312,505,34,539
141470313,374,19,393
141470314,364,15,379
141470401,156,29,185
141470402,100,9,109
141470403,187,18,205
141470404,29,0,29
141470405,492,29,521
141470406,403,48,451
141470407,911,53,964
141470408,911,58,969
141470409,489,25,514
141470410,698,56,754
141470411,652,34,686
141470412,1088,86,1174
141470413,456,41,497
141470501,72,13,85
141470502,72,8,80
141470503,108,9,117
141470504,134,10,144
141470505,56,1,57
141470506,33,5,38
141470507,311,14,325
141470508,587,56,643
141470601,414,18,432
141470602,338,93,431
141470603,404,13,417
141470604,341,12,353
141470605,253,7,260
141470606,476,22,498
141470607,330,13,343
141470608,443,19,462
141470609,377,26,403
141470610,431,26,457
141470701,84,7,91
141470702,49,5,54
141470703,39,3,42
141470704,139,10,149
141470705,8,0,8
141470706,81,9,90
141470707,96,8,104
141470708,121,9,130
141470709,171,14,185
141470710,281,25,306
141470711,270,17,287
141470712,181,9,190
141470713,135,4,139
141470714,464,39,503
141470801,815,67,882
141470802,1045,93,1138
141470803,1156,101,1257
141470804,810,62,872
141470805,1579,94,1673
141470806,1246,83,1329
141470807,940,55,995
141470808,806,31,837
141470809,645,22,667
141470810,477,14,491
141470811,633,27,660
141470812,1036,93,1129
141470813,650,19,669
141470814,655,32,687
141470815,611,29,640
141470816,455,12,467
141470817,268,12,280
141470901,1051,81,1132
141470902,1392,125,1517
141470903,1285,99,1384
141470904,646,46,692
141470905,683,43,726
141470906,1002,64,1066
141470907,463,21,484
141470908,871,47,918
141470909,536,26,562
141470910,589,23,612
141470911,580,29,609
141470912,1109,68,1177
141470913,1122,63,1185
141470914,638,28,666
141470915,737,35,772
141470916,672,36,708
141470917,594,32,626
141470918,674,84,758
141470919,875,67,942
141471001,592,35,627
141471002,810,45,855
141471003,554,9,563
141471004,594,23,617
141471005,812,35,847
141471006,555,24,579
141471007,663,38,701
141471008,1102,60,1162
141471009,723,31,754
141471010,1145,69,1214
141471011,1371,96,1467
141471012,900,92,992
141471013,931,60,991
141471014,1384,111,1495
141471015,1537,148,1685
141540101,75,13,88
141540102,120,20,140
141540103,280,38,318
141540104,302,39,341
141540105,54,4,58
141540106,16,3,19
141540107,95,10,105
141540201,147,24,171
141540202,21,0,21
141540203,78,8,86
141540204,235,20,255
141540205,69,7,76
141540206,66,6,72
141540207,82,14,96
141540208,96,14,110
141540209,488,55,543
141540210,648,58,706
141540211,836,60,896
141540212,255,17,272
141610101,76,2,78
141610102,116,6,122
141610103,137,11,148
141610104,213,13,226
141610105,194,20,214
141610106,72,3,75
141610107,95,2,97
141610108,95,9,104
141610109,124,3,127
141610110,160,18,178
141610111,91,5,96
141610112,748,73,821
141610113,801,43,844
141610114,448,28,476
141610115,485,40,525
141610116,691,41,732
141610117,852,67,919
141610201,117,7,124
141610202,107,13,120
141610203,52,3,55
141610204,67,3,70
141610205,49,2,51
141610206,94,7,101
141610207,604,38,642
141610208,640,43,683
141610209,695,24,719
141610210,558,16,574
141610211,580,28,608
141610212,524,39,563
141610213,598,48,646
141610214,595,56,651
141610215,501,33,534
141610216,599,36,635
141610301,236,24,260
141610302,631,262,893
141610303,130,5,135
141610304,293,17,310
141610305,379,44,423
141610306,741,89,830
141610307,940,59,999
141610308,530,31,561
141610309,552,58,610
141610310,859,49,908
141610311,517,23,540
141610312,396,30,426
141610313,458,35,493
141610401,160,5,165
141610402,119,4,123
141610403,69,7,76
141610404,95,12,107
141610405,215,15,230
141610406,147,14,161
141610407,220,17,237
141610408,44,5,49
141610409,148,12,160
141610410,177,14,191
141610411,279,17,296
141610412,693,46,739
141610413,658,31,689
141610501,67,4,71
141610502,73,0,73
141610503,250,24,274
141610504,71,5,76
141610505,122,9,131
141610506,668,76,744
141610507,981,59,1040
141610508,521,29,550
141610509,676,43,719
141610510,491,21,512
141610511,640,33,673
141610512,593,33,626
141610601,670,54,724
141610602,881,50,931
141610603,1032,62,1094
141610604,845,50,895
141610605,545,41,586
141610606,903,45,948
141610607,835,58,893
141610608,524,27,551
141610609,600,25,625
141610610,711,30,741
141610611,616,40,656
141610612,641,24,665
141610613,774,65,839
141610614,650,57,707
141610701,653,19,672
141610702,494,29,523
141610703,792,24,816
141610704,413,14,427
141610705,415,19,434
141610706,719,42,761
141610707,601,41,642
141610708,772,72,844
141610709,791,45,836
141610710,637,30,667
141610711,521,18,539
141610712,990,47,1037
141610713,858,51,909
141610714,749,61,810
141610715,1139,98,1237
141610801,642,43,685
141610802,363,27,390
141610803,487,29,516
141610804,452,23,475
141610805,358,17,375
141610806,467,33,500
141610807,741,55,796
141610808,579,28,607
141610809,466,23,489
141610810,705,29,734
141610811,432,23,455
141610812,452,17,469
141610813,450,17,467
141610814,614,19,633
141610815,624,44,668
141610816,510,37,547
141610817,855,60,915
141610901,708,49,757
141610902,953,96,1049
141610903,775,61,836
141610904,718,52,770
141610905,706,49,755
141610906,932,101,1033
141610907,738,39,777
141610908,608,44,652
141610909,588,41,629
141610910,537,43,580
141610911,712,20,732
141610912,718,31,749
141610913,715,31,746
141610914,504,24,528
141610915,758,30,788
141610916,484,19,503
141610917,561,27,588
141610918,760,32,792
141610919,610,26,636
141610920,531,24,555
141610921,962,36,998
141610922,916,66,982
141610923,588,35,623
141611001,530,18,548
141611002,695,32,727
141611003,596,16,612
141611004,528,24,552
141611005,526,15,541
141611006,681,30,711
141611007,879,41,920
141611008,672,39,711
141611009,506,27,533
141611010,412,17,429
141611011,479,18,497
141611012,818,16,834
141611013,522,20,542
141611014,522,19,541
141611015,482,21,503
141611016,630,39,669
141611017,884,39,923
141611018,872,55,927
141611019,946,57,1003
141611020,659,56,715
141611021,748,39,787
141611101,1104,82,1186
141611102,679,59,738
141611103,504,44,548
141611104,825,52,877
141611105,633,26,659
141611106,655,35,690
141611107,560,16,576
141611108,471,24,495
141611109,444,37,481
141611110,717,82,799
141611111,1124,57,1181
141611112,852,32,884
141611113,639,32,671
141611114,676,44,720
141611115,645,59,704
141611116,994,77,1071
141611117,669,50,719
141680101,140,6,146
141680102,122,11,133
141680103,84,5,89
141680104,33,2,35
141680105,51,5,56
141680106,104,14,118
141680107,100,9,109
141680108,229,24,253
141680109,79,1,80
141680110,286,28,314
141680111,643,55,698
141680112,747,49,796
141680113,463,51,514
141680114,990,105,1095
141680201,148,13,161
141680202,252,22,274
141680203,77,19,96
141680204,457,27,484
141680205,475,23,498
141680206,505,25,530
141680207,823,63,886
141680208,860,44,904
141680209,717,45,762
141680210,599,36,635
141680211,791,64,855
141680212,802,78,880
141680213,651,48,699
141680214,611,45,656
141680301,67,7,74
141680302,167,27,194
141680303,261,27,288
141680304,132,15,147
141680305,204,10,214
141680306,73,1,74
141680307,151,14,165
141680308,52,5,57
141680309,128,19,147
141680310,139,14,153
141680311,1105,100,1205
141680312,735,85,820
141680313,1152,98,1250
141750101,97,13,110
141750102,64,8,72
141750103,128,31,159
141750104,66,3,69
141750105,132,10,142
141750106,77,2,79
141750107,180,14,194
141750108,97,13,110
141750109,122,10,132
141750110,635,95,730
141750111,538,82,620
141750112,272,30,302
141750113,625,37,662
141750114,698,60,758
141750201,369,40,409
141750202,397,49,446
141750203,147,11,158
141750204,181,16,197
141750205,99,7,106
141750206,184,16,200
141750207,106,13,119
141750208,191,14,205
141750209,375,53,428
141750210,168,22,190
141750211,163,19,182
141750212,684,68,752
141750213,728,58,786
141750214,708,61,769
141750215,700,47,747
141750216,496,28,524
141750217,616,39,655
141750218,939,100,1039
141750219,1,0,1
141820101,163,9,172
141820102,174,19,193
141820103,130,12,142
141820104,140,14,154
141820105,192,18,210
141820106,304,22,326
141820107,201,13,214
141820108,228,15,243
141820109,139,8,147
141820110,271,21,292
141820111,481,22,503
141820112,667,41,708
141820113,675,42,717
141820114,382,32,414
141820115,491,63,554
141820116,913,49,962
141820117,615,54,669
141820118,666,29,695
141820119,725,16,741
141820120,863,33,896
141820121,554,16,570
141820201,200,21,221
141820202,351,42,393
141820203,280,28,308
141820204,98,11,109
141820205,91,11,102
141820206,720,52,772
141820207,728,51,779
141820208,523,31,554
141820209,782,42,824
141820210,719,56,775
141820211,766,53,819
141820212,472,27,499
141820213,933,68,1001
141820214,416,31,447
141820301,164,14,178
141820302,55,7,62
141820303,236,353,589
141820304,126,9,135
141820305,96,4,100
141820306,182,13,195
141820307,878,42,920
141820308,665,29,694
141820309,431,11,442
141820310,1085,90,1175
141820401,114,8,122
141820402,302,40,342
141820403,230,18,248
141820404,88,11,99
141820405,94,8,102
141820406,162,21,183
141820407,107,11,118
141820408,346,19,365
141820409,633,49,682
141820410,642,32,674
141820411,836,39,875
141820412,619,66,685
141820413,852,78,930
141820414,620,42,662
141820415,837,45,882
141820501,81,5,86
141820502,71,10,81
141820503,19,1,20
141820504,60,3,63
141820505,197,14,211
141820506,57,5,62
141820507,48,3,51
141820508,80,4,84
141820509,575,27,602
141820510,433,19,452
141820511,839,37,876
141820512,684,40,724
141820513,661,33,694
141820514,531,19,550
141820515,643,30,673
141820516,696,59,755
141820517,440,29,469
141820518,913,36,949
141820519,381,14,395
141820520,545,38,583
141820521,605,35,640
141820601,64,7,71
141820602,111,17,128
141820603,64,4,68
141820604,129,15,144
141820605,96,12,108
141820606,18,0,18
141820607,884,33,917
141820608,513,25,538
141820609,1345,98,1443
141820610,686,43,729
141820611,509,17,526
141820612,901,69,970
141820613,579,27,606
141820614,343,14,357
141820615,773,28,801
141820616,625,30,655
141820617,523,32,555
141820618,338,11,349
141820619,316,39,355
141820701,61,6,67
141820702,195,20,215
141820703,126,11,137
141820704,63,3,66
141820705,122,14,136
141820706,90,6,96
141820707,374,34,408
141820708,149,13,162
141820709,119,7,126
141820710,96,6,102
141820711,595,73,668
141820712,353,21,374
141820713,467,38,505
141820714,595,39,634
141820715,832,71,903
141820716,628,55,683
141820801,679,68,747
141820802,730,45,775
141820803,860,48,908
141820804,596,27,623
141820805,866,54,920
141820806,990,33,1023
141820807,535,32,567
141820808,427,11,438
141820809,822,28,850
141820810,781,37,818
141820811,522,26,548
141820812,293,2,295
141820901,842,48,890
141820902,1092,74,1166
141820903,958,77,1035
141820904,630,43,673
141820905,713,43,756
141820906,589,28,617
141820907,641,37,678
141820908,1095,97,1192
141820909,938,70,1008
141820910,942,51,993
141820911,669,25,694
141821001,556,16,572
141821002,748,33,781
141821003,554,26,580
141821004,894,82,976
141821005,510,61,571
141821006,622,36,658
141821007,700,24,724
141821008,438,23,461
141821009,742,41,783
141821010,978,67,1045
141821101,384,24,408
141821102,565,20,585
141821103,418,13,431
141821104,503,18,521
141821105,426,13,439
141821106,767,49,816
141821107,527,24,551
141821108,789,45,834
141821109,1238,143,1381
141821110,942,55,997
141821201,638,42,680
141821202,445,13,458
141821203,703,29,732
141821204,1020,65,1085
141821205,638,37,675
141821206,1026,71,1097
141821207,732,17,749
141821208,576,25,601
141821209,566,46,612
141821210,576,34,610
141821211,805,46,851
141821301,842,62,904
141821302,853,48,901
141821303,586,23,609
141821304,749,36,785
141821305,506,17,523
141821306,665,39,704
141821307,829,67,896
141821308,378,40,418
141821309,423,21,444
141821310,444,31,475
141821311,716,75,791
141821312,720,85,805
180070101,1045,174,1219
180070102,534,74,608
180070103,892,90,982
180070104,680,61,741
180070105,847,70,917
180070106,967,89,1056
180070107,526,27,553
180070108,800,37,837
180070109,916,91,1007
180070110,707,48,755
180070111,692,92,784
180070112,754,70,824
180070113,918,41,959
180070114,777,67,844
180070115,973,136,1109
180070116,892,88,980
180070117,851,62,913
180070118,752,53,805
180070119,838,96,934
180070120,725,52,777
180070121,754,58,812
180070122,838,104,942
180070123,755,73,828
180070124,879,58,937
180070125,964,50,1014
180070201,243,42,285
180070202,172,17,189
180070203,300,60,360
180070204,299,48,347
180070205,196,28,224
180070206,243,22,265
180070207,239,26,265
180070208,259,32,291
180070209,253,31,284
180070210,73,6,79
180070211,180,45,225
180070212,224,36,260
180070213,904,107,1011
180070214,1493,152,1645
180070215,1009,75,1084
180070216,639,72,711
180070217,521,96,617
180070218,558,72,630
180070301,699,68,767
180070302,137,17,154
180070303,133,19,152
180070304,387,39,426
180070305,383,25,408
180070401,89,10,99
180070501,104,12,116
180070502,48,21,69
180070503,20,2,22
180070504,100,6,106
180070505,82,9,91
180070506,148,25,173
180070601,432,63,495
180070602,348,42,390
180070701,211,26,237
180070702,385,44,429
180070801,5,4,9
180070802,29,7,36
180140101,354,47,401
180140102,402,32,434
180140103,465,55,520
180140201,131,15,146
180140202,27,4,31
180140203,14,6,20
180140301,244,57,301
180140302,70,8,78
180140303,149,24,173
180140401,173,26,199
180140402,38,4,42
180140501,0,0,0
180140502,0,0,0
180210101,1143,33,1176
180210102,797,29,826
180210103,1076,40,1116
180210104,764,25,789
180210105,647,27,674
180210106,784,35,819
180210107,624,29,653
180210108,532,21,553
180210109,642,16,658
180210110,539,15,554
180210111,542,27,569
180210112,454,25,479
180210113,1199,38,1237
180210114,977,34,1011
180210115,1465,68,1533
180210116,543,27,570
180210117,1105,29,1134
180210118,949,24,973
180210201,992,33,1025
180210202,658,26,684
180210203,807,25,832
180210204,520,20,540
180210205,623,24,647
180210206,672,25,697
180210207,849,23,872
180210208,771,19,790
180210209,630,19,649
180210210,830,30,860
180210211,652,22,674
180210212,585,24,609
180210213,550,17,567
180210214,926,28,954
180210215,627,10,637
180210216,654,10,664
180210217,882,40,922
180210218,413,17,430
180210301,998,142,1140
180210302,944,80,1024
180210303,1464,129,1593
180210304,1941,197,2138
180210305,1375,163,1538
180210306,956,79,1035
180210307,937,88,1025
180210308,1081,83,1164
180210309,1143,107,1250
180210310,988,86,1074
180210311,769,43,812
180210312,983,80,1063
180210313,695,45,740
180210314,1200,135,1335
180210315,1177,104,1281
180210316,1092,82,1174
180210317,1556,88,1644
180210318,660,30,690
180210319,769,24,793
180210320,874,35,909
180210321,638,30,668
180210401,1533,171,1704
180210402,737,23,760
180210403,1744,127,1871
180210404,1404,160,1564
180210405,900,90,990
180210406,1380,170,1550
180210407,1524,149,1673
180210408,854,72,926
180210409,1180,77,1257
180210410,1124,94,1218
180210411,1645,132,1777
180210412,745,55,800
180210413,959,60,1019
180210414,1077,61,1138
180210415,862,51,913
180210416,693,22,715
180210417,893,53,946
180210418,652,38,690
180210419,348,16,364
180210420,369,13,382
180210421,870,57,927
180210422,772,38,810
180210501,570,11,581
180210502,712,28,740
180210503,923,20,943
180210504,934,40,974
180210505,566,28,594
180210506,977,70,1047
180210507,1141,59,1200
180210508,625,33,658
180210509,924,49,973
180210510,941,52,993
180210511,960,57,1017
180210512,1265,51,1316
180210513,1033,44,1077
180210514,828,49,877
180210515,670,39,709
180210516,627,37,664
180210601,730,41,771
180210602,799,61,860
180210603,1003,53,1056
180210604,1341,89,1430
180210605,1164,68,1232
180210606,1953,162,2115
180210607,950,38,988
180210608,900,46,946
180210609,1258,65,1323
180210610,951,46,997
180210611,678,38,716
180210612,1227,67,1294
180210613,1118,57,1175
180210614,1281,95,1376
180210615,1062,83,1145
180210616,1108,70,1178
180210701,1247,179,1426
180210702,939,92,1031
180210703,1734,168,1902
180210704,1173,47,1220
180210705,1046,54,1100
180210706,788,33,821
180210707,1474,65,1539
180210708,1959,184,2143
180210709,1207,85,1292
180210710,1360,147,1507
180210711,1499,188,1687
180210712,1368,78,1446
180210713,1161,52,1213
180210714,999,55,1054
180210715,1039,114,1153
180210716,809,47,856
180210801,548,39,587
180210802,966,79,1045
180210803,790,33,823
180210804,589,19,608
180210805,637,31,668
180210806,805,36,841
180210807,578,24,602
180210808,585,18,603
180210809,1248,86,1334
180210810,1110,72,1182
180210811,1695,105,1800
180210812,737,64,801
180210813,789,90,879
180210901,585,20,605
180210902,661,21,682
180210903,772,18,790
180210904,593,23,616
180210905,927,63,990
180210906,1302,57,1359
180210907,1291,79,1370
180210908,1119,36,1155
180210909,740,31,771
180210910,641,17,658
180210911,528,10,538
180210912,1079,60,1139
180210913,588,15,603
180210914,807,37,844
180210915,701,29,730
180211001,931,67,998
180211002,1058,80,1138
180211003,1045,70,1115
180211004,1109,91,1200
180211005,850,99,949
180211006,1706,153,1859
180211007,1140,101,1241
180211101,1026,156,1182
180211102,116,10,126
180211103,541,41,582
180211104,303,36,339
180211105,513,57,570
180211106,1163,150,1313
180211107,1143,114,1257
180211108,836,86,922
180211109,976,123,1099
180211110,688,49,737
180211201,92,3,95
180211202,139,24,163
180211203,109,14,123
180211204,458,31,489
180211205,617,72,689
180211206,496,53,549
180211207,385,71,456
180211208,1187,119,1306
180211209,1644,170,1814
180211210,1114,187,1301
180211211,1074,118,1192
180211212,1118,164,1282
180211213,343,47,390
180211301,1183,105,1288
180211302,539,46,585
180211303,166,24,190
180211304,42,2,44
180211305,402,33,435
180211306,659,73,732
180211307,657,81,738
180211401,6,0,6
180211402,33,3,36
180211501,1060,90,1150
180211502,735,27,762
180211503,399,15,414
180211504,435,10,445
180211505,821,33,854
180211506,716,44,760
180211507,747,56,803
180211508,845,52,897
180211509,695,24,719
180211510,572,22,594
180211511,1365,55,1420
180211512,801,36,837
180211513,794,62,856
180211514,854,43,897
180211515,712,32,744
180211516,1576,118,1694
180211601,651,79,730
180211602,703,71,774
180211603,1337,118,1455
180211604,1756,100,1856
180211605,618,37,655
180211606,662,33,695
180211607,731,32,763
180211608,831,48,879
180211609,879,58,937
180211610,670,40,710
180211611,895,62,957
180211612,784,67,851
180211613,942,90,1032
180211614,931,74,1005
180211615,1198,79,1277
180211616,1242,112,1354
180211701,843,51,894
180211702,1227,113,1340
180211703,1517,148,1665
180211704,1053,84,1137
180211705,808,48,856
180211706,1418,120,1538
180211707,725,47,772
180211708,992,70,1062
180211709,1018,85,1103
180211710,1049,70,1119
180211711,971,56,1027
180211712,700,35,735
180211713,1137,92,1229
180211714,759,31,790
180211715,897,78,975
180211716,772,31,803
180211717,922,57,979
180211718,1572,108,1680
180211801,1576,114,1690
180211802,1076,51,1127
180211803,1530,77,1607
180211804,1706,143,1849
180211805,938,81,1019
180211806,934,80,1014
180211807,1444,112,1556
180211808,1520,129,1649
180211809,2016,214,2230
180211810,906,46,952
180211811,1228,108,1336
180211812,1813,138,1951
180211813,1522,107,1629
180211901,774,33,807
180211902,929,48,977
180211903,612,33,645
180211904,474,22,496
180211905,1136,114,1250
180211906,908,62,970
180211907,863,94,957
180211908,1431,85,1516
180211909,928,27,955
180211910,284,15,299
180211911,884,43,927
180211912,1488,76,1564
180211913,709,63,772
180211914,841,61,902
180211915,991,81,1072
180211916,688,46,734
180211917,611,48,659
180211918,992,77,1069
180212001,1225,79,1304
180212002,1434,106,1540
180212003,1428,81,1509
180212004,1030,90,1120
180212005,946,62,1008
180212006,1268,69,1337
180212007,1009,46,1055
180212008,858,50,908
180212009,1013,70,1083
180212010,1151,98,1249
180212011,1511,93,1604
180212012,1005,78,1083
180212013,1193,82,1275
180212101,1102,68,1170
180212102,755,51,806
180212103,1437,99,1536
180212104,1019,63,1082
180212105,482,26,508
180212106,1844,185,2029
180212107,1222,98,1320
180212108,1364,152,1516
180212109,906,55,961
180212110,1411,93,1504
180212111,1399,98,1497
180212112,1493,157,1650
180212201,538,33,571
180212202,926,83,1009
180212203,1291,140,1431
180212204,1660,238,1898
180212205,1160,183,1343
180212206,1118,165,1283
180212207,1676,291,1967
180212208,979,108,1087
180212209,1385,126,1511
180212210,1161,80,1241
180212211,1409,105,1514
180212212,1735,122,1857
180212301,1743,200,1943
180212302,1411,110,1521
180212303,1495,100,1595
180212304,1184,96,1280
180212305,1667,142,1809
180212306,1027,93,1120
180212307,1420,109,1529
180212308,1127,102,1229
180212309,1362,79,1441
180212310,1493,131,1624
180212311,1472,141,1613
180212312,1521,140,1661
180212313,1399,153,1552
180212314,423,57,480
180280101,1267,231,1498
180280102,475,113,588
180280103,893,156,1049
180280201,73,8,81
180280202,87,20,107
180280301,1789,366,2155
180280302,37,2,39
180280303,269,42,311
180280304,10,6,16
180280305,63,6,69
180280306,140,50,190
180280307,130,32,162
180280308,565,125,690
180280309,1198,276,1474
180280310,895,84,979
180280311,1114,141,1255
180280312,1859,284,2143
180280401,751,110,861
180280402,65,18,83
180280403,160,41,201
180280404,22,6,28
180280405,470,93,563
180280406,510,72,582
180280407,399,75,474
180280408,238,39,277
180280409,314,65,379
180280410,122,19,141
180280411,206,19,225
180280412,567,110,677
180280413,438,81,519
180280501,52,9,61
180280502,60,2,62
180280503,57,6,63
180280601,69,15,84
180280602,22,0,22
180280603,42,14,56
180280604,229,79,308
180280605,26,12,38
180280606,36,24,60
180280701,148,48,196
180280702,535,92,627
180280703,46,18,64
180280704,41,13,54
180280705,65,9,74
180280706,41,14,55
180280707,19,27,46
180350101,902,87,989
180350102,622,108,730
180350103,1073,163,1236
180350104,854,72,926
180350105,815,31,846
180350106,400,15,415
180350107,515,31,546
180350108,436,34,470
180350109,686,66,752
180350110,592,61,653
180350111,1007,129,1136
180350112,671,103,774
180350113,625,58,683
180350114,10,2,12
180350115,738,116,854
180350116,634,118,752
180350201,109,8,117
180350301,146,14,160
180350302,105,20,125
180350303,96,23,119
180350401,79,5,84
180350402,79,20,99
180350501,262,53,315
180350502,211,33,244
180350503,45,6,51
180350601,53,7,60
180350602,57,15,72
180350603,334,78,412
180350701,127,24,151
180350702,61,8,69
180350801,63,7,70
180350802,196,23,219
180350901,59,11,70
180350902,82,15,97
180351001,41,4,45
180351002,21,2,23
180351101,439,92,531
180351102,79,19,98
180351201,115,29,144
180351202,42,11,53
180351203,71,13,84
180351301,161,26,187
180351302,45,11,56
180351303,226,38,264
180351401,370,140,510
180351402,117,32,149
180351501,972,123,1095
180351502,890,214,1104
180351503,85,16,101
180351504,88,22,110
180351505,69,8,77
180351506,329,70,399
180351507,20,4,24
180351508,60,14,74
180351509,75,23,98
180351510,675,83,758
180351511,663,75,738
180351601,57,9,66
180351602,74,11,85
180351701,32,2,34
180351702,32,5,37
180351801,1301,108,1409
180351802,1212,114,1326
180351803,574,44,618
180351804,617,89,706
180351805,908,73,981
180351806,493,30,523
180351807,902,56,958
180351808,1150,117,1267
180351809,985,83,1068
180351810,983,203,1186
180351811,566,113,679
180351901,362,83,445
180351902,701,98,799
180351903,1136,151,1287
180351904,1054,128,1182
180351905,938,89,1027
180351906,487,18,505
180351907,476,17,493
180351908,392,37,429
180351909,547,37,584
180351910,728,81,809
180351911,428,36,464
180351912,707,56,763
180351913,939,146,1085
180420101,805,66,871
180420102,1080,97,1177
180420103,690,61,751
180420104,1154,135,1289
180420105,735,92,827
180420106,773,125,898
180420107,966,74,1040
180420108,903,64,967
180420109,722,97,819
180420201,31,6,37
180420202,193,26,219
180420203,21,9,30
180420204,102,11,113
180420301,349,56,405
180420302,53,16,69
180420303,66,6,72
180420304,396,63,459
180420305,143,26,169
180420306,182,28,210
180420307,509,58,567
180420308,71,8,79
180420401,128,36,164
180420402,36,7,43
180420403,138,37,175
180420404,52,31,83
180420405,83,22,105
180420501,286,41,327
180420502,189,41,230
180420503,205,40,245
180420504,432,63,495
180420505,93,13,106
180420506,567,97,664
180420507,522,55,577
180420601,2,2,4
180420602,40,12,52
180420603,0,0,0
180490101,790,126,916
180490102,773,155,928
180490103,1343,185,1528
180490104,1282,131,1413
180490105,564,45,609
180490106,482,23,505
180490107,666,55,721
180490108,532,26,558
180490109,924,98,1022
180490110,889,45,934
180490111,585,42,627
180490112,606,47,653
180490113,1337,211,1548
180490114,722,91,813
180490115,671,109,780
180490116,1205,108,1313
180490117,943,129,1072
180490118,562,70,632
180490201,117,18,135
180490202,366,88,454
180490203,226,32,258
180490204,54,26,80
180490205,46,7,53
180490206,21,3,24
180490207,721,87,808
180490301,914,124,1038
180490302,20,1,21
180490303,69,9,78
180490304,115,23,138
180490305,144,18,162
180490306,607,137,744
180490307,305,31,336
180490308,812,74,886
180490401,219,31,250
180490402,190,50,240
180490403,92,14,106
180490404,110,14,124
180490405,143,25,168
180490501,258,43,301
180490502,44,10,54
180490503,3,1,4
180490601,43,9,52
180490602,25,4,29
180490603,47,19,66
180490701,2066,378,2444
180490702,344,110,454
180490703,451,102,553
180490704,650,140,790
180490705,47,5,52
180490801,138,15,153
180490802,219,40,259
180490901,12,29,41
180490902,111,102,213
180490903,33,47,80
180490904,73,11,84
180491001,373,116,489
180491002,138,29,167
180491003,40,15,55
180491101,24,33,57
180560101,719,90,809
180560102,617,83,700
180560103,955,143,1098
180560104,907,111,1018
180560105,490,44,534
180560106,397,20,417
180560107,402,29,431
180560108,369,55,424
180560109,416,30,446
180560110,358,42,400
180560201,276,41,317
180560202,96,11,107
180560301,235,44,279
180560302,38,6,44
180560303,35,14,49
180560401,92,18,110
180560402,34,1,35
180560403,28,3,31
180560404,11,0,11
180560501,30,2,32
180560502,19,3,22
180560503,43,10,53
180560504,10,3,13
180560601,18,1,19
180560602,6,1,7
180560603,5,0,5
180560604,51,8,59
180560605,4,0,4
180630101,1439,121,1560
180630102,1101,87,1188
180630103,710,81,791
180630104,902,86,988
180630201,627,57,684
180630202,1015,88,1103
180630203,93,16,109
180630204,419,59,478
180630205,639,49,688
180630206,780,84,864
180630301,394,78,472
180630302,65,14,79
180630303,189,33,222
180630304,105,17,122
180630401,319,26,345
180630402,88,18,106
180630403,27,2,29
180630404,56,3,59
180630405,10,1,11
180630406,108,19,127
180630407,28,4,32
180630408,27,2,29
180630501,114,19,133
180630502,137,13,150
180630503,190,32,222
180630504,41,22,63
180630601,63,13,76
180630602,87,12,99
180630603,16,1,17
180630701,411,55,466
180630702,91,14,105
180630703,178,28,206
180630704,281,54,335
180630705,264,61,325
180630706,128,20,148
180630801,91,6,97
180630802,236,63,299
180630803,152,18,170
180630804,315,52,367
180630805,241,43,284
180630806,420,59,479
180630901,1,0,1
180700101,715,62,777
180700102,714,32,746
180700103,763,47,810
180700104,622,53,675
180700105,662,52,714
180700106,781,37,818
180700107,695,28,723
180700108,646,38,684
180700109,644,56,700
180700110,849,78,927
180700111,1023,76,1099
180700112,739,70,809
180700113,701,96,797
180700114,692,32,724
180700115,898,86,984
180700116,646,62,708
180700117,658,83,741
180700118,278,72,350
180700201,461,83,544
180700202,602,123,725
180700203,506,62,568
180700204,273,22,295
180700205,82,12,94
180700206,123,15,138
180700207,87,16,103
180700208,10,0,10
180700209,189,16,205
180700210,10,2,12
180700301,542,73,615
180700302,310,51,361
180700303,90,21,111
180700401,74,19,93
180700402,120,21,141
180700403,55,19,74
180700404,69,20,89
180700501,221,33,254
180700502,115,23,138
180700503,20,4,24
180700601,77,29,106
180700602,26,8,34
180700603,87,31,118
180700701,83,15,98
180700702,19,5,24
180700703,60,6,66
180700801,207,25,232
180700802,197,36,233
180700803,205,39,244
180700804,269,57,326
180700901,138,31,169
180700902,186,38,224
180701001,76,23,99
180701002,158,34,192
180701003,329,110,439
180701004,170,35,205
180701005,378,120,498
180701101,296,81,377
180701102,272,167,439
180701201,528,133,661
180701202,228,69,297
180701203,145,32,177
180701204,272,70,342
180701301,360,43,403
180701302,134,18,152
180701303,559,96,655
180701304,42,2,44
180701401,371,66,437
180701402,309,81,390
180701403,420,69,489
180701404,237,45,282
180701501,218,26,244
180701502,222,27,249
180701503,335,72,407
180701504,28,11,39
180701505,123,15,138
180701506,1234,93,1327
180701507,1043,94,1137
180701508,1417,98,1515
180701509,1200,106,1306
180701601,291,34,325
180701602,116,8,124
180701603,149,19,168
180701604,201,24,225
180701605,194,16,210
180701606,183,29,212
180701607,284,35,319
180701701,190,25,215
180701702,45,6,51
180701703,184,23,207
180701704,54,9,63
180701801,194,27,221
180701802,221,40,261
180701803,237,30,267
180701901,9,8,17
180701902,441,141,582
180701903,12,14,26
180701904,33,21,54
180701905,26,33,59
180701906,0,0,0
180701907,6,7,13
180701908,5,5,10
180701909,31,36,67
180702001,767,41,808
180702002,705,35,740
180702003,646,47,693
180702004,1118,46,1164
180702005,855,53,908
180702006,859,53,912
180702007,761,45,806
180702008,951,68,1019
180702009,739,27,766
180702010,655,63,718
180702011,562,21,583
180702012,678,22,700
180702013,745,40,785
180702014,522,23,545
180702015,542,18,560
180702016,662,27,689
180702101,598,76,674
180702102,58,5,63
180702103,1373,112,1485
180702104,1128,131,1259
180702105,930,88,1018
180702106,712,47,759
180702107,287,48,335
180702108,571,129,700
180702109,989,135,1124
180702110,794,88,882
180702111,739,83,822
180702112,900,165,1065
180702113,1168,215,1383
180702114,720,74,794
180702115,1287,171,1458
180702116,972,150,1122
180702117,862,180,1042
180702201,1332,230,1562
180702202,1052,241,1293
180702203,869,92,961
180702204,1302,151,1453
180702205,690,102,792
180702206,1020,119,1139
180702207,632,45,677
180702208,789,116,905
180702209,687,49,736
180702210,1431,181,1612
180702211,79,21,100
180702212,1188,93,1281
180702213,1094,82,1176
180702214,943,122,1065
180702215,1342,287,1629
180702216,987,208,1195
180702217,962,70,1032
180702218,1036,141,1177
180770101,654,75,729
180770102,503,33,536
180770103,982,127,1109
180770104,939,87,1026
180770105,656,52,708
180770106,754,74,828
180770201,565,69,634
180770202,226,38,264
180770203,196,14,210
180770204,300,46,346
180770205,231,14,245
180770206,33,3,36
180770207,53,2,55
180770208,548,62,610
180770301,468,89,557
180770302,190,25,215
180770401,66,12,78
180770402,230,37,267
180770501,70,11,81
180770502,90,12,102
180770503,12,2,14
180770601,0,0,0
180770602,0,1,1
180770603,0,0,0
180840101,1145,159,1304
180840102,730,63,793
180840103,761,80,841
180840104,571,49,620
180840105,684,40,724
180840106,833,66,899
180840107,1236,132,1368
180840108,933,97,1030
180840109,663,35,698
180840110,677,38,715
180840111,649,52,701
180840112,936,82,1018
180840113,703,43,746
180840114,955,40,995
180840115,996,51,1047
180840116,1071,61,1132
180840117,327,39,366
180840118,1530,186,1716
180840201,1016,176,1192
180840202,55,8,63
180840203,214,41,255
180840204,460,88,548
180840205,754,152,906
180840206,20,1,21
180840301,221,46,267
180840302,39,16,55
180840303,10,1,11
180840304,18,3,21
180840305,12,0,12
180840306,54,17,71
180840401,2,2,4
180840402,18,0,18
180840403,66,5,71
180840404,25,5,30
180840501,116,16,132
180840502,76,17,93
180840503,79,16,95
180840601,51,13,64
180840602,27,2,29
180840603,36,8,44
180840701,92,20,112
180840702,31,3,34
180840703,32,6,38
180840801,9,1,10
180840802,50,9,59
180840901,64,9,73
180840902,56,8,64
180840903,84,7,91
180841001,550,62,612
180841002,668,97,765
180841003,569,84,653
180841004,344,50,394
180841005,113,19,132
180841006,29,7,36
180841007,215,34,249
180841008,28,4,32
180841009,19,1,20
180841101,821,85,906
180841102,245,22,267
180841103,85,14,99
180841104,254,34,288
180841105,440,78,518
180841106,52,11,63
180841107,39,4,43
180841108,103,16,119
180841109,1106,114,1220
180841201,867,100,967
180841202,90,26,116
180841203,433,82,515
180841204,83,23,106
180841205,7,1,8
180841206,0,0,0
180841207,0,0,0
180910101,1082,79,1161
180910102,669,46,715
180910103,499,22,521
180910104,769,140,909
180910105,990,158,1148
180910106,1024,112,1136
180910107,917,91,1008
180910108,776,68,844
180910109,725,56,781
180910110,1470,254,1724
180910201,582,53,635
180910202,344,67,411
180910203,767,168,935
180910204,387,77,464
180910205,51,5,56
180910206,413,81,494
180910207,544,80,624
180910208,560,87,647
180910209,854,130,984
180910210,416,79,495
180910211,428,45,473
180910212,206,32,238
180910301,517,41,558
180910302,294,36,330
180910303,362,44,406
180910304,101,18,119
180910305,210,26,236
180910401,444,65,509
180910402,279,48,327
180910403,221,32,253
180910404,237,26,263
180910405,374,69,443
180910406,158,15,173
180910407,65,15,80
180910501,67,14,81
180910502,49,7,56
180910503,239,30,269
180910504,137,20,157
180910505,35,5,40
180910506,34,16,50
180910601,33,5,38
180910602,26,1,27
180910603,28,5,33
180910701,556,63,619
180910702,172,41,213
180910703,362,51,413
180910704,456,88,544
180910705,130,22,152
180910706,883,136,1019
180910801,122,13,135
180910802,605,168,773
180910803,811,152,963
180910804,499,94,593
180910805,151,38,189
180910806,340,85,425
180910901,4,3,7
180910902,1,0,1
180910903,0,0,0
180980101,806,102,908
180980102,852,69,921
180980103,1135,185,1320
180980104,594,31,625
180980105,516,37,553
180980106,752,77,829
180980107,666,133,799
180980201,303,56,359
180980202,190,38,228
180980203,566,117,683
180980301,209,34,243
180980302,386,58,444
180980303,136,22,158
180980304,199,31,230
180980401,9,0,9
180980402,61,14,75
180980403,149,38,187
180980501,47,8,55
180980502,53,14,67
180980503,29,12,41
181050101,867,146,1013
181050102,876,135,1011
181050103,1006,197,1203
181050104,933,103,1036
181050105,643,101,744
181050106,1166,149,1315
181050107,1442,228,1670
181050108,394,56,450
181050109,848,75,923
181050110,783,45,828
181050111,426,14,440
181050112,854,74,928
181050113,1250,135,1385
181050114,1241,130,1371
181050115,504,25,529
181050201,45,4,49
181050202,211,31,242
181050203,107,17,124
181050204,1039,125,1164
181050301,44,2,46
181050302,116,10,126
181050401,63,4,67
181050402,22,1,23
181050501,30,8,38
181050502,36,14,50
181050503,29,8,37
181050601,66,14,80
181050602,49,7,56
181050603,28,4,32
181050701,18,2,20
181050702,15,1,16
181050801,92,22,114
181050802,64,19,83
181050803,96,8,104
181050804,32,1,33
181050805,704,60,764
181050806,16,2,18
181050901,726,103,829
181050902,30,6,36
181050903,60,5,65
181050904,822,99,921
181051001,4,1,5
181051002,3,0,3
181051003,241,53,294
181051101,1224,155,1379
181051102,32,7,39
181051103,52,2,54
181051104,20,5,25
181051201,118,24,142
181051202,132,25,157
181051203,67,4,71
181051204,229,31,260
181051301,265,25,290
181051302,59,12,71
181051303,12,1,13
181051304,103,6,109
181051305,65,17,82
181051306,5,0,5
181051401,13,1,14
181051402,14,1,15
181051403,13,1,14
181051404,9,2,11
181051501,21,6,27
181051502,1,0,1
181051503,11,4,15
181051601,260,49,309
181051602,66,10,76
181051603,53,5,58
181051604,33,8,41
181051605,79,10,89
181051701,21,3,24
181051702,24,0,24
181051801,92,16,108
181051802,13,0,13
181051901,38,11,49
181051902,34,4,38
181052001,24,4,28
181052002,38,3,41
181052003,30,4,34
181052101,639,33,672
181052102,1394,109,1503
181052103,935,106,1041
181052104,766,102,868
181052105,732,45,777
181052106,848,66,914
181052107,1266,159,1425
181052108,849,55,904
181052109,633,87,720
181052110,623,59,682
181052111,1003,137,1140
181052112,1428,162,1590
181052113,1185,173,1358
181052114,879,78,957
181120101,961,104,1065
181120102,306,34,340
181120103,177,30,207
181120104,982,58,1040
181120105,637,43,680
181120106,1157,73,1230
181120107,908,86,994
181120108,1103,131,1234
181120109,623,53,676
181120110,511,47,558
181120111,450,28,478
181120112,635,75,710
181120113,405,16,421
181120114,1050,85,1135
181120201,85,6,91
181120202,194,38,232
181120203,170,12,182
181120204,91,6,97
181120205,90,6,96
181120206,113,11,124
181120207,71,2,73
181120208,49,2,51
181120209,71,10,81
181120210,157,16,173
181120211,11,6,17
181120212,427,45,472
181120301,49,2,51
181120302,26,2,28
181120303,49,8,57
181120304,12,1,13
181120401,129,20,149
181120402,44,9,53
181120403,172,24,196
181120404,520,68,588
181120405,111,3,114
181120406,26,9,35
181120407,90,7,97
181120408,17,1,18
181120409,48,11,59
181120410,76,7,83
181120411,16,3,19
181120501,10,1,11
181120502,74,6,80
181120503,54,5,59
181120504,10,0,10
181120601,66,2,68
181120602,145,16,161
181120603,16,4,20
181120604,41,5,46
181120701,1011,119,1130
181120702,296,45,341
181120703,49,4,53
181120704,132,11,143
181120705,75,3,78
181120706,39,1,40
181120707,29,6,35
181120708,29,7,36
181120709,0,0,0
181120710,111,11,122
181120801,152,11,163
181120802,157,15,172
181120803,219,13,232
181120804,217,26,243
181120805,56,4,60
181120806,820,46,866
181120807,761,43,804
181120808,1436,138,1574
181120809,807,114,921
181120810,1339,126,1465
181120901,626,77,703
181120902,740,48,788
181120903,577,33,610
181120904,444,14,458
181120905,573,23,596
181120906,453,27,480
181120907,857,48,905
181120908,961,79,1040
181120909,693,59,752
181120910,797,80,877
181120911,822,63,885
181120912,591,41,632
181120913,1573,208,1781
181120914,767,159,926
181190101,758,116,874
181190102,874,50,924
181190103,1070,81,1151
181190104,1604,143,1747
181190105,955,79,1034
181190106,485,29,514
181190107,690,62,752
181190108,838,72,910
181190109,1411,183,1594
181190110,915,116,1031
181190111,762,105,867
181190112,218,13,231
181190113,458,106,564
181190114,702,44,746
181190115,1330,156,1486
181190116,941,85,1026
181190117,698,128,826
181190201,23,1,24
181190202,38,4,42
181190301,280,34,314
181190302,217,39,256
181190303,24,1,25
181190401,830,134,964
181190402,39,6,45
181190403,68,7,75
181190404,68,9,77
181190501,75,10,85
181190502,57,5,62
181190601,632,90,722
181190602,33,3,36
181190701,29,3,32
181190702,110,15,125
181190703,18,4,22
181190801,15,2,17
181190802,56,4,60
181190901,427,57,484
181190902,14,1,15
181190903,24,7,31
181190904,3,0,3
181190905,51,3,54
181191001,107,20,127
181191002,86,14,100
181191003,57,17,74
181191101,13,5,18
181191102,19,2,21
181191103,32,8,40
181191201,50,10,60
181191202,20,2,22
181191203,33,3,36
181191301,5,1,6
181191401,401,71,472
181191402,757,110,867
181191403,1343,224,1567
181191404,505,76,581
181191405,1399,107,1506
181191406,744,90,834
181191407,1047,134,1181
181191501,882,105,987
181191502,543,76,619
181191503,1058,79,1137
181191504,873,95,968
181191505,938,47,985
181191506,472,27,499
181191507,783,69,852
181191508,906,132,1038
181191509,730,93,823
181191510,682,40,722
181191511,797,27,824
181191512,538,25,563
181191513,633,23,656
181191514,214,24,238
181191515,1005,110,1115
181191516,457,25,482
181191517,314,26,340
181191518,473,18,491
181191519,1117,134,1251
181191520,1132,84,1216
181191521,835,93,928
181191522,779,97,876
181191523,593,26,619
181260101,1031,137,1168
181260102,992,117,1109
181260103,797,54,851
181260104,1143,89,1232
181260105,1297,122,1419
181260106,1263,101,1364
181260107,1334,123,1457
181260108,1297,177,1474
181260109,846,116,962
181260201,152,31,183
181260202,1078,126,1204
181260203,17,6,23
181260301,478,85,563
181260302,87,19,106
181260401,107,43,150
181260402,114,15,129
181260501,986,169,1155
181260502,308,46,354
181260601,401,76,477
181260602,55,20,75
181260603,19,5,24
181260701,1248,170,1418
181260702,250,37,287
181260703,396,85,481
181260801,157,23,180
181260802,80,26,106
181260901,944,123,1067
181260902,1228,114,1342
181260903,308,51,359
181260904,164,31,195
181330101,726,55,781
181330102,402,46,448
181330103,412,45,457
181330104,112,17,129
181330201,139,11,150
181330202,207,12,219
181330203,187,21,208
181330204,378,44,422
181330205,198,29,227
181330206,493,38,531
181330207,508,23,531
181330208,624,36,660
181330209,275,15,290
181330210,290,31,321
181330211,98,6,104
181330212,336,32,368
181330213,305,21,326
181330214,1345,136,1481
181330215,178,31,209
181330216,62,12,74
181330301,911,103,1014
181330302,475,48,523
181330303,66,15,81
181330304,56,3,59
181330305,4,1,5
181330401,545,94,639
181330402,87,10,97
181330403,256,27,283
181330501,911,52,963
181330502,818,77,895
181330503,221,21,242
181330504,196,25,221
181330505,177,28,205
181330506,225,49,274
181330507,214,19,233
181330601,2,0,2
181330602,0,0,0
181330603,1,0,1
181400101,891,155,1046
181400102,718,89,807
181400103,864,115,979
181400104,808,56,864
181400105,976,98,1074
181400106,1270,93,1363
181400107,950,83,1033
181400108,813,72,885
181400109,943,124,1067
181400110,1038,171,1209
181400201,228,76,304
181400202,269,43,312
181400203,1447,232,1679
181400204,139,17,156
181400205,18,6,24
181400206,659,70,729
181400301,83,21,104
181400302,113,21,134
181400303,41,9,50
181400401,31,6,37
181400402,66,9,75
181400403,58,12,70
181400404,66,29,95
181400405,165,54,219
181400501,61,30,91
181400502,37,15,52
181400503,37,4,41
181400504,44,22,66
181400601,189,51,240
181400602,237,70,307
181400603,6,0,6
181400604,18,2,20
181400701,112,35,147
181400702,56,8,64
181400703,220,44,264
181400704,45,7,52
181400801,20,2,22
181400802,86,8,94
181400803,213,58,271
181400804,62,17,79
181400805,120,24,144
181400806,52,7,59
181400807,15,2,17
181400808,2,0,2
181400809,29,17,46
181400901,14,3,17
181400902,93,21,114
181400903,121,22,143
181470101,834,136,970
181470102,844,96,940
181470103,786,114,900
181470104,634,54,688
181470105,826,65,891
181470106,1064,152,1216
181470107,660,91,751
181470201,169,23,192
181470202,173,38,211
181470203,96,17,113
181470204,65,14,79
181470205,551,99,650
181470206,766,68,834
181470207,586,44,630
181470301,41,3,44
181470302,29,8,37
181470303,31,4,35
181470304,47,10,57
181470401,56,4,60
181470402,33,6,39
181470403,51,3,54
181470501,22,3,25
181470502,86,20,106
181470503,6,5,11
181470601,4,0,4
181470602,31,11,42
181470603,25,3,28
181470604,11,0,11
181470701,38,6,44
181470702,7,2,9
181470703,9,1,10
181470801,498,120,618
181470802,503,86,589
181470803,46,13,59
181470804,34,7,41
181470901,21,2,23
181470902,73,13,86
181470903,72,17,89
181471001,37,3,40
181471002,12,11,23
181471003,29,3,32
181471004,7,0,7
181471101,11,10,21
181471102,26,8,34
181471103,0,3,3
181471201,354,45,399
181471202,52,11,63
181471203,29,6,35
181471204,372,53,425
181540101,1474,212,1686
181540102,1251,150,1401
181540103,839,108,947
181540201,188,40,228
181540202,1073,221,1294
181540203,777,180,957
181540204,18,0,18
181540301,49,1,50
181540302,7,0,7
181540401,212,42,254
181540402,200,31,231
181540501,13,0,13
181540502,12,5,17
181540601,73,7,80
181540602,18,1,19
181540603,50,8,58
181540701,684,90,774
181540702,356,91,447
181540703,458,72,530
181540704,776,98,874
181540801,23,6,29
181540802,39,3,42
181540901,0,0,0
181610101,670,92,762
181610102,791,145,936
181610103,669,76,745
181610104,727,44,771
181610105,908,124,1032
181610106,1149,136,1285
181610107,589,117,706
181610108,613,68,681
181610201,321,63,384
181610202,400,63,463
181610203,256,51,307
181610204,220,34,254
181610205,78,21,99
181610206,342,81,423
181610301,326,83,409
181610302,4,0,4
181610303,112,24,136
181610304,14,2,16
181610401,462,94,556
181610402,272,46,318
181610403,29,6,35
181610404,211,27,238
181610405,762,81,843
181610501,89,14,103
181610502,47,12,59
181610503,96,14,110
181610504,917,133,1050
181610505,1066,166,1232
181610601,879,147,1026
181610602,247,44,291
181610603,295,48,343
181610604,28,10,38
181610605,426,62,488
181610606,201,34,235
181610607,872,92,964
181680101,150,31,181
181680102,795,58,853
181680103,735,56,791
181680104,808,56,864
181680105,594,37,631
181680106,932,131,1063
181680107,1016,165,1181
181680108,934,110,1044
181680109,991,153,1144
181680110,847,71,918
181680201,297,55,352
181680202,192,25,217
181680301,90,14,104
181680302,62,13,75
181680303,33,12,45
181680401,42,5,47
181680402,31,3,34
181680403,39,3,42
181680501,132,36,168
181680502,25,6,31
181680601,20,5,25
181680602,24,1,25
181680603,163,42,205
181680604,23,4,27
181680701,902,164,1066
181680702,1455,208,1663
181680703,1343,175,1518
181680704,742,110,852
181680705,1990,429,2419
181680706,1289,231,1520
181680707,701,104,805
181680708,1,0,1
181680709,0,0,0
181680710,22,2,24
181680711,551,85,636
181680712,1352,204,1556
181680713,930,82,1012
181680714,575,47,622
181680715,814,72,886
181680716,833,67,900
181680717,793,78,871
181680718,1369,94,1463
181680719,1155,107,1262
181680720,1017,128,1145
181680721,757,71,828
181680722,1401,202,1603
181680723,660,46,706
181680724,683,49,732
181680725,1648,155,1803
181680726,12,1,13
181680727,825,157,982
181680801,133,28,161
181680802,34,3,37
181680803,4,0,4
181680804,39,6,45
181680901,17,3,20
181680902,6,0,6
181680903,17,1,18
181680904,12,2,14
181681001,6,0,6
181681002,172,31,203
181681003,72,8,80
181681101,6,2,8
181681102,9,1,10
181681103,244,32,276
181681201,284,64,348
181681202,13,2,15
181681203,40,5,45
181681204,26,8,34
181681301,34,2,36
181681302,92,17,109
181681303,488,64,552
181681304,17,4,21
181681305,224,24,248
181681306,518,106,624
181681307,1839,188,2027
181681401,667,66,733
181681402,172,22,194
181681403,60,4,64
181681404,192,14,206
181681501,193,30,223
181681502,10,0,10
181681601,526,92,618
181681602,166,7,173
181681603,75,4,79
181681604,18,0,18
181681701,1110,147,1257
181681702,705,28,733
181681703,839,43,882
181681704,728,67,795
181681705,542,36,578
181681706,499,12,511
181681707,908,50,958
181681708,1156,107,1263
181681709,943,128,1071
181681710,1142,181,1323
181681711,634,79,713
181681712,1188,83,1271
181681713,785,43,828
181681714,873,105,978
181750101,676,123,799
181750102,570,95,665
181750103,620,41,661
181750104,885,142,1027
181750105,1029,171,1200
181750106,860,89,949
181750107,930,119,1049
181750108,241,41,282
181750201,30,11,41
181750202,45,10,55
181750203,33,7,40
181750204,78,11,89
181750301,40,8,48
181750302,51,14,65
181750303,101,18,119
181750401,90,9,99
181750402,137,22,159
181750403,198,25,223
181750501,259,61,320
181750502,20,4,24
181750503,69,12,81
181750601,162,49,211
181750602,104,41,145
181750603,15,3,18
181750604,10,2,12
181750605,39,16,55
181750701,14,8,22
181750702,17,7,24
181750801,22,4,26
181750802,17,4,21
220070101,1313,136,1449
220070102,1581,177,1758
220070103,977,77,1054
220070104,682,68,750
220070201,224,47,271
220070202,85,12,97
220070203,101,35,136
220070204,309,55,364
220070205,116,16,132
220070206,200,50,250
220070207,265,67,332
220070208,1401,265,1666
220070209,484,100,584
220070301,87,21,108
220070302,144,15,159
220070303,76,19,95
220070304,257,61,318
220070401,108,20,128
220070402,54,18,72
220070403,41,6,47
220070404,68,9,77
220070501,281,73,354
220070502,658,131,789
220070503,536,57,593
220070504,151,35,186
220070505,158,33,191
220070506,879,202,1081
220070507,610,65,675
220070508,1138,279,1417
220070509,1018,279,1297
220070601,269,45,314
220070602,257,35,292
220070603,412,73,485
220070604,156,31,187
220070701,796,222,1018
220070702,988,221,1209
220070703,418,58,476
220070704,587,40,627
220070705,1240,115,1355
220070706,825,114,939
220070707,770,127,897
220070708,1308,182,1490
220070801,219,31,250
220070802,184,30,214
220070803,200,40,240
220070804,131,24,155
220070805,57,6,63
220070806,62,30,92
220070807,793,167,960
220070901,861,116,977
220070902,738,93,831
220070903,266,35,301
220070904,669,78,747
220070905,1024,169,1193
220140101,19,6,25
220140102,232,37,269
220140103,542,57,599
220140201,13,0,13
220140202,42,11,53
220140203,54,8,62
220140301,19,3,22
220140302,12,1,13
220140303,17,4,21
220140304,8,1,9
220140305,74,6,80
220140306,59,7,66
220140307,766,99,865
220140308,714,80,794
220140401,849,105,954
220140402,648,69,717
220140403,201,27,228
220140404,191,32,223
220140405,1079,150,1229
220140406,283,42,325
220140407,223,28,251
220140408,769,45,814
220140409,546,92,638
220140410,902,75,977
220140411,608,28,636
220140412,1069,201,1270
220140501,860,91,951
220140502,1117,79,1196
220140503,842,43,885
220140504,907,108,1015
220140505,537,73,610
220140601,969,74,1043
220140602,589,34,623
220140603,693,38,731
220140604,1277,150,1427
220140605,446,39,485
220140701,75,8,83
220140702,342,61,403
220140703,114,19,133
220140704,798,93,891
220140705,679,73,752
220140801,222,50,272
220140802,192,34,226
220140803,268,78,346
220140804,63,11,74
220140805,281,54,335
220140901,32,2,34
220140902,66,19,85
220210101,99,19,118
220210102,132,20,152
220210201,115,24,139
220210202,88,33,121
220210301,47,16,63
220210302,164,40,204
220210303,107,18,125
220210401,216,41,257
220210402,20,1,21
220210403,523,104,627
220210501,131,30,161
220210502,344,72,416
220210503,484,101,585
220210504,595,17,612
220210505,826,178,1004
220210506,715,135,850
220210507,1071,122,1193
220210508,1132,168,1300
220210601,556,118,674
220210602,151,31,182
220210603,250,86,336
220210604,366,102,468
220210605,890,170,1060
220210606,482,93,575
220210607,749,248,997
220210608,987,184,1171
220210701,1078,113,1191
220210702,556,26,582
220210703,425,20,445
220210704,1917,220,2137
220210705,676,59,735
220210706,521,21,542
220210707,576,48,624
220210708,931,54,985
220210709,974,53,1027
220210710,836,95,931
220210711,555,29,584
220210712,386,22,408
220210713,1060,50,1110
220210714,668,35,703
220210715,636,33,669
220210716,428,20,448
220210717,364,15,379
220210718,669,43,712
220210719,1280,93,1373
220210720,536,25,561
220210721,802,113,915
220210722,385,92,477
220210723,530,19,549
220210801,1196,121,1317
220210802,958,222,1180
220210803,1012,228,1240
220210804,856,70,926
220210805,366,13,379
220210806,876,74,950
220210807,616,32,648
220210808,1019,116,1135
220210809,825,77,902
220210810,540,38,578
220210811,837,163,1000
220210812,730,95,825
220210813,810,113,923
220210814,1044,182,1226
220210815,759,192,951
220210816,653,90,743
220210901,56,5,61
220210902,123,24,147
220210903,141,19,160
220211001,130,23,153
220211002,136,33,169
220211003,94,17,111
220211101,155,33,188
220211102,51,12,63
220211103,112,22,134
220211201,94,19,113
220211202,213,40,253
220211301,123,14,137
220211302,149,23,172
220211401,95,8,103
220211402,100,10,110
220211501,504,13,517
220211502,479,19,498
220211503,407,14,421
220211504,854,38,892
220211505,812,63,875
220211506,2404,512,2916
220211507,661,35,696
220211508,1196,103,1299
220211509,862,97,959
220211510,943,54,997
220211511,1256,90,1346
220211512,800,192,992
220211513,292,9,301
220211601,1003,148,1151
220211602,814,66,880
220211603,433,13,446
220211604,606,42,648
220211605,1177,241,1418
220211606,500,42,542
220211607,605,22,627
220211608,694,61,755
220211609,642,77,719
220211610,946,124,1070
220211611,1089,60,1149
220211612,619,37,656
220211613,720,38,758
220211614,803,177,980
220211615,774,169,943
220211616,604,18,622
220211617,686,123,809
220211618,1053,176,1229
220211701,563,41,604
220211702,389,20,409
220211703,662,52,714
220211704,361,17,378
220211705,543,27,570
220211706,759,38,797
220211707,919,70,989
220211708,679,75,754
220211709,1087,113,1200
220211710,928,63,991
220211711,647,39,686
220211712,1021,150,1171
220211713,858,120,978
220211714,1165,252,1417
220211715,493,50,543
220211716,770,79,849
220211717,692,128,820
220211718,798,149,947
220280101,874,84,958
220280102,1376,156,1532
220280103,752,44,796
220280104,883,37,920
220280105,1092,73,1165
220280106,977,92,1069
220280107,758,25,783
220280108,620,52,672
220280109,866,109,975
220280110,971,87,1058
220280111,447,12,459
220280112,702,31,733
220280113,1114,102,1216
220280114,949,34,983
220280115,1053,114,1167
220280116,1252,156,1408
220280117,1120,96,1216
220280118,1005,124,1129
220280201,562,106,668
220280202,210,45,255
220280203,526,110,636
220280301,581,74,655
220280302,397,82,479
220280303,124,26,150
220280304,186,22,208
220280305,185,43,228
220280306,704,42,746
220280307,813,74,887
220280308,736,63,799
220280309,1190,176,1366
220280310,1033,252,1285
220280311,1208,148,1356
220280401,114,11,125
220280402,92,15,107
220280403,104,16,120
220280501,322,121,443
220280502,46,10,56
220280503,115,32,147
220360101,782,237,1019
220360102,922,133,1055
220360103,301,32,333
220360104,547,52,599
220360105,954,95,1049
220360106,1130,107,1237
220360107,591,32,623
220360108,806,51,857
220360109,536,77,613
220360110,964,177,1141
220360111,707,81,788
220360112,866,106,972
220360113,1004,157,1161
220360114,767,102,869
220360201,170,44,214
220360202,277,59,336
220360203,205,50,255
220360204,64,18,82
220360301,3,0,3
220360302,518,95,613
220360303,121,11,132
220360304,483,110,593
220360305,188,28,216
220360401,72,11,83
220360402,62,7,69
220360403,291,29,320
220360404,70,21,91
220360405,372,38,410
220360406,76,5,81
220360501,36,5,41
220360502,84,12,96
220360601,96,8,104
220360602,50,16,66
220360603,380,48,428
220360604,65,19,84
220360701,81,16,97
220360702,47,9,56
220360801,19,3,22
220360802,5,0,5
220360803,13,1,14
220360804,13,2,15
220360805,7,0,7
220360901,1348,169,1517
220360902,515,91,606
220360903,7,3,10
220360904,81,17,98
220360905,43,16,59
220360906,589,91,680
220360907,1036,163,1199
220390101,363,57,420
220390102,138,32,170
220390103,33,7,40
220390104,25,9,34
220390105,379,95,474
220390106,906,116,1022
220390107,565,44,609
220390108,697,111,808
220390109,933,109,1042
220390110,590,31,621
220390111,630,83,713
220390201,108,11,119
220390202,90,18,108
220390203,100,11,111
220390204,133,28,161
220390301,63,6,69
220390302,13,3,16
220390303,120,27,147
220390304,102,16,118
220390305,252,36,288
220430101,692,64,756
220430102,532,30,562
220430103,1017,145,1162
220430104,811,111,922
220430105,701,76,777
220430106,732,73,805
220430201,468,69,537
220430202,229,45,274
220430203,325,60,385
220430204,133,12,145
220430205,1187,217,1404
220430301,35,12,47
220430302,356,146,502
220430303,457,115,572
220430304,478,144,622
220430305,782,133,915
220430401,49,1,50
220430402,229,32,261
220430403,104,25,129
220430501,76,20,96
220430502,156,39,195
220430503,48,9,57
220490101,719,80,799
220490102,850,152,1002
220490103,888,198,1086
220490104,764,124,888
220490201,60,9,69
220490202,57,4,61
220490203,6,5,11
220490301,137,28,165
220490302,146,16,162
220490303,118,13,131
220490304,1523,345,1868
220490305,73,10,83
220490306,60,24,84
220490307,603,136,739
220490308,349,104,453
220490309,915,138,1053
220490310,523,169,692
220490311,1343,308,1651
220490401,82,19,101
220490402,34,5,39
220490403,122,15,137
220560101,1185,105,1290
220560102,1446,167,1613
220560201,1034,130,1164
220560202,64,13,77
220560203,111,15,126
220560204,11,1,12
220560301,156,12,168
220560302,183,18,201
220560303,286,41,327
220560304,185,30,215
220560305,741,101,842
220560306,811,65,876
220560307,50,8,58
220560308,33,2,35
220560309,786,77,863
220560310,865,71,936
220560311,1065,114,1179
220560312,309,52,361
220560313,1198,153,1351
220560314,942,92,1034
220560401,38,3,41
220560402,33,5,38
220630101,804,86,890
220630102,815,61,876
220630103,547,64,611
220630104,685,35,720
220630105,673,59,732
220630106,722,64,786
220630107,821,66,887
220630108,823,111,934
220630109,616,44,660
220630202,1018,205,1223
220630203,897,159,1056
220630204,456,93,549
220630205,67,11,78
220630206,254,64,318
220630207,207,39,246
220630208,802,228,1030
220630209,265,127,392
220630210,683,190,873
220630211,283,51,334
220630212,574,220,794
220630213,218,95,313
220630214,1151,245,1396
220630215,847,121,968
220630216,230,18,248
220630301,652,112,764
220630302,595,105,700
220630303,313,71,384
220630304,627,184,811
220630305,720,167,887
220630306,726,296,1022
220630307,366,118,484
220630308,370,71,441
220630309,1291,179,1470
220630310,1261,359,1620
220630311,1213,137,1350
220630401,1096,295,1391
220630402,113,26,139
220630403,188,45,233
220630404,1108,172,1280
220630501,209,74,283
220630502,182,59,241
220630503,524,209,733
220630504,325,104,429
220630505,675,163,838
220630506,588,147,735
220630507,527,155,682
220630508,1426,249,1675
220630509,1226,250,1476
220630601,53,36,89
220630602,758,338,1096
220630603,648,194,842
220630604,7,3,10
220630605,893,278,1171
220630701,413,97,510
220630702,1289,457,1746
220630703,384,94,478
220630704,26,15,41
220630705,1341,209,1550
220630801,1415,235,1650
220630814,677,52,729
220630816,1119,168,1287
220630817,1054,111,1165
220630818,472,39,511
220630824,562,214,776
220630825,514,39,553
220630826,374,32,406
220630827,464,55,519
220630915,1006,322,1328
220630919,1170,275,1445
220630920,1151,216,1367
220630921,1209,223,1432
220630922,501,60,561
220630923,740,227,967
220630928,539,74,613
220630929,570,97,667
220630930,562,196,758
220630931,884,97,981
220630932,672,169,841
220700101,851,154,1005
220700102,742,98,840
220700103,1219,279,1498
220700104,1126,208,1334
220700105,791,152,943
220700201,134,54,188
220700202,1149,247,1396
220700203,72,26,98
220700204,72,10,82
220700205,480,123,603
220700206,1325,404,1729
220700301,1012,237,1249
220700302,210,34,244
220700303,162,28,190
220700304,154,26,180
220700305,190,49,239
220700306,240,40,280
220700307,1161,195,1356
220700308,758,143,901
220700309,657,116,773
220700310,441,114,555
220700311,663,167,830
220700401,1004,225,1229
220700402,189,44,233
220700403,210,33,243
220700404,88,8,96
220700405,204,47,251
220700406,1061,187,1248
220700501,218,33,251
220700502,93,21,114
220700503,43,14,57
220700504,33,6,39
220700601,188,33,221
220700602,119,22,141
220700603,219,46,265
220770101,952,48,1000
220770102,522,51,573
220770103,1363,113,1476
220770104,853,74,927
220770105,811,46,857
220770106,726,43,769
220770107,1057,99,1156
220770201,204,33,237
220770202,679,67,746
220770203,139,22,161
220770204,75,6,81
220770205,85,8,93
220770206,351,55,406
220770207,91,19,110
220770208,222,30,252
220770301,203,35,238
220770302,949,87,1036
220770303,530,98,628
220770304,308,59,367
220770305,96,11,107
220770306,25,5,30
220770307,76,6,82
220770308,24,5,29
220770401,20,5,25
220770402,33,6,39
220770403,35,5,40
220840101,1394,195,1589
220840102,762,172,934
220840103,864,112,976
220840104,772,76,848
220840105,1089,443,1532
220840201,38,25,63
220840202,347,92,439
220840203,909,188,1097
220840204,462,139,601
220840205,1717,887,2604
220840206,474,109,583
220840207,244,107,351
220840208,721,73,794
220840209,1131,254,1385
220840301,37,5,42
220840302,82,16,98
220840303,344,119,463
220840401,271,59,330
220840402,277,45,322
220840403,114,27,141
220840404,105,31,136
220840501,765,101,866
220840502,922,122,1044
220840503,809,197,1006
220840504,859,174,1033
220840601,1003,143,1146
220840602,82,18,100
220840603,165,42,207
220840604,275,48,323
220840605,645,92,737
220840606,48,8,56
220840607,7,5,12
220840701,366,87,453
220840702,24,3,27
220840703,54,12,66
220840704,44,15,59
220840705,60,13,73
220840706,121,21,142
220840707,195,26,221
220840801,412,96,508
220840802,222,27,249
220840803,308,60,368
220840804,712,153,865
220840805,408,97,505
220840901,39,6,45
220840902,28,3,31
220840903,175,36,211
220840904,121,11,132
220841001,234,58,292
220841002,857,109,966
220841003,26,6,32
220841004,421,51,472
220841005,940,105,1045
220841006,495,75,570
220841101,1221,174,1395
220841102,465,26,491
220841103,381,40,421
220841104,859,90,949
220841105,932,80,1012
220841106,790,71,861
220841107,620,29,649
220841108,737,58,795
220841109,461,52,513
220841110,1222,95,1317
220841111,888,164,1052
220841112,824,102,926
220841201,1310,160,1470
220841202,962,96,1058
220841203,679,116,795
220841204,847,102,949
220841205,582,30,612
220841206,551,30,581
220841207,835,73,908
220841208,560,63,623
220841209,655,78,733
220841210,899,231,1130
220841211,1132,241,1373
220841212,829,158,987
220841213,782,90,872
220841214,814,157,971
220841215,805,111,916
220841216,1236,309,1545
220841217,611,139,750
220910101,1018,107,1125
220910102,671,56,727
220910103,1120,169,1289
220910104,722,55,777
220910105,686,70,756
220910201,141,28,169
220910202,298,55,353
220910203,275,64,339
220910204,263,43,306
220910301,365,77,442
220910302,530,99,629
220910303,713,115,828
220910304,163,31,194
220910401,311,46,357
220910402,394,107,501
220910403,450,101,551
220910404,191,21,212
220910501,1622,296,1918
220910502,855,146,1001
220910503,295,46,341
220910504,324,47,371
220910505,188,27,215
220910506,353,31,384
220910507,896,125,1021
220910508,1412,222,1634
220910509,1266,236,1502
220910510,1068,229,1297
220910511,713,158,871
220910512,928,99,1027
220910513,915,103,1018
220910601,123,18,141
220910602,354,49,403
220910701,135,16,151
220910702,148,28,176
220910703,375,84,459
220910704,307,50,357
220980101,874,66,940
220980102,480,166,646
220980103,1554,187,1741
220980104,1016,115,1131
220980105,870,115,985
220980106,772,98,870
220980107,778,55,833
220980108,612,39,651
220980109,659,34,693
220980110,968,120,1088
220980111,1015,102,1117
220980112,467,27,494
220980113,314,13,327
220980114,295,22,317
220980115,420,16,436
220980116,380,18,398
220980117,508,31,539
220980118,533,93,626
220980119,1002,132,1134
220980120,815,34,849
220980121,1070,161,1231
220980122,764,91,855
220980123,777,91,868
220980201,154,20,174
220980202,390,113,503
220980203,43,7,50
220980204,72,20,92
220980205,143,20,163
220980206,105,19,124
220980207,223,51,274
220980208,126,19,145
220980209,199,28,227
220980210,74,12,86
220980211,203,40,243
220980212,141,26,167
220980213,162,37,199
220980214,669,170,839
220980301,445,92,537
220980302,833,102,935
220980303,786,108,894
220980304,569,48,617
220980305,717,79,796
220980306,667,106,773
220980307,716,122,838
220980401,714,96,810
220980402,108,14,122
220980403,95,28,123
220980404,73,6,79
220980405,73,12,85
220980406,858,314,1172
220980407,309,28,337
220980408,940,149,1089
220980501,205,32,237
220980502,127,22,149
220980503,108,18,126
220980601,415,67,482
220980602,174,47,221
220980603,164,36,200
220980604,42,11,53
220980605,136,15,151
220980701,1308,176,1484
220980702,1271,180,1451
220980703,556,61,617
220980704,540,47,587
220980705,456,25,481
220980706,882,83,965
220980707,1504,189,1693
220980708,1353,248,1601
220980709,1064,68,1132
220980710,734,73,807
220980711,250,23,273
220980712,517,66,583
220980713,461,59,520
220980714,691,121,812
220980715,1241,211,1452
220980716,73,34,107
220980717,1009,149,1158
220980718,1726,258,1984
220980719,303,71,374
220980720,922,222,1144
221050101,553,76,629
221050102,601,93,694
221050103,520,35,555
221050104,465,28,493
221050105,430,27,457
221050106,710,41,751
221050107,928,82,1010
221050108,1061,121,1182
221050109,900,62,962
221050110,532,25,557
221050111,584,47,631
221050112,675,46,721
221050113,497,34,531
221050114,761,123,884
221050115,507,73,580
221050201,344,62,406
221050202,304,47,351
221050203,495,87,582
221050204,173,38,211
221050205,322,59,381
221050301,1811,239,2050
221050302,95,34,129
221050303,1199,255,1454
221050304,298,74,372
221050305,236,32,268
221050306,456,127,583
221050307,221,33,254
221050308,133,8,141
221050309,205,32,237
221050310,306,46,352
221050311,1329,91,1420
221050312,1340,135,1475
221050313,46,2,48
221050314,1104,226,1330
221050315,1039,140,1179
221050316,936,87,1023
221050317,919,175,1094
221050401,57,18,75
221050402,63,11,74
221050403,187,60,247
221050404,311,82,393
221050405,143,22,165
221120101,1080,135,1215
221120102,755,64,819
221120103,1306,265,1571
221120104,1216,173,1389
221120105,1305,280,1585
221120106,1492,351,1843
221120201,0,0,0
221120202,141,28,169
221120203,56,11,67
221120301,707,108,815
221120302,1519,254,1773
221120303,84,21,105
221120304,58,20,78
221120305,102,21,123
221120306,494,77,571
221120401,607,63,670
221120402,613,136,749
221120403,338,73,411
221120404,475,123,598
221120405,101,22,123
221120406,101,39,140
221120407,1137,183,1320
221120408,88,43,131
221120501,51,6,57
221120502,58,4,62
221120503,47,5,52
221120504,91,17,108
221120505,120,18,138
221120601,25,8,33
221120602,88,17,105
221120603,103,25,128
221120701,104,33,137
221120702,70,16,86
221120801,185,48,233
221120802,166,38,204
221120803,255,50,305
221120901,89,26,115
221120902,65,17,82
221120903,94,24,118
221121001,237,96,333
221121002,127,24,151
221121003,37,12,49
221190101,650,66,716
221190102,924,123,1047
221190103,1097,170,1267
221190104,1252,127,1379
221190105,720,105,825
221190106,1122,120,1242
221190107,1013,144,1157
221190108,929,100,1029
221190201,499,89,588
221190202,594,132,726
221190203,256,53,309
221190204,282,36,318
221190205,500,84,584
221190206,165,27,192
221190207,68,8,76
221190208,94,17,111
221190301,101,18,119
221190302,23,6,29
221190303,48,9,57
221260101,987,108,1095
221260102,561,44,605
221260103,435,34,469
221260104,731,68,799
221260105,619,44,663
221260201,60,9,69
221260202,294,28,322
221260203,121,21,142
221260204,139,20,159
221260301,729,130,859
221260302,144,14,158
221260303,268,25,293
221260304,517,39,556
221260305,809,71,880
221260306,71,3,74
221260307,45,8,53
221260308,53,7,60
221260309,30,3,33
221260310,51,7,58
221260311,143,17,160
221260312,680,67,747
221260313,542,40,582
221260314,832,86,918
221260315,27,3,30
221330101,719,72,791
221330102,884,82,966
221330103,1027,94,1121
221330104,990,111,1101
221330105,443,22,465
221330106,965,79,1044
221330107,458,21,479
221330108,1553,294,1847
221330109,1237,180,1417
221330110,580,69,649
221330111,946,97,1043
221330112,667,73,740
221330113,528,93,621
221330114,1283,254,1537
221330115,1192,106,1298
221330116,490,26,516
221330117,468,42,510
221330118,740,84,824
221330119,904,142,1046
221330120,764,37,801
221330201,157,31,188
221330202,341,74,415
221330203,377,87,464
221330204,80,13,93
221330205,268,54,322
221330206,258,77,335
221330207,702,117,819
221330208,176,39,215
221330301,271,37,308
221330302,361,70,431
221330303,211,31,242
221330304,222,48,270
221330305,177,32,209
221330306,128,16,144
221330307,122,15,137
221330308,213,46,259
221330309,308,88,396
221330401,299,52,351
221330402,208,37,245
221330403,110,25,135
221330404,176,26,202
221330405,232,60,292
221330406,116,14,130
221330407,12,5,17
221330408,180,39,219
221330409,11,1,12
221330410,20,4,24
221330411,328,68,396
221330412,1300,219,1519
221330413,1078,114,1192
221330414,660,72,732
221330415,408,125,533
221330501,116,33,149
221330502,927,264,1191
221330503,176,48,224
221330504,78,20,98
221330505,166,51,217
221330506,21,13,34
221330507,55,12,67
221330508,56,17,73
221400101,461,51,512
221400102,1411,281,1692
221400103,471,30,501
221400104,850,41,891
221400105,706,43,749
221400106,1037,148,1185
221400107,1091,162,1253
221400108,335,31,366
221400109,977,76,1053
221400110,647,55,702
221400111,1179,80,1259
221400112,820,59,879
221400113,795,93,888
221400114,312,37,349
221400115,681,59,740
221400116,651,89,740
221400117,842,83,925
221400118,691,56,747
221400201,682,9,691
221400202,669,23,692
221400203,879,43,922
221400204,1077,90,1167
221400205,637,37,674
221400206,1085,82,1167
221400207,1136,136,1272
221400208,1064,64,1128
221400209,688,52,740
221400210,1049,85,1134
221400211,860,75,935
221400301,564,23,587
221400302,543,16,559
221400303,677,29,706
221400304,617,15,632
221400305,667,22,689
221400306,574,27,601
221400307,545,15,560
221400308,702,20,722
221400309,799,41,840
221400310,604,17,621
221400311,734,46,780
221400312,1109,114,1223
221400313,1309,137,1446
221400401,338,18,356
221400402,507,21,528
221400403,509,12,521
221400404,608,13,621
221400405,672,17,689
221400406,574,23,597
221400407,668,23,691
221400408,606,30,636
221400409,793,40,833
221400410,646,17,663
221400411,911,46,957
221400412,897,52,949
221400413,424,21,445
221400414,827,47,874
221400415,418,22,440
221400416,548,38,586
221400417,193,13,206
221400418,433,8,441
221400501,643,30,673
221400502,838,51,889
221400503,607,25,632
221400504,657,47,704
221400505,1328,104,1432
221400506,798,55,853
221400507,883,56,939
221400508,1121,131,1252
221400509,659,47,706
221400510,773,56,829
221400511,772,68,840
221400512,965,114,1079
221400513,1090,149,1239
221400514,834,100,934
221400601,1266,128,1394
221400602,692,36,728
221400603,805,30,835
221400604,693,32,725
221400605,1021,88,1109
221400606,1274,94,1368
221400607,654,46,700
221400608,1453,91,1544
221400609,1317,65,1382
221400610,1194,65,1259
221400611,952,52,1004
221400612,593,47,640
221400701,715,24,739
221400702,977,66,1043
221400703,865,45,910
221400704,754,77,831
221400705,741,49,790
221400706,1025,64,1089
221400707,624,32,656
221400708,827,71,898
221400709,720,75,795
221400710,769,70,839
221400711,701,55,756
221400712,625,45,670
221400713,517,43,560
221400714,1017,84,1101
221400715,574,34,608
221400716,907,62,969
221400717,510,38,548
221400718,994,74,1068
221400719,766,43,809
221400720,716,64,780
221400721,816,75,891
221400722,22,2,24
221400723,926,81,1007
221400724,1098,106,1204
221400725,771,45,816
221400726,832,44,876
221400727,1025,89,1114
221400728,688,61,749
221400729,488,32,520
221400801,543,16,559
221400802,723,24,747
221400803,845,57,902
221400804,308,18,326
221400805,551,19,570
221400806,470,11,481
221400807,634,20,654
221400808,723,13,736
221400809,310,5,315
221400810,864,97,961
221400811,829,57,886
221400812,384,8,392
221400813,581,7,588
221400814,740,30,770
221400815,595,23,618
221400816,320,11,331
221400817,404,11,415
221400818,267,4,271
221400901,589,34,623
221400902,1427,128,1555
221400903,1448,49,1497
221400904,1004,55,1059
221400905,769,39,808
221400906,1105,58,1163
221400907,902,84,986
221400908,849,78,927
221400909,895,67,962
221400910,1191,66,1257
221400911,764,44,808
221400912,605,29,634
221400913,1119,55,1174
221400914,1159,47,1206
221400915,1100,40,1140
221400916,863,60,923
221400917,815,75,890
221400918,820,47,867
221401001,999,61,1060
221401002,617,31,648
221401003,936,67,1003
221401004,1162,89,1251
221401005,895,45,940
221401006,1112,66,1178
221401007,1122,157,1279
221401008,801,76,877
221401009,1302,119,1421
221401010,789,44,833
221401011,876,44,920
221401012,770,52,822
221401013,773,44,817
221401014,867,76,943
221401015,836,91,927
221401017,932,123,1055
221401018,847,105,952
221401019,672,67,739
221401020,1058,123,1181
221401021,664,116,780
221401022,748,117,865
221401101,543,17,560
221401102,600,15,615
221401103,630,22,652
221401104,1104,36,1140
221401105,619,27,646
221401106,650,27,677
221401107,629,38,667
221401108,543,19,562
221401109,540,38,578
221401110,581,18,599
221401111,951,55,1006
221401112,640,27,667
221401113,505,15,520
221401114,597,32,629
221401115,576,21,597
221401201,406,13,419
221401202,505,14,519
221401203,521,5,526
221401204,591,33,624
221401205,579,24,603
221401206,631,24,655
221401207,641,17,658
221401208,845,26,871
221401209,464,17,481
221401210,916,26,942
221401211,1033,49,1082
221401212,560,14,574
221401213,1094,53,1147
221401214,669,35,704
221401215,1374,93,1467
221401216,349,8,357
221401217,1208,79,1287
221401301,584,18,602
221401302,690,27,717
221401303,658,18,676
221401304,703,26,729
221401305,870,56,926
221401306,571,31,602
221401307,789,32,821
221401308,1188,64,1252
221401309,482,24,506
221401310,566,30,596
221401311,683,55,738
221401312,598,37,635
221401313,839,50,889
221401314,661,58,719
221401315,156,5,161
221401401,462,17,479
221401402,636,37,673
221401403,883,37,920
221401404,808,29,837
221401405,643,28,671
221401406,1094,53,1147
221401407,740,30,770
221401408,683,26,709
221401409,572,30,602
221401410,555,33,588
221401411,829,57,886
221401412,328,12,340
221401413,519,19,538
221401501,885,48,933
221401502,850,36,886
221401503,782,43,825
221401504,793,31,824
221401505,572,21,593
221401506,1122,57,1179
221401507,919,38,957
221401508,815,40,855
221401509,588,33,621
221401510,1068,52,1120
221401601,889,83,972
221401602,326,23,349
221401603,653,29,682
221401604,1020,74,1094
221401605,883,67,950
221401606,939,61,1000
221401607,539,24,563
221401608,623,47,670
221401609,1242,114,1356
221401610,858,48,906
221401611,374,27,401
221401612,670,60,730
221401613,477,32,509
221401614,450,28,478
221401615,608,18,626
221401616,914,60,974
221401617,746,89,835
221401618,1016,71,1087
221401619,851,47,898
221401620,830,87,917
221401621,950,83,1033
221401622,152,8,160
221401623,264,17,281
221401624,182,14,196
221401625,563,50,613
221401701,472,77,549
221401702,868,82,950
221401703,1235,69,1304
221401704,797,41,838
221401705,1051,164,1215
221401706,1238,146,1384
221401707,803,62,865
221401708,683,138,821
221401709,585,27,612
221401710,707,54,761
221401801,767,79,846
221401802,1106,113,1219
221401803,800,77,877
221401804,909,64,973
221401805,731,66,797
221401806,1049,103,1152
221401807,1050,75,1125
221401808,851,41,892
221401809,783,56,839
221401810,877,86,963
221401811,837,82,919
221401812,641,27,668
221401813,748,36,784
221401814,754,43,797
221401815,700,47,747
221401816,1477,165,1642
221401817,510,67,577
221401818,13,4,17
221401819,923,105,1028
221401820,780,29,809
221401821,642,57,699
221401901,1233,69,1302
221401902,235,15,250
221401903,632,39,671
221401904,1114,94,1208
221401905,497,27,524
221401906,688,28,716
221401907,1066,52,1118
221401908,610,58,668
221401909,672,32,704
221401910,488,35,523
221401911,624,28,652
221401912,721,50,771
221401913,700,69,769
221401914,613,38,651
221401915,608,42,650
221401916,686,63,749
221402001,702,37,739
221402002,973,54,1027
221402003,564,38,602
221402004,905,63,968
221402005,1237,159,1396
221402006,1111,139,1250
221402007,857,78,935
221402008,799,55,854
221402009,894,58,952
221402010,659,56,715
221402011,634,44,678
221402101,1075,70,1145
221402102,867,60,927
221402103,847,66,913
221402104,426,45,471
221402105,1243,77,1320
221402106,1686,159,1845
221402107,234,35,269
221402108,865,79,944
221402109,150,26,176
221402201,58,7,65
221402202,73,12,85
221402203,160,40,200
221402204,30,10,40
221402205,111,32,143
221402206,96,16,112
221402301,14,2,16
221402302,5,4,9
221402303,44,4,48
221402304,377,54,431
221402305,45,4,49
221402401,548,87,635
221402402,25,9,34
221402403,70,5,75
221402404,752,79,831
221402405,143,18,161
221402406,264,54,318
221402407,0,2,2
221402408,18,3,21
221402409,193,21,214
221402410,267,34,301
221402411,602,67,669
221402501,1189,121,1310
221402502,889,143,1032
221402503,1370,149,1519
221402504,1167,62,1229
221402505,1665,134,1799
221402506,709,134,843
221402507,218,33,251
221402508,1239,120,1359
221402509,930,144,1074
221402510,1086,136,1222
221402511,1448,190,1638
221402512,1078,216,1294
221402513,464,44,508
221402514,232,22,254
221402515,381,33,414
221402516,535,119,654
221402517,324,35,359
221402518,755,74,829
221402601,701,106,807
221402602,1038,120,1158
221402603,1058,71,1129
221402604,865,69,934
221402605,870,65,935
221402606,837,48,885
221402607,1133,190,1323
221402608,1205,110,1315
221402609,495,77,572
221402701,1038,60,1098
221402702,1072,38,1110
221402703,879,97,976
221402704,1140,104,1244
221402705,1098,126,1224
221402706,891,77,968
221402707,1477,170,1647
221402708,993,96,1089
221402709,852,103,955
221402710,566,34,600
221402711,1003,145,1148
221402712,773,44,817
221402713,792,79,871
221402714,1632,151,1783
221402715,1113,58,1171
221402716,1383,97,1480
221402717,1218,66,1284
221402718,1150,60,1210
221402719,1271,103,1374
221402720,659,121,780
221402721,694,113,807
221402722,721,164,885
221402723,659,86,745
221402724,426,73,499
221402725,503,85,588
221402726,674,90,764
221402801,1060,76,1136
221402802,1054,54,1108
221402803,665,56,721
221402804,863,55,918
221402805,1388,62,1450
221402806,562,95,657
221402807,536,65,601
221402808,1589,161,1750
221402809,854,56,910
221402810,1035,102,1137
221402811,972,114,1086
221402901,566,63,629
221402902,633,89,722
221402903,752,96,848
221402904,950,67,1017
221402905,772,138,910
221402906,1397,99,1496
221402907,362,50,412
221402908,1026,56,1082
221402909,1137,74,1211
221402910,1448,55,1503
221402911,1133,58,1191
221402912,552,29,581
221402913,799,67,866
221402914,823,136,959
221402915,959,96,1055
221402916,580,122,702
221402919,489,106,595
221402920,679,97,776
221403001,745,100,845
221403002,675,90,765
221403003,1234,219,1453
221403004,811,61,872
221403005,1485,121,1606
221403006,497,47,544
221403007,1151,175,1326
221403008,352,57,409
221403009,1111,150,1261
221403010,464,49,513
221403011,816,145,961
221403012,699,40,739
221403013,412,71,483
221470101,186,47,233
221470102,54,9,63
221470103,113,23,136
221470104,190,20,210
221470105,343,59,402
221470106,386,63,449
221470107,129,16,145
221470108,119,16,135
221470201,1084,173,1257
221470202,517,51,568
221470203,909,83,992
221470204,555,88,643
221470205,452,30,482
221470206,924,143,1067
221470301,1161,282,1443
221470302,126,25,151
221470303,274,100,374
221470304,105,15,120
221470305,1454,335,1789
221470306,1096,243,1339
221470307,265,55,320
221470401,876,84,960
221470402,269,39,308
221470403,119,29,148
221470404,86,17,103
221540101,1053,146,1199
221540102,741,164,905
221540103,298,77,375
221540104,419,79,498
221540105,949,111,1060
221540106,381,82,463
221540201,869,137,1006
221540202,1035,118,1153
221540203,91,19,110
221540204,407,109,516
221540205,96,18,114
221540206,875,103,978
221540301,731,90,821
221540302,1151,154,1305
221540303,280,62,342
221540304,205,29,234
221540305,395,67,462
221540306,74,15,89
221540307,1104,123,1227
221540308,274,56,330
221540309,568,56,624
221540310,262,63,325
221540311,841,114,955
221610101,85,47,132
221610102,122,24,146
221610103,42,7,49
221610201,1103,151,1254
221610202,166,29,195
221610203,73,16,89
221610301,1252,174,1426
221610302,206,29,235
221610303,39,7,46
221610304,33,12,45
221610305,66,9,75
221610401,133,25,158
221610402,20,1,21
221680101,905,63,968
221680102,728,38,766
221680103,919,163,1082
221680104,887,145,1032
221680105,722,32,754
221680106,757,52,809
221680107,1693,292,1985
221680108,1073,183,1256
221680109,1002,147,1149
221680110,1068,136,1204
221680111,520,99,619
221680112,991,127,1118
221680113,1113,111,1224
221680114,923,145,1068
221680115,720,149,869
221680116,576,164,740
221680117,620,92,712
221680201,176,28,204
221680202,260,37,297
221680203,111,19,130
221680204,125,26,151
221680205,198,42,240
221680206,66,16,82
221680207,201,41,242
221680301,161,43,204
221680302,294,36,330
221680303,82,21,103
221680304,118,20,138
221680305,97,10,107
221680306,172,34,206
221680307,113,27,140
221680308,106,30,136
221680309,1140,210,1350
221680310,1605,246,1851
221680401,290,66,356
221680402,564,138,702
221680403,496,119,615
221680404,199,51,250
221680405,252,53,305
221680406,253,39,292
221680407,143,17,160
221680408,154,34,188
221680409,1027,158,1185
260070101,69,6,75
260070201,120,7,127
260070202,523,18,541
260070301,93,9,102
260070302,11,4,15
260070303,52,1,53
260070304,534,42,576
260070401,1027,39,1066
260070402,627,44,671
260070403,628,31,659
260070404,726,70,796
260070405,976,88,1064
260070406,798,49,847
260070407,1326,91,1417
260070408,324,31,355
260070409,653,34,687
260070410,563,38,601
260070411,568,20,588
260070412,1205,66,1271
260070413,59,6,65
260070414,25,2,27
260070501,1009,175,1184
260070502,891,84,975
260070503,1137,126,1263
260070504,613,67,680
260070505,870,85,955
260070506,879,37,916
260070507,911,57,968
260070508,998,79,1077
260070509,818,92,910
260070510,1305,151,1456
260070511,892,98,990
260070601,1077,112,1189
260070602,613,60,673
260070603,779,44,823
260070604,1101,92,1193
260070605,1259,103,1362
260070606,695,48,743
260070607,1040,78,1118
260070608,1119,101,1220
260070609,1180,85,1265
260070610,1068,81,1149
260070611,442,40,482
260070612,1076,73,1149
260070613,615,26,641
260070614,753,31,784
260070615,981,62,1043
260070701,230,20,250
260070702,740,67,807
260070703,995,85,1080
260070704,1226,132,1358
260070705,870,125,995
260070706,560,101,661
260070707,1145,170,1315
260070708,1224,176,1400
260070709,1073,128,1201
260070710,969,136,1105
260070711,858,74,932
260070712,797,62,859
260070801,705,52,757
260070802,1307,93,1400
260070803,688,53,741
260070804,965,76,1041
260070805,897,55,952
260070806,1305,98,1403
260070807,619,38,657
260070808,619,62,681
260070809,638,34,672
260070810,606,63,669
260070811,1213,82,1295
260070812,1150,85,1235
260070813,763,46,809
260070901,854,41,895
260070902,730,50,780
260070903,1161,64,1225
260070904,735,55,790
260070905,716,38,754
260070906,658,33,691
260070907,819,50,869
260070908,800,79,879
260070909,409,25,434
260070910,553,50,603
260071001,291,6,297
260071002,846,20,866
260071003,265,9,274
260071004,525,23,548
260071005,617,16,633
260071006,624,21,645
260071007,690,17,707
260071008,549,19,568
260071009,634,25,659
260071010,1071,38,1109
260071011,538,35,573
260071012,445,32,477
260071013,650,27,677
260140101,63,2,65
260140102,70,6,76
260140103,216,25,241
260140104,689,74,763
260140105,771,63,834
260140106,714,79,793
260140107,652,85,737
260140108,601,63,664
260140201,10,0,10
260140202,100,13,113
260140203,14,3,17
260140204,6,1,7
260140205,4,1,5
260140206,2,0,2
260140207,14,0,14
260140208,9,0,9
260140209,8,3,11
260140301,167,39,206
260140302,102,16,118
260140303,588,105,693
260140304,45,3,48
260140305,123,23,146
260140306,69,25,94
260140307,129,16,145
260140401,79,39,118
260140501,16,8,24
260140601,25,14,39
260140701,30,10,40
260140702,88,18,106
260140703,7,1,8
260140704,78,8,86
260140705,987,131,1118
260140801,511,37,548
260140802,65,1,66
260140803,821,50,871
260140804,643,51,694
260140901,2589,191,2780
260140902,89,4,93
260140903,666,80,746
260140904,736,32,768
260140905,635,45,680
260140906,706,72,778
260141001,161,18,179
260141002,100,14,114
260141003,352,24,376
260141004,904,73,977
260141101,56,3,59
260141102,1288,107,1395
260141103,754,56,810
260141104,566,37,603
260210101,53,7,60
260210102,59,2,61
260210103,64,9,73
260210104,22,2,24
260210201,59,6,65
260210202,69,8,77
260210203,17,4,21
260210204,1190,54,1244
260210301,114,3,117
260210302,14,1,15
260210401,2,0,2
260210402,202,13,215
260210403,203,26,229
260210404,801,58,859
260210405,772,41,813
260210406,891,36,927
260210407,1133,60,1193
260210408,652,42,694
260210409,648,48,696
260210410,664,37,701
260210411,488,14,502
260210412,550,18,568
260210413,601,28,629
260210414,585,43,628
260210501,22,3,25
260210502,729,70,799
260210503,358,26,384
260210504,6,0,6
260210505,973,72,1045
260210506,846,45,891
260210507,672,36,708
260210508,375,9,384
260210509,697,46,743
260210510,853,67,920
260210511,934,92,1026
260210512,1077,86,1163
260210513,1318,101,1419
260210514,1435,106,1541
260210515,1276,66,1342
260210516,857,50,907
260210517,827,79,906
260210518,945,84,1029
260210601,302,22,324
260210602,511,45,556
260210603,278,18,296
260210604,857,46,903
260210605,1058,50,1108
260210606,840,69,909
260210607,1020,52,1072
260210608,1426,78,1504
260210609,1173,102,1275
260210610,1316,65,1381
260210611,935,46,981
260210612,730,43,773
260210613,530,25,555
260210614,702,42,744
260210615,604,40,644
260210701,74,4,78
260210702,587,53,640
260210703,259,12,271
260210704,1413,77,1490
260210705,321,18,339
260210706,681,43,724
260210707,787,52,839
260210708,677,56,733
260210709,1105,61,1166
260210710,909,68,977
260210711,571,28,599
260210712,857,48,905
260210801,83,3,86
260210802,1115,68,1183
260210803,130,6,136
260210804,464,38,502
260210805,597,24,621
260210806,530,19,549
260210807,917,32,949
260210808,684,21,705
260210809,430,19,449
260210810,839,52,891
260210811,301,17,318
260210812,932,56,988
260210813,328,31,359
260210814,1127,68,1195
260210815,1136,67,1203
260210901,765,49,814
260210902,428,19,447
260210903,529,23,552
260210904,267,10,277
260210905,466,26,492
260210906,296,14,310
260210907,440,33,473
260210908,520,25,545
260210909,691,23,714
260210910,373,12,385
260210911,678,24,702
260210912,382,10,392
260210913,298,13,311
260210914,419,26,445
260211001,810,25,835
260211002,582,14,596
260211003,687,29,716
260211004,530,17,547
260211005,367,14,381
260211006,486,34,520
260211007,481,22,503
260211008,506,24,530
260211009,417,19,436
260211010,561,27,588
260211011,334,22,356
260211012,990,36,1026
260211013,741,35,776
260211101,458,54,512
260211102,757,50,807
260211103,335,21,356
260211104,1154,59,1213
260211105,473,27,500
260211106,636,42,678
260211107,1034,91,1125
260211108,1112,66,1178
260211109,806,36,842
260211110,890,39,929
260211111,771,50,821
260211112,460,20,480
260211113,905,55,960
260211114,615,41,656
260211115,564,21,585
260211116,671,42,713
260211117,571,33,604
260211201,1070,115,1185
260211202,731,63,794
260211203,1034,79,1113
260211204,1095,86,1181
260211205,537,42,579
260211206,967,80,1047
260211207,990,63,1053
260211208,817,48,865
260211209,928,57,985
260211210,428,29,457
260211301,917,70,987
260211302,1260,115,1375
260211303,679,55,734
260211304,676,28,704
260211305,1068,95,1163
260211306,666,46,712
260211307,557,35,592
260211308,630,38,668
260211309,786,70,856
260211310,696,51,747
260211311,541,37,578
260211312,1099,75,1174
260211401,1078,46,1124
260211402,793,23,816
260211403,650,23,673
260211404,942,64,1006
260211405,627,40,667
260211406,805,37,842
260211407,1122,51,1173
260211408,590,34,624
260211409,717,47,764
260211410,484,20,504
260211411,678,33,711
260211412,725,46,771
260211413,928,67,995
260211501,672,56,728
260211502,1001,71,1072
260211503,1004,52,1056
260211504,901,42,943
260211505,750,30,780
260211506,875,49,924
260211507,680,33,713
260211508,698,41,739
260211509,613,39,652
260211510,1079,47,1126
260211511,1206,84,1290
260211601,1152,141,1293
260211602,334,32,366
260211603,605,56,661
260211604,654,57,711
260211605,1031,98,1129
260211606,825,74,899
260211607,844,61,905
260211608,925,86,1011
260211609,1135,92,1227
260211610,1325,99,1424
260211611,755,54,809
260211612,623,59,682
260211613,1264,108,1372
260211614,603,65,668
260211615,704,61,765
260211701,205,19,224
260211702,1037,90,1127
260211703,497,55,552
260211704,788,83,871
260211705,1043,58,1101
260211706,833,105,938
260211707,625,95,720
260211708,1060,84,1144
260211709,1411,110,1521
260211710,871,70,941
260211711,1252,129,1381
260211712,1028,84,1112
260211713,582,53,635
260211714,1108,56,1164
260211801,482,28,510
260211802,569,72,641
260211803,896,71,967
260211804,952,53,1005
260211805,905,52,957
260211806,683,38,721
260211807,590,42,632
260211808,1065,68,1133
260211809,1109,74,1183
260211810,638,37,675
260211811,813,41,854
260211812,662,31,693
260211813,638,34,672
260211901,535,34,569
260211902,800,53,853
260211903,1050,65,1115
260211904,508,30,538
260211905,803,42,845
260211906,646,36,682
260211907,662,39,701
260211908,757,68,825
260211909,726,64,790
260211910,784,37,821
260211911,813,60,873
260211912,1036,105,1141
260211913,906,115,1021
260211914,475,51,526
260211915,749,77,826
260211916,634,47,681
260280101,53,9,62
260280102,9,1,10
260280201,122,13,135
260280301,56,18,74
260280302,46,2,48
260280303,1105,118,1223
260350101,128,11,139
260350102,81,5,86
260350201,318,39,357
260350202,36,8,44
260350301,408,26,434
260350302,500,63,563
260350303,615,62,677
260350304,658,43,701
260350305,617,37,654
260350306,523,40,563
260350307,655,30,685
260350308,352,15,367
260350309,736,36,772
260350310,374,20,394
260350311,881,61,942
260350312,713,98,811
260350313,633,110,743
260350401,8,1,9
260350402,50,6,56
260350403,226,26,252
260350404,1533,166,1699
260350405,17,7,24
260350501,18,0,18
260350502,132,8,140
260350503,64,7,71
260350504,51,2,53
260350505,436,40,476
260350506,65,13,78
260350507,399,31,430
260350508,201,11,212
260350509,798,58,856
260350510,1113,66,1179
260350511,422,29,451
260350512,476,37,513
260350513,823,70,893
260350514,813,56,869
260350515,1099,126,1225
260350601,923,100,1023
260350602,709,75,784
260350603,778,85,863
260350604,555,56,611
260350605,672,41,713
260350606,502,33,535
260350607,423,18,441
260350608,560,27,587
260350609,392,20,412
260350610,513,27,540
260350611,644,32,676
260350612,530,38,568
260350613,639,38,677
260350614,578,22,600
260350615,767,50,817
260350701,759,51,810
260350702,887,114,1001
260350703,1136,176,1312
260350704,648,58,706
260350705,917,58,975
260350706,636,35,671
260350707,1072,81,1153
260350708,1151,78,1229
260350709,1122,97,1219
260350710,1102,110,1212
260350711,451,22,473
260350712,1223,134,1357
260350713,414,28,442
260420101,20,4,24
260420102,58,4,62
260420103,43,1,44
260420201,60,2,62
260420301,139,13,152
260420302,48,3,51
260420401,3,0,3
260420402,10,0,10
260420403,325,22,347
260420404,292,16,308
260420405,93,9,102
260420406,95,5,100
260420407,144,7,151
260420408,143,6,149
260420409,338,16,354
260420410,991,82,1073
260420411,411,35,446
260420412,179,32,211
260420413,1354,156,1510
260420414,1124,88,1212
260420415,1260,121,1381
260420416,712,40,752
260420417,911,83,994
260420418,998,60,1058
260490101,43,32,75
260490102,69,17,86
260490103,98,26,124
260490104,52,18,70
260490105,166,72,238
260490106,507,69,576
260490201,12,1,13
260490202,34,17,51
260490203,109,27,136
260560101,59,16,75
260560102,22,4,26
260560103,25,8,33
260560104,197,43,240
260560105,29,14,43
260560106,44,20,64
260560107,212,39,251
260560108,382,63,445
260560201,36,10,46
260560202,84,49,133
260560203,8,0,8
260560204,20,3,23
260560205,58,3,61
260560206,1027,145,1172
260560301,283,25,308
260630101,28,6,34
260630102,30,7,37
260630103,45,11,56
260630201,52,6,58
260630202,31,12,43
260630203,393,67,460
260630301,31,3,34
260630401,21,9,30
260700101,63,5,68
260700102,58,7,65
260700103,18,7,25
260700104,213,33,246
260700105,32,17,49
260700106,27,6,33
260700107,10,7,17
260700108,1024,177,1201
260700201,19,8,27
260700202,42,13,55
260770101,126,2,128
260770102,12,4,16
260770103,14,0,14
260770104,21,6,27
260770201,32,2,34
260770202,3,0,3
260770203,76,0,76
260770204,163,23,186
260770301,284,12,296
260770302,505,22,527
260770303,407,23,430
260770304,771,51,822
260770305,937,60,997
260770306,585,45,630
260770307,376,21,397
260770308,238,14,252
260770309,172,5,177
260770310,295,20,315
260770311,238,18,256
260770312,227,14,241
260770313,263,9,272
260770314,254,7,261
260770315,320,16,336
260770316,223,9,232
260770401,274,25,299
260770402,156,13,169
260770403,419,51,470
260770404,537,37,574
260770405,192,21,213
260770501,522,13,535
260770502,1019,93,1112
260770503,731,53,784
260770504,856,45,901
260770505,851,69,920
260770506,852,53,905
260770507,747,45,792
260770508,575,59,634
260770509,694,43,737
260770510,962,50,1012
260770511,634,30,664
260770512,610,50,660
260770513,581,29,610
260770514,658,50,708
260770515,646,44,690
260770516,618,23,641
260770517,602,23,625
260770518,775,68,843
260770519,611,44,655
260770520,310,26,336
260770601,452,22,474
260770602,611,33,644
260770603,676,38,714
260770604,529,30,559
260770605,943,87,1030
260770606,931,69,1000
260770607,502,35,537
260770608,858,69,927
260770609,682,43,725
260770610,507,35,542
260770611,708,46,754
260770612,559,39,598
260770701,1433,82,1515
260770702,940,51,991
260770703,1317,82,1399
260770704,1586,118,1704
260770705,962,102,1064
260770706,738,77,815
260770707,1127,124,1251
260770708,678,89,767
260770709,1204,146,1350
260770710,878,120,998
260770711,542,61,603
260770712,989,109,1098
260770713,864,87,951
260770714,648,86,734
260770715,489,64,553
260770801,950,96,1046
260770802,977,49,1026
260770803,1228,104,1332
260770804,713,48,761
260770805,700,49,749
260770806,1070,90,1160
260770807,412,28,440
260770808,1009,123,1132
260770809,757,82,839
260770810,725,50,775
260770811,387,19,406
260770812,500,42,542
260770813,774,70,844
260770814,607,68,675
260770815,912,85,997
260770901,1309,177,1486
260770902,1077,123,1200
260770903,1507,148,1655
260770904,731,65,796
260770905,927,80,1007
260770906,982,101,1083
260770907,650,65,715
260770908,755,77,832
260770909,756,71,827
260770910,1057,124,1181
260770911,1187,156,1343
260770912,1372,174,1546
260771001,720,58,778
260771002,582,48,630
260771003,340,20,360
260771004,562,42,604
260771005,717,33,750
260771006,323,16,339
260771007,450,22,472
260771008,482,19,501
260771009,441,18,459
260771010,485,18,503
260771011,303,11,314
260771012,406,20,426
260771013,750,30,780
260771014,754,35,789
260771015,872,38,910
260771016,1377,105,1482
260771017,1111,67,1178
260771018,670,47,717
260771101,587,40,627
260771102,1464,97,1561
260771103,1081,132,1213
260771104,719,94,813
260771105,892,100,992
260771106,864,56,920
260771107,911,88,999
260771108,524,24,548
260771109,523,17,540
260771110,303,3,306
260771111,378,18,396
260771112,582,23,605
260771113,864,37,901
260771114,593,33,626
260771201,1420,84,1504
260771202,886,49,935
260771203,1007,60,1067
260771204,743,42,785
260771205,848,51,899
260771206,772,31,803
260771207,878,31,909
260771208,708,48,756
260771209,474,16,490
260771210,683,46,729
260771211,921,39,960
260771212,861,47,908
260771213,667,36,703
260771214,1187,90,1277
260771215,1137,86,1223
260771301,1043,99,1142
260771302,1474,90,1564
260771303,818,42,860
260771304,986,70,1056
260771305,957,55,1012
260771306,1128,50,1178
260771307,941,32,973
260771308,1058,75,1133
260771309,1339,76,1415
260771310,631,21,652
260771311,787,58,845
260771312,778,31,809
260771313,628,31,659
260771314,359,23,382
260840101,9,0,9
260840102,42,4,46
260840103,60,6,66
260840104,31,2,33
260840105,10,1,11
260840106,107,14,121
260840107,530,63,593
260840108,815,90,905
260840201,107,15,122
260840202,151,23,174
260840301,23,2,25
260840302,20,3,23
260840303,20,1,21
260840304,48,8,56
260840305,1412,121,1533
260840306,655,61,716
260840307,338,31,369
260840401,50,4,54
260840402,27,7,34
260840403,174,15,189
260840501,15,4,19
260840502,33,3,36
260840503,55,13,68
260840504,75,4,79
260840505,180,26,206
260840506,145,16,161
260910101,25,8,33
260910102,90,8,98
260910201,49,4,53
260910301,11,1,12
260910302,14,1,15
260910303,44,4,48
260910304,237,22,259
260910305,203,2,205
260910306,463,50,513
260910401,603,48,651
260910402,507,31,538
260910403,348,32,380
260910404,912,110,1022
260910405,1039,121,1160
260910406,452,49,501
260910407,444,39,483
260910408,462,44,506
260910409,723,55,778
260910410,669,44,713
260910411,449,42,491
260910412,595,58,653
260910413,732,65,797
260910414,712,47,759
260980101,12,6,18
260980102,31,12,43
260980103,581,110,691
260980104,715,104,819
260980201,20,6,26
260980202,35,6,41
260980203,49,6,55
260980204,0,0,0
260980205,1145,112,1257
260980206,755,117,872
260980301,0,0,0
260980302,2,0,2
260980303,18,1,19
260980304,29,6,35
260980305,211,12,223
260980306,910,95,1005
261050101,52,11,63
261050102,22,4,26
261050103,70,13,83
261050104,27,12,39
261050105,466,51,517
261050201,29,12,41
261050202,16,6,22
261050203,13,3,16
261050204,113,24,137
261050205,533,92,625
300080101,358,21,379
300080102,505,19,524
300080103,511,23,534
300080104,475,21,496
300080105,514,30,544
300080106,517,26,543
300080107,298,12,310
300080108,451,14,465
300080109,568,18,586
300080110,600,34,634
300080111,779,50,829
300080112,575,31,606
300080113,510,27,537
300080114,536,26,562
300080201,397,17,414
300080202,274,5,279
300080203,446,12,458
300080204,474,13,487
300080205,502,23,525
300080206,683,24,707
300080207,890,56,946
300080208,1094,77,1171
300080209,423,15,438
300080210,478,28,506
300080211,471,23,494
300080212,198,4,202
300080213,139,10,149
300080214,268,20,288
300080215,518,58,576
300080216,537,46,583
300080301,143,5,148
300080302,211,14,225
300080303,269,18,287
300080304,255,26,281
300080305,617,36,653
300080306,881,107,988
300080307,517,45,562
300080308,746,51,797
300080309,210,22,232
300080310,637,41,678
300080311,725,67,792
300080312,645,39,684
300080313,601,91,692
300080314,282,7,289
300080315,317,15,332
300080316,70,4,74
300080317,172,11,183
300080318,150,4,154
300080319,141,9,150
300080401,474,39,513
300080402,1049,80,1129
300080403,885,39,924
300080404,928,54,982
300080405,966,76,1042
300080406,1030,75,1105
300080407,475,28,503
300080408,675,24,699
300080409,679,25,704
300080410,911,41,952
300080411,776,54,830
300080412,1188,80,1268
300080413,458,24,482
300080501,107,9,116
300080502,196,13,209
300080503,195,15,210
300080504,465,39,504
300080505,164,16,180
300080506,1074,130,1204
300080507,1049,96,1145
300080508,1129,96,1225
300080509,496,42,538
300080510,543,38,581
300080511,200,9,209
300080601,763,51,814
300080602,997,67,1064
300080603,519,34,553
300080604,774,43,817
300080605,985,57,1042
300080606,789,32,821
300080607,757,31,788
300080608,971,57,1028
300080609,443,23,466
300080610,570,32,602
300080611,858,38,896
300080612,694,39,733
300080701,21,0,21
300080702,94,2,96
300080703,277,18,295
300080704,30,6,36
300080705,159,16,175
300080706,45,1,46
300080707,86,6,92
300080708,44,3,47
300080709,60,4,64
300080710,71,3,74
300080711,227,5,232
300080801,48,1,49
300080802,39,1,40
300080803,22,4,26
300080804,103,10,113
300080805,71,6,77
300080806,41,1,42
300080807,246,37,283
300080808,146,8,154
300080809,39,6,45
300080810,118,9,127
300080811,84,9,93
300080901,71,4,75
300080902,53,4,57
300080903,53,5,58
300080904,24,8,32
300080905,83,6,89
300080906,153,15,168
300080907,38,1,39
300080908,13,0,13
300080909,89,5,94
300080910,598,36,634
300081001,76,3,79
300081002,50,7,57
300081003,458,12,470
300081004,48,2,50
300081005,107,13,120
300081006,37,4,41
300081007,378,30,408
300081008,49,5,54
300081009,21,1,22
300081101,85,5,90
300081102,78,9,87
300081103,88,7,95
300081104,54,2,56
300081105,104,11,115
300081106,14,0,14
300081107,54,2,56
300081108,671,68,739
300081109,296,26,322
300081110,1382,95,1477
300081111,458,49,507
300081201,1,0,1
300150101,1332,96,1428
300150102,1280,84,1364
300150103,1952,252,2204
300150104,1709,172,1881
300150105,1170,122,1292
300150106,1445,178,1623
300150107,1272,115,1387
300150108,1012,78,1090
300150109,934,83,1017
300150110,702,78,780
300150111,1648,175,1823
300150112,1237,120,1357
300150113,1367,158,1525
300150201,1291,143,1434
300150202,885,60,945
300150203,953,92,1045
300150204,1202,153,1355
300150205,1653,152,1805
300150206,1029,72,1101
300150207,557,27,584
300150208,1033,78,1111
300150209,1267,83,1350
300150210,1439,144,1583
300150211,1086,91,1177
300150212,1280,94,1374
300150213,1228,73,1301
300150214,634,43,677
300150301,821,49,870
300150302,973,43,1016
300150303,1220,67,1287
300150304,1002,56,1058
300150305,1257,158,1415
300150306,141,14,155
300150307,290,15,305
300150308,1208,76,1284
300150309,1116,126,1242
300150310,713,57,770
300150401,850,55,905
300150402,487,21,508
300150403,935,43,978
300150404,869,62,931
300150405,1021,84,1105
300150406,1121,68,1189
300150407,980,70,1050
300150408,1021,69,1090
300150409,791,49,840
300150410,1011,80,1091
300150411,1530,140,1670
300150412,1395,130,1525
300150413,1266,69,1335
300150414,624,13,637
300150415,331,13,344
300150416,1095,47,1142
300150501,459,8,467
300150502,1004,35,1039
300150503,574,35,609
300150504,550,41,591
300150505,610,75,685
300150506,778,45,823
300150507,808,80,888
300150508,823,53,876
300150509,842,75,917
300150510,560,17,577
300150511,527,25,552
300150512,391,19,410
300150513,416,16,432
300150514,346,16,362
300150515,522,15,537
300150516,436,23,459
300150517,473,23,496
300150518,381,22,403
300150519,442,29,471
300150520,653,30,683
300150521,313,20,333
300150522,1176,146,1322
300150601,1214,170,1384
300150602,699,56,755
300150603,1597,205,1802
300150604,1307,97,1404
300150605,389,28,417
300150606,797,46,843
300150607,911,40,951
300150608,599,30,629
300150609,628,28,656
300150610,550,17,567
300150611,406,14,420
300150612,498,29,527
300150613,1040,50,1090
300150614,1267,71,1338
300150615,620,41,661
300150616,860,52,912
300150617,746,44,790
300150618,296,28,324
300150619,524,26,550
300150620,260,15,275
300150621,257,10,267
300150701,849,67,916
300150702,454,24,478
300150703,454,19,473
300150704,357,8,365
300150705,311,16,327
300150706,242,8,250
300150707,398,9,407
300150708,439,18,457
300150709,561,32,593
300150710,847,92,939
300150711,694,44,738
300150712,848,160,1008
300150713,708,29,737
300150714,484,19,503
300150715,580,52,632
300150716,947,131,1078
300150717,68,15,83
300150718,1445,123,1568
300150719,1315,157,1472
300150720,398,87,485
300150801,351,19,370
300150802,327,32,359
300150803,320,13,333
300150804,342,17,359
300150805,484,22,506
300150806,591,29,620
300150807,951,36,987
300150808,520,37,557
300150809,465,17,482
300150810,573,33,606
300150811,599,37,636
300150812,525,20,545
300150813,35,7,42
300150814,1006,90,1096
300150815,272,26,298
300150901,249,36,285
300150902,315,35,350
300150903,80,3,83
300150904,830,74,904
300150905,1071,77,1148
300150906,1060,110,1170
300150907,986,135,1121
300150908,1015,120,1135
300150909,413,17,430
300150910,371,21,392
300150911,43,3,46
300151001,540,90,630
300151002,1189,171,1360
300151003,593,55,648
300151004,1443,136,1579
300151005,1234,138,1372
300151006,1117,118,1235
300151007,954,83,1037
300151008,1093,166,1259
300151009,1408,182,1590
300151010,899,49,948
300151011,1278,210,1488
300151012,1625,259,1884
300151013,953,161,1114
300151101,729,70,799
300151102,54,5,59
300151103,606,52,658
300151104,572,47,619
300151105,1125,115,1240
300151106,589,40,629
300151107,666,91,757
300151108,882,74,956
300151109,154,9,163
300151110,633,61,694
300151111,686,40,726
300151201,176,23,199
300151202,85,12,97
300151203,99,12,111
300151204,156,11,167
300151205,27,2,29
300151206,86,4,90
300151207,41,3,44
300151208,215,31,246
300151209,75,3,78
300151210,118,8,126
300151211,173,30,203
300151212,866,99,965
300151213,890,82,972
300151214,881,71,952
300151301,964,65,1029
300151302,140,5,145
300151303,36,2,38
300151304,1016,84,1100
300151305,468,52,520
300151306,476,25,501
300151307,139,10,149
300151308,122,7,129
300151309,32,7,39
300151310,817,105,922
300151311,771,56,827
300151312,560,60,620
300151401,32,0,32
300151402,217,6,223
300151403,147,17,164
300151404,174,42,216
300151405,70,4,74
300151406,77,14,91
300151407,87,6,93
300151408,274,30,304
300151501,159,19,178
300151502,197,30,227
300151503,21,3,24
300151504,185,25,210
300151505,160,7,167
300151506,208,19,227
300151507,139,38,177
300151508,134,13,147
300151509,73,5,78
300151510,488,51,539
300151511,737,82,819
300151512,212,19,231
300151513,274,15,289
300151514,313,37,350
300151515,301,28,329
300151601,26,4,30
300151602,174,11,185
300151603,76,11,87
300151604,36,1,37
300151605,64,8,72
300151606,393,30,423
300151607,430,53,483
300210101,747,30,777
300210102,842,50,892
300210103,118,10,128
300210104,852,36,888
300210105,543,34,577
300210106,657,20,677
300210107,821,56,877
300210108,1155,127,1282
300210109,482,26,508
300210110,377,15,392
300210111,480,18,498
300210112,615,39,654
300210201,659,55,714
300210202,360,12,372
300210203,744,39,783
300210204,72,5,77
300210205,420,55,475
300210206,281,26,307
300210207,604,57,661
300210208,476,25,501
300210209,428,15,443
300210210,800,35,835
300210211,728,56,784
300210212,1051,127,1178
300210301,234,77,311
300210302,337,20,357
300210303,420,20,440
300210304,386,31,417
300210305,440,38,478
300210306,98,6,104
300210307,151,10,161
300210308,273,47,320
300210309,511,66,577
300210310,240,37,277
300210311,158,5,163
300210312,96,3,99
300210401,435,45,480
300210402,41,2,43
300210403,251,16,267
300210404,144,6,150
300210405,472,31,503
300210406,341,22,363
300210407,22,3,25
300210408,49,9,58
300210409,176,6,182
300210410,328,15,343
300210501,175,14,189
300210502,214,18,232
300210503,108,7,115
300210504,186,6,192
300210505,672,35,707
300210506,677,30,707
300210507,591,41,632
300210508,79,2,81
300210509,15,4,19
300210510,108,12,120
300210511,143,12,155
300210512,466,33,499
300210601,164,5,169
300210602,177,6,183
300210603,124,5,129
300210604,441,40,481
300210605,118,6,124
300210606,64,4,68
300210701,36,4,40
300210702,47,2,49
300210703,4,0,4
300210704,98,4,102
300210705,29,1,30
300210706,421,17,438
300210707,377,22,399
300210708,616,35,651
300210709,636,23,659
300210710,643,17,660
300210711,627,3,630
300210712,500,18,518
300210713,343,14,357
300210714,564,22,586
300210715,643,15,658
300210716,564,14,578
300210801,36,5,41
300210802,81,4,85
300210803,84,5,89
300210804,307,25,332
300210805,65,5,70
300210806,84,2,86
300210807,92,1,93
300210808,52,4,56
300210809,117,14,131
300210901,226,20,246
300210902,254,29,283
300210903,548,44,592
300210904,351,14,365
300210905,1076,69,1145
300210906,278,42,320
300210907,635,30,665
300210908,465,32,497
300210909,511,40,551
300210910,500,38,538
300210911,642,36,678
300211001,81,11,92
300211002,452,34,486
300211003,227,17,244
300211004,491,42,533
300211005,328,34,362
300211006,564,46,610
300211007,602,31,633
300211101,108,19,127
300211102,97,6,103
300211103,76,5,81
300211104,55,6,61
300211105,45,1,46
300211201,16,0,16
300211202,13,1,14
300211203,85,8,93
300211204,123,6,129
300211205,49,3,52
300211206,87,8,95
300211207,67,7,74
300211208,137,10,147
300211209,95,12,107
300211210,545,73,618
300211211,40,3,43
300211212,125,8,133
300211301,59,15,74
300211302,22,6,28
300280101,727,13,740
300280102,1156,73,1229
300280103,587,25,612
300280104,433,20,453
300280105,1123,109,1232
300280106,1170,107,1277
300280107,784,55,839
300280108,584,25,609
300280109,555,30,585
300280110,1103,84,1187
300280111,415,23,438
300280112,567,34,601
300280113,371,69,440
300280114,134,22,156
300280201,260,13,273
300280202,149,19,168
300280203,949,114,1063
300280204,1275,158,1433
300280205,1185,133,1318
300280206,927,128,1055
300280301,118,4,122
300280302,16,1,17
300280303,260,13,273
300280304,17,1,18
300280305,64,4,68
300280306,152,12,164
300280307,10,2,12
300280308,184,3,187
300280401,478,38,516
300280402,756,71,827
300280403,1114,72,1186
300280404,723,51,774
300280405,677,49,726
300280406,845,54,899
300280407,655,61,716
300280408,759,48,807
300280409,501,33,534
300280410,805,62,867
300280411,585,47,632
300280412,638,22,660
300280413,513,33,546
300280414,583,44,627
300280415,587,48,635
300280416,802,54,856
300280417,649,49,698
300280418,809,69,878
300280419,937,96,1033
300280501,844,99,943
300280502,864,71,935
300280503,880,71,951
300280504,706,98,804
300280505,1117,86,1203
300280506,390,27,417
300280507,802,59,861
300280508,449,16,465
300280509,520,22,542
300280510,393,16,409
300280511,593,28,621
300280512,919,36,955
300280513,433,30,463
300280514,807,56,863
300280515,526,25,551
300280516,348,14,362
300280517,862,56,918
300280518,908,63,971
300280519,740,60,800
300280601,245,29,274
300280602,196,20,216
300280603,633,47,680
300280604,150,5,155
300280605,312,16,328
300280606,378,46,424
300280607,344,56,400
300280608,672,74,746
300280609,626,49,675
300280610,87,6,93
300280611,203,16,219
300280701,3,2,5
300280702,12,2,14
300280703,24,2,26
300280704,78,13,91
300280705,10,1,11
300280706,30,4,34
300280707,18,2,20
300280708,373,57,430
300280709,797,81,878
300280710,1045,101,1146
300280711,623,74,697
300280712,667,108,775
300280801,159,4,163
300280802,113,4,117
300280803,198,18,216
300280804,12,0,12
300280805,209,19,228
300280806,150,8,158
300280807,73,6,79
300280808,218,15,233
300280809,1058,88,1146
300280810,544,30,574
300280811,413,37,450
300280812,358,37,395
300280901,189,16,205
300280902,60,4,64
300280903,208,17,225
300280904,161,19,180
300280905,104,9,113
300280906,98,3,101
300280907,749,73,822
300281001,34,3,37
300281002,45,10,55
300281003,11,2,13
300281004,14,2,16
300281005,94,2,96
300281006,32,3,35
300281007,22,2,24
300281008,277,37,314
300281101,67,4,71
300281102,8,0,8
300281103,67,17,84
300281104,120,14,134
300281105,30,3,33
300281106,26,1,27
300281107,562,65,627
300281108,429,64,493
300281201,182,15,197
300281202,5,0,5
300281203,100,5,105
300281204,175,17,192
300281205,89,4,93
300281206,110,15,125
300281207,209,16,225
300281208,691,53,744
300281209,55,4,59
300281210,259,23,282
300281211,173,23,196
300281212,189,20,209
300281213,93,2,95
300281214,121,14,135
300281215,351,27,378
300281301,36,1,37
300281302,33,3,36
300281303,234,9,243
300281304,75,7,82
300281305,27,4,31
300281306,90,7,97
300281307,184,12,196
300281308,25,6,31
300281309,330,29,359
300281310,35,4,39
300350101,689,93,782
300350102,680,66,746
300350103,468,35,503
300350104,1269,115,1384
300350105,935,118,1053
300350106,803,108,911
300350107,755,47,802
300350108,555,29,584
300350109,394,21,415
300350110,711,78,789
300350111,421,47,468
300350112,912,66,978
300350113,671,36,707
300350114,598,31,629
300350115,665,80,745
300350116,992,77,1069
300350117,890,69,959
300350118,759,68,827
300350119,793,113,906
300350201,102,17,119
300350202,146,16,162
300350203,165,20,185
300350204,578,87,665
300350205,132,18,150
300350206,260,42,302
300350301,18,2,20
300350302,116,66,182
300350303,23,4,27
300350304,39,2,41
300350305,8,0,8
300350401,62,9,71
300350402,16,3,19
300350403,106,17,123
300350404,5,0,5
300350405,62,10,72
300350406,43,6,49
300350407,65,10,75
300350408,89,9,98
300350409,104,4,108
300350410,21,3,24
300350411,34,9,43
300350412,15,1,16
300350413,2,1,3
300350414,316,41,357
300350501,57,7,64
300350502,49,9,58
300350503,10,1,11
300350504,75,13,88
300350505,34,2,36
300350506,38,7,45
300350507,196,10,206
300350601,11,1,12
300350602,20,1,21
300350603,54,12,66
300350604,21,7,28
300350605,53,7,60
300350606,37,7,44
300350701,168,21,189
300350702,76,13,89
300350703,49,8,57
300350704,59,1,60
300350705,46,4,50
300350706,103,7,110
300350801,54,8,62
300350802,131,7,138
300350803,70,6,76
300350804,142,11,153
300350805,78,8,86
300350901,55,8,63
300350902,81,6,87
300350903,21,5,26
300350904,11,2,13
300350905,76,5,81
300350906,32,3,35
300350907,28,3,31
300351001,4,0,4
300351002,11,2,13
300351003,76,6,82
300351004,33,6,39
300351005,254,41,295
300351006,273,37,310
300351007,610,56,666
300351101,24,14,38
300351102,89,20,109
300351103,987,120,1107
300351104,518,43,561
300351105,598,54,652
300351106,378,16,394
300420101,724,79,803
300420102,893,107,1000
300420103,705,75,780
300420104,838,63,901
300420105,607,50,657
300420106,863,66,929
300420107,752,68,820
300420108,662,82,744
300420109,451,45,496
300420110,719,66,785
300420111,834,101,935
300420112,636,76,712
300420201,177,30,207
300420202,202,31,233
300420203,144,19,163
300420204,440,79,519
300420205,377,28,405
300420206,298,44,342
300420301,87,13,100
300420302,222,26,248
300420303,235,23,258
300420304,25,2,27
300420305,120,24,144
300420401,43,7,50
300420402,67,7,74
300420403,42,6,48
300420404,151,12,163
300420405,13,3,16
300420406,69,5,74
300420501,36,12,48
300420502,44,11,55
300420503,389,40,429
300420504,130,24,154
300420601,18,0,18
300420602,80,4,84
300420603,102,19,121
300420604,119,21,140
300420605,55,5,60
300420701,42,5,47
300420702,45,1,46
300420703,110,14,124
300420704,271,44,315
300490101,268,23,291
300490102,1285,129,1414
300490103,718,50,768
300490104,449,37,486
300490105,832,41,873
300490106,857,46,903
300490107,873,56,929
300490108,811,48,859
300490109,367,16,383
300490110,488,21,509
300490111,714,44,758
300490112,573,34,607
300490113,406,31,437
300490114,384,17,401
300490201,664,42,706
300490202,1084,84,1168
300490203,652,63,715
300490204,472,20,492
300490205,534,38,572
300490206,573,41,614
300490207,384,25,409
300490208,469,17,486
300490209,618,31,649
300490210,1041,92,1133
300490211,685,37,722
300490212,303,7,310
300490213,564,23,587
300490214,404,29,433
300490215,400,16,416
300490216,383,41,424
300490217,240,18,258
300490218,746,45,791
300490219,599,25,624
300490220,813,62,875
300490221,786,102,888
300490222,699,79,778
300490301,1025,57,1082
300490302,478,9,487
300490303,317,19,336
300490304,451,12,463
300490305,588,26,614
300490306,861,64,925
300490307,836,56,892
300490308,1065,92,1157
300490309,1183,139,1322
300490310,1324,153,1477
300490311,458,69,527
300490312,830,156,986
300490401,378,40,418
300490402,278,28,306
300490403,279,41,320
300490404,51,11,62
300490405,49,13,62
300490406,12,5,17
300490407,300,20,320
300490408,111,7,118
300490409,389,33,422
300490410,5,1,6
300490411,490,45,535
300490412,1120,125,1245
300490413,996,145,1141
300490414,696,87,783
300490415,710,95,805
300490416,7,2,9
300490417,279,50,329
300490501,70,8,78
300490502,57,3,60
300490503,115,18,133
300490504,32,3,35
300490505,53,5,58
300490506,62,4,66
300490507,63,3,66
300490508,104,4,108
300490509,90,6,96
300490510,121,6,127
300490511,360,34,394
300490512,150,18,168
300490513,39,4,43
300490601,70,2,72
300490602,63,1,64
300490603,70,0,70
300490604,36,2,38
300490605,86,3,89
300490606,54,3,57
300490607,20,0,20
300490608,14,0,14
300490609,99,5,104
300490610,38,2,40
300490611,313,30,343
300490701,47,5,52
300490702,164,25,189
300490703,52,1,53
300490704,19,0,19
300490705,26,0,26
300490706,105,10,115
300490707,48,2,50
300490708,84,5,89
300490709,38,2,40
300490710,28,2,30
300490711,46,3,49
300490712,24,2,26
300490801,9,1,10
300490802,76,15,91
300490803,48,11,59
300490804,72,4,76
300490805,56,10,66
300490806,104,37,141
300490807,20,3,23
300490901,63,14,77
300490902,151,25,176
300491001,2,0,2
300491002,33,2,35
300491003,62,5,67
300491004,43,3,46
300491005,229,22,251
300491006,456,21,477
300491007,842,48,890
300491008,503,22,525
300491009,365,19,384
300491010,891,60,951
300491011,951,71,1022
300560101,884,89,973
300560102,883,73,956
300560103,1190,93,1283
300560104,827,48,875
300560105,1057,74,1131
300560106,1044,84,1128
300560107,1122,90,1212
300560108,959,58,1017
300560109,689,36,725
300560110,1044,67,1111
300560111,893,57,950
300560112,364,17,381
300560113,428,17,445
300560114,561,24,585
300560115,1063,58,1121
300560116,925,79,1004
300560117,761,43,804
300560118,280,14,294
300560119,481,26,507
300560120,527,18,545
300560121,403,14,417
300560122,581,25,606
300560201,814,41,855
300560202,703,44,747
300560203,1209,134,1343
300560204,464,44,508
300560205,1286,145,1431
300560206,1232,117,1349
300560207,643,31,674
300560208,605,35,640
300560209,577,43,620
300560210,510,24,534
300560211,365,14,379
300560212,482,16,498
300560213,519,23,542
300560214,624,31,655
300560215,573,35,608
300560216,876,55,931
300560217,661,43,704
300560218,474,17,491
300560219,423,14,437
300560220,601,24,625
300560221,490,28,518
300560301,158,4,162
300560302,230,5,235
300560303,876,32,908
300560304,367,15,382
300560305,315,15,330
300560306,425,19,444
300560307,528,11,539
300560308,727,43,770
300560309,423,15,438
300560310,539,18,557
300560311,445,22,467
300560312,640,37,677
300560313,1032,96,1128
300560314,767,49,816
300560315,335,25,360
300560316,583,23,606
300560317,949,64,1013
300560318,1022,97,1119
300560319,418,29,447
300560401,568,27,595
300560402,506,19,525
300560403,351,16,367
300560404,366,13,379
300560405,814,39,853
300560406,577,30,607
300560407,775,34,809
300560408,1020,63,1083
300560409,933,65,998
300560410,1087,50,1137
300560411,870,61,931
300560412,899,123,1022
300560413,835,69,904
300560414,1319,151,1470
300560415,986,103,1089
300560416,603,57,660
300560417,853,69,922
300560418,818,99,917
300560501,403,26,429
300560502,463,27,490
300560503,460,25,485
300560504,875,47,922
300560505,656,74,730
300560506,455,23,478
300560507,712,32,744
300560508,685,83,768
300560509,599,54,653
300560510,748,72,820
300560511,820,52,872
300560512,517,41,558
300560513,873,54,927
300560601,183,13,196
300560602,356,28,384
300560603,74,4,78
300560604,135,12,147
300560605,1310,172,1482
300560606,935,80,1015
300560607,345,31,376
300560608,1118,124,1242
300560609,56,4,60
300560610,634,55,689
300560611,195,15,210
300560612,49,1,50
300560701,1256,115,1371
300560702,979,120,1099
300560703,173,19,192
300560704,80,7,87
300560705,258,35,293
300560706,794,89,883
300560707,146,16,162
300560801,45,8,53
300560802,35,0,35
300560803,1,0,1
300560804,128,11,139
300560805,32,2,34
300560806,32,2,34
300560807,17,0,17
300560808,129,11,140
300560809,44,4,48
300560810,162,22,184
300560811,406,33,439
300560812,298,24,322
300560901,62,3,65
300560902,98,8,106
300560903,16,3,19
300560904,25,3,28
300560905,17,1,18
300560906,54,0,54
300560907,108,6,114
300560908,136,7,143
300560909,97,13,110
300560910,49,5,54
300560911,340,31,371
300560912,25,3,28
300560913,34,2,36
300560914,13,1,14
300560915,439,24,463
300560916,546,34,580
300561001,122,19,141
300561002,12,1,13
300561003,124,9,133
300561004,189,4,193
300561005,101,10,111
300561006,14,2,16
300561007,36,0,36
300561008,64,2,66
300561009,203,14,217
300561010,44,4,48
300561011,138,12,150
300561101,11,0,11
300561102,34,4,38
300561103,42,7,49
300561104,34,6,40
300561105,35,2,37
300561106,38,5,43
300561107,50,5,55
300561108,12,1,13
300561109,49,4,53
300561110,34,4,38
300561111,270,21,291
300561201,182,14,196
300561202,131,10,141
300561203,41,7,48
300561204,95,8,103
300561205,118,10,128
300561206,123,8,131
300561207,104,10,114
300561208,110,10,120
300561209,42,4,46
300561301,16,1,17
300561302,136,11,147
300561303,49,4,53
300561304,22,0,22
300561305,35,3,38
300561306,147,16,163
300561307,45,9,54
300561308,67,6,73
300561309,16,3,19
300561310,58,2,60
300561401,121,9,130
300561402,27,4,31
300561403,26,3,29
300561404,32,7,39
300561405,46,4,50
300561406,669,47,716
300561501,498,37,535
300561502,677,67,744
300561503,664,59,723
300561504,556,31,587
300561505,343,12,355
300561506,575,26,601
300561507,708,50,758
300561508,376,17,393
300561509,579,25,604
300561510,285,25,310
300561511,740,61,801
300561512,595,33,628
300561513,709,50,759
300561601,207,30,237
300561602,120,8,128
300561603,2,0,2
300561604,354,23,377
300561605,39,1,40
300561701,49,2,51
300561702,194,13,207
300561703,488,61,549
300561704,713,33,746
300561705,730,53,783
300561706,391,27,418
300561707,710,87,797
300561708,557,20,577
300561709,446,29,475
300561710,472,36,508
300561711,478,33,511
300561712,501,39,540
300561801,75,3,78
300561802,42,2,44
300561803,21,6,27
300561804,65,11,76
300561805,49,3,52
300561806,45,1,46
300561807,46,3,49
300561808,170,17,187
300561809,191,16,207
300561810,450,35,485
300561811,534,20,554
300561812,312,25,337
300561813,250,18,268
300561814,226,24,250
300561815,36,1,37
300630101,76,8,84
300630102,50,3,53
300630103,281,25,306
300630104,106,6,112
300630105,90,11,101
300630106,23,6,29
300630107,154,7,161
300630108,101,13,114
300630109,19,3,22
300630110,807,97,904
300630111,869,63,932
300630201,97,12,109
300630202,38,7,45
300630203,187,27,214
300630204,895,78,973
300630205,1082,96,1178
300630206,865,66,931
300630207,938,106,1044
300630301,64,6,70
300630302,46,8,54
300630303,70,9,79
300630304,484,61,545
300630401,3,0,3
300630402,0,1,1
300630403,10,1,11
300630404,15,4,19
300630405,34,4,38
300630406,158,14,172
300630407,30,12,42
300630408,42,3,45
300630409,37,3,40
300630410,0,1,1
300630411,3,0,3
300630412,567,94,661
300630413,802,135,937
300630501,47,7,54
300630502,115,5,120
300630503,18,7,25
300630504,100,11,111
300630505,186,22,208
300630506,20,3,23
300630507,92,19,111
300630508,305,48,353
300630509,124,20,144
300630510,24,6,30
300630511,36,1,37
300630512,109,16,125
300630513,8,0,8
300630514,4,1,5
300700101,325,32,357
300700102,427,18,445
300700103,431,22,453
300700104,612,80,692
300700105,556,46,602
300700106,874,113,987
300700107,550,19,569
300700108,675,43,718
300700109,699,46,745
300700110,586,37,623
300700111,644,46,690
300700112,478,25,503
300700113,852,60,912
300700114,1218,107,1325
300700115,896,86,982
300700201,902,89,991
300700202,718,65,783
300700203,926,94,1020
300700204,735,119,854
300700205,543,74,617
300700206,960,108,1068
300700207,427,46,473
300700208,545,65,610
300700209,779,113,892
300700210,775,117,892
300700301,14,0,14
300700302,194,22,216
300700303,745,54,799
300700304,673,63,736
300700305,359,41,400
300700306,189,12,201
300700307,171,28,199
300700308,718,47,765
300700309,379,28,407
300700310,945,49,994
300700311,497,47,544
300700312,261,24,285
300700313,81,9,90
300700314,23,3,26
300700401,170,48,218
300700402,119,19,138
300700403,10,1,11
300700404,35,4,39
300700405,79,10,89
300700406,264,41,305
300700407,150,19,169
300700408,240,28,268
300700409,105,12,117
300700410,5,0,5
300700411,162,19,181
300700412,44,7,51
300700413,89,27,116
300700414,128,20,148
300700415,189,18,207
300700416,69,12,81
300700501,78,8,86
300700502,88,14,102
300700503,120,18,138
300700504,30,6,36
300700505,146,3,149
300700506,120,15,135
300700507,119,15,134
300700508,20,0,20
300700509,76,10,86
300700510,416,57,473
300700511,693,80,773
300700601,19,1,20
300700602,38,4,42
300700603,25,6,31
300700604,72,10,82
300700605,10,3,13
300700606,19,8,27
300700607,53,12,65
300700608,207,51,258
300700609,80,10,90
300700701,174,16,190
300700702,71,6,77
300700703,176,13,189
300700704,59,11,70
300700705,86,5,91
300700706,116,19,135
300700801,52,18,70
300700802,41,8,49
300700803,78,12,90
300700804,46,6,52
300700805,30,5,35
300700806,65,4,69
300700807,40,9,49
300700808,24,1,25
300700809,52,2,54
300700810,396,49,445
300700901,93,13,106
300700902,29,9,38
300700903,210,16,226
300700904,76,12,88
300700905,199,12,211
300700906,17,1,18
300700907,192,13,205
300700908,70,10,80
300700909,230,38,268
300701001,2,0,2
300701002,24,7,31
300701003,361,34,395
300701004,791,116,907
300701005,738,99,837
300701006,413,29,442
300701007,449,26,475
300701008,968,77,1045
300701009,901,119,1020
300701010,916,71,987
300701011,585,40,625
300701101,507,40,547
300701102,442,35,477
300701103,636,53,689
300701104,1083,115,1198
300701105,613,61,674
300701106,1067,71,1138
300701107,808,80,888
300701108,678,38,716
300701109,739,104,843
300701110,1254,123,1377
300701111,1128,160,1288
300701112,307,77,384
300701201,233,28,261
300701202,56,5,61
300701203,59,15,74
300701204,208,23,231
300701205,64,5,69
300701206,77,10,87
300701207,98,18,116
300701208,78,3,81
300701209,120,11,131
300701210,56,9,65
300701211,0,0,0
300701212,224,24,248
300701213,968,87,1055
300701301,252,37,289
300701302,267,24,291
300701303,73,18,91
300701304,124,18,142
300701305,29,6,35
300701306,54,8,62
300701307,68,6,74
300701308,169,15,184
300701309,627,71,698
300701310,301,18,319
300701311,529,66,595
300701312,547,51,598
300701401,41,4,45
300701402,56,5,61
300701403,42,2,44
300701404,49,5,54
300701405,1081,174,1255
300701406,661,54,715
300701407,684,63,747
300701408,834,98,932
300701409,668,53,721
300701410,530,31,561
300701411,1059,60,1119
300701412,720,61,781
300701413,1182,118,1300
300701501,14,5,19
300770101,373,51,424
300770102,858,64,922
300770103,518,35,553
300770104,653,54,707
300770105,750,60,810
300770106,596,28,624
300770107,578,46,624
300770108,544,28,572
300770109,689,32,721
300770110,990,68,1058
300770111,358,20,378
300770112,280,38,318
300770113,827,48,875
300770114,672,24,696
300770115,562,20,582
300770201,675,36,711
300770202,759,30,789
300770203,373,40,413
300770204,533,33,566
300770205,551,20,571
300770206,526,57,583
300770207,675,40,715
300770208,535,19,554
300770209,575,47,622
300770210,742,72,814
300770211,716,53,769
300770212,308,38,346
300770213,941,51,992
300770214,560,83,643
300770215,678,67,745
300770216,1116,145,1261
300770217,373,35,408
300770301,36,1,37
300770302,188,18,206
300770303,62,8,70
300770304,249,32,281
300770305,302,17,319
300770306,229,38,267
300770401,31,5,36
300770402,65,3,68
300770403,110,13,123
300770404,90,3,93
300770405,162,9,171
300770406,91,6,97
300770407,93,11,104
300770408,121,17,138
300770409,44,5,49
300770410,90,8,98
300770411,57,8,65
300770412,40,7,47
300770413,21,3,24
300770414,116,7,123
300770415,70,4,74
300770416,107,8,115
300770417,45,3,48
300770501,93,12,105
300770502,15,2,17
300770503,63,4,67
300770504,45,7,52
300770505,149,12,161
300770506,122,8,130
300770507,124,9,133
300770508,52,3,55
300770509,15,1,16
300770510,91,4,95
300770511,24,1,25
300770512,14,0,14
300770513,66,4,70
300770514,111,6,117
300770515,58,6,64
300770516,142,10,152
300770517,79,7,86
300770518,66,4,70
300770519,14,0,14
300770601,144,5,149
300770602,29,2,31
300770603,121,8,129
300770604,15,0,15
300770605,148,11,159
300770606,117,5,122
300770607,93,9,102
300770608,29,2,31
300770609,50,3,53
300770610,104,4,108
300770611,66,2,68
300770612,268,22,290
300770613,14,1,15
300770701,138,9,147
300770702,87,7,94
300770703,40,6,46
300770704,46,3,49
300770705,56,6,62
300770706,588,46,634
300770707,799,51,850
300770708,36,5,41
300770709,81,3,84
300770710,58,2,60
300770711,18,0,18
300770801,258,15,273
300770802,375,26,401
300770803,383,17,400
300770804,375,13,388
300770805,76,4,80
300770806,165,9,174
300770807,14,0,14
300770901,56,5,61
300770902,34,5,39
300770903,54,9,63
300770904,194,11,205
300770905,32,0,32
300770906,220,18,238
300770907,50,4,54
300770908,69,5,74
300771001,71,5,76
300771002,96,10,106
300771003,51,5,56
300771004,23,2,25
300771005,29,2,31
300771006,10,1,11
300771101,91,5,96
300771102,68,4,72
300771103,157,16,173
300771104,55,4,59
300771105,52,3,55
300771106,20,2,22
300771107,7,0,7
300771108,56,7,63
300771109,76,5,81
300771110,113,12,125
300771111,68,3,71
300771112,97,8,105
300771113,104,9,113
300771114,78,5,83
300771115,57,7,64
300771201,884,61,945
300771202,373,28,401
300771203,546,14,560
300771204,479,23,502
300771205,501,31,532
300771206,460,29,489
300771207,624,41,665
300771208,117,14,131
300771209,77,6,83
300771210,36,1,37
300771211,27,3,30
300771212,23,2,25
300771213,5,1,6
300840101,845,68,913
300840102,838,74,912
300840103,321,28,349
300840104,975,77,1052
300840105,872,96,968
300840106,675,52,727
300840107,574,45,619
300840108,1317,130,1447
300840109,345,60,405
300840110,661,65,726
300840111,1249,194,1443
300840112,1077,122,1199
300840113,1133,99,1232
300840114,1364,133,1497
300840201,751,42,793
300840202,442,13,455
300840203,558,16,574
300840204,459,16,475
300840205,798,24,822
300840206,432,10,442
300840207,457,17,474
300840208,1128,66,1194
300840209,546,25,571
300840210,290,14,304
300840211,495,18,513
300840212,533,21,554
300840213,566,16,582
300840214,434,15,449
300840215,647,22,669
300840216,988,67,1055
300840217,687,30,717
300840218,593,16,609
300840219,538,25,563
300840220,455,16,471
300840221,452,9,461
300840222,351,11,362
300840223,290,6,296
300840224,303,6,309
300840301,772,19,791
300840302,947,105,1052
300840303,749,39,788
300840304,648,27,675
300840305,1415,147,1562
300840306,624,19,643
300840307,442,14,456
300840308,497,20,517
300840309,580,18,598
300840310,805,46,851
300840311,663,26,689
300840312,492,18,510
300840313,329,6,335
300840314,749,28,777
300840315,517,32,549
300840316,480,14,494
300840317,532,13,545
300840318,931,28,959
300840319,217,6,223
300840320,477,11,488
300840321,359,3,362
300840322,215,24,239
300840323,331,13,344
300840401,1036,89,1125
300840402,900,116,1016
300840403,312,14,326
300840404,1067,46,1113
300840405,790,50,840
300840406,724,42,766
300840407,536,22,558
300840408,729,40,769
300840409,1098,53,1151
300840410,825,68,893
300840411,1256,81,1337
300840412,1112,48,1160
300840413,709,43,752
300840414,835,41,876
300840415,1285,105,1390
300840416,1170,67,1237
300840417,957,41,998
300840418,970,78,1048
300840419,498,35,533
300840420,718,28,746
300840421,700,31,731
300840501,1012,43,1055
300840502,681,34,715
300840503,778,61,839
300840504,942,55,997
300840505,1525,105,1630
300840506,706,38,744
300840507,692,42,734
300840508,981,53,1034
300840509,583,35,618
300840510,683,35,718
300840511,510,81,591
300840512,1046,41,1087
300840513,760,42,802
300840514,1193,75,1268
300840515,652,31,683
300840516,1054,53,1107
300840517,805,47,852
300840518,629,41,670
300840519,611,34,645
300840520,780,36,816
300840521,529,20,549
300840522,864,20,884
300840523,974,40,1014
300840524,908,37,945
300840601,631,21,652
300840602,196,3,199
300840603,426,16,442
300840604,751,29,780
300840605,388,8,396
300840606,433,15,448
300840607,383,7,390
300840608,814,32,846
300840609,324,5,329
300840610,135,2,137
300840611,289,10,299
300840612,687,24,711
300840613,365,9,374
300840614,386,15,401
300840615,659,22,681
300840616,784,19,803
300840617,723,18,741
300840618,596,18,614
300840619,706,26,732
300840620,812,30,842
300840621,794,27,821
300840622,609,34,643
300840623,703,34,737
300840701,788,42,830
300840702,662,25,687
300840703,237,6,243
300840704,184,8,192
300840705,326,8,334
300840706,494,17,511
300840707,426,17,443
300840708,726,35,761
300840709,928,34,962
300840710,792,27,819
300840711,802,25,827
300840712,837,27,864
300840713,1152,128,1280
300840714,1157,108,1265
300840715,854,71,925
300840801,614,42,656
300840802,951,55,1006
300840803,753,44,797
300840804,1060,71,1131
300840805,1133,71,1204
300840806,983,50,1033
300840807,937,32,969
300840808,514,29,543
300840809,704,30,734
300840810,996,55,1051
300840811,815,31,846
300840812,814,61,875
300840813,83,1,84
300840814,931,51,982
300840815,889,54,943
300840816,1012,107,1119
300840817,862,64,926
300840818,1067,59,1126
300840819,1110,75,1185
300840820,894,53,947
300840821,1156,65,1221
300840822,1060,68,1128
300840823,542,29,571
300840901,772,21,793
300840902,738,24,762
300840903,353,8,361
300840904,787,25,812
300840905,456,13,469
300840906,646,35,681
300840907,1260,58,1318
300840908,684,28,712
300840909,919,42,961
300840910,641,33,674
300840911,998,36,1034
300840912,769,51,820
300840913,1029,58,1087
300840914,894,55,949
300840915,391,28,419
300840916,880,57,937
300840917,1043,58,1101
300841001,739,37,776
300841002,841,68,909
300841003,797,35,832
300841004,459,19,478
300841005,549,25,574
300841006,556,23,579
300841007,680,32,712
300841008,825,49,874
300841009,993,40,1033
300841010,589,26,615
300841011,794,38,832
300841012,706,26,732
300841013,727,53,780
300841014,1108,57,1165
300841015,1054,54,1108
300841016,553,23,576
300841017,958,56,1014
300841018,1098,58,1156
300841019,452,29,481
300841020,1157,66,1223
300841021,868,48,916
300841101,293,6,299
300841102,742,56,798
300841103,1139,75,1214
300841104,935,87,1022
300841105,383,23,406
300841106,1098,106,1204
300841107,1072,70,1142
300841108,708,39,747
300841109,205,9,214
300841110,1398,76,1474
300841111,847,71,918
300841112,750,36,786
300841113,540,73,613
300841114,1005,81,1086
300841201,235,29,264
300841202,524,38,562
300841203,143,16,159
300841204,132,16,148
300841205,788,43,831
300841206,206,15,221
300841207,705,35,740
300841208,168,21,189
300841209,142,8,150
300841210,493,20,513
300841211,540,49,589
300841212,28,4,32
300841301,1085,77,1162
300841302,559,68,627
300841303,131,21,152
300841304,590,45,635
300841305,158,21,179
300841306,562,60,622
300841307,536,55,591
300841401,911,57,968
300841402,1092,70,1162
300841403,929,52,981
300841404,1048,73,1121
300841405,1097,80,1177
300841406,1272,75,1347
300841407,1122,56,1178
300841408,651,37,688
300841409,918,51,969
300841410,956,56,1012
300841411,931,64,995
300841412,1122,86,1208
300841413,491,49,540
300841414,1072,70,1142
300841415,371,24,395
300841416,875,85,960
300841417,1100,91,1191
300841501,848,52,900
300841502,449,29,478
300841503,1238,61,1299
300841504,907,42,949
300841505,469,20,489
300841506,1165,49,1214
300841507,1181,94,1275
300841508,1118,47,1165
300841509,597,49,646
300841510,862,50,912
300841511,493,22,515
300841512,1058,107,1165
300841513,13,0,13
300841601,1046,113,1159
300841602,660,52,712
300841603,855,51,906
300841604,715,34,749
300841605,565,27,592
300841606,894,44,938
300841607,925,49,974
300841608,1028,59,1087
300841609,822,35,857
300841610,827,61,888
300841611,944,89,1033
300841701,340,83,423
300841702,985,95,1080
300841703,862,63,925
300841704,829,62,891
300841705,729,53,782
300841706,508,30,538
300841707,1189,75,1264
300841708,974,88,1062
300841709,981,72,1053
300841710,1179,75,1254
300841711,817,51,868
300841712,734,50,784
300841713,957,45,1002
300841714,1332,121,1453
300841715,945,89,1034
300841716,693,89,782
300841717,659,108,767
300841718,673,83,756
300841719,1281,167,1448
300841801,81,14,95
300841802,870,123,993
300841803,397,22,419
300841804,284,40,324
300841901,75,4,79
300841902,25,3,28
300841903,10,1,11
300841904,15,1,16
300841905,510,43,553
300841906,447,31,478
300841907,264,18,282
300841908,61,6,67
300841909,331,23,354
300841910,469,31,500
300841911,386,26,412
300841912,125,6,131
300842001,28,2,30
300842002,208,9,217
300842003,156,13,169
300842004,108,4,112
300842005,63,4,67
300842006,53,2,55
300842007,57,3,60
300842101,1023,94,1117
300842102,338,32,370
300842103,526,51,577
300842104,504,36,540
300842105,367,29,396
300842106,1483,124,1607
300842107,717,47,764
300842108,776,54,830
300842201,444,53,497
300842202,334,45,379
300842203,171,11,182
300842204,295,18,313
300842205,254,13,267
300842206,723,30,753
300842207,127,7,134
300842208,67,5,72
300842301,23,2,25
300842302,200,17,217
300842303,13,1,14
300842304,156,10,166
300842305,590,33,623
300842306,593,24,617
300842307,395,34,429
300842308,652,13,665
300842309,667,22,689
300842310,549,22,571
300842311,139,9,148
300842401,134,8,142
300842402,78,4,82
300842403,175,7,182
300842404,106,10,116
300842405,163,3,166
300842406,104,7,111
300842407,248,9,257
300842408,55,0,55
300842409,698,30,728
300842501,20,4,24
300842502,19,3,22
300842503,109,12,121
300842504,94,16,110
300842505,91,14,105
300842506,771,70,841
300842507,712,93,805
300842508,985,71,1056
300842509,807,79,886
300842510,515,44,559
300842511,662,26,688
300842512,247,13,260
300842601,8,1,9
300842602,13,0,13
300842603,17,0,17
300842604,32,5,37
300842605,48,17,65
300842606,35,4,39
300842607,83,3,86
300842608,43,3,46
300842609,159,3,162
300842610,108,12,120
300842611,62,3,65
300842612,60,7,67
300842613,138,7,145
300842614,37,2,39
300842615,372,34,406
300842616,320,28,348
300842701,53,3,56
300842702,51,5,56
300842703,615,61,676
300842704,773,48,821
300842705,719,29,748
300842706,357,34,391
300842707,959,76,1035
300842708,816,90,906
300842801,295,25,320
300842802,29,2,31
300842803,67,2,69
300842804,18,2,20
300842805,63,2,65
300842806,62,10,72
300842807,31,1,32
300842808,47,5,52
300842809,56,5,61
300842810,49,3,52
300842811,34,4,38
300842812,67,7,74
300842813,58,4,62
300842901,18,3,21
300842902,28,3,31
300842903,39,4,43
300842904,34,0,34
300842905,27,0,27
300842906,28,0,28
300842907,15,0,15
300842908,7,1,8
300842909,26,3,29
300842910,675,55,730
300843001,83,10,93
300843002,197,15,212
300843003,70,3,73
300843004,21,1,22
300843005,292,28,320
300843006,635,34,669
300843007,634,44,678
300843008,447,25,472
300843009,413,14,427
300843010,363,22,385
300843011,461,12,473
300843012,718,27,745
300843013,742,43,785
300843014,151,10,161
300843101,71,6,77
300843102,115,14,129
300843103,29,7,36
300843104,19,2,21
300843105,54,7,61
300843106,43,1,44
300843107,151,14,165
300843108,47,3,50
300843109,83,6,89
300843110,79,2,81
300843111,51,6,57
300843112,108,3,111
300843113,71,2,73
300843114,48,4,52
300843115,265,23,288
300843116,277,11,288
300843201,87,3,90
300843202,171,7,178
300843203,113,5,118
300843204,113,8,121
300843205,314,22,336
300843206,280,25,305
300843207,208,8,216
300843208,110,9,119
300843209,446,34,480
300843210,86,13,99
300843211,100,3,103
300843212,281,22,303
300843213,229,9,238
300843301,28,4,32
300843302,73,5,78
300843303,52,1,53
300843304,30,0,30
300843305,234,17,251
300843306,900,65,965
300843307,997,55,1052
300843308,994,58,1052
300843309,622,70,692
300843310,343,32,375
300843311,420,31,451
300843312,569,25,594
300843313,694,36,730
300843314,972,80,1052
300843401,4,0,4
300843402,43,2,45
300843403,16,2,18
300843404,29,4,33
300843405,44,1,45
300843406,0,0,0
300843407,131,5,136
300843408,154,8,162
300843409,54,2,56
300843410,60,3,63
300843411,35,2,37
300843412,130,13,143
300843413,72,5,77
300843414,86,13,99
300843415,208,16,224
300843416,446,29,475
300843501,39,2,41
300843502,37,2,39
300843503,55,5,60
300843504,27,0,27
300843505,44,2,46
300843506,437,36,473
300843507,327,38,365
300843508,376,33,409
300843601,54,3,57
300843602,63,3,66
300843603,57,2,59
300843604,60,6,66
300843701,584,39,623
300843702,500,42,542
300843703,345,24,369
300843704,1055,51,1106
300843705,496,19,515
300843706,680,44,724
300843707,531,33,564
300843708,379,24,403
300843709,519,19,538
300843710,622,41,663
300843711,683,45,728
300843712,626,79,705
300843713,555,54,609
300843714,744,55,799
300843715,76,1,77
300843801,15,0,15
300843802,37,3,40
300843803,45,4,49
300843804,47,5,52
300843805,83,10,93
300843806,31,3,34
300843807,82,4,86
300843808,77,6,83
300843809,48,2,50
300843901,176,6,182
300843902,77,8,85
300843903,131,9,140
300843904,118,6,124
300843905,22,1,23
300843906,26,1,27
300843907,47,4,51
300843908,91,4,95
300843909,92,1,93
300844001,147,9,156
300844002,69,5,74
300844003,66,2,68
300844004,186,18,204
300844005,72,4,76
300844006,43,1,44
300844007,102,8,110
300844008,139,11,150
300844009,116,11,127
300844101,18,2,20
300844102,36,0,36
300844103,62,2,64
300844104,59,1,60
300844105,757,41,798
300844106,762,54,816
300844107,4,1,5
300844108,885,44,929
300844109,519,33,552
300844110,437,19,456
300844201,22,2,24
300844202,146,7,153
300844203,57,2,59
300844204,142,6,148
300844205,41,2,43
300844206,28,0,28
300844207,68,5,73
300844208,65,11,76
300844209,109,11,120
300844301,1004,86,1090
300844302,565,30,595
300844303,671,27,698
300844304,552,21,573
300844305,680,19,699
300844306,708,21,729
300844307,841,39,880
300844308,555,24,579
300844309,967,52,1019
300844310,413,28,441
300844311,631,57,688
300844312,642,39,681
300844313,650,57,707
300844401,750,34,784
300844402,224,26,250
300844403,974,40,1014
300844404,1023,59,1082
300844405,403,17,420
300844406,507,20,527
300844407,762,44,806
300844408,819,58,877
300844409,446,34,480
300844410,808,57,865
300844411,604,49,653
300844501,120,7,127
300844502,99,5,104
300844503,108,8,116
300844504,167,7,174
300844505,147,10,157
300844506,110,6,116
300844507,372,25,397
300844508,332,30,362
300844509,172,21,193
300844510,377,39,416
300844511,74,7,81
300844601,25,3,28
300880101,709,43,752
300880102,653,37,690
300880103,938,75,1013
300880104,632,35,667
300880105,547,21,568
300880106,759,55,814
300880107,611,58,669
300880201,153,20,173
300880202,108,14,122
300880203,143,21,164
300880204,874,104,978
300880205,1327,172,1499
300880206,1057,110,1167
300880207,1027,72,1099
300880208,912,86,998
300880209,657,70,727
300880210,328,43,371
300880301,404,39,443
300880302,27,4,31
300880303,11,0,11
300880304,316,25,341
300880305,451,36,487
300880306,681,60,741
300880307,420,26,446
300880308,447,55,502
300880401,13,2,15
300880402,63,7,70
300880403,16,4,20
300880404,40,3,43
300880405,78,13,91
300880501,56,4,60
300880502,11,0,11
300880503,41,2,43
300880504,55,10,65
300880601,3,0,3
300880602,24,0,24
300880603,16,0,16
300880604,28,2,30
300880605,3,0,3
300880606,20,1,21
300880701,86,7,93
300880702,54,3,57
300880703,15,2,17
300880704,59,8,67
300880705,13,3,16
300880706,63,5,68
300880707,90,4,94
300910101,873,136,1009
300910102,909,84,993
300910103,946,60,1006
300910104,603,26,629
300910105,524,18,542
300910106,429,21,450
300910107,455,31,486
300910108,749,112,861
300910109,770,54,824
300910110,503,27,530
300910111,478,33,511
300910112,443,35,478
300910113,589,67,656
300910114,166,13,179
300910115,513,69,582
300910116,886,54,940
300910117,558,37,595
300910118,694,87,781
300910201,23,3,26
300910202,34,1,35
300910203,152,17,169
300910204,76,8,84
300910205,125,8,133
300910206,28,0,28
300910207,137,14,151
300910208,273,23,296
300910209,69,3,72
300910301,41,10,51
300910302,258,24,282
300910303,47,5,52
300910304,134,11,145
300910305,79,10,89
300910306,109,13,122
300910307,131,6,137
300910308,19,0,19
300910309,53,2,55
300910401,1,0,1
300910402,49,3,52
300910403,78,10,88
300910404,103,13,116
300910405,43,9,52
300910406,33,0,33
300910407,32,0,32
300910501,563,49,612
300910502,639,41,680
300910503,634,36,670
300910504,717,44,761
300910505,323,14,337
300910506,801,49,850
300910507,725,50,775
300910508,782,106,888
300910509,152,8,160
300910510,68,3,71
300910511,36,2,38
300910512,32,2,34
300910601,55,3,58
300910602,28,1,29
300910603,18,0,18
300910604,67,14,81
300910605,32,1,33
300910606,427,40,467
300910701,31,2,33
300910702,185,7,192
300910703,55,5,60
300910704,13,0,13
300910705,16,0,16
300910706,19,4,23
300910801,39,2,41
300910802,50,3,53
300910803,30,4,34
300910804,16,2,18
300910805,21,1,22
300910806,19,0,19
300910807,26,3,29
300910808,197,9,206
300910901,34,1,35
300910902,13,4,17
300910903,89,10,99
300910904,19,0,19
300910905,53,6,59
300910906,11,0,11
300911001,368,27,395
300911002,471,33,504
300911003,434,41,475
300911004,541,34,575
300911005,215,26,241
300911101,23,2,25
300911102,28,4,32
300911103,33,2,35
300911104,15,1,16
300911105,116,16,132
300911106,52,2,54
300980101,1230,99,1329
300980102,789,71,860
300980103,694,54,748
300980104,717,50,767
300980105,790,54,844
300980106,1113,88,1201
300980107,648,59,707
300980108,681,39,720
300980109,861,44,905
300980110,827,52,879
300980111,979,107,1086
300980112,947,67,1014
300980113,939,41,980
300980114,529,28,557
300980115,678,25,703
300980116,1253,106,1359
300980117,916,56,972
300980118,719,50,769
300980119,702,59,761
300980120,451,31,482
300980201,836,56,892
300980202,926,74,1000
300980203,837,55,892
300980204,782,31,813
300980205,776,30,806
300980206,358,17,375
300980207,543,35,578
300980208,791,53,844
300980209,979,105,1084
300980210,710,49,759
300980211,910,82,992
300980212,999,78,1077
300980213,661,40,701
300980214,905,50,955
300980215,617,46,663
300980301,431,35,466
300980302,501,13,514
300980303,797,38,835
300980304,767,34,801
300980305,751,28,779
300980306,538,39,577
300980307,557,14,571
300980308,441,15,456
300980309,484,24,508
300980310,403,7,410
300980311,115,3,118
300980312,395,11,406
300980313,330,17,347
300980314,512,25,537
300980315,330,18,348
300980316,677,28,705
300980317,361,14,375
300980318,504,24,528
300980401,490,22,512
300980402,584,22,606
300980403,651,30,681
300980404,394,13,407
300980405,355,14,369
300980406,475,18,493
300980407,324,16,340
300980408,437,19,456
300980409,577,21,598
300980410,880,84,964
300980411,815,54,869
300980412,569,30,599
300980413,877,44,921
300980414,654,69,723
300980415,520,13,533
300980416,534,29,563
300980417,571,27,598
300980418,859,51,910
300980419,456,32,488
300980420,373,8,381
300980421,419,20,439
300980501,334,36,370
300980502,438,31,469
300980503,128,13,141
300980504,901,135,1036
300980505,62,12,74
300980506,1074,81,1155
300980507,696,116,812
300980508,1146,114,1260
300980509,1302,179,1481
300980510,829,61,890
300980511,955,62,1017
300980512,825,49,874
300980513,878,60,938
300980514,216,17,233
300980601,47,2,49
300980602,176,13,189
300980603,230,18,248
300980604,230,23,253
300980605,658,67,725
300980606,1175,142,1317
300980607,999,107,1106
300980608,1047,45,1092
300980609,379,33,412
300980610,745,46,791
300980611,998,90,1088
300980612,107,5,112
300980613,107,13,120
300980614,164,17,181
300980701,998,41,1039
300980702,272,18,290
300980703,689,38,727
300980704,498,34,532
300980705,353,38,391
300980706,434,24,458
300980707,824,38,862
300980708,464,24,488
300980709,536,38,574
300980710,462,29,491
300980711,500,24,524
300980712,396,26,422
300980713,539,30,569
300980714,485,39,524
300980715,702,56,758
300980716,339,36,375
300980801,32,5,37
300980802,41,2,43
300980803,12,1,13
300980804,32,0,32
300980805,109,10,119
300980901,28,3,31
300980902,30,0,30
300980903,339,26,365
300980904,6,4,10
300980905,21,2,23
300980906,124,8,132
300980907,282,23,305
300980908,276,26,302
300980909,72,6,78
300980910,87,9,96
300980911,29,3,32
300980912,193,7,200
300980913,217,14,231
300980914,139,12,151
300980915,51,9,60
300980916,38,0,38
300980917,46,7,53
300981001,512,27,539
300981002,550,47,597
300981003,114,5,119
300981004,59,4,63
300981005,124,6,130
300981006,37,1,38
300981007,14,3,17
300981101,322,13,335
300981102,310,30,340
300981103,346,33,379
300981104,291,12,303
300981105,38,1,39
300981106,24,2,26
300981201,29,6,35
300981202,15,1,16
300981203,27,4,31
300981204,11,0,11
300981205,18,2,20
300981206,20,2,22
300981301,31,1,32
300981302,14,3,17
300981303,40,3,43
300981304,16,1,17
300981305,41,2,43
300981306,62,2,64
300981307,126,7,133
300981308,55,5,60
300981309,367,38,405
300981310,413,17,430
300981311,332,23,355
300981312,171,10,181
300981313,61,3,64
300981314,49,5,54
300981401,97,7,104
300981402,98,1,99
300981403,117,3,120
300981404,34,1,35
300981405,632,39,671
300981406,100,6,106
300981407,69,7,76
300981408,27,1,28
300981409,856,70,926
300981410,258,21,279
300981411,281,10,291
300981412,50,0,50
300981413,136,14,150
300981414,143,7,150
300981415,73,3,76
300981416,103,8,111
300981501,90,4,94
300981502,279,16,295
300981503,737,78,815
300981504,329,26,355
300981505,72,4,76
300981506,47,2,49
300981507,105,7,112
300981508,116,4,120
300981509,163,15,178
300981510,381,24,405
300981511,598,25,623
300981512,321,8,329
300981513,309,22,331
300981514,39,1,40
300981515,55,3,58
300981516,90,0,90
300981601,16,0,16
300981602,26,3,29
300981603,120,2,122
300981604,153,10,163
300981605,233,16,249
300981606,112,6,118
300981701,68,7,75
300981702,283,12,295
300981703,340,46,386
300981704,297,18,315
300981705,74,10,84
300981706,32,1,33
300981707,40,5,45
300981708,67,8,75
300981709,78,9,87
300981801,2,1,3
300981802,29,4,33
301050101,612,47,659
301050102,511,72,583
301050103,589,36,625
301050104,870,92,962
301050105,435,33,468
301050106,379,34,413
301050107,691,46,737
301050108,674,37,711
301050109,548,19,567
301050110,681,25,706
301050111,366,16,382
301050112,412,11,423
301050201,446,36,482
301050202,688,53,741
301050203,669,45,714
301050204,521,26,547
301050205,570,34,604
301050206,601,40,641
301050207,687,68,755
301050208,686,67,753
301050209,711,47,758
301050210,631,31,662
301050211,424,22,446
301050212,535,18,553
301050213,605,34,639
301050301,733,70,803
301050302,90,10,100
301050303,971,72,1043
301050304,717,60,777
301050305,494,29,523
301050306,748,31,779
301050307,774,25,799
301050308,661,33,694
301050309,602,44,646
301050310,649,60,709
301050401,278,12,290
301050402,348,20,368
301050403,471,43,514
301050404,795,65,860
301050405,476,32,508
301050406,925,59,984
301050407,646,66,712
301050408,234,13,247
301050409,774,118,892
301050410,987,134,1121
301050501,217,14,231
301050502,35,1,36
301050503,187,11,198
301050504,181,20,201
301050601,114,12,126
301050602,59,4,63
301050603,23,1,24
301050604,54,1,55
301050605,168,12,180
301050606,315,23,338
301050607,40,4,44
301050608,24,2,26
301050609,129,13,142
301050610,506,66,572
301050611,119,6,125
301050612,171,13,184
301050701,32,2,34
301050702,62,4,66
301050703,108,7,115
301050704,32,5,37
301050705,74,3,77
301050706,52,6,58
301050707,75,1,76
301050708,145,12,157
301050709,57,7,64
301050710,10,1,11
301050711,383,24,407
301050712,428,65,493
301050713,54,1,55
301050714,34,3,37
301050715,183,18,201
301050801,28,4,32
301050802,34,11,45
301050803,18,3,21
301050804,33,17,50
301050805,36,22,58
301050806,52,22,74
301050807,33,20,53
301050808,36,15,51
301050809,30,7,37
301050810,69,12,81
301050811,63,14,77
301050812,134,13,147
301130101,309,33,342
301130102,1,0,1
301130103,989,94,1083
301130104,725,60,785
301130105,1067,90,1157
301130106,726,59,785
301130107,511,50,561
301130108,778,59,837
301130109,939,57,996
301130110,678,49,727
301130111,810,62,872
301130112,793,52,845
301130113,574,36,610
301130114,507,23,530
301130115,899,79,978
301130116,569,55,624
301130117,584,57,641
301130118,747,64,811
301130119,579,22,601
301130120,248,7,255
301130121,376,22,398
301130122,970,53,1023
301130123,792,49,841
301130201,653,30,683
301130202,273,12,285
301130203,466,19,485
301130204,629,54,683
301130205,645,27,672
301130206,289,14,303
301130207,293,11,304
301130208,554,20,574
301130209,588,39,627
301130210,569,30,599
301130211,871,77,948
301130212,872,98,970
301130213,458,39,497
301130214,804,67,871
301130215,628,71,699
301130216,657,70,727
301130301,25,3,28
301130302,199,15,214
301130303,582,83,665
301130304,235,15,250
301130305,680,78,758
301130306,158,19,177
301130307,957,88,1045
301130308,429,29,458
301130309,855,97,952
301130310,1125,137,1262
301130311,668,117,785
301130312,44,7,51
301130401,19,1,20
301130402,5,3,8
301130403,27,6,33
301130404,620,74,694
301130405,682,60,742
301130406,1011,126,1137
301130501,28,2,30
301130502,0,0,0
301130503,28,5,33
301130504,550,56,606
301130505,394,38,432
301130506,308,33,341
301130507,283,41,324
301130601,36,10,46
301130602,49,6,55
301130603,208,37,245
301130604,42,10,52
301130605,30,3,33
301130606,374,50,424
301130607,110,13,123
301130608,236,34,270
301130609,121,17,138
301130610,71,15,86
301130701,61,5,66
301130702,260,31,291
301130703,146,27,173
301130704,81,10,91
301130705,138,10,148
301130706,280,24,304
301130801,54,7,61
301130802,25,4,29
301130803,35,3,38
301130804,57,6,63
301130805,126,16,142
301130806,220,27,247
301130807,103,17,120
301130808,116,10,126
301130809,42,3,45
301130810,33,1,34
301130811,34,7,41
301130812,37,4,41
301130813,51,6,57
301130814,57,2,59
301130815,81,4,85
301130901,58,10,68
301130902,56,6,62
301130903,77,5,82
301130904,53,8,61
301130905,51,4,55
301130906,144,18,162
301130907,54,6,60
301130908,35,4,39
301131001,63,17,80
301131002,181,26,207
301131003,89,6,95
301131004,158,8,166
301131005,139,5,144
301131006,59,4,63
301131007,115,15,130
301131008,136,23,159
301131101,30,7,37
301131102,11,3,14
301131103,123,19,142
301131104,143,22,165
301131105,108,10,118
301131106,258,38,296
301131107,28,5,33
301131108,48,5,53
301131109,71,9,80
301131110,102,12,114
301131201,58,5,63
301131202,40,2,42
301131203,334,40,374
301131204,192,12,204
301131205,24,5,29
301131206,74,6,80
301131207,39,6,45
301131208,108,6,114
301131209,116,14,130
301131301,12,1,13
301131302,101,10,111
301131303,37,7,44
301131304,63,12,75
301131305,22,4,26
301131306,48,7,55
301131307,13,1,14
301131308,319,24,343
301131309,234,20,254
301131401,45,1,46
301131402,84,14,98
301131403,23,1,24
301131404,26,5,31
301131405,91,9,100
301131406,31,4,35
301131407,24,4,28
301131408,18,3,21
301131409,19,1,20
301131410,9,2,11
301131411,334,45,379
340070101,337,114,451
340070102,1126,415,1541
340070201,709,153,862
340070202,106,25,131
340070203,593,119,712
340070204,486,186,672
340070301,179,50,229
340070401,188,24,212
340070402,409,95,504
340070403,495,83,578
340070404,435,38,473
340070405,747,106,853
340070406,648,62,710
340070407,410,42,452
340070408,405,39,444
340070409,384,47,431
340070501,532,84,616
340070502,141,16,157
340070503,536,106,642
340070504,88,8,96
340070505,433,72,505
340070601,60,17,77
340070602,243,95,338
340070603,32,10,42
340070701,56,21,77
340070702,445,144,589
340070703,299,50,349
340070801,246,57,303
340140101,1125,97,1222
340140102,803,55,858
340140103,254,9,263
340140104,587,21,608
340140105,657,34,691
340140106,846,42,888
340140107,667,34,701
340140108,1386,114,1500
340140109,1047,72,1119
340140110,1257,94,1351
340140111,671,27,698
340140112,852,36,888
340140113,839,34,873
340140114,855,38,893
340140115,542,12,554
340140116,798,36,834
340140117,759,38,797
340140118,546,61,607
340140119,445,14,459
340140120,961,35,996
340140121,455,19,474
340140122,773,65,838
340140123,715,38,753
340140124,695,26,721
340140125,628,40,668
340140126,508,49,557
340140201,1308,129,1437
340140202,988,73,1061
340140203,1026,53,1079
340140204,598,36,634
340140205,1185,111,1296
340140206,1154,106,1260
340140207,732,112,844
340140208,860,31,891
340140209,1101,57,1158
340140210,679,31,710
340140211,762,33,795
340140212,758,42,800
340140213,465,27,492
340140214,773,37,810
340140215,797,20,817
340140216,594,25,619
340140217,605,23,628
340140218,613,27,640
340140219,592,46,638
340140220,1229,67,1296
340140221,676,86,762
340140222,680,63,743
340140223,889,92,981
340140301,777,26,803
340140302,905,30,935
340140303,744,39,783
340140304,716,23,739
340140305,652,33,685
340140306,722,33,755
340140307,1013,65,1078
340140308,970,79,1049
340140309,681,60,741
340140310,1223,87,1310
340140311,1051,97,1148
340140312,825,63,888
340140313,1034,80,1114
340140401,656,25,681
340140402,520,30,550
340140403,1265,76,1341
340140404,1071,45,1116
340140405,611,32,643
340140406,1197,53,1250
340140407,737,51,788
340140408,785,29,814
340140409,1050,45,1095
340140410,714,31,745
340140411,656,35,691
340140412,876,72,948
340140413,1002,70,1072
340140414,825,67,892
340140415,1296,102,1398
340140416,997,79,1076
340140417,878,61,939
340140418,816,55,871
340140419,848,61,909
340140501,40,5,45
340140502,1106,160,1266
340140503,35,3,38
340140504,446,42,488
340140505,299,32,331
340140506,595,62,657
340140601,5,1,6
340140602,401,51,452
340140603,418,44,462
340140604,54,5,59
340140605,227,23,250
340140606,175,30,205
340140607,297,37,334
340140608,5,1,6
340140609,0,0,0
340140701,591,88,679
340140702,766,72,838
340140703,839,62,901
340140704,808,69,877
340140705,1192,133,1325
340140706,1171,102,1273
340140707,920,86,1006
340140708,1122,121,1243
340140709,1312,114,1426
340140710,990,167,1157
340140711,1281,160,1441
340140712,21,4,25
340140713,901,122,1023
340140714,1035,182,1217
340140715,1169,156,1325
340140716,358,38,396
340140717,594,73,667
340140801,66,10,76
340140802,33,7,40
340140803,155,15,170
340140804,153,23,176
340140901,367,54,421
340140902,79,4,83
340141001,175,17,192
340141002,20,1,21
340141003,9,1,10
340141004,305,23,328
340141005,504,42,546
340141101,104,20,124
340141102,27,1,28
340141103,151,14,165
340141104,356,32,388
340141201,180,27,207
340141301,92,17,109
340141302,9,3,12
340141401,100,15,115
340141402,117,14,131
340141403,508,54,562
340141404,312,41,353
340141501,1268,85,1353
340141502,845,36,881
340141503,599,51,650
340141504,1243,44,1287
340141505,887,56,943
340141506,1028,27,1055
340141507,1323,99,1422
340141508,1152,76,1228
340141509,985,53,1038
340141510,748,48,796
340141511,391,23,414
340141512,1063,51,1114
340141513,991,57,1048
340141514,1404,65,1469
340141515,585,34,619
340141516,915,40,955
340141517,1081,43,1124
340141518,905,35,940
340141519,789,48,837
340141520,469,24,493
340141521,832,39,871
340141522,775,26,801
340141523,828,58,886
340141524,667,40,707
340141525,919,68,987
340141526,577,39,616
340141527,646,35,681
340141528,913,55,968
340141601,714,69,783
340141602,1184,141,1325
340141603,658,24,682
340141604,783,31,814
340141605,1103,119,1222
340141606,1079,117,1196
340141607,818,55,873
340141608,1254,78,1332
340141609,905,60,965
340141610,1000,47,1047
340141611,793,40,833
340141612,768,28,796
340141613,803,41,844
340141614,614,27,641
340141615,858,65,923
340141616,1054,35,1089
340141617,935,44,979
340141618,669,39,708
340141619,747,42,789
340141620,850,50,900
340141621,1157,71,1228
340141622,1485,108,1593
340141623,880,68,948
340141624,747,31,778
340141625,718,52,770
340141626,767,51,818
340141627,740,49,789
340141628,681,44,725
340141701,585,51,636
340141702,678,63,741
340141703,859,75,934
340141704,878,97,975
340141705,1449,145,1594
340141706,1071,93,1164
340141707,440,81,521
340141708,966,91,1057
340141709,813,95,908
340141710,768,74,842
340141711,881,105,986
340141712,772,154,926
340141713,324,26,350
340141714,944,58,1002
340141715,648,42,690
340141716,1172,146,1318
340141717,827,114,941
340141801,21,1,22
340141802,7,3,10
340141901,68,13,81
340141902,10,1,11
340142001,85,27,112
340142002,913,203,1116
340142003,50,5,55
340142004,765,154,919
340142005,69,13,82
340142006,1036,138,1174
340142007,105,12,117
340142008,8,5,13
340142009,43,8,51
340142010,6,0,6
340142011,74,13,87
340142012,404,31,435
340142013,902,90,992
340142014,751,73,824
340142015,1169,110,1279
340142016,1009,98,1107
340142017,724,105,829
340142018,634,80,714
340142019,763,206,969
340142020,522,145,667
340142021,0,0,0
340142022,1,0,1
340142023,1133,142,1275
340142024,710,100,810
340142025,944,56,1000
340142026,943,69,1012
340142027,1095,138,1233
340142101,594,71,665
340142102,718,47,765
340142103,842,49,891
340142104,957,59,1016
340142105,431,25,456
340142106,474,11,485
340142107,527,13,540
340142108,539,22,561
340142109,544,22,566
340142110,503,18,521
340142111,701,35,736
340142112,422,14,436
340142113,606,40,646
340142114,673,55,728
340142115,1315,125,1440
340142116,1355,93,1448
340142117,915,84,999
340142118,742,50,792
340142119,877,103,980
340142201,751,65,816
340142202,1035,70,1105
340142203,650,31,681
340142204,1165,87,1252
340142205,1384,88,1472
340142206,1287,130,1417
340142207,1288,119,1407
340142208,1356,143,1499
340142209,1260,110,1370
340142210,1488,130,1618
340142211,1302,129,1431
340142212,1325,142,1467
340142213,1306,100,1406
340142214,1322,129,1451
340142215,823,82,905
340142216,1044,104,1148
340142217,990,99,1089
340142218,1046,90,1136
340142219,1223,116,1339
340142220,669,46,715
340142221,627,78,705
340142222,67,14,81
340210101,17,1,18
340210102,72,11,83
340210201,426,94,520
340210202,135,47,182
340210203,20,2,22
340210204,14,3,17
340210205,11,0,11
340210206,122,18,140
340210207,27,2,29
340210208,246,55,301
340210209,77,4,81
340210210,152,15,167
340210211,551,50,601
340210212,625,79,704
340210213,919,118,1037
340210214,1122,133,1255
340210215,453,27,480
340210301,183,31,214
340210302,448,53,501
340210303,175,22,197
340210304,596,79,675
340210305,568,57,625
340210306,255,28,283
340210307,754,81,835
340210401,32,3,35
340210402,225,26,251
340210403,890,97,987
340210501,9,1,10
340210502,360,50,410
340210601,174,33,207
340210602,372,53,425
340210603,576,66,642
340210604,784,46,830
340210701,49,7,56
340210702,24,1,25
340210703,134,15,149
340210704,55,3,58
340210705,16,1,17
340210706,1003,83,1086
340210707,777,96,873
340210708,605,87,692
340210709,302,46,348
340280101,446,159,605
340280102,575,63,638
340280103,978,92,1070
340280104,764,66,830
340280105,932,86,1018
340280106,733,71,804
340280107,795,141,936
340280108,513,52,565
340280109,927,187,1114
340280110,470,131,601
340280111,348,119,467
340280112,590,87,677
340280113,777,141,918
340280114,581,88,669
340280115,685,117,802
340280201,837,236,1073
340280301,305,84,389
340280302,95,19,114
340350101,719,103,822
340350102,160,22,182
340350103,461,68,529
340350104,59,1,60
340350105,118,18,136
340350106,477,161,638
340350107,15,5,20
340350108,673,222,895
340350201,541,161,702
340350202,178,35,213
340350203,376,56,432
340350204,232,47,279
340350205,62,4,66
340350206,231,29,260
340350207,17,2,19
340350301,664,208,872
340350302,61,6,67
340350303,290,62,352
340350304,14,2,16
340350401,23,10,33
340350402,894,164,1058
340350403,159,22,181
340350404,72,14,86
340350405,619,70,689
340350406,372,41,413
340350501,1332,200,1532
340350502,63,9,72
340350503,2,0,2
340350601,323,59,382
340350602,512,68,580
340350603,373,65,438
340350604,535,94,629
340350605,431,43,474
340350606,502,57,559
340350607,637,75,712
340350608,512,36,548
340350609,451,81,532
340350610,383,64,447
340350611,925,88,1013
340350612,947,144,1091
340350613,681,64,745
340350614,372,46,418
340350615,471,75,546
340350701,379,80,459
340350702,429,75,504
340350703,460,65,525
340350704,912,86,998
340350705,726,56,782
340350706,410,45,455
340350707,645,91,736
340350801,409,39,448
340350802,734,51,785
340350803,690,90,780
340350804,675,104,779
340350805,828,113,941
340350806,520,36,556
340350901,488,46,534
340350902,596,51,647
340350903,746,77,823
340350904,645,50,695
340350905,506,38,544
340350906,930,116,1046
340350907,655,77,732
340350908,691,71,762
340350909,918,120,1038
340350910,454,65,519
340350911,537,89,626
340351001,529,67,596
340351002,916,109,1025
340351003,600,48,648
340351004,1016,103,1119
340351005,594,43,637
340351006,570,75,645
340351007,450,44,494
340351101,198,54,252
340351102,91,17,108
340351103,687,162,849
340351104,546,72,618
340351105,528,36,564
340351201,965,102,1067
340351202,993,70,1063
340351203,756,42,798
340351204,529,42,571
340351205,762,69,831
340351206,707,60,767
340351207,996,140,1136
340351208,475,68,543
340351209,510,56,566
340351210,256,81,337
340351301,153,34,187
340351302,44,7,51
340351303,64,16,80
340351401,116,29,145
340351402,133,14,147
340351403,83,25,108
340351501,6,0,6
340351502,230,68,298
340351503,267,79,346
340351601,280,54,334
340351701,80,15,95
340351702,47,8,55
340351703,18,3,21
340351704,39,3,42
340351801,380,118,498
340351802,341,116,457
340351803,156,35,191
340351804,126,27,153
340351805,423,56,479
340351806,546,45,591
340351807,494,47,541
340351808,615,110,725
340351809,453,152,605
340351810,414,64,478
340351811,413,83,496
340351812,294,48,342
340351901,105,23,128
340351902,120,15,135
340351903,281,59,340
340351904,523,120,643
340351905,624,79,703
340351906,697,128,825
340351907,389,129,518
340351908,644,76,720
340351909,148,25,173
340352001,178,15,193
340352002,280,50,330
340352003,153,20,173
340352101,82,19,101
340352102,29,3,32
340352103,130,19,149
340420101,120,12,132
340420102,542,79,621
340420103,227,20,247
340420104,516,55,571
340420105,644,72,716
340420106,391,67,458
340420107,403,45,448
340420108,410,39,449
340420109,1097,133,1230
340420110,864,92,956
340420111,991,76,1067
340420112,314,42,356
340420201,46,4,50
340420202,265,48,313
340420203,103,12,115
340420204,905,102,1007
340420205,750,86,836
340420301,284,49,333
340420302,33,3,36
340420303,557,82,639
340420304,73,6,79
340420305,1030,154,1184
340420306,818,77,895
340420307,518,80,598
340420401,485,55,540
340420402,34,3,37
340420403,22,2,24
340420501,591,172,763
340420502,75,8,83
340420503,20,1,21
340420504,754,99,853
340420505,805,105,910
340420506,671,61,732
340490101,905,85,990
340490102,1329,98,1427
340490103,893,92,985
340490104,695,41,736
340490105,721,62,783
340490106,1062,76,1138
340490107,767,33,800
340490108,813,64,877
340490109,1321,72,1393
340490110,863,57,920
340490111,768,37,805
340490112,657,34,691
340490113,856,52,908
340490114,1534,151,1685
340490115,1280,136,1416
340490116,823,70,893
340490117,832,63,895
340490118,746,54,800
340490119,1155,104,1259
340490120,975,87,1062
340490121,1038,178,1216
340490122,1137,86,1223
340490123,842,53,895
340490124,1146,149,1295
340490125,959,85,1044
340490126,747,67,814
340490127,510,79,589
340490128,705,46,751
340490201,4,0,4
340490301,20,7,27
340490302,497,72,569
340490303,145,17,162
340490304,149,7,156
340490305,134,20,154
340490306,240,31,271
340490401,98,8,106
340490402,95,14,109
340490403,545,61,606
340490501,42,6,48
340490601,323,27,350
340490602,703,68,771
340490603,599,58,657
340490604,306,24,330
340490605,21,7,28
340490606,254,19,273
340490607,37,4,41
340490608,20,0,20
340490609,325,30,355
340490610,992,80,1072
340490611,463,27,490
340490612,886,56,942
340490613,579,43,622
340490614,666,50,716
340490701,663,65,728
340490702,325,26,351
340490703,1235,135,1370
340490704,539,71,610
340490705,137,13,150
340490706,587,52,639
340490707,90,11,101
340490708,573,25,598
340490709,199,27,226
340490710,482,61,543
340490801,754,87,841
340490802,292,25,317
340490803,330,40,370
340490804,1784,402,2186
340490805,1804,180,1984
340490806,862,60,922
340490807,507,40,547
340490808,577,59,636
340490901,433,39,472
340490902,995,115,1110
340490903,711,65,776
340490904,27,1,28
340491001,16,1,17
340491002,188,18,206
340491003,921,112,1033
340491004,1104,124,1228
340491005,1192,62,1254
340491006,1283,72,1355
340491007,928,49,977
340491008,892,60,952
340491009,907,38,945
340491010,1263,83,1346
340491011,819,69,888
340491012,1147,111,1258
340491013,966,98,1064
340491014,941,95,1036
340491015,836,74,910
340491016,1095,64,1159
340491017,758,65,823
340491018,1057,131,1188
340491019,1048,113,1161
340491020,991,83,1074
340491021,957,80,1037
340491022,412,26,438
340491023,1,0,1
340491024,106,10,116
340491101,929,80,1009
340491102,401,53,454
340491103,680,44,724
340491104,807,87,894
340491105,541,42,583
340491106,935,81,1016
340491107,434,33,467
340491108,364,6,370
340491109,603,13,616
340560101,951,178,1129
340560102,338,59,397
340560103,825,74,899
340560104,806,72,878
340560105,712,85,797
340560106,978,155,1133
340560107,644,51,695
340560108,486,28,514
340560109,749,42,791
340560110,732,82,814
340560111,942,59,1001
340560112,1005,151,1156
340560113,728,102,830
340560114,219,44,263
340560115,418,135,553
340560116,824,98,922
340560117,607,58,665
340560201,7,0,7
340560202,522,80,602
340560203,11,2,13
340560204,20,0,20
340560205,37,1,38
340560301,193,14,207
340560302,62,3,65
340560303,514,49,563
340560304,9,1,10
340560401,26,0,26
340560402,638,82,720
340560403,242,42,284
340560404,42,8,50
340560405,687,153,840
340560406,628,46,674
340560407,563,45,608
340560408,879,95,974
340560409,913,91,1004
340560501,495,77,572
340560502,320,65,385
340560503,266,49,315
340560504,553,66,619
340560601,243,52,295
340560602,192,22,214
340560603,223,55,278
340560604,101,15,116
340560605,262,50,312
340560701,565,95,660
340560702,171,22,193
340560703,77,7,84
340560704,84,7,91
340560705,752,98,850
340560706,684,88,772
340560707,812,78,890
340560708,948,98,1046
340560709,494,75,569
340560801,165,17,182
340560802,176,37,213
340560803,36,9,45
340560804,74,11,85
340560805,163,24,187
340560901,144,18,162
340560902,176,22,198
340560903,35,9,44
340561001,393,70,463
340561002,95,22,117
340561003,281,53,334
340561004,149,26,175
340561005,61,21,82
340561101,859,95,954
340561102,770,101,871
340561103,573,49,622
340561104,715,83,798
340561105,782,83,865
340561106,567,30,597
340561107,606,34,640
340561108,866,92,958
340561109,815,109,924
340561110,713,70,783
340561111,646,43,689
340561112,810,46,856
340561113,586,49,635
340561114,507,56,563
340561115,667,37,704
340561116,845,122,967
340561117,733,141,874
340561118,680,33,713
340561119,908,116,1024
340561120,533,19,552
340561121,717,108,825
340561122,544,95,639
340561123,413,60,473
340561201,29,6,35
340561202,345,47,392
340561203,25,1,26
340561301,155,22,177
340561302,83,3,86
340561401,264,43,307
340561402,551,101,652
340561403,90,14,104
340561404,65,5,70
340561405,100,13,113
340561406,145,22,167
340561407,151,30,181
340561408,655,95,750
340561409,1041,148,1189
340561501,446,59,505
340561502,74,12,86
340561503,215,35,250
340561504,45,3,48
340561505,10,3,13
340561506,479,72,551
340561507,611,48,659
340561508,805,78,883
340561509,735,52,787
340561510,850,95,945
340561511,706,60,766
340561512,882,102,984
340561513,662,73,735
340561601,165,20,185
340561602,40,8,48
340561603,40,8,48
340561604,178,37,215
340561701,85,11,96
340561702,85,7,92
340561801,229,33,262
340561802,167,16,183
340561803,35,2,37
340630101,1333,356,1689
340630102,1723,534,2257
340630201,988,279,1267
340630202,1129,445,1574
340630203,774,306,1080
340630204,1195,316,1511
340630205,1037,286,1323
340630206,604,85,689
340630207,779,254,1033
380070101,545,54,599
380070102,104,14,118
380070103,57,7,64
380070104,214,20,234
380070105,805,92,897
380070106,634,64,698
380070107,734,61,795
380070108,1054,108,1162
380070109,1031,114,1145
380070110,505,55,560
380070111,678,76,754
380070201,170,29,199
380070202,111,8,119
380070203,79,13,92
380070204,1031,105,1136
380070205,439,74,513
380070301,95,14,109
380070302,94,26,120
380070303,241,47,288
380070401,55,4,59
380070402,231,19,250
380070403,531,55,586
380070404,173,12,185
380070405,157,15,172
380070501,208,45,253
380070502,103,13,116
380070503,349,43,392
380070504,185,24,209
380140101,128,22,150
380140102,254,46,300
380140103,542,91,633
380140104,356,66,422
380140105,1163,169,1332
380140106,250,36,286
380140107,645,82,727
380140108,342,41,383
380140109,558,93,651
380140115,37,7,44
380140116,570,84,654
380140117,696,111,807
380140201,811,136,947
380140202,58,2,60
380140203,1063,206,1269
380140204,730,77,807
380140205,960,83,1043
380140206,402,63,465
380140301,310,72,382
380140302,893,127,1020
380140303,430,63,493
380140304,2141,290,2431
380140305,1442,183,1625
380140401,1359,164,1523
380140402,800,112,912
380140403,792,120,912
380140404,1160,155,1315
380140405,1037,121,1158
380140406,1504,154,1658
380140407,1261,133,1394
380140408,1077,148,1225
380140409,1515,209,1724
380140410,1009,167,1176
380140411,1147,124,1271
380140412,707,74,781
380140413,1165,150,1315
380140414,1123,133,1256
380140501,701,87,788
380140502,552,73,625
380140503,1074,125,1199
380140504,158,21,179
380140505,78,6,84
380140506,475,41,516
380140507,1180,74,1254
380140508,1249,104,1353
380140509,1068,124,1192
380140510,817,45,862
380140511,1126,94,1220
380140512,949,84,1033
380140513,989,89,1078
380140514,1319,98,1417
380140515,1350,145,1495
380140516,782,52,834
380140517,412,45,457
380140601,922,65,987
380140602,1048,112,1160
380140603,793,61,854
380140604,1219,139,1358
380140605,1048,130,1178
380140606,922,84,1006
380140607,931,119,1050
380140608,908,119,1027
380140609,1820,112,1932
380140610,821,51,872
380140611,1262,176,1438
380140612,1080,98,1178
380140613,957,120,1077
380140614,877,144,1021
380140615,1400,197,1597
380140616,961,69,1030
380140617,1035,139,1174
380140618,1073,165,1238
380140619,1002,157,1159
380140701,724,68,792
380140702,229,40,269
380140703,178,23,201
380140704,174,23,197
380140705,779,77,856
380140706,782,85,867
380140707,921,68,989
380140708,1290,70,1360
380140709,1227,71,1298
380140710,1553,108,1661
380140711,2057,220,2277
380140712,1822,253,2075
380140713,1298,190,1488
380140714,773,77,850
380140715,734,77,811
380140716,1302,158,1460
380140717,631,89,720
380140718,446,69,515
380210101,36,9,45
380210102,69,9,78
380210103,376,27,403
380210104,17,7,24
380210105,380,52,432
380210106,593,42,635
380210107,599,40,639
380210108,1141,114,1255
380210109,197,10,207
380210110,537,58,595
380210201,157,18,175
380210202,89,15,104
380210203,9,1,10
380210204,14,1,15
380210301,38,6,44
380210302,44,4,48
380210303,191,13,204
380210304,64,9,73
380210305,110,5,115
380210306,33,2,35
380210307,1025,122,1147
380210401,5,1,6
380210402,327,42,369
380210403,27,2,29
380210404,198,21,219
380210405,822,139,961
380210406,686,64,750
380210407,143,11,154
380210408,308,20,328
380210409,1425,86,1511
380210410,871,65,936
380210411,986,57,1043
380210412,994,76,1070
380210413,1106,89,1195
380210414,709,43,752
380210415,906,88,994
380210416,441,48,489
380210417,1027,61,1088
380210418,386,24,410
380210419,288,21,309
380210501,861,48,909
380210502,936,55,991
380210503,1171,67,1238
380210504,1434,89,1523
380210505,928,53,981
380210506,599,26,625
380210507,956,80,1036
380210508,837,67,904
380210509,932,78,1010
380210510,1622,127,1749
380210511,769,65,834
380210512,952,50,1002
380210513,1188,99,1287
380210514,1307,125,1432
380210515,889,73,962
380210516,942,66,1008
380210517,836,37,873
380210518,742,45,787
380210519,902,72,974
380210520,1131,80,1211
380210521,1080,67,1147
380210522,1007,76,1083
380210523,1030,121,1151
380210524,1238,61,1299
380210525,554,28,582
380210526,603,63,666
380210527,660,38,698
380210601,745,39,784
380210602,802,76,878
380210603,1240,125,1365
380210604,1296,123,1419
380210605,492,25,517
380210606,167,8,175
380210607,575,20,595
380210608,875,76,951
380210609,458,23,481
380210610,545,15,560
380210611,860,68,928
380210612,512,15,527
380210613,578,58,636
380210614,936,84,1020
380210615,635,24,659
380210616,733,28,761
380210617,935,88,1023
380210618,1165,112,1277
380210619,937,101,1038
380210620,653,39,692
380210621,771,63,834
380210701,1085,69,1154
380210702,646,38,684
380210703,256,18,274
380210704,871,81,952
380210705,1084,56,1140
380210706,415,23,438
380210707,899,41,940
380210708,570,22,592
380210709,787,33,820
380210710,706,29,735
380210711,961,69,1030
380210712,731,18,749
380210713,617,20,637
380210714,789,38,827
380210715,1050,44,1094
380210716,1247,54,1301
380210717,1152,45,1197
380210718,669,27,696
380210719,990,71,1061
380210720,690,50,740
380210721,537,25,562
380210801,609,26,635
380210802,915,40,955
380210803,447,22,469
380210804,696,46,742
380210805,888,56,944
380210806,1217,78,1295
380210807,1291,75,1366
380210808,1384,73,1457
380210809,942,64,1006
380210810,812,45,857
380210811,753,66,819
380210812,1173,72,1245
380210813,708,41,749
380210814,858,50,908
380210815,756,67,823
380210816,1436,104,1540
380210817,894,58,952
380210818,1074,101,1175
380210819,998,81,1079
380210820,509,47,556
380210821,918,42,960
380210822,999,79,1078
380210823,812,65,877
380210824,754,66,820
380210825,684,35,719
380210826,799,59,858
380210827,593,24,617
380210901,1096,45,1141
380210902,608,25,633
380210903,565,19,584
380210904,414,22,436
380210905,1081,85,1166
380210906,1277,45,1322
380210907,980,54,1034
380210908,892,39,931
380210909,690,33,723
380210910,1064,68,1132
380210911,1412,74,1486
380210912,1338,89,1427
380210913,1101,54,1155
380210914,897,56,953
380210915,1249,74,1323
380210916,1589,103,1692
380210917,1144,65,1209
380210918,1268,53,1321
380210919,513,26,539
380210920,885,50,935
380210921,780,45,825
380210922,860,81,941
380210923,418,29,447
380211001,1014,54,1068
380211002,1198,99,1297
380211003,969,74,1043
380211004,804,62,866
380211005,1288,91,1379
380211006,963,62,1025
380211007,1166,92,1258
380211008,921,59,980
380211009,1117,48,1165
380211010,961,48,1009
380211011,638,22,660
380211012,850,45,895
380211013,880,36,916
380211014,1293,84,1377
380211101,1191,83,1274
380211102,972,58,1030
380211103,1103,87,1190
380211104,851,73,924
380211105,1177,72,1249
380211106,818,45,863
380211107,902,48,950
380211108,1429,72,1501
380211109,571,65,636
380211110,1077,70,1147
380211111,1069,59,1128
380211112,694,38,732
380211113,856,69,925
380211114,805,47,852
380211115,722,49,771
380211116,834,59,893
380211117,1006,53,1059
380211118,438,42,480
380211201,947,67,1014
380211202,1077,65,1142
380211203,1484,128,1612
380211204,1005,92,1097
380211205,966,84,1050
380211206,1281,99,1380
380211207,1323,64,1387
380211208,704,21,725
380211209,1044,68,1112
380211210,1072,51,1123
380211211,888,56,944
380211212,850,144,994
380211213,692,61,753
380211214,1420,109,1529
380211215,973,62,1035
380211216,688,44,732
380211217,866,54,920
380211218,904,63,967
380211219,1125,67,1192
380211220,1368,91,1459
380211221,1141,109,1250
380211301,1165,135,1300
380211302,43,2,45
380211303,219,20,239
380211304,864,53,917
380211305,1092,62,1154
380211306,803,20,823
380211307,1389,122,1511
380211308,1498,59,1557
380211309,1255,72,1327
380211310,1041,108,1149
380211311,1369,63,1432
380211312,1176,77,1253
380211313,1371,70,1441
380211314,861,72,933
380211315,1201,53,1254
380211316,1040,41,1081
380211317,1085,47,1132
380211318,737,25,762
380211319,1169,58,1227
380211320,856,29,885
380211321,737,44,781
380211322,1037,67,1104
380211401,1017,54,1071
380211402,1331,59,1390
380211403,1217,45,1262
380211404,1284,61,1345
380211405,1530,148,1678
380211406,1396,137,1533
380211407,1682,124,1806
380211408,1651,103,1754
380211409,1455,105,1560
380211410,843,74,917
380211411,893,89,982
380211412,1135,88,1223
380211413,923,85,1008
380211414,1592,140,1732
380211415,1440,127,1567
380211416,1011,86,1097
380211417,1699,194,1893
380211418,1211,149,1360
380211419,1200,98,1298
380211501,1294,123,1417
380211502,495,78,573
380211503,257,40,297
380211504,403,50,453
380211505,610,73,683
380211506,712,108,820
380211507,841,96,937
380211508,861,130,991
380211509,627,91,718
380211510,930,149,1079
380211511,1198,85,1283
380211512,1022,101,1123
380211513,644,84,728
380211514,947,101,1048
380211515,620,94,714
380211516,245,33,278
380211517,441,69,510
380211518,1163,166,1329
380211519,386,33,419
380211520,80,9,89
380280101,262,52,314
380280102,179,43,222
380280103,260,40,300
380280201,186,25,211
380280202,191,23,214
380280203,321,25,346
380280204,123,5,128
380280205,112,22,134
380280301,457,62,519
380280302,160,40,200
380280303,424,56,480
380280401,308,64,372
380280402,219,35,254
380280403,749,67,816
380280404,604,27,631
380280405,597,54,651
380280406,583,47,630
380280407,867,95,962
380280408,450,43,493
380280409,602,44,646
380280410,990,115,1105
380280411,960,82,1042
380280412,474,64,538
380280413,831,97,928
380280414,372,60,432
380280415,654,44,698
380280501,66,14,80
380280502,268,64,332
380280503,498,35,533
380280504,722,81,803
380280505,690,67,757
380280601,67,21,88
380280602,324,27,351
380350101,959,114,1073
380350102,244,40,284
380350103,24,2,26
380350104,22,4,26
380350105,1132,99,1231
380350106,1358,154,1512
380350107,1057,127,1184
380350108,906,107,1013
380350109,1062,151,1213
380350110,749,110,859
380350111,959,126,1085
380350112,635,51,686
380350113,703,38,741
380350114,803,87,890
380350115,577,61,638
380350201,2,0,2
380350202,8,0,8
380350203,0,0,0
380350204,660,45,705
380350205,665,24,689
380350206,114,15,129
380350207,116,22,138
380350208,149,33,182
380350209,191,33,224
380350210,897,101,998
380350211,1374,87,1461
380350212,760,63,823
380350213,526,38,564
380350214,675,41,716
380350215,610,48,658
380350216,476,67,543
380350217,947,101,1048
380350301,70,12,82
380350302,58,9,67
380350303,65,6,71
380350304,40,2,42
380350305,26,3,29
380350306,666,73,739
380350401,340,64,404
380350403,309,35,344
380350404,922,90,1012
380350405,0,0,0
380350406,0,0,0
380350407,986,125,1111
380350408,1490,155,1645
380350409,1113,107,1220
380350410,1108,129,1237
380350411,877,62,939
380350412,1329,123,1452
380350413,1225,111,1336
380350414,1058,155,1213
380350415,716,66,782
380350416,1246,151,1397
380350501,1162,124,1286
380350502,1052,71,1123
380350503,1159,79,1238
380350504,1301,91,1392
380350505,906,62,968
380350506,911,56,967
380350507,1071,70,1141
380350508,633,35,668
380350509,475,36,511
380350510,1066,61,1127
380350511,540,39,579
380350512,426,29,455
380350513,730,54,784
380350514,972,80,1052
380350515,1264,108,1372
380350516,1660,107,1767
380350517,599,37,636
380350601,1365,120,1485
380350602,1202,120,1322
380350603,1190,135,1325
380350604,1335,153,1488
380350605,956,79,1035
380350606,1229,127,1356
380350607,944,74,1018
380350608,840,77,917
380350609,751,93,844
380350610,1248,118,1366
380350611,999,59,1058
380350612,1040,143,1183
380350613,1235,77,1312
380350614,1404,108,1512
380350615,1180,92,1272
380350616,1350,125,1475
380350617,1387,172,1559
380350618,1209,148,1357
380350619,727,58,785
380420101,154,12,166
380420102,24,2,26
380420103,39,4,43
380420104,492,58,550
380420105,360,20,380
380420201,200,15,215
380420202,162,21,183
380420203,5,0,5
380420204,205,35,240
380420205,886,87,973
380420206,463,39,502
380420207,474,26,500
380420208,1261,118,1379
380420301,336,45,381
380420302,168,16,184
380420401,1419,113,1532
380420402,1137,84,1221
380420403,1123,88,1211
380420404,1296,110,1406
380420405,898,86,984
380420406,784,56,840
380420407,1302,95,1397
380420408,1050,146,1196
380420409,919,116,1035
380420410,917,109,1026
380420411,1035,140,1175
380420412,473,42,515
380420413,821,104,925
380420414,1373,150,1523
380420501,1234,133,1367
380420502,1025,114,1139
380420503,1068,108,1176
380420504,936,78,1014
380420505,1008,101,1109
380420506,1155,110,1265
380420507,794,80,874
380420508,766,82,848
380420509,1101,91,1192
380420510,805,75,880
380420511,790,70,860
380420512,1233,125,1358
380420513,845,95,940
380420601,851,50,901
380420602,880,79,959
380420603,870,86,956
380420604,1069,52,1121
380420605,721,47,768
380420606,680,39,719
380420607,1446,88,1534
380420608,900,56,956
380420609,1558,78,1636
380420610,1463,68,1531
380420611,863,49,912
380420612,806,45,851
380420613,1090,90,1180
380490101,57,13,70
380490102,146,24,170
380490103,39,7,46
380490104,80,12,92
380490105,175,28,203
380490106,291,43,334
380490201,114,19,133
380490202,82,16,98
380490301,234,17,251
380490302,256,46,302
380490303,627,28,655
380560101,25,5,30
380560102,486,34,520
380560103,181,16,197
380560104,659,56,715
380560105,595,45,640
380560201,448,25,473
380560202,594,83,677
380560203,150,19,169
380560204,626,51,677
380560301,12,2,14
380560302,14,1,15
380560303,50,5,55
380560304,21,4,25
380630101,44,5,49
380630102,212,26,238
380630103,913,119,1032
380630104,961,125,1086
380630106,983,118,1101
380630107,752,62,814
380630108,169,13,182
380630109,651,69,720
380630110,945,53,998
380630111,843,66,909
380630112,92,10,102
380630119,1479,144,1623
380630124,1251,151,1402
380630201,110,10,120
380630202,285,18,303
380630203,503,50,553
380630204,406,21,427
380630205,149,21,170
380630206,1176,84,1260
380630207,1214,80,1294
380630208,856,57,913
380630209,377,20,397
380630301,458,53,511
380630302,178,30,208
380630303,516,83,599
380630401,1195,75,1270
380630402,825,28,853
380630403,857,40,897
380630404,1192,99,1291
380630405,1173,135,1308
380630406,1251,120,1371
380630407,1084,106,1190
380630408,647,52,699
380630409,923,69,992
380630410,844,69,913
380630411,705,39,744
380630412,789,66,855
380630413,1259,119,1378
380630414,1202,114,1316
380630415,1317,124,1441
380630416,641,39,680
380630417,641,30,671
380630418,996,87,1083
380630419,821,72,893
380630420,1138,106,1244
380630421,923,58,981
380630501,1107,137,1244
380630502,1263,145,1408
380630503,923,90,1013
380630504,650,37,687
380630505,677,26,703
380630506,455,22,477
380630507,739,32,771
380630508,981,63,1044
380630509,946,130,1076
380630510,958,85,1043
380630511,1581,190,1771
380630512,763,37,800
380630513,544,37,581
380630514,803,58,861
380630515,996,84,1080
380630516,946,80,1026
380630517,706,44,750
380630518,783,35,818
380630519,747,58,805
380630520,794,73,867
380630601,974,108,1082
380630602,907,112,1019
380630603,2,0,2
380630604,62,4,66
380630605,360,74,434
380630606,231,26,257
380630607,1090,143,1233
380630608,0,0,0
380630609,432,65,497
380630610,308,38,346
380630611,708,74,782
380630612,583,63,646
380630613,1324,61,1385
380630614,1016,43,1059
380630615,1204,61,1265
380630616,1121,49,1170
380630617,939,44,983
380630618,855,41,896
380700101,579,100,679
380700102,18,2,20
380700105,1182,106,1288
380700106,1324,118,1442
380700107,405,42,447
380700201,89,14,103
380700202,421,61,482
380700203,499,57,556
380700204,1548,132,1680
380700205,646,91,737
380700206,592,83,675
380700207,399,62,461
380700301,53,6,59
380700302,31,2,33
380700303,34,3,37
380700401,70,6,76
380700402,103,8,111
380700403,1012,71,1083
380700404,1110,130,1240
380700501,857,105,962
380700502,289,48,337
380700503,22,6,28
380700504,447,37,484
380700505,181,19,200
380700506,1221,134,1355
380700507,987,153,1140
380700508,700,70,770
380700601,86,6,92
380700602,60,12,72
380770101,218,47,265
380770102,124,40,164
380770103,259,33,292
380770201,105,22,127
380770202,276,53,329
380770203,166,19,185
380770204,238,32,270
380770301,351,67,418
380770302,123,29,152
380770303,180,28,208
380770304,211,24,235
380840101,290,34,324
380840102,152,18,170
380840201,264,22,286
380840202,198,17,215
380840301,137,11,148
380840302,516,54,570
380840303,987,61,1048
380840401,139,13,152
380840402,46,0,46
380840403,130,10,140
380840501,35,10,45
380840502,322,58,380
380940101,32,5,37
380940102,501,59,560
380940103,555,84,639
380940104,526,81,607
380940201,70,17,87
380940202,50,9,59
380940203,28,3,31
380940301,57,11,68
380940302,78,20,98
380940401,212,23,235
380940402,838,103,941
380940403,350,52,402
380940404,625,42,667
380940405,1083,93,1176
380940406,691,60,751
380940407,634,46,680
380940408,582,71,653
380940501,590,92,682
380940502,111,33,144
380940503,494,41,535
380940504,696,77,773
380940505,574,30,604
380940506,516,76,592
380940507,437,55,492
380940601,50,10,60
380940602,46,12,58
380940603,42,10,52
380980101,245,32,277
380980102,65,14,79
380980201,27,6,33
380980202,45,4,49
380980203,416,37,453
380980204,571,37,608
380980205,201,28,229
380980301,117,16,133
380980302,64,11,75
380980303,68,7,75
380980401,104,13,117
380980402,230,22,252
380980403,223,23,246
380980404,378,31,409
380980405,984,90,1074
380980501,205,29,234
380980502,69,13,82
381050101,25,1,26
381050102,198,39,237
381050103,333,49,382
381050201,35,14,49
381050202,192,52,244
381050203,16,3,19
381050204,220,31,251
381050205,437,59,496
381050301,144,19,163
381050302,61,10,71
381050303,47,8,55
381050401,56,9,65
381050402,202,33,235
381120101,250,53,303
381120102,708,81,789
381120103,801,71,872
381120104,905,138,1043
381120105,672,57,729
381120106,739,90,829
381120107,818,52,870
381120108,892,103,995
381120109,880,134,1014
381120110,962,175,1137
381120111,900,125,1025
381120112,792,99,891
381120113,938,127,1065
381120114,608,56,664
381120115,779,76,855
381120116,654,50,704
381120117,907,119,1026
381120201,154,26,180
381120202,400,76,476
381120203,138,15,153
381120204,154,16,170
381120205,910,122,1032
381120206,157,17,174
381120301,70,29,99
381120302,351,99,450
381120303,276,62,338
381120304,176,24,200
381120401,37,9,46
381120402,133,20,153
381120501,144,36,180
381120502,326,53,379
381120503,147,23,170
381120601,84,19,103
381120602,114,32,146
381120603,58,12,70
381120604,190,26,216
420070101,542,36,578
420070102,373,25,398
420070103,19,0,19
420070104,40,2,42
420070105,14,0,14
420070106,24,1,25
420070107,17,0,17
420070108,62,3,65
420070109,36,3,39
420070110,516,29,545
420070201,347,35,382
420070202,381,18,399
420070203,52,3,55
420070204,96,8,104
420070205,15,1,16
420070206,19,2,21
420070207,619,35,654
420070208,468,36,504
420070301,274,23,297
420070302,50,2,52
420070303,8,0,8
420070401,673,34,707
420070402,594,27,621
420070403,370,22,392
420070404,422,16,438
420070405,459,16,475
420070406,633,27,660
420070407,38,1,39
420070408,17,1,18
420070409,746,65,811
420070410,9,0,9
420070411,22,0,22
420070412,0,0,0
420070413,536,34,570
420070501,359,25,384
420070502,14,1,15
420070503,5,1,6
420070504,15,2,17
420070505,32,5,37
420070506,11,0,11
420070507,9,0,9
420070508,245,12,257
420140101,28,1,29
420140102,28,4,32
420140103,46,2,48
420140201,593,48,641
420140202,67,0,67
420140203,71,6,77
420140204,0,0,0
420140205,91,6,97
420140206,14,1,15
420140207,5,1,6
420140208,0,0,0
420140209,19,1,20
420140210,603,48,651
420140211,459,42,501
420210101,104,5,109
420210102,22,2,24
420210103,47,1,48
420210104,20,0,20
420210105,384,34,418
420210106,86,9,95
420210107,60,5,65
420210108,45,3,48
420210109,18,1,19
420210110,91,10,101
420210111,875,66,941
420210112,1072,146,1218
420210113,967,107,1074
420210114,432,43,475
420210115,0,0,0
420210116,0,0,0
420210117,402,30,432
420210118,522,75,597
420210201,352,23,375
420210202,49,2,51
420210203,7,0,7
420210204,38,2,40
420210205,51,1,52
420210206,53,4,57
420210207,28,3,31
420210208,27,2,29
420210209,682,65,747
420210210,463,44,507
420210301,827,142,969
420210302,892,135,1027
420210303,745,64,809
420210304,791,59,850
420210305,725,61,786
420210306,1062,125,1187
420210307,851,61,912
420210308,748,96,844
420210309,650,48,698
420210310,773,51,824
420210311,1283,78,1361
420210312,1214,95,1309
420210401,688,34,722
420210402,638,30,668
420210403,573,30,603
420210404,685,22,707
420210405,576,26,602
420210406,665,36,701
420210407,856,50,906
420210408,668,31,699
420210409,403,10,413
420210410,319,10,329
420210411,349,9,358
420210412,375,17,392
420210413,565,15,580
420210414,699,24,723
420210415,489,24,513
420210416,441,12,453
420210417,512,13,525
420210418,541,27,568
420210419,531,27,558
420210420,785,39,824
420210421,475,32,507
420210501,794,60,854
420210502,1091,114,1205
420210503,1014,71,1085
420210504,643,31,674
420210505,897,49,946
420210506,928,53,981
420210507,889,40,929
420210508,37,0,37
420210509,528,24,552
420210510,782,101,883
420210511,787,85,872
420210512,993,124,1117
420210513,655,65,720
420210514,535,17,552
420210515,762,28,790
420210516,1000,34,1034
420210601,597,54,651
420210602,576,59,635
420210603,726,43,769
420210604,685,33,718
420210605,381,9,390
420210606,318,10,328
420210607,499,13,512
420210608,306,10,316
420210609,271,6,277
420210610,69,2,71
420210611,398,13,411
420210612,360,7,367
420210613,532,16,548
420210614,598,20,618
420210615,321,9,330
420210616,346,2,348
420210701,404,13,417
420210702,353,8,361
420210703,532,16,548
420210704,502,13,515
420210705,689,26,715
420210706,402,11,413
420210707,551,16,567
420210708,631,14,645
420210709,441,19,460
420210710,461,16,477
420210711,401,14,415
420210712,576,36,612
420210713,629,28,657
420210714,678,27,705
420210715,814,21,835
420210716,468,11,479
420210717,495,19,514
420210718,495,19,514
420210719,818,71,889
420210720,780,79,859
420210721,783,102,885
420210722,854,95,949
420210723,703,59,762
420210724,517,40,557
420210725,376,24,400
420210801,358,11,369
420210802,375,12,387
420210803,320,6,326
420210804,504,15,519
420210805,585,17,602
420210806,555,33,588
420210807,559,23,582
420210808,751,38,789
420210809,560,37,597
420210810,746,46,792
420210811,451,20,471
420210812,426,20,446
420210813,398,9,407
420210814,560,24,584
420210815,735,43,778
420210816,804,76,880
420210817,642,32,674
420210818,644,31,675
420210819,674,46,720
420210820,681,39,720
420210821,950,52,1002
420210822,577,23,600
420210823,422,21,443
420210824,523,34,557
420210901,218,4,222
420210902,672,18,690
420210903,785,26,811
420210904,795,34,829
420210905,1085,104,1189
420210906,548,49,597
420210907,859,47,906
420210908,1020,60,1080
420210909,439,30,469
420210910,473,22,495
420210911,572,41,613
420210912,1089,63,1152
420210913,600,38,638
420210914,423,38,461
420210915,566,35,601
420210916,954,111,1065
420210917,650,74,724
420211001,1082,79,1161
420211002,1101,77,1178
420211003,658,36,694
420211004,941,42,983
420211005,944,61,1005
420211006,924,50,974
420280101,412,46,458
420280102,37,7,44
420280103,105,9,114
420280104,55,4,59
420280105,422,28,450
420280201,813,79,892
420280202,291,9,300
420280203,427,32,459
420280301,760,55,815
420280302,589,36,625
420280303,1088,85,1173
420280304,678,56,734
420280305,580,51,631
420280401,83,8,91
420280402,59,3,62
420350101,179,28,207
420350102,4,0,4
420350103,14,1,15
420350104,27,7,34
420350105,41,3,44
420350106,16,1,17
420350201,379,48,427
420350202,190,12,202
420350301,7,0,7
420350302,24,1,25
420350303,20,0,20
420350304,7,0,7
420350305,11,1,12
420350306,576,31,607
420350307,21,0,21
420350308,55,4,59
420350309,450,12,462
420350310,944,76,1020
420350401,476,59,535
420350402,471,31,502
420350403,664,25,689
420350404,553,27,580
420350405,621,35,656
420350406,386,10,396
420350407,454,17,471
420350408,391,22,413
420350409,466,30,496
420350410,369,20,389
420350411,362,23,385
420350412,616,33,649
420350413,601,55,656
420350501,185,10,195
420350502,65,2,67
420350503,33,2,35
420350504,37,3,40
420350505,246,15,261
420350601,569,37,606
420350602,492,19,511
420350603,28,2,30
420350604,43,2,45
420350605,62,1,63
420350606,47,3,50
420350607,29,3,32
420350608,143,9,152
420350609,591,32,623
420350610,383,23,406
420350701,266,14,280
420350702,14,1,15
420350703,14,4,18
420350704,42,3,45
420350705,45,1,46
420420101,4,0,4
420420102,1,0,1
420420103,4,0,4
420420104,2,0,2
420420105,0,0,0
420420106,4,3,7
420420107,9,3,12
420420201,352,47,399
420420202,100,10,110
420420301,354,36,390
420420302,19,4,23
420420303,3,1,4
420420304,0,0,0
420420305,2,0,2
420420306,15,2,17
420420307,2,2,4
420420308,6,1,7
420490101,481,56,537
420490102,782,68,850
420490103,346,75,421
420490104,18,1,19
420490105,123,29,152
420490106,104,7,111
420490107,392,40,432
420490108,265,51,316
420560101,601,43,644
420560102,87,1,88
420560201,182,12,194
420560202,38,3,41
420560301,316,13,329
420560302,114,10,124
420560303,796,43,839
420560304,253,11,264
420560401,280,29,309
420560402,90,7,97
420560501,641,26,667
420560502,655,43,698
420560503,488,29,517
420560504,444,23,467
420560505,57,5,62
420560506,292,28,320
420560507,53,2,55
420560508,26,2,28
420560509,43,3,46
420560510,66,2,68
420560511,655,67,722
420560512,374,28,402
420560513,414,38,452
420560514,469,31,500
420560515,928,78,1006
420560516,814,74,888
420560517,484,51,535
420560601,607,50,657
420560602,51,2,53
420630101,265,46,311
420630102,348,52,400
420630103,287,56,343
420630104,1,0,1
420630105,9,4,13
420630106,101,8,109
420630107,172,78,250
420700101,412,20,432
420700102,9,0,9
420700103,232,9,241
420700104,330,20,350
420700105,490,13,503
420700106,386,31,417
420700201,858,52,910
420700202,117,6,123
420700203,4,0,4
420700301,32,3,35
420700302,57,1,58
420700401,432,17,449
420700402,139,9,148
420700501,820,41,861
420700502,610,22,632
420700503,481,17,498
420700504,767,250,1017
420700505,381,12,393
420700506,80,9,89
420700507,710,50,760
420700508,495,34,529
420770101,273,26,299
420770102,2,1,3
420770103,16,1,17
420770104,13,0,13
420770105,20,2,22
420770106,11,1,12
420770107,38,2,40
420770108,87,10,97
420770201,491,21,512
420770202,441,28,469
420770203,347,19,366
420770204,36,1,37
420770205,20,0,20
420770206,49,0,49
420770207,42,2,44
420770208,28,1,29
420770209,9,0,9
420770210,375,16,391
420770211,351,19,370
420770212,362,20,382
420770301,544,32,576
420770302,372,15,387
420770303,13,1,14
420770304,57,3,60
420770305,47,2,49
420770306,212,16,228
420770307,317,18,335
420770401,710,31,741
420770402,537,33,570
420770403,14,0,14
420770404,25,0,25
420770405,9,0,9
420770406,37,3,40
420770407,7,0,7
420770408,13,0,13
420770409,535,17,552
420770410,457,15,472
420840101,183,17,200
420840102,66,7,73
420840201,23,0,23
420840202,45,3,48
420840203,22,2,24
420840204,0,0,0
420840205,3,0,3
420840206,35,6,41
420840207,6,2,8
420910101,61,10,71
420910102,83,19,102
420910103,41,14,55
420910104,33,10,43
420910105,190,19,209
420980101,525,66,591
420980102,374,45,419
420980103,535,42,577
420980104,441,57,498
420980105,453,55,508
420980106,313,29,342
420980107,395,37,432
420980108,365,33,398
420980109,537,30,567
420980110,492,53,545
420980111,523,51,574
420980112,94,11,105
420980113,60,13,73
420980114,35,3,38
420980201,583,66,649
420980202,54,5,59
420980301,520,84,604
420980302,188,20,208
420980303,517,53,570
420980401,253,29,282
420980402,164,20,184
421050101,317,29,346
421050102,5,0,5
421050103,77,0,77
421050201,33,9,42
421050202,58,6,64
421050203,112,15,127
421050204,54,1,55
421050205,17,2,19
421050206,560,52,612
421050207,474,31,505
421050301,725,47,772
421050302,467,37,504
421050303,570,34,604
421050304,498,28,526
421050305,524,18,542
421050306,410,8,418
421050307,327,13,340
421050308,451,15,466
421050309,437,25,462
421050310,441,15,456
421050311,520,33,553
421050312,494,11,505
421050313,421,13,434
421050314,321,13,334
421050401,859,63,922
421050402,1102,76,1178
421050403,1000,64,1064
421050404,1159,108,1267
421050405,780,69,849
421050406,1045,57,1102
421050407,90,16,106
421050408,534,23,557
421050409,549,22,571
421050410,414,16,430
421050411,473,14,487
421050412,451,24,475
421050413,432,21,453
421050414,511,17,528
421050415,443,16,459
421050416,343,9,352
421050417,382,12,394
421050418,395,21,416
421050419,538,34,572
421050501,343,22,365
421050502,20,1,21
421050503,139,10,149
421050504,40,4,44
421050601,252,18,270
421050602,83,6,89
421050701,718,69,787
421050702,495,32,527
421050703,677,25,702
421050704,531,23,554
421050705,738,41,779
421050706,864,64,928
421050707,280,24,304
421050708,711,44,755
421050709,722,52,774
421050710,575,21,596
421050711,630,40,670
421050712,782,76,858
421050713,800,89,889
421050714,777,78,855
421050715,665,47,712
421050716,608,31,639
421050717,852,63,915
421050718,779,55,834
421050801,1474,115,1589
421050802,581,39,620
421050803,780,56,836
421050804,1229,74,1303
421050805,976,39,1015
421050806,900,118,1018
421050807,1145,98,1243
421050808,568,44,612
421050901,745,70,815
421050902,396,39,435
421050903,392,71,463
421050904,813,134,947
421050905,916,52,968
421050906,873,35,908
421051001,834,52,886
421051002,827,39,866
421051003,680,24,704
421051004,557,33,590
421051005,790,49,839
421051006,520,22,542
421051007,592,61,653
421051008,506,36,542
421051009,397,18,415
421051010,515,28,543
421051011,703,35,738
421051012,964,68,1032
421120101,292,50,342
421120102,332,88,420
421120201,37,7,44
421120301,656,46,702
421120302,485,42,527
421120303,713,46,759
421120304,163,7,170
421120305,837,81,918
421120306,1145,86,1231
421120307,684,53,737
421120308,1068,78,1146
421120309,592,87,679
421120310,138,9,147
421120311,30,4,34
421120312,748,94,842
421120313,26,3,29
421120314,21,2,23
421120315,61,5,66
421120316,27,2,29
421120317,1,0,1
421120318,5,3,8
421120319,7,1,8
421120320,5,3,8
421120321,10,1,11
421120322,2,8,10
421190101,505,23,528
421190102,7,0,7
421190103,26,1,27
421190104,41,1,42
421190201,314,21,335
421190202,300,36,336
421190203,665,38,703
421190204,658,38,696
421190205,56,2,58
421190206,39,4,43
421190207,11,0,11
421190208,24,6,30
421190209,31,2,33
421190210,22,1,23
421190211,476,28,504
421190212,888,69,957
421190301,592,56,648
421190302,655,37,692
421190303,31,0,31
421190304,6,0,6
421190305,34,1,35
421190306,39,2,41
421190307,62,0,62
421190308,55,4,59
421190309,2,0,2
421190310,9,0,9
421190311,676,41,717
421190312,596,38,634
421190401,720,45,765
421190402,103,11,114
421190403,72,1,73
421190404,31,2,33
421190405,26,2,28
421260101,646,54,700
421260102,597,53,650
421260103,622,56,678
421260104,21,2,23
421260105,48,3,51
421260106,18,0,18
421260107,53,7,60
421260108,106,7,113
421260109,44,2,46
421260110,46,2,48
421260111,592,79,671
421260112,378,45,423
421260201,749,61,810
421260202,437,22,459
421260203,347,28,375
421260204,18,1,19
421260205,284,49,333
421260206,15,1,16
421260207,259,13,272
421260208,365,28,393
421260301,23,2,25
421260302,82,6,88
421260303,18,2,20
421260304,10,1,11
421260401,455,38,493
421260402,45,2,47
421260403,28,2,30
421260404,25,1,26
421260405,95,4,99
421260406,32,1,33
421260407,503,64,567
421260501,390,39,429
421260502,199,18,217
421260503,61,11,72
421260504,24,1,25
421260505,17,3,20
421260506,209,29,238
421260507,10,0,10
421260508,9,0,9
421260509,425,38,463
421260510,630,60,690
421260511,333,20,353
421330101,259,21,280
421330102,15,1,16
421330103,29,2,31
421330201,706,72,778
421330202,339,23,362
421330203,598,46,644
421330204,450,27,477
421330205,579,31,610
421330206,50,6,56
421330207,1101,104,1205
421330208,0,0,0
421330209,2,0,2
421330210,1,0,1
421330211,521,62,583
421330212,373,21,394
421330213,339,32,371
421330214,461,28,489
421330215,519,31,550
421330216,658,39,697
421330301,245,12,257
421330302,33,3,36
421330401,158,6,164
421330402,47,2,49
421330403,33,2,35
421330501,473,25,498
421330502,430,22,452
421330503,504,27,531
421330504,486,26,512
421330505,510,38,548
421330506,14,0,14
421330507,61,1,62
421330508,757,39,796
421330509,407,43,450
421330510,615,64,679
421330601,509,56,565
421330602,587,26,613
421330603,11,1,12
421330604,149,9,158
421330605,16,0,16
421330701,617,41,658
421330702,527,35,562
421330703,60,8,68
421330704,116,5,121
421330705,28,2,30
421330706,20,0,20
421330707,22,1,23
421400101,24,1,25
421400102,55,4,59
421400103,27,0,27
421400104,2,0,2
421400201,554,57,611
421400202,586,73,659
421400203,560,62,622
421400204,769,56,825
421400205,468,35,503
421400206,616,44,660
421400207,577,67,644
421400208,439,31,470
421400209,551,61,612
421400210,613,33,646
421400211,958,87,1045
421400212,522,54,576
421400213,178,23,201
421400214,270,22,292
421400215,363,25,388
421400216,402,28,430
421400217,409,38,447
421400218,365,29,394
421400219,361,26,387
421400220,151,8,159
421400221,66,4,70
421400222,513,54,567
421400223,125,12,137
421400301,3,0,3
421400302,139,5,144
421400303,9,0,9
421470101,390,25,415
421470102,5,1,6
421470103,5,0,5
421470104,29,5,34
421470105,13,0,13
421470106,34,1,35
421470107,36,1,37
421470108,46,1,47
421470109,544,31,575
421470201,705,67,772
421470202,398,13,411
421470203,36,8,44
421470204,3,1,4
421470205,13,2,15
421470206,28,0,28
421470207,13,1,14
421470208,13,0,13
421470209,46,2,48
421470210,86,5,91
421470211,18,2,20
421470212,15,1,16
421470213,7,0,7
421470214,632,37,669
421470215,802,48,850
421470216,522,23,545
421470301,437,20,457
421470302,24,0,24
421540101,196,17,213
421540102,79,12,91
421540103,76,3,79
421540201,379,24,403
421540202,162,7,169
421540301,627,42,669
421540302,108,4,112
421540401,74,10,84
421540402,87,5,92
421540403,111,25,136
421540404,61,3,64
421540501,264,17,281
421540502,612,43,655
421540503,555,38,593
421540504,518,68,586
421540505,629,64,693
421540506,444,27,471
421540507,508,40,548
421540508,591,40,631
421540509,690,52,742
421540510,479,32,511
421540511,533,59,592
421540512,841,109,950
421540513,928,107,1035
421540514,586,61,647
421540515,696,51,747
421540516,843,66,909
421540517,834,122,956
421540601,265,12,277
421540602,26,1,27
421540701,64,5,69
421540702,77,3,80
460070101,1057,90,1147
460070102,812,49,861
460070103,1203,72,1275
460070104,1117,88,1205
460070105,1006,59,1065
460070106,296,31,327
460070107,859,53,912
460070108,1123,78,1201
460070109,741,61,802
460070110,619,55,674
460070111,1276,112,1388
460070112,1409,129,1538
460070201,964,80,1044
460070202,358,27,385
460070203,34,1,35
460070204,665,88,753
460140101,507,64,571
460140102,69,9,78
460140103,1378,149,1527
460140104,600,53,653
460140105,833,86,919
460140106,1182,124,1306
460140107,1431,113,1544
460140108,739,91,830
460140109,1569,261,1830
460140110,1831,183,2014
460140111,1104,82,1186
460140201,69,4,73
460140202,267,44,311
460140301,116,7,123
460140302,255,36,291
460140401,934,47,981
460140402,859,42,901
460140403,758,33,791
460140404,1237,85,1322
460140405,922,43,965
460140406,1012,65,1077
460140407,817,67,884
460140408,1141,49,1190
460140409,948,54,1002
460140410,683,16,699
460140411,1443,71,1514
460140412,904,52,956
460140413,1159,66,1225
460140414,719,38,757
460140415,766,30,796
460140416,884,43,927
460140417,764,42,806
460140418,709,31,740
460140501,767,33,800
460140502,826,46,872
460140503,884,71,955
460140504,1537,121,1658
460140505,1141,63,1204
460140506,806,67,873
460140507,1476,87,1563
460140508,1487,140,1627
460140509,1459,111,1570
460140510,1242,61,1303
460140511,1050,75,1125
460140512,1104,95,1199
460140513,1197,94,1291
460140514,1346,88,1434
460140515,1383,104,1487
460140516,1350,107,1457
460140517,1424,120,1544
460140518,1221,82,1303
460140519,949,57,1006
460140601,1183,63,1246
460140602,794,23,817
460140603,529,15,544
460140604,770,26,796
460140605,728,18,746
460140606,666,33,699
460140607,680,22,702
460140608,570,17,587
460140609,630,24,654
460140610,819,20,839
460140611,823,19,842
460140701,348,15,363
460140702,1661,172,1833
460140703,1484,129,1613
460140704,1328,89,1417
460140705,1403,105,1508
460140706,1010,97,1107
460140707,959,62,1021
460140708,1178,92,1270
460140709,941,57,998
460140710,1100,61,1161
460140711,921,55,976
460140712,1169,100,1269
460140713,1424,93,1517
460140714,1453,135,1588
460140715,998,67,1065
460140716,822,44,866
460140717,335,32,367
460140718,559,48,607
460140801,1048,56,1104
460140802,964,48,1012
460140803,1205,54,1259
460140804,1126,35,1161
460140805,959,51,1010
460140806,1325,73,1398
460140807,1345,92,1437
460140808,802,41,843
460140809,1194,80,1274
460140810,1357,55,1412
460140811,1362,73,1435
460140812,1020,71,1091
460140813,819,26,845
460140814,1323,86,1409
460140901,1061,97,1158
460140902,849,29,878
460140903,666,37,703
460140904,783,39,822
460140905,715,40,755
460140906,1428,122,1550
460140907,1227,79,1306
460140908,1256,100,1356
460140909,1151,97,1248
460140910,1842,228,2070
460140911,132,19,151
460140912,1259,77,1336
460140913,816,31,847
460140914,1420,91,1511
460140915,1488,152,1640
460140916,1271,113,1384
460140917,1614,140,1754
460140918,1204,131,1335
460140919,1213,207,1420
460140920,1112,113,1225
460140921,861,166,1027
460140922,1136,103,1239
460141001,1057,61,1118
460141002,553,46,599
460141003,849,130,979
460141004,726,60,786
460141005,1591,137,1728
460141006,1534,85,1619
460141007,814,38,852
460141008,1303,74,1377
460141009,799,47,846
460141010,916,57,973
460141011,891,78,969
460141012,2234,232,2466
460141013,1523,133,1656
460141014,1359,116,1475
460141015,894,64,958
460141016,1261,96,1357
460141017,2506,220,2726
460141018,961,70,1031
460141101,1402,128,1530
460141102,1325,85,1410
460141103,804,76,880
460141104,1266,128,1394
460141105,1752,144,1896
460141106,1243,112,1355
460141107,958,49,1007
460141108,1309,90,1399
460141109,1255,68,1323
460141110,1688,134,1822
460141111,1395,85,1480
460141112,1084,54,1138
460141113,1050,43,1093
460141114,1244,60,1304
460141115,1348,65,1413
460210101,733,44,777
460210102,1073,76,1149
460210103,229,7,236
460210104,389,15,404
460210105,380,23,403
460210106,323,19,342
460210201,355,14,369
460210202,357,12,369
460280101,476,28,504
460280102,941,59,1000
460280103,882,71,953
460280104,450,40,490
460280105,794,36,830
460280106,502,46,548
460280107,659,55,714
460280108,615,46,661
460280109,458,48,506
460280201,332,16,348
460280202,1167,116,1283
460280203,540,65,605
460280204,691,70,761
460350101,1118,75,1193
460350102,771,40,811
460350103,1686,125,1811
460350104,1755,152,1907
460350105,637,31,668
460350106,1014,56,1070
460350107,1044,74,1118
460350108,1454,132,1586
460350109,1252,62,1314
460350201,1191,105,1296
460350202,480,53,533
460350203,135,20,155
460420101,1663,113,1776
460420102,616,28,644
460420103,816,29,845
460420104,754,41,795
460420105,545,21,566
460420106,1286,63,1349
460420107,716,36,752
460420108,880,60,940
460420109,1298,100,1398
460420110,1444,84,1528
460420111,963,52,1015
460420112,1217,107,1324
460420113,2320,191,2511
460420114,1138,68,1206
460420115,961,58,1019
460420116,1268,94,1362
460420117,871,67,938
460420118,1235,81,1316
460420119,753,28,781
460420120,1903,171,2074
460420121,1140,78,1218
460420122,927,140,1067
460420123,1101,118,1219
460420201,1436,135,1571
460420202,1541,154,1695
460420203,761,48,809
460420204,1291,114,1405
460420205,708,67,775
460420206,595,86,681
460420301,1907,198,2105
460420302,2032,181,2213
460420303,758,57,815
460420304,807,69,876
460420305,608,65,673
460420306,1909,235,2144
460420401,1135,135,1270
460420402,1350,164,1514
460420403,328,50,378
460490101,1245,94,1339
460490102,961,61,1022
460490103,563,34,597
460490104,90,9,99
460490201,760,55,815
460490202,777,80,857
460490203,194,18,212
460490204,390,35,425
460490205,234,25,259
460560101,1022,70,1092
460560102,836,60,896
460560103,275,27,302
460560104,579,41,620
460630101,934,63,997
460630102,1363,90,1453
460630103,1004,75,1079
460630104,763,45,808
460630105,647,49,696
460630106,727,50,777
460630201,803,61,864
460630202,67,4,71
460630203,262,24,286
460700101,1164,98,1262
460700102,884,73,957
460700103,339,35,374
460700201,884,91,975
460700202,73,8,81
460700203,237,23,260
460770101,692,74,766
460770102,10,1,11
460770103,21,4,25
460770104,786,65,851
460840101,757,44,801
460840102,613,69,682
460840103,742,64,806
460840104,757,46,803
460840201,777,48,825
460840202,632,52,684
460840203,183,13,196
460840204,190,5,195
460840205,644,47,691
460840206,1056,77,1133
460910101,159,24,183
460910102,400,58,458
460910201,1217,118,1335
460910202,483,47,530
460910203,408,67,475
460910204,1496,158,1654
460980101,1199,117,1316
460980102,883,85,968
460980103,38,1,39
460980104,202,16,218
460980105,50,8,58
461050101,846,56,902
461050102,693,104,797
461050103,400,42,442
461050104,126,26,152
461120101,1234,89,1323
461120102,963,84,1047
461120103,877,69,946
461120104,1270,62,1332
461120105,853,68,921
461120106,1125,110,1235
461120107,914,42,956
461120108,1148,172,1320
461120109,1241,106,1347
461120201,622,64,686
461120202,878,107,985
461120203,129,19,148
461120301,516,66,582
461120302,406,61,467
461190101,557,53,610
461190102,984,87,1071
461190103,1118,62,1180
461190104,385,35,420
461190201,415,40,455
461260101,1110,70,1180
461260102,65,2,67
461260103,936,60,996
500070101,884,30,914
500070102,803,40,843
500070103,651,15,666
500070104,484,14,498
500070105,534,21,555
500070106,609,19,628
500070107,661,23,684
500070108,627,17,644
500070109,593,24,617
500070110,304,12,316
500070111,321,12,333
500070112,376,7,383
500070113,376,9,385
500070114,380,18,398
500070115,390,10,400
500070116,442,15,457
500070117,408,6,414
500070201,977,45,1022
500070202,681,40,721
500070203,1037,43,1080
500070204,810,35,845
500070205,704,38,742
500070206,964,44,1008
500070207,726,27,753
500070208,555,12,567
500070209,739,29,768
500070210,708,24,732
500070211,868,41,909
500070212,433,20,453
500070213,737,41,778
500070214,696,25,721
500070215,466,31,497
500070301,695,33,728
500070302,803,13,816
500070303,691,32,723
500070304,570,30,600
500070305,247,9,256
500070306,240,63,303
500070307,209,6,215
500070308,270,5,275
500070309,279,8,287
500070310,431,14,445
500070311,656,30,686
500070312,375,11,386
500070313,523,52,575
500070314,291,14,305
500070315,406,11,417
500070316,352,10,362
500070317,153,4,157
500070401,805,41,846
500070402,387,1,388
500070403,220,7,227
500070404,320,4,324
500070405,252,4,256
500070406,108,6,114
500070407,308,2,310
500070408,269,4,273
500070409,387,1,388
500070410,256,2,258
500070411,310,2,312
500070412,681,11,692
500070501,627,19,646
500070502,640,16,656
500070503,690,29,719
500070504,324,11,335
500070505,476,14,490
500070506,740,14,754
500070507,377,11,388
500070508,688,22,710
500070509,712,29,741
500070510,732,18,750
500070511,518,15,533
500070512,295,13,308
500070601,578,15,593
500070602,547,15,562
500070603,648,21,669
500070604,578,21,599
500070605,475,15,490
500070606,1121,67,1188
500070607,736,27,763
500070608,862,44,906
500070609,459,18,477
500070610,787,26,813
500070611,331,18,349
500070701,596,19,615
500070702,925,55,980
500070703,649,32,681
500070704,624,22,646
500070705,617,19,636
500070706,735,23,758
500070707,625,14,639
500070708,448,21,469
500070709,439,8,447
500070710,775,36,811
500070711,864,31,895
500070801,510,25,535
500070802,482,17,499
500070803,941,33,974
500070804,267,6,273
500070805,442,17,459
500070806,539,18,557
500070807,573,9,582
500070808,383,13,396
500070809,487,16,503
500070810,597,13,610
500070811,297,4,301
500070901,558,7,565
500070902,538,13,551
500070903,541,9,550
500070904,658,21,679
500070905,651,24,675
500070906,627,22,649
500070907,616,18,634
500070908,615,47,662
500070909,243,13,256
500070910,620,19,639
500070911,559,11,570
500070912,323,8,331
500071001,1106,41,1147
500071002,699,24,723
500071003,856,33,889
500071004,1360,132,1492
500071005,1059,103,1162
500071006,1373,143,1516
500071007,553,27,580
500071008,1007,82,1089
500071009,1102,82,1184
500071010,1160,113,1273
500071011,627,57,684
500071012,515,35,550
500071013,12,0,12
500071014,904,90,994
500071015,493,80,573
500071016,352,63,415
500071017,945,38,983
500071018,1315,58,1373
500071019,1120,44,1164
500071020,766,40,806
500071021,859,93,952
500071022,406,68,474
500071101,598,22,620
500071102,831,25,856
500071103,704,27,731
500071104,738,30,768
500071105,771,29,800
500071106,950,36,986
500071107,713,26,739
500071108,915,35,950
500071109,639,17,656
500071110,799,31,830
500071111,529,20,549
500071112,478,16,494
500071113,473,13,486
500071201,321,9,330
500071202,208,6,214
500071203,322,2,324
500071204,250,1,251
500071205,288,10,298
500071206,400,9,409
500071207,275,11,286
500071208,379,15,394
500071209,460,10,470
500071210,504,16,520
500071301,1253,148,1401
500071302,942,108,1050
500071303,1132,86,1218
500071304,1049,94,1143
500071305,649,49,698
500071306,863,97,960
500071307,1098,130,1228
500071308,925,106,1031
500071309,1098,152,1250
500071310,3,2,5
500071311,127,11,138
500140101,252,39,291
500140201,97,27,124
500140301,103,12,115
500140302,289,40,329
500140303,219,21,240
500140304,785,108,893
500140305,149,46,195
500140401,545,62,607
500140402,313,40,353
500140403,17,2,19
500140404,803,88,891
500140405,929,104,1033
500140406,922,104,1026
500140407,32,4,36
500140408,932,124,1056
500140409,899,99,998
500140410,836,95,931
500140411,559,48,607
500140412,403,48,451
500140501,944,97,1041
500140502,705,107,812
500140503,573,36,609
500140504,718,95,813
500140505,631,58,689
500140506,543,71,614
500140601,1010,95,1105
500140602,702,84,786
500140603,588,42,630
500140604,725,40,765
500140605,581,22,603
500140606,671,35,706
500140607,688,38,726
500140608,480,23,503
500140609,898,52,950
500140610,640,42,682
500140611,1036,64,1100
500140612,961,77,1038
500140613,724,50,774
500140614,496,61,557
500140615,1336,135,1471
500140616,977,74,1051
500140617,690,55,745
500140701,1316,179,1495
500140702,1006,129,1135
500140703,1359,162,1521
500140704,425,53,478
500140705,1016,147,1163
500140706,671,38,709
500140707,811,50,861
500140708,967,91,1058
500140709,888,38,926
500140710,885,45,930
500140711,690,49,739
500140712,596,34,630
500140713,567,54,621
500140714,747,60,807
500140715,886,76,962
500140716,1064,80,1144
500210101,600,28,628
500210102,795,23,818
500210103,373,26,399
500210104,883,38,921
500210105,832,48,880
500210106,926,124,1050
500210107,2337,217,2554
500210108,996,42,1038
500210109,791,39,830
500210110,660,33,693
500210111,1308,53,1361
500210112,637,34,671
500210113,833,32,865
500210114,695,33,728
500210115,1380,145,1525
500210116,1111,87,1198
500210117,452,21,473
500210118,565,36,601
500210119,430,23,453
500210201,812,61,873
500210202,740,52,792
500210203,792,72,864
500210204,1256,113,1369
500210205,881,80,961
500210206,832,49,881
500210207,976,70,1046
500210208,720,39,759
500210209,797,27,824
500210210,562,29,591
500210211,651,43,694
500210212,917,44,961
500210213,829,65,894
500210214,660,44,704
500210215,958,45,1003
500210216,1156,64,1220
500210217,991,78,1069
500210218,216,22,238
500210219,386,49,435
500210301,789,29,818
500210302,392,12,404
500210303,398,18,416
500210304,824,48,872
500210305,439,20,459
500210306,571,16,587
500210307,470,20,490
500210308,1004,43,1047
500210309,913,56,969
500210310,648,40,688
500210311,808,31,839
500210312,467,25,492
500210313,426,25,451
500210314,541,20,561
500210315,443,21,464
500210316,425,31,456
500210317,545,19,564
500210401,1023,98,1121
500210402,707,36,743
500210403,856,68,924
500210404,829,44,873
500210405,484,13,497
500210406,671,37,708
500210407,883,47,930
500210408,964,57,1021
500210409,908,54,962
500210410,499,22,521
500210411,1172,45,1217
500210412,1037,76,1113
500210413,698,55,753
500210414,1243,99,1342
500210415,611,41,652
500210416,525,16,541
500210417,757,52,809
500210418,1048,79,1127
500210419,399,36,435
500210420,532,37,569
500210501,446,22,468
500210502,712,40,752
500210503,859,40,899
500210504,189,19,208
500210505,845,37,882
500210506,799,31,830
500210507,840,32,872
500210508,1255,55,1310
500210509,1093,36,1129
500210510,795,27,822
500210511,706,25,731
500210512,878,31,909
500210513,712,30,742
500210601,1058,45,1103
500210602,776,24,800
500210603,828,69,897
500210604,956,37,993
500210605,1054,56,1110
500210606,1056,41,1097
500210607,951,45,996
500210608,1242,75,1317
500210609,592,22,614
500210610,624,23,647
500210611,867,47,914
500210612,874,44,918
500210613,1281,100,1381
500210701,692,33,725
500210702,859,44,903
500210703,965,39,1004
500210704,742,25,767
500210705,723,41,764
500210706,924,32,956
500210707,610,21,631
500210708,877,56,933
500210709,885,57,942
500210710,474,16,490
500210801,1059,95,1154
500210802,892,97,989
500210803,1068,151,1219
500210804,349,65,414
500210805,713,74,787
500210806,1198,116,1314
500210807,1426,98,1524
500210808,1011,60,1071
500210809,647,31,678
500210810,808,45,853
500210811,1320,75,1395
500210812,756,80,836
500210813,379,81,460
500210901,549,23,572
500210902,740,25,765
500210903,485,21,506
500210904,640,31,671
500210905,836,39,875
500210906,721,53,774
500210907,707,33,740
500210908,403,14,417
500210909,796,45,841
500210910,821,37,858
500210911,865,33,898
500210912,682,31,713
500210913,696,32,728
500210914,486,20,506
500210915,584,19,603
500210916,582,34,616
500210917,542,27,569
500211001,757,44,801
500211002,850,36,886
500211003,587,25,612
500211004,790,46,836
500211005,492,15,507
500211006,1045,59,1104
500211007,1043,56,1099
500211008,721,27,748
500211009,806,32,838
500211010,649,22,671
500211011,473,22,495
500211012,491,23,514
500211101,538,15,553
500211102,109,4,113
500211103,374,12,386
500211104,489,13,502
500211105,347,9,356
500211106,617,24,641
500211107,508,13,521
500211108,395,14,409
500211109,637,20,657
500211110,552,19,571
500211111,525,14,539
500211112,507,20,527
500211201,422,11,433
500211202,930,40,970
500211203,527,25,552
500211204,663,42,705
500211205,1070,93,1163
500211206,914,76,990
500211207,1238,116,1354
500211208,893,93,986
500211209,823,60,883
500211210,713,29,742
500211211,787,42,829
500211301,570,27,597
500211302,499,23,522
500211303,1048,48,1096
500211304,897,37,934
500211305,934,29,963
500211306,587,28,615
500211307,1122,48,1170
500211308,735,34,769
500211309,1002,34,1036
500211310,773,25,798
500211311,954,32,986
500211312,843,45,888
500211313,1161,39,1200
500211314,801,44,845
500211315,606,24,630
500211401,536,59,595
500211402,812,64,876
500211403,1192,97,1289
500211404,813,62,875
500211405,1085,93,1178
500211406,1103,102,1205
500211407,1307,100,1407
500211408,850,65,915
500211409,1023,84,1107
500211410,1065,52,1117
500211501,1061,37,1098
500211502,657,29,686
500211503,447,16,463
500211504,478,20,498
500211505,460,20,480
500211506,486,20,506
500211507,717,21,738
500211508,422,10,432
500211509,417,23,440
500211601,1591,128,1719
500211602,1436,143,1579
500211603,775,63,838
500211604,1341,114,1455
500211605,1012,106,1118
500211606,1403,132,1535
500211607,1146,110,1256
500211608,1098,90,1188
500211609,694,58,752
500211610,565,78,643
500280101,438,23,461
500280102,750,30,780
500280103,658,35,693
500280104,520,31,551
500280105,702,30,732
500280106,917,44,961
500280107,616,19,635
500280108,729,22,751
500280109,591,37,628
500280110,785,48,833
500280111,909,58,967
500280112,490,19,509
500280201,717,27,744
500280202,700,36,736
500280203,765,51,816
500280204,518,24,542
500280205,883,42,925
500280206,943,38,981
500280207,630,28,658
500280208,589,30,619
500280209,802,39,841
500280210,623,26,649
500280211,844,39,883
500280212,832,27,859
500280213,505,26,531
500280214,555,31,586
500280301,1234,84,1318
500280302,1176,92,1268
500280303,854,100,954
500280304,1396,168,1564
500280305,1041,135,1176
500280306,1240,139,1379
500280307,1081,76,1157
500280308,1032,55,1087
500280309,848,52,900
500280310,1428,109,1537
500280311,1004,58,1062
500280312,1123,61,1184
500280313,1417,114,1531
500280314,1337,108,1445
500280315,1589,145,1734
500280316,936,118,1054
500280317,920,49,969
500280401,670,38,708
500280402,714,60,774
500280403,1467,91,1558
500280404,744,60,804
500280405,734,40,774
500280406,895,51,946
500280407,893,62,955
500280408,1022,97,1119
500280409,1203,88,1291
500280410,928,117,1045
500280411,1197,112,1309
500280412,1030,86,1116
500280413,1461,134,1595
500280414,1163,123,1286
500280415,1013,55,1068
500280501,587,88,675
500280502,1183,106,1289
500280503,1136,172,1308
500280504,829,91,920
500280505,642,71,713
500280506,897,64,961
500280507,1650,179,1829
500280508,1681,200,1881
500280509,1148,94,1242
500280510,1171,116,1287
500280511,1443,111,1554
500280512,552,50,602
500280513,1099,100,1199
500280514,1060,111,1171
500280515,724,33,757
500280516,1635,178,1813
500280517,1852,215,2067
500280518,507,69,576
500280519,986,100,1086
500280520,611,62,673
500280601,861,52,913
500280602,638,40,678
500280603,580,62,642
500280604,1200,106,1306
500280605,940,137,1077
500280606,1626,113,1739
500280607,1142,109,1251
500280608,902,70,972
500280609,353,50,403
500280610,1134,116,1250
500280611,818,86,904
500280612,343,30,373
500280613,922,72,994
500280614,1048,73,1121
500280701,694,41,735
500280702,672,52,724
500280703,781,57,838
500280704,1038,65,1103
500280705,696,38,734
500280706,1055,52,1107
500280707,905,44,949
500280708,816,47,863
500280709,1101,46,1147
500280710,639,28,667
500280711,710,74,784
500280712,930,91,1021
500280801,1104,75,1179
500280802,526,8,534
500280803,566,17,583
500280804,552,28,580
500280805,851,35,886
500280806,785,59,844
500280807,824,41,865
500280808,920,68,988
500280809,979,60,1039
500280810,765,35,800
500280811,1124,35,1159
500280812,881,41,922
500280813,1015,65,1080
500280814,530,31,561
500280815,1008,44,1052
500280816,686,22,708
500280817,663,44,707
500280818,471,17,488
500280819,460,19,479
500280820,511,35,546
500280901,957,56,1013
500280902,647,25,672
500280903,789,30,819
500280904,486,19,505
500280905,986,53,1039
500280906,1160,44,1204
500280907,443,18,461
500280908,1024,33,1057
500280909,810,35,845
500280910,992,47,1039
500280911,432,21,453
500280912,832,37,869
500280913,991,30,1021
500280914,511,26,537
500281001,889,50,939
500281002,735,48,783
500281003,647,29,676
500281004,1094,71,1165
500281005,571,26,597
500281006,995,61,1056
500281007,1167,59,1226
500281008,1170,62,1232
500281009,712,41,753
500281010,941,57,998
500281101,822,78,900
500281102,837,73,910
500281103,1361,120,1481
500281104,1426,162,1588
500281105,1148,116,1264
500281106,960,92,1052
500281107,1176,132,1308
500281108,1060,124,1184
500281109,1009,74,1083
500281110,1183,80,1263
500281111,641,57,698
500281112,880,65,945
500281113,583,52,635
500281114,794,62,856
500281115,1020,95,1115
500281116,690,45,735
500281117,842,45,887
500281118,768,69,837
500281201,1421,96,1517
500281202,870,55,925
500281203,997,69,1066
500281204,1154,79,1233
500281205,815,30,845
500281206,839,30,869
500281207,707,26,733
500281208,560,33,593
500281209,905,60,965
500281210,1211,86,1297
500281211,802,79,881
500281212,809,56,865
500281213,746,37,783
500281214,823,56,879
500281215,710,36,746
500281216,880,35,915
500281217,827,45,872
500281218,790,21,811
500281219,1153,66,1219
500281301,873,48,921
500281302,908,60,968
500281303,1069,60,1129
500281304,908,63,971
500281305,926,57,983
500281306,612,35,647
500281307,542,21,563
500281308,887,39,926
500281309,627,32,659
500281310,806,65,871
500281311,678,25,703
500281312,559,27,586
500281401,494,19,513
500281402,556,24,580
500281403,517,10,527
500281404,787,32,819
500281405,853,32,885
500281406,810,35,845
500281407,890,51,941
500281408,889,27,916
500281409,798,21,819
500281410,697,27,724
500281411,589,16,605
500281412,942,27,969
500281413,844,53,897
500281414,540,45,585
500281415,701,57,758
500281501,1191,111,1302
500281502,1767,168,1935
500281503,446,29,475
500281504,997,77,1074
500281505,1551,139,1690
500281506,1436,128,1564
500281507,1142,99,1241
500281508,824,85,909
500281601,771,28,799
500281602,579,26,605
500281603,637,44,681
500281604,845,32,877
500281605,1148,43,1191
500281606,516,69,585
500281607,506,33,539
500281608,960,44,1004
500281609,1204,81,1285
500281610,832,46,878
500281611,983,48,1031
500281701,677,56,733
500281702,866,64,930
500281703,1057,65,1122
500281704,687,52,739
500281705,679,47,726
500281706,1176,78,1254
500281707,1282,164,1446
500281708,759,42,801
500281709,653,38,691
500281710,938,63,1001
500281711,441,43,484
500281712,1761,204,1965
500281713,813,79,892
500281714,723,76,799
500281715,824,127,951
500281716,1100,144,1244
500281801,917,64,981
500281802,1018,46,1064
500281803,1504,114,1618
500281804,1039,93,1132
500281805,1333,91,1424
500281806,849,38,887
500281807,1343,120,1463
500281808,796,114,910
500281809,1041,50,1091
500281810,863,59,922
500281811,830,58,888
500281812,776,63,839
500281901,1482,91,1573
500281902,783,45,828
500281903,683,62,745
500281904,1088,126,1214
500281905,1853,165,2018
500281906,1167,78,1245
500281907,726,57,783
500281908,1043,63,1106
500281909,1202,71,1273
500281910,1072,81,1153
500282001,1045,49,1094
500282002,760,34,794
500282003,573,42,615
500282004,534,43,577
500282005,737,44,781
500282006,785,48,833
500282007,923,35,958
500282008,550,19,569
500282009,851,59,910
500282010,624,28,652
500282011,729,36,765
500350101,1452,73,1525
500350102,714,78,792
500350103,885,75,960
500350104,714,40,754
500350105,877,194,1071
500350201,1146,102,1248
500350202,1062,92,1154
500350203,1447,100,1547
500350204,657,41,698
500350205,1087,86,1173
500350206,469,33,502
500350207,975,52,1027
500350208,697,39,736
500350209,1148,53,1201
500350210,1042,52,1094
500350211,836,38,874
500350212,778,39,817
500350213,879,34,913
500350214,1137,57,1194
500350215,742,50,792
500350216,1420,80,1500
500350217,776,35,811
500350218,996,37,1033
500350301,1552,116,1668
500350302,1083,99,1182
500350303,1036,94,1130
500350401,378,37,415
500350402,437,61,498
500350403,1232,100,1332
500350404,489,53,542
500350501,1724,143,1867
500350502,481,63,544
500350503,309,38,347
500350504,1270,122,1392
500350505,374,48,422
500350506,361,22,383
500350507,696,64,760
500420101,555,61,616
500420102,195,33,228
500420201,131,19,150
500420301,90,14,104
500420302,53,11,64
500420401,192,17,209
500420402,377,28,405
500420403,376,39,415
500420404,754,39,793
500420405,452,28,480
500420406,1435,135,1570
500420407,736,61,797
500420408,908,75,983
500420409,720,41,761
500420410,610,60,670
500420411,763,48,811
500420412,411,58,469
500490101,8,8,16
500490201,1338,170,1508
500490202,205,29,234
500490203,639,71,710
500490204,1055,82,1137
500490205,1104,74,1178
500490206,1100,126,1226
500490207,1408,171,1579
500490208,862,146,1008
500490209,1071,125,1196
500490210,1173,90,1263
500490211,969,99,1068
500490212,1258,108,1366
500490213,1303,114,1417
500490214,992,82,1074
500490215,1139,107,1246
500490216,1517,150,1667
500490217,852,84,936
500490218,1027,70,1097
500490219,1626,144,1770
500490220,1079,89,1168
500490221,1533,145,1678
500490301,987,126,1113
500490302,942,147,1089
500490303,1133,119,1252
500490304,1134,85,1219
500490305,1065,93,1158
500490306,1231,144,1375
500490307,106,5,111
500490308,947,112,1059
500490309,1489,152,1641
500490310,587,30,617
500490311,594,28,622
500490312,773,39,812
500490313,1607,194,1801
500490314,1387,192,1579
500490315,1030,172,1202
500490316,1078,174,1252
500490317,1102,122,1224
500490318,764,80,844
500490319,880,105,985
500490320,928,129,1057
500490321,1066,150,1216
500490401,817,34,851
500490402,1080,51,1131
500490403,1000,60,1060
500490404,952,35,987
500490405,673,17,690
500490406,625,36,661
500490407,895,41,936
500490408,591,26,617
500490409,1173,63,1236
500490410,806,51,857
500490411,982,61,1043
500490412,753,42,795
500490413,425,44,469
500490414,951,62,1013
500490501,10,2,12
500490502,605,47,652
500490503,1672,156,1828
500490504,1172,62,1234
500490505,1656,133,1789
500490506,432,25,457
500490507,1166,114,1280
500490601,162,0,162
500490602,109,9,118
500490603,138,10,148
500490701,846,58,904
500490702,833,57,890
500490703,800,63,863
500490704,1259,98,1357
500490705,1217,99,1316
500490706,681,44,725
500490707,702,55,757
500490708,728,60,788
500490709,948,70,1018
500490710,465,30,495
500490711,819,64,883
500490712,828,32,860
500490713,781,53,834
500490714,454,39,493
500490715,828,32,860
500490801,926,77,1003
500490802,1068,55,1123
500490803,740,54,794
500490804,1052,84,1136
500490805,1363,146,1509
500490806,933,99,1032
500490807,1114,95,1209
500490808,1405,139,1544
500490809,1229,103,1332
500490810,986,80,1066
500490811,1246,101,1347
500490812,1527,78,1605
500490813,458,20,478
500490814,986,42,1028
500490815,1167,88,1255
500490816,644,66,710
500490817,1049,65,1114
500490818,851,74,925
500490819,682,46,728
500490820,750,48,798
500490901,1090,72,1162
500490902,725,45,770
500490903,676,48,724
500490904,559,45,604
500490905,1003,67,1070
500490906,970,55,1025
500490907,808,55,863
500490908,599,36,635
500490909,895,51,946
500490910,826,39,865
500490911,1089,72,1161
500490912,513,23,536
500490913,832,56,888
500490914,852,41,893
500490915,868,45,913
500490916,1018,72,1090
500490917,700,33,733
500490918,631,45,676
500490919,492,24,516
500491001,1593,98,1691
500491002,1124,51,1175
500491003,676,46,722
500491004,491,26,517
500491005,806,52,858
500491006,635,39,674
500491007,1237,111,1348
500491008,623,25,648
500491009,660,40,700
500491010,869,43,912
500491011,753,30,783
500491012,940,41,981
500491013,669,34,703
500491101,21,0,21
500491102,97,6,103
500491103,1176,119,1295
500491104,509,54,563
500491105,450,35,485
500491106,661,40,701
500491107,357,34,391
500491108,573,27,600
500491109,562,62,624
500491110,1171,51,1222
500491111,843,27,870
500491112,1107,64,1171
500491113,399,27,426
500491114,883,71,954
500491115,624,47,671
500491116,1025,86,1111
500491117,1284,111,1395
500491118,702,72,774
500491119,935,75,1010
500491201,600,90,690
500491202,880,50,930
500491203,1313,80,1393
500491204,596,38,634
500491205,981,42,1023
500491206,739,50,789
500491207,1087,35,1122
500491208,692,42,734
500491209,587,38,625
500491210,725,37,762
500491211,535,34,569
500491212,1178,48,1226
500491213,776,50,826
500491214,616,29,645
500491215,1178,59,1237
500491216,954,42,996
500491217,672,32,704
500491301,958,84,1042
500491302,1625,225,1850
500491303,993,120,1113
500491304,1107,126,1233
500491305,769,84,853
500491306,775,108,883
500491307,1317,131,1448
500491308,1282,107,1389
500491309,1194,119,1313
500491310,1220,93,1313
500491311,1220,86,1306
500491312,1384,128,1512
500491313,876,56,932
500491314,636,42,678
500491401,879,63,942
500491402,1398,60,1458
500491403,892,42,934
500491404,473,39,512
500491405,1137,61,1198
500491406,1134,56,1190
500491407,1005,54,1059
500491408,1035,54,1089
500491409,820,36,856
500491410,1104,127,1231
500491411,548,64,612
500491412,1122,135,1257
500491413,1154,132,1286
500491414,677,55,732
500560101,761,215,976
500560201,792,129,921
500560301,662,139,801
500560401,556,74,630
500560402,731,67,798
500560403,1195,156,1351
500560404,1298,206,1504
500560405,593,40,633
500560406,877,108,985
500560407,1651,195,1846
500560408,595,44,639
500560409,943,111,1054
500560501,1029,131,1160
500560502,403,46,449
500560503,787,104,891
500560504,1025,109,1134
500560505,521,70,591
500560506,778,121,899
500560507,1016,113,1129
500560601,406,56,462
500560602,792,136,928
500560603,1069,80,1149
500560604,1332,136,1468
500560605,1331,111,1442
500560606,1211,102,1313
500560607,385,29,414
500560608,814,77,891
500560609,1133,158,1291
500560610,801,92,893
500560611,1113,104,1217
500560612,728,94,822
500560613,799,101,900
500560614,238,49,287
500560615,962,109,1071
500560616,704,72,776
500560701,513,96,609
500630101,898,46,944
500630102,732,31,763
500630103,1248,108,1356
500630104,1073,46,1119
500630105,622,27,649
500630106,561,22,583
500630107,1088,61,1149
500630108,590,33,623
500630109,1141,79,1220
500630110,532,20,552
500630111,468,24,492
500630112,448,33,481
500630113,971,87,1058
500630201,735,31,766
500630202,1001,40,1041
500630203,848,53,901
500630204,701,34,735
500630205,676,46,722
500630206,442,29,471
500630207,519,37,556
500630208,650,23,673
500630209,575,23,598
500630210,630,25,655
500630211,1097,91,1188
500630212,663,37,700
500630213,681,45,726
500630214,640,32,672
500630215,714,35,749
500630216,676,52,728
500630217,137,17,154
500630218,893,164,1057
500630301,662,35,697
500630302,764,92,856
500630303,206,26,232
500630304,461,32,493
500630305,1091,136,1227
500630306,1182,86,1268
500630307,1138,96,1234
500630308,757,47,804
500630309,1137,64,1201
500630310,2276,270,2546
500630311,910,105,1015
500630312,1708,230,1938
500630401,879,128,1007
500630402,1263,221,1484
500630403,1071,100,1171
500630404,328,30,358
500630405,1036,127,1163
500630406,1897,254,2151
500630407,822,169,991
500630408,736,117,853
500630409,1160,119,1279
500630410,1133,188,1321
500630411,1842,221,2063
500630501,1065,128,1193
500630502,787,85,872
500630503,602,109,711
500630504,681,104,785
500630601,111,14,125
500630602,135,21,156
500630701,22,0,22
500630702,96,7,103
500630703,563,54,617
500630704,176,6,182
500630705,150,10,160
500630706,62,5,67
500630707,170,15,185
500630801,735,62,797
500630802,874,37,911
500630803,898,80,978
500630804,1125,54,1179
500630805,850,52,902
500630806,466,34,500
500630807,721,32,753
500630808,912,34,946
500630809,1220,76,1296
500630810,578,44,622
500630811,964,36,1000
500630812,1077,74,1151
500630813,814,36,850
500630814,1168,64,1232
500630901,919,61,980
500630902,0,0,0
500630903,594,60,654
500630904,881,53,934
500630905,1215,107,1322
500630906,1210,106,1316
500630907,1462,172,1634
500630908,779,46,825
500630909,964,79,1043
500630910,1032,98,1130
500630911,607,24,631
500630912,936,85,1021
500630913,755,51,806
500630914,1357,106,1463
500630915,1076,65,1141
500631001,727,60,787
500631002,522,30,552
500631003,837,73,910
500631004,584,45,629
500631005,931,68,999
500631006,893,53,946
500631007,699,35,734
500631008,1151,78,1229
500631009,610,57,667
500631010,972,38,1010
500631011,980,48,1028
500631012,559,64,623
500631013,1043,69,1112
500631014,576,24,600
500631015,627,36,663
500631016,396,19,415
500631017,1225,89,1314
500631101,1202,57,1259
500631102,483,28,511
500631103,1574,138,1712
500631104,1079,121,1200
500631105,1279,147,1426
500631106,742,73,815
500631107,444,53,497
500631108,934,56,990
500631109,911,60,971
500631110,348,34,382
500631111,541,36,577
500631112,453,68,521
500631113,1038,53,1091
500631114,1058,66,1124
500631115,687,43,730
500631116,678,44,722
500700101,869,127,996
500700102,989,136,1125
500700103,1256,98,1354
500700104,602,63,665
500700105,1594,160,1754
500700106,1292,86,1378
500700107,554,43,597
500700108,610,34,644
500700109,2089,315,2404
500700110,2452,369,2821
500700111,1086,138,1224
500700112,1012,89,1101
500700113,799,103,902
500700114,999,148,1147
500700115,486,52,538
500700116,1862,288,2150
500700117,1707,188,1895
500700118,788,76,864
500700201,649,107,756
500700202,1092,158,1250
500700203,681,97,778
500700204,1046,148,1194
500700205,948,106,1054
500700206,971,100,1071
500700207,1709,178,1887
500700208,931,45,976
500700209,927,73,1000
500700210,1239,142,1381
500700211,1281,158,1439
500700212,1041,138,1179
500700213,1185,99,1284
500700214,775,62,837
500700215,431,55,486
500700301,1550,165,1715
500700302,1823,197,2020
500700303,1191,166,1357
500700304,955,91,1046
500700305,1820,139,1959
500700306,593,83,676
500700307,565,75,640
500700308,845,93,938
500700401,431,35,466
500700402,1049,66,1115
500700403,1244,156,1400
500700404,1492,160,1652
500700405,1318,109,1427
500700406,1479,88,1567
500700407,1527,131,1658
500700408,1901,179,2080
500700409,1596,127,1723
500700410,389,36,425
500700411,1017,63,1080
500700412,1283,124,1407
500700413,1471,118,1589
500700414,1083,77,1160
500700415,734,45,779
500700416,1364,108,1472
500700417,1194,114,1308
500700418,1025,74,1099
500700419,1166,111,1277
500700420,1033,107,1140
500700421,1100,99,1199
500700422,946,73,1019
500700423,1076,126,1202
500700424,632,54,686
500700425,811,60,871
500700501,1683,114,1797
500700502,1051,67,1118
500700503,555,23,578
500700504,736,50,786
500700505,1107,63,1170
500700506,1019,58,1077
500700507,861,58,919
500700508,814,42,856
500700509,623,24,647
500700510,1234,73,1307
500700511,1106,70,1176
500700512,1244,97,1341
500700513,1064,82,1146
500700514,934,76,1010
500700601,1460,107,1567
500700602,1564,105,1669
500700603,1357,101,1458
500700604,612,37,649
500700605,743,40,783
500700606,903,54,957
500700607,957,80,1037
500700608,1552,101,1653
500700609,707,33,740
500700610,652,26,678
500700611,628,31,659
500700612,1332,81,1413
500700613,836,58,894
500700701,616,26,642
500700702,880,37,917
500700703,993,62,1055
500700704,630,48,678
500700705,1045,64,1109
500700706,1472,128,1600
500700707,822,32,854
500700708,855,53,908
500700709,508,39,547
500700710,496,17,513
500700711,779,28,807
500700712,542,19,561
500700801,963,79,1042
500700802,854,46,900
500700803,855,40,895
500700804,1061,72,1133
500700805,1508,98,1606
500700806,1091,33,1124
500700807,682,35,717
500700808,912,47,959
500700809,762,38,800
500700810,1087,52,1139
500700811,807,56,863
500700812,1043,61,1104
500700813,723,70,793
500700814,919,55,974
500700815,683,55,738
500700816,1030,72,1102
500700901,808,74,882
500700902,1319,149,1468
500700903,2376,272,2648
500700904,1147,79,1226
500700905,678,49,727
500700906,576,30,606
500700907,918,51,969
500700908,1173,72,1245
500700909,752,60,812
500700910,777,78,855
500700911,1354,149,1503
500700912,1014,97,1111
500700913,714,59,773
500701001,1085,104,1189
500701002,893,38,931
500701003,837,57,894
500701004,982,52,1034
500701005,522,21,543
500701006,1269,92,1361
500701007,670,58,728
500701008,620,25,645
500701009,635,22,657
500701010,933,29,962
500701011,542,30,572
500701012,1058,73,1131
500701013,657,57,714
500770101,324,57,381
500770102,221,49,270
500770103,496,79,575
500770104,230,65,295
500770105,920,63,983
500770106,819,63,882
500770107,605,39,644
500770108,814,53,867
500770109,702,71,773
500770110,704,72,776
500770111,111,17,128
500770112,830,53,883
500770113,841,71,912
500770114,1463,147,1610
500770115,711,90,801
500770116,1223,139,1362
500770117,885,86,971
500770118,674,88,762
500770119,984,139,1123
500770120,729,113,842
500770121,630,76,706
500770122,1111,155,1266
500770123,1093,75,1168
500770124,836,73,909
500770125,810,112,922
500770126,815,120,935
500770127,921,142,1063
500770128,9,0,9
500770201,402,136,538
500770202,206,85,291
500770203,24,28,52
500770301,526,174,700
500770302,124,55,179
500770401,48,9,57
500770402,752,127,879
500770403,432,70,502
500840101,1163,69,1232
500840102,541,61,602
500840103,824,91,915
500840104,663,37,700
500840105,665,91,756
500840201,1631,154,1785
500840202,1009,101,1110
500840203,768,59,827
500840204,1395,87,1482
500840205,1142,80,1222
500840206,914,66,980
500840207,1127,74,1201
500840208,595,32,627
500840209,470,11,481
500840210,731,47,778
500840211,871,43,914
500840212,777,45,822
500840213,930,36,966
500840214,969,51,1020
500840215,1112,76,1188
500840216,618,46,664
500840217,308,49,357
500840301,653,50,703
500840302,1365,125,1490
500840303,804,82,886
500840304,1116,117,1233
500840305,984,102,1086
500840306,867,85,952
500840307,833,83,916
500840308,821,69,890
500840309,810,61,871
500840401,220,31,251
500840402,629,58,687
500840403,1061,138,1199
500840404,297,34,331
500840405,594,63,657
500840406,673,68,741
500840407,714,50,764
500840501,248,29,277
500840601,163,22,185
500840701,405,41,446
500840702,771,71,842
500840703,560,50,610
500840704,534,66,600
500840705,1048,83,1131
500840706,529,54,583
500840801,680,27,707
500840802,1172,112,1284
500840803,1183,85,1268
500840804,685,38,723
500840805,1147,93,1240
500840806,1220,77,1297
500840807,675,39,714
500840808,1121,48,1169
500840809,1102,83,1185
500840810,1080,109,1189
500840811,922,46,968
500840812,1007,53,1060
500840813,1383,154,1537
500910101,1831,164,1995
500910102,517,84,601
500910103,537,68,605
500910104,538,82,620
500910105,1234,87,1321
500910106,632,28,660
500910107,681,46,727
500910108,1126,78,1204
500910109,843,54,897
500910110,656,37,693
500910111,1215,79,1294
500910112,730,81,811
500910113,749,77,826
500910201,1089,162,1251
500910202,1709,142,1851
500910203,1276,106,1382
500910204,959,50,1009
500910205,800,114,914
500910206,991,86,1077
500910207,968,80,1048
500910208,1054,90,1144
500910209,1007,86,1093
500910301,799,93,892
500910302,1126,126,1252
500910303,811,95,906
500910304,743,61,804
500910305,1039,129,1168
500910306,1120,135,1255
500910307,843,114,957
500910401,88,13,101
500910501,64,16,80
500910601,206,39,245
500980101,1006,134,1140
500980102,1661,220,1881
500980103,933,139,1072
500980104,1310,188,1498
500980105,891,104,995
500980106,1180,137,1317
500980107,433,76,509
500980108,1051,80,1131
500980201,78,15,93
500980202,664,89,753
500980203,233,35,268
500980204,426,46,472
500980205,340,36,376
500980206,85,15,100
500980301,824,113,937
500980302,544,55,599
500980303,1178,114,1292
500980304,793,72,865
500980305,885,105,990
500980306,1298,105,1403
500980307,543,44,587
500980308,1170,98,1268
500980401,728,71,799
500980402,941,59,1000
500980403,989,46,1035
500980404,1046,54,1100
500980405,875,33,908
500980406,1063,81,1144
500980407,1304,66,1370
500980408,929,36,965
500980409,981,67,1048
500980410,636,16,652
500980411,860,45,905
500980412,706,37,743
500980413,593,32,625
500980414,67,10,77
500980415,1260,74,1334
500980416,456,35,491
500980417,1044,117,1161
500980501,618,66,684
500980502,187,23,210
500980503,884,82,966
500980504,1082,137,1219
500980505,1118,131,1249
500980506,1148,111,1259
500980507,750,34,784
500980508,1370,106,1476
500980509,633,32,665
500980510,652,32,684
500980511,620,31,651
500980512,1121,98,1219
500980601,608,102,710
500980602,804,82,886
500980603,891,93,984
500980604,943,121,1064
500980605,1033,87,1120
500980606,1090,136,1226
500980607,763,68,831
500980608,957,77,1034
500980609,784,121,905
500980610,496,62,558
500980611,1166,84,1250
500980612,775,64,839
500980701,566,68,634
500980702,1137,62,1199
500980703,809,68,877
500980704,802,56,858
500980705,1227,71,1298
500980706,779,31,810
500980707,807,39,846
500980708,516,30,546
500980709,748,39,787
500980710,434,10,444
500980711,535,29,564
500980712,641,34,675
500980713,532,13,545
500980714,800,46,846
500980715,1646,151,1797
500980716,1094,42,1136
500980717,588,42,630
500980718,738,27,765
500980719,1184,115,1299
500980720,489,18,507
500980721,685,89,774
500980722,669,67,736
500980801,995,100,1095
500980802,1470,119,1589
500980803,1525,172,1697
500980804,1417,107,1524
500980805,1521,119,1640
500980806,1302,92,1394
500980807,1013,62,1075
500980808,931,30,961
500980809,866,60,926
500980810,893,44,937
500980811,1386,95,1481
500980812,591,37,628
500980813,774,33,807
500980814,580,43,623
500980815,568,28,596
500980816,458,13,471
500980817,598,72,670
500980818,1308,134,1442
500980819,1038,82,1120
500980820,813,70,883
500980821,484,39,523
500980901,746,27,773
500980902,499,32,531
500980903,1121,77,1198
500980904,1159,67,1226
500980905,925,87,1012
500980906,948,66,1014
500980907,1783,198,1981
500980908,1108,77,1185
500980909,1282,130,1412
500980910,839,79,918
500980911,1224,103,1327
500980912,901,95,996
501050101,10,0,10
501050102,1051,158,1209
501050103,842,88,930
501050104,887,88,975
501050105,759,76,835
501050106,1081,71,1152
501050107,1009,76,1085
501050108,1104,43,1147
501050109,301,21,322
501050110,648,78,726
501050111,868,52,920
501050112,1263,131,1394
501050113,869,48,917
501050201,8,1,9
501050202,1278,106,1384
501050203,777,112,889
501050204,1416,98,1514
501050205,1227,109,1336
501050301,28,6,34
501050302,652,68,720
501050303,730,82,812
501050304,1698,211,1909
501050305,724,54,778
501050306,1291,133,1424
501050307,845,74,919
501050308,733,51,784
501050309,929,74,1003
501050310,707,59,766
501050401,907,57,964
501050402,959,64,1023
501050403,686,53,739
501050404,573,37,610
501050405,1161,71,1232
501050406,883,58,941
501050407,1233,179,1412
501050408,967,93,1060
501050409,650,40,690
501050410,713,68,781
501050411,982,59,1041
501050412,640,30,670
501050413,785,44,829
501050414,839,41,880
501050415,474,17,491
501050416,671,32,703
501050417,838,43,881
501050418,1048,70,1118
501050419,1320,130,1450
501050420,556,36,592
501050421,1650,164,1814
501050422,269,13,282
501050501,481,13,494
501050502,232,15,247
501050503,565,35,600
501050504,775,41,816
501050505,470,18,488
501050506,734,41,775
501050507,656,47,703
501050508,530,34,564
501050509,789,42,831
501050510,724,35,759
501050511,646,22,668
501050512,428,21,449
501050513,763,25,788
501050514,820,77,897
501050515,759,43,802
501050516,802,51,853
501050517,505,21,526
501050518,392,20,412
501050519,593,16,609
501050520,533,37,570
501050521,490,29,519
501050601,93,26,119
501050602,842,104,946
501050603,143,14,157
501050604,3,1,4
501050605,529,37,566
501050606,872,113,985
501050607,837,74,911
501050608,237,14,251
501050701,15,4,19
501050702,629,96,725
501050703,714,101,815
501050704,820,99,919
501050705,930,82,1012
501050706,883,94,977
501050707,651,70,721
501050708,672,40,712
501050801,708,74,782
501050802,428,47,475
501050803,370,49,419
501050804,57,8,65
501050805,10,6,16
501050806,136,78,214
501050807,497,101,598
501050808,356,46,402
501050901,448,68,516
501050902,31,13,44
501050903,703,113,816
501050904,1032,89,1121
501050905,567,61,628
501050906,862,63,925
501050907,750,73,823
501051001,44,0,44
501051002,962,101,1063
501051003,108,40,148
501051004,279,54,333
501051005,149,33,182
501051006,1014,92,1106
501051007,929,101,1030
501051008,1208,146,1354
501051009,750,89,839
501051010,129,10,139
501051011,643,53,696
501051012,789,76,865
501051101,1055,105,1160
501051102,782,80,862
501051103,747,51,798
501051104,593,48,641
501051105,1747,228,1975
501051106,1483,148,1631
501051107,1291,190,1481
501051108,551,69,620
501051109,378,36,414
501051110,745,67,812
501051201,341,34,375
501051202,375,43,418
501051203,293,29,322
501051204,220,26,246
501051205,899,82,981
501051206,445,32,477
501051207,281,35,316
501051208,780,99,879
501051209,675,108,783
501051301,480,15,495
501051302,551,22,573
501051303,611,22,633
501051304,463,27,490
501051305,389,26,415
501051306,454,18,472
501051307,658,27,685
501051308,345,20,365
501051309,632,27,659
501051310,679,31,710
501051311,346,10,356
501051312,531,31,562
501051401,878,33,911
501051402,322,5,327
501051403,487,17,504
501051404,496,18,514
501051405,759,25,784
501051406,421,14,435
501051407,455,33,488
501051408,531,18,549
501051409,467,27,494
501051410,519,19,538
501051411,624,26,650
501051412,656,31,687
501051413,818,37,855
501051501,1042,64,1106
501051502,542,43,585
501051503,616,62,678
501051504,551,47,598
501051505,904,60,964
501051506,700,59,759
501051507,626,65,691
501051508,901,80,981
501051509,611,54,665
501051510,716,61,777
501051511,851,68,919
501051512,581,41,622
501051513,1007,78,1085
501051514,685,81,766
501051515,455,45,500
501051516,889,76,965
501051517,1042,101,1143
501051518,1159,120,1279
501051519,860,119,979
501051601,1178,100,1278
501051602,1282,109,1391
501051603,1291,135,1426
501051604,925,68,993
501051605,1886,161,2047
501051606,148,23,171
501051607,602,64,666
501051608,207,14,221
501051609,680,108,788
501051701,1036,121,1157
501051702,820,68,888
501051703,769,64,833
501051704,722,61,783
501051705,662,60,722
501051706,757,55,812
501051707,431,27,458
501051708,698,19,717
501051709,729,32,761
501051710,647,23,670
501051711,710,34,744
501051712,916,47,963
501051713,577,29,606
501051714,421,24,445
501051801,1072,68,1140
501051802,378,12,390
501051803,678,26,704
501051804,1152,58,1210
501051805,880,32,912
501051806,718,46,764
501051807,452,33,485
501051808,588,51,639
501051809,706,35,741
501051810,890,57,947
501051811,682,35,717
501051812,626,40,666
501051813,566,20,586
501051814,577,34,611
501051815,779,35,814
501051816,650,57,707
501051817,539,32,571
501051818,1118,72,1190
501051901,535,40,575
501051902,1172,86,1258
501051903,574,25,599
501051904,764,51,815
501051905,936,58,994
501051906,1331,220,1551
501051907,1118,86,1204
501051908,1086,105,1191
501051909,969,73,1042
501051910,1211,128,1339
501051911,377,49,426
501051912,918,132,1050
501051913,751,92,843
501051914,981,184,1165
501051915,510,53,563
501120101,760,79,839
501120102,1849,111,1960
501120103,680,70,750
501120104,1315,113,1428
501120105,521,52,573
501120201,965,103,1068
501120202,804,79,883
501120203,367,37,404
501120204,1181,79,1260
501120205,1131,108,1239
501120301,279,31,310
501120302,801,92,893
501120303,372,35,407
501120304,967,108,1075
501120305,851,70,921
501120401,591,100,691
501120501,204,36,240
501120601,432,53,485
501190101,5,2,7
501190201,256,33,289
501190202,452,41,493
501190203,186,16,202
501190204,1309,159,1468
501190205,1102,159,1261
501190206,864,131,995
501190301,1389,153,1542
501190302,1142,88,1230
501190303,1204,120,1324
501190304,1238,84,1322
501190305,1217,76,1293
501190306,1376,112,1488
501190307,1074,83,1157
501190308,1858,195,2053
501190309,1743,132,1875
501190310,1171,71,1242
501190311,874,95,969
501190312,541,61,602
501190401,1371,142,1513
501190402,524,53,577
501190403,1427,155,1582
501190404,420,63,483
501190405,523,50,573
501190406,881,110,991
501190407,1643,142,1785
501190408,1460,131,1591
501190409,1390,163,1553
501190501,349,31,380
501190601,818,90,908
501190602,341,23,364
501190603,1198,105,1303
501190604,1046,59,1105
501190605,701,47,748
501190606,895,67,962
501190607,1295,83,1378
501190608,774,34,808
501190609,522,17,539
501190610,728,44,772
501190611,670,30,700
501190612,1194,112,1306
501190613,1850,198,2048
501190614,1258,234,1492
501260101,343,39,382
501260102,20,0,20
501260201,27,7,34
501260202,354,38,392
501260203,288,41,329
501260204,321,46,367
501260205,4,2,6
501260301,2632,339,2971
501260302,641,69,710
501260303,1782,179,1961
501260304,1160,127,1287
501260305,1038,60,1098
501260306,1064,97,1161
501260307,830,57,887
501260308,507,39,546
501260309,1178,163,1341
501260310,857,53,910
501260311,1089,92,1181
501260312,1217,134,1351
501260313,694,90,784
501260314,1203,115,1318
501260315,656,78,734
501260316,710,73,783
501260317,953,110,1063
501260318,243,28,271
501260319,974,74,1048
501260401,931,116,1047
501260402,40,3,43
501260501,2425,301,2726
501260502,1009,148,1157
501260503,900,140,1040
501260504,1149,194,1343
540070101,110,15,125
540070102,760,91,851
540070103,1144,135,1279
540070104,270,39,309
540070105,425,51,476
540070106,30,4,34
540070107,584,89,673
540070108,1035,61,1096
540070109,898,127,1025
540070110,473,108,581
540070201,115,27,142
540070202,52,11,63
540070301,93,12,105
540070302,301,66,367
540070303,945,200,1145
540070304,282,47,329
540070305,183,21,204
540070306,125,10,135
540070307,151,13,164
540070308,90,7,97
540070309,100,4,104
540070310,621,97,718
540070311,852,35,887
540070312,1525,233,1758
540070313,948,95,1043
540070314,383,83,466
540070315,917,62,979
540070316,942,75,1017
540070317,601,64,665
540070318,1066,60,1126
540070319,816,171,987
540070401,169,26,195
540070402,282,62,344
540070403,533,82,615
540070404,83,21,104
540070405,34,3,37
540070406,43,8,51
540070501,67,2,69
540070502,221,27,248
540070503,308,27,335
540070504,714,57,771
540070505,18,4,22
540070506,342,36,378
540070507,133,8,141
540070508,1074,140,1214
540070509,618,78,696
540070601,95,5,100
540070602,894,71,965
540070603,855,82,937
540070604,702,59,761
540070605,636,39,675
540070606,870,86,956
540070607,1209,105,1314
540070608,448,11,459
540070609,370,18,388
540070610,569,31,600
540070611,704,43,747
540070612,657,62,719
540070613,958,71,1029
540070614,504,24,528
540070615,1122,174,1296
540070616,1158,154,1312
540070617,554,32,586
540070618,668,25,693
540070619,842,72,914
540070620,339,54,393
540140101,109,41,150
540140102,338,89,427
540140103,804,67,871
540140104,781,67,848
540140105,113,16,129
540140106,194,25,219
540140107,466,59,525
540140108,675,47,722
540140109,841,104,945
540140110,730,55,785
540140111,1021,239,1260
540140112,245,31,276
540140201,331,120,451
540140202,602,60,662
540140203,589,39,628
540140204,629,62,691
540140205,653,44,697
540140206,480,32,512
540140207,402,80,482
540140208,827,61,888
540140209,881,121,1002
540140210,854,96,950
540140211,1041,171,1212
540140212,786,112,898
540140301,240,35,275
540140302,261,24,285
540140303,905,102,1007
540140304,503,60,563
540140305,219,36,255
540140306,104,19,123
540140307,1011,172,1183
540140308,376,36,412
540140309,569,103,672
540140401,427,38,465
540140402,236,18,254
540140403,279,28,307
540140404,836,89,925
540140501,457,37,494
540140502,617,74,691
540140503,537,73,610
540140504,631,72,703
540140505,733,55,788
540140506,682,81,763
540140507,436,54,490
540140508,796,56,852
540140509,626,52,678
540140510,346,40,386
540140511,1087,222,1309
540140512,568,36,604
540140601,327,40,367
540140602,786,115,901
540140603,239,36,275
540140604,669,112,781
540140605,384,69,453
540140606,583,96,679
540140607,1308,239,1547
540140608,1029,259,1288
540140609,541,66,607
540140701,422,74,496
540140702,251,31,282
540140703,589,70,659
540140704,587,73,660
540140705,451,90,541
540140801,521,50,571
540140802,289,44,333
540140803,158,17,175
540140804,189,46,235
540140805,197,39,236
540140806,880,212,1092
540140807,540,53,593
540140808,832,99,931
540140901,249,48,297
540140902,372,44,416
540140903,316,47,363
540140904,106,22,128
540140905,264,37,301
540140906,566,100,666
540141001,418,66,484
540141002,492,72,564
540141003,210,21,231
540141004,404,53,457
540141005,291,37,328
540141006,374,45,419
540210101,321,134,455
540210102,420,56,476
540210103,97,15,112
540210201,105,18,123
540210202,819,151,970
540210203,150,25,175
540210301,104,17,121
540210302,152,19,171
540210303,54,10,64
540210304,99,15,114
540210305,119,16,135
540210306,566,79,645
540210401,334,52,386
540210402,101,31,132
540210403,51,6,57
540210404,11,0,11
540210501,278,17,295
540210502,187,42,229
540210503,91,10,101
540210504,1061,110,1171
540210505,943,99,1042
540210506,629,90,719
540210507,828,64,892
540210508,831,50,881
540210509,877,64,941
540210510,770,79,849
540210511,709,59,768
540210512,999,128,1127
540210513,566,51,617
540210514,913,97,1010
540210515,788,66,854
540210516,829,64,893
540210517,482,45,527
540210518,363,65,428
540210601,817,87,904
540210602,636,112,748
540210603,408,41,449
540210604,117,37,154
540210605,68,14,82
540210606,69,15,84
540210607,958,76,1034
540210608,632,86,718
540210609,815,58,873
540210610,313,82,395
540210611,181,28,209
540210701,175,31,206
540210702,96,14,110
540210703,137,26,163
540210704,789,108,897
540210705,754,81,835
540280101,543,40,583
540280102,786,77,863
540280103,1280,159,1439
540280104,624,26,650
540280105,186,19,205
540280106,285,13,298
540280107,821,37,858
540280108,601,19,620
540280109,479,15,494
540280110,518,16,534
540280111,689,18,707
540280112,893,17,910
540280113,459,10,469
540280114,433,17,450
540280116,13,0,13
540280117,478,11,489
540280118,352,6,358
540280119,488,14,502
540280201,447,19,466
540280202,427,11,438
540280203,642,15,657
540280204,548,19,567
540280205,582,17,599
540280206,518,19,537
540280207,595,14,609
540280208,459,7,466
540280209,349,14,363
540280210,573,14,587
540280211,429,12,441
540280212,293,11,304
540280213,438,10,448
540280214,293,14,307
540280215,432,14,446
540280216,250,10,260
540280217,544,13,557
540280218,274,4,278
540280301,1437,97,1534
540280302,938,50,988
540280303,1027,74,1101
540280304,628,26,654
540280305,1002,81,1083
540280306,792,40,832
540280307,1464,80,1544
540280308,1381,88,1469
540280309,653,28,681
540280310,763,37,800
540280311,1212,56,1268
540280312,951,59,1010
540280313,778,38,816
540280314,715,29,744
540280401,1071,74,1145
540280402,1357,91,1448
540280403,632,30,662
540280404,477,21,498
540280405,805,28,833
540280406,782,21,803
540280407,761,24,785
540280408,1198,83,1281
540280409,820,54,874
540280410,1283,118,1401
540280411,879,76,955
540280412,1314,140,1454
540280413,1059,110,1169
540280414,706,42,748
540280415,728,28,756
540280416,673,23,696
540280417,1118,113,1231
540280418,841,77,918
540280419,1341,137,1478
540280501,692,27,719
540280502,721,37,758
540280504,534,33,567
540280505,1050,63,1113
540280506,981,23,1004
540280507,711,20,731
540280508,648,21,669
540280509,712,37,749
540280510,314,11,325
540280511,857,72,929
540280601,1007,48,1055
540280602,865,44,909
540280603,1228,61,1289
540280604,502,52,554
540280605,766,67,833
540280606,589,30,619
540280607,926,55,981
540280608,770,41,811
540280609,804,45,849
540280610,470,49,519
540280611,916,75,991
540280612,1167,82,1249
540280613,1048,84,1132
540280614,731,51,782
540280615,177,7,184
540280616,714,116,830
540280617,755,52,807
540280618,1622,168,1790
540280701,860,54,914
540280702,919,80,999
540280703,1022,48,1070
540280704,771,28,799
540280705,800,31,831
540280706,512,17,529
540280707,466,31,497
540280708,717,28,745
540280709,616,22,638
540280710,886,34,920
540280711,617,24,641
540280712,921,70,991
540280713,1308,90,1398
540280714,1121,85,1206
540280715,814,68,882
540280716,1014,72,1086
540280717,711,62,773
540280718,568,50,618
540280719,742,49,791
540280720,875,75,950
540280721,714,53,767
540280803,1017,119,1136
540280804,760,51,811
540280805,688,60,748
540280806,997,100,1097
540280807,1710,199,1909
540280808,1369,135,1504
540280809,1260,165,1425
540280810,1176,110,1286
540280811,787,51,838
540280812,1322,73,1395
540280813,685,48,733
540280814,794,56,850
540280815,798,105,903
540280816,861,56,917
540280817,555,46,601
540280818,1146,93,1239
540280819,763,59,822
540280820,1409,169,1578
540280821,844,111,955
540280822,490,63,553
540280901,571,24,595
540280902,543,23,566
540280903,382,22,404
540280906,530,27,557
540280907,840,31,871
540280908,703,25,728
540280909,367,17,384
540280910,386,9,395
540280911,430,15,445
540281001,494,15,509
540281002,370,5,375
540281003,735,26,761
540281004,1034,45,1079
540281005,629,29,658
540281006,541,26,567
540281007,586,24,610
540281008,1150,47,1197
540281009,1145,40,1185
540281010,958,49,1007
540281011,833,32,865
540281012,755,35,790
540281013,501,12,513
540281014,566,13,579
540281015,555,45,600
540281101,399,52,451
540281102,380,22,402
540281103,426,67,493
540281201,1391,139,1530
540281202,592,31,623
540281203,116,38,154
540281204,238,24,262
540281205,980,53,1033
540281206,980,80,1060
540281207,832,92,924
540281208,993,106,1099
540281209,1185,141,1326
540281210,1527,83,1610
540281211,1546,173,1719
540281212,1457,96,1553
540281213,1765,205,1970
540281214,1431,101,1532
540281215,769,81,850
540281216,1252,156,1408
540281217,922,103,1025
540281218,1431,286,1717
540281219,1288,133,1421
540281220,795,96,891
540281301,333,46,379
540281302,240,20,260
540281303,188,19,207
540281304,18,1,19
540281305,297,52,349
540281306,1075,108,1183
540281307,491,56,547
540281308,924,100,1024
540281309,483,58,541
540281310,759,87,846
540281311,913,52,965
540281312,1040,107,1147
540281313,1093,161,1254
540281314,1412,219,1631
540281315,1365,206,1571
540281316,1013,66,1079
540281317,618,56,674
540281318,391,31,422
540281319,1470,156,1626
540281320,553,54,607
540281321,528,50,578
540281322,1147,150,1297
540281323,518,65,583
540281401,927,117,1044
540281402,0,0,0
540281403,5,1,6
540281501,200,17,217
540281502,154,7,161
540281503,188,17,205
540281504,1194,130,1324
540281505,1158,87,1245
540281601,1277,245,1522
540281602,23,1,24
540281701,148,24,172
540281702,60,8,68
540281703,60,3,63
540281704,28,7,35
540281801,1329,158,1487
540281802,729,110,839
540281803,849,112,961
540281804,1029,93,1122
540281805,695,54,749
540281806,520,66,586
540281807,1167,97,1264
540281808,615,58,673
540281809,754,78,832
540281810,924,68,992
540281811,971,65,1036
540281812,802,60,862
540281813,1376,142,1518
540281814,1175,151,1326
540281815,1097,127,1224
540281816,734,82,816
540281817,720,56,776
540281818,637,41,678
540281819,670,81,751
540281820,590,52,642
540281821,754,72,826
540281822,642,45,687
540281901,1497,120,1617
540281902,547,39,586
540281903,1165,64,1229
540281904,1047,131,1178
540281905,1377,63,1440
540281906,1034,39,1073
540281907,1068,50,1118
540281908,1376,66,1442
540281909,1247,54,1301
540281910,730,42,772
540281911,984,57,1041
540281912,1251,72,1323
540281913,1508,133,1641
540281914,1123,82,1205
540281915,945,48,993
540281916,1164,68,1232
540281917,1282,231,1513
540281918,1105,44,1149
540281919,1407,122,1529
540281920,1257,65,1322
540281921,1324,80,1404
540281922,1127,57,1184
540281923,1593,128,1721
540281924,1699,167,1866
540281925,1389,96,1485
540281926,1214,68,1282
540281927,866,74,940
540281928,1041,50,1091
540282001,1492,144,1636
540282002,1578,130,1708
540282003,1386,64,1450
540282004,1539,118,1657
540282005,1035,61,1096
540282006,1002,65,1067
540282007,1000,77,1077
540282008,413,21,434
540282009,922,64,986
540282010,675,59,734
540282011,1525,153,1678
540282012,576,39,615
540282013,832,80,912
540282014,690,40,730
540282015,922,128,1050
540282016,1062,96,1158
540282017,802,134,936
540282018,775,42,817
540282019,1144,132,1276
540282020,661,57,718
540282021,998,136,1134
540282101,10,2,12
540282102,309,31,340
540282103,57,9,66
540282201,640,36,676
540282202,1301,58,1359
540282203,540,17,557
540282204,874,58,932
540282205,529,21,550
540282206,992,30,1022
540282207,771,22,793
540282208,595,16,611
540282209,1099,39,1138
540282210,849,36,885
540282211,544,25,569
540282212,631,32,663
540282213,536,12,548
540282301,1330,97,1427
540282302,721,53,774
540282303,999,44,1043
540282304,1115,66,1181
540282305,1409,132,1541
540282306,1050,97,1147
540282307,795,41,836
540282308,701,43,744
540282309,876,62,938
540282310,666,33,699
540282311,1516,124,1640
540282312,1249,151,1400
540282313,965,105,1070
540282314,486,45,531
540282401,1002,85,1087
540282402,852,102,954
540282403,1050,110,1160
540282404,1623,218,1841
540282405,1024,126,1150
540282406,814,120,934
540282407,1481,158,1639
540282408,1467,153,1620
540282409,985,78,1063
540282410,986,114,1100
540282411,882,91,973
540282412,1337,224,1561
540282413,615,66,681
540282414,889,92,981
540282415,1369,231,1600
540282416,1257,197,1454
540282417,161,16,177
540350101,216,41,257
540350102,63,19,82
540350103,417,72,489
540350104,67,13,80
540350105,5,0,5
540350106,30,1,31
540350201,214,27,241
540350202,31,8,39
540350203,35,5,40
540350204,48,29,77
540350205,11,1,12
540350206,28,6,34
540350207,85,11,96
540350301,242,30,272
540350302,9,1,10
540350303,53,2,55
540350304,139,23,162
540350305,10,0,10
540350306,16,3,19
540350307,46,9,55
540350308,80,11,91
540350401,429,105,534
540350402,148,25,173
540350403,816,56,872
540350404,711,66,777
540350405,143,21,164
540350406,60,11,71
540350407,20,5,25
540350408,0,0,0
540350409,52,9,61
540350410,722,63,785
540350411,573,57,630
540350412,1207,113,1320
540350413,317,104,421
540350414,828,108,936
540420101,400,51,451
540420102,365,29,394
540420103,199,31,230
540420104,30,6,36
540420105,64,10,74
540420106,53,10,63
540420107,1013,127,1140
540420201,0,1,1
540420202,0,0,0
540420203,78,26,104
540420301,601,90,691
540420302,397,41,438
540420303,773,118,891
540420304,212,18,230
540420305,1507,143,1650
540420306,863,49,912
540420307,960,59,1019
540420308,428,83,511
540420309,1268,116,1384
540420310,520,34,554
540420311,312,47,359
540420312,488,30,518
540420313,557,42,599
540420314,795,81,876
540420315,663,90,753
540420316,678,78,756
540420317,826,145,971
540420318,476,61,537
540420401,694,71,765
540420402,1061,120,1181
540420403,1086,65,1151
540420404,728,52,780
540420405,1252,135,1387
540420406,1172,118,1290
540420407,1198,164,1362
540420408,520,62,582
540420409,917,131,1048
540420410,1077,151,1228
540420411,1269,167,1436
540420412,697,54,751
540420413,674,53,727
540420414,921,75,996
540420415,901,99,1000
540420416,750,54,804
540420417,684,63,747
540420418,927,92,1019
540420419,723,57,780
540420420,859,79,938
540420501,721,68,789
540420502,1111,90,1201
540420503,624,35,659
540420504,757,41,798
540420505,1015,78,1093
540420506,721,43,764
540420507,690,35,725
540420508,777,36,813
540420509,570,23,593
540420510,411,14,425
540420511,654,22,676
540420512,819,56,875
540420513,788,46,834
540420514,696,43,739
540420515,759,35,794
540420516,728,27,755
540420517,702,60,762
540420518,773,77,850
540420519,659,59,718
540420520,556,24,580
540420601,876,233,1109
540420602,1130,122,1252
540420603,617,145,762
540420604,137,16,153
540420605,364,54,418
540420606,287,36,323
540420607,667,84,751
540420608,103,19,122
540420609,44,9,53
540420610,913,119,1032
540420611,457,58,515
540420612,1170,214,1384
540420613,1646,253,1899
540420614,1022,97,1119
540420701,825,163,988
540420702,441,64,505
540420703,331,43,374
540420704,428,62,490
540420705,91,14,105
540420706,57,16,73
540420707,34,11,45
540420708,44,6,50
540420709,261,33,294
540420710,558,66,624
540420801,484,70,554
540420802,480,53,533
540420803,437,56,493
540420804,13,4,17
540420805,151,36,187
540420806,18,3,21
540420901,89,33,122
540420902,16,8,24
540420903,7,4,11
540420904,48,4,52
540421001,868,208,1076
540421002,114,26,140
540421003,236,56,292
540421004,60,16,76
540421005,817,129,946
540421006,482,120,602
540421007,410,49,459
540421008,761,83,844
540421009,634,117,751
540490101,1197,198,1395
540490102,1680,351,2031
540490103,824,155,979
540490104,1633,234,1867
540490105,1776,334,2110
540490106,710,134,844
540490107,1048,73,1121
540490108,963,199,1162
540490109,1076,136,1212
540490110,501,82,583
540490111,498,97,595
540490112,603,89,692
540490113,787,131,918
540490114,954,172,1126
540490115,737,85,822
540490116,775,140,915
540490201,346,36,382
540490202,1396,242,1638
540490203,1895,402,2297
540490204,640,58,698
540490205,929,121,1050
540490206,1568,288,1856
540490207,577,49,626
540490301,1634,372,2006
540490302,472,128,600
540490303,1024,66,1090
540490304,776,102,878
540490305,716,189,905
540490306,457,123,580
540490307,652,90,742
540490308,679,71,750
540490309,973,167,1140
540490310,586,156,742
540490311,752,128,880
540490312,659,83,742
540490401,1161,378,1539
540490402,112,14,126
540490403,45,18,63
540560101,540,111,651
540560102,768,152,920
540560103,672,145,817
540560104,581,106,687
540560105,326,50,376
540560106,280,51,331
540560201,961,205,1166
540560202,457,115,572
540560203,266,41,307
540560204,436,58,494
540560205,870,166,1036
540560206,837,111,948
540560207,383,87,470
540560208,969,89,1058
540560209,516,74,590
540560210,814,140,954
540560301,1280,293,1573
540560302,754,133,887
540560303,1543,511,2054
540560304,377,102,479
540560305,865,275,1140
540560306,448,114,562
540560307,311,81,392
540560308,624,219,843
540560309,443,81,524
540560401,1,0,1
540560402,10,3,13
540560403,162,18,180
540560501,908,217,1125
540560502,2,0,2
540560503,2,1,3
540560601,1809,346,2155
540560602,1543,283,1826
540560603,1487,246,1733
540560604,1836,377,2213
540560605,763,161,924
540560606,484,104,588
540560607,745,145,890
540560608,1417,280,1697
540560609,755,134,889
540560610,1128,157,1285
540560611,972,263,1235
540560612,1156,219,1375
540560613,1263,218,1481
540560614,669,177,846
540560701,272,35,307
540560702,861,124,985
540560703,135,28,163
540560704,186,27,213
540560705,326,50,376
540560706,235,36,271
540560707,302,58,360
540560708,1035,186,1221
540560709,826,163,989
540560710,852,120,972
540560711,783,100,883
540560801,1628,269,1897
540560802,1520,267,1787
540560803,645,215,860
540560901,1053,62,1115
540560902,1745,169,1914
540560903,1283,148,1431
540560904,893,104,997
540560905,829,56,885
540560906,641,54,695
540560907,672,90,762
540560908,962,71,1033
540560909,927,184,1111
540560910,631,58,689
540560911,561,66,627
540630101,303,72,375
540630102,360,116,476
540630103,4,0,4
540630104,4,0,4
540630105,439,233,672
540630106,848,114,962
540630107,815,90,905
540630108,727,88,815
540630109,1187,146,1333
540630110,1096,205,1301
540630111,885,187,1072
540630112,902,136,1038
540630113,829,113,942
540630114,621,69,690
540630115,636,86,722
540630201,17,0,17
540630202,48,0,48
540630203,0,0,0
540630301,93,37,130
540630302,234,64,298
540630401,72,17,89
540630402,37,2,39
540630403,269,35,304
540630404,149,44,193
540630405,731,121,852
540630406,1134,186,1320
540630407,745,79,824
540630408,773,70,843
540630409,571,99,670
540630410,561,111,672
540630501,471,90,561
540630502,56,13,69
540630503,111,10,121
540630504,113,51,164
540630505,130,31,161
540630601,1,0,1
540630602,48,9,57
540630701,16,2,18
540630702,4,0,4
540630703,46,10,56
540630704,172,40,212
540630705,77,14,91
540630801,596,104,700
540630802,1365,157,1522
540630803,404,25,429
540630804,530,65,595
540630805,1311,161,1472
540630806,85,8,93
540630807,123,20,143
540630808,19,1,20
540630809,11,1,12
540630810,219,47,266
540630811,345,102,447
540630812,890,122,1012
540630813,1335,87,1422
540630814,1421,147,1568
540630815,1283,132,1415
540630816,1125,169,1294
540630817,988,189,1177
540630818,551,47,598
540630819,1178,203,1381
540630901,521,169,690
540630902,232,35,267
540630903,32,7,39
540630904,490,24,514
540630905,793,117,910
540630906,753,69,822
540630907,729,42,771
540630908,1160,151,1311
540630909,713,100,813
540630910,701,92,793
540630911,582,69,651
540630912,746,114,860
540630913,435,109,544
540630914,1119,159,1278
540630915,975,102,1077
540630916,611,203,814
540630917,639,58,697
540630918,481,36,517
540631001,732,35,767
540631002,1332,55,1387
540631003,1314,127,1441
540631004,1224,92,1316
540631005,762,46,808
540631006,749,63,812
540631007,695,87,782
540631008,1055,85,1140
540631009,630,93,723
540631010,519,42,561
540631011,717,106,823
540631012,824,82,906
540631013,1138,126,1264
540631014,1198,106,1304
540631101,1015,36,1051
540631102,1858,257,2115
540631103,939,76,1015
540631104,1140,102,1242
540631105,1303,69,1372
540631106,1232,120,1352
540631107,1101,88,1189
540631108,815,72,887
540631109,749,77,826
540631110,893,65,958
540631111,567,44,611
540631112,850,35,885
540631113,1051,73,1124
540700101,625,96,721
540700102,206,25,231
540700103,51,7,58
540700104,381,38,419
540700105,272,22,294
540700201,260,26,286
540700202,425,64,489
540700203,210,26,236
540700204,149,33,182
540700205,665,122,787
540700206,575,74,649
540700207,1138,151,1289
540700208,837,99,936
540700301,434,31,465
540700302,522,80,602
540700303,280,28,308
540700304,871,143,1014
540700305,780,123,903
540700306,833,128,961
540700307,822,48,870
540700308,1286,185,1471
540700309,1317,162,1479
540700310,818,51,869
540700311,1005,86,1091
540700312,633,37,670
540700313,636,34,670
540700314,671,77,748
540700315,677,88,765
540700316,700,71,771
540700401,258,43,301
540700402,971,175,1146
540700403,221,21,242
540700404,278,47,325
540700501,302,34,336
540700502,387,58,445
540700503,1374,213,1587
540700504,639,69,708
540700505,491,56,547
540700506,252,27,279
540700507,516,33,549
540700508,979,94,1073
540700601,357,37,394
540700602,643,57,700
540700603,274,27,301
540700701,684,35,719
540700702,426,20,446
540700703,634,32,666
540700704,803,64,867
540700705,639,50,689
540700706,691,28,719
540700707,791,39,830
540700708,938,65,1003
540700709,475,25,500
540700801,665,65,730
540700802,713,43,756
540700803,1068,119,1187
540700804,701,54,755
540700805,678,41,719
540700806,770,40,810
540700807,1133,101,1234
540700808,757,33,790
540770101,963,96,1059
540770102,1204,150,1354
540770103,806,130,936
540770104,807,77,884
540770105,1115,103,1218
540770106,148,14,162
540770107,899,92,991
540770108,1161,105,1266
540770109,628,46,674
540770110,1208,100,1308
540770201,615,106,721
540770202,373,54,427
540770203,45,3,48
540770204,37,2,39
540770205,441,49,490
540770206,81,7,88
540770207,357,53,410
540770208,1227,137,1364
540770209,887,142,1029
540770210,604,64,668
540770211,966,157,1123
540770212,670,65,735
540770213,888,91,979
540770301,759,62,821
540770302,582,144,726
540770303,119,16,135
540770304,463,73,536
540770305,360,52,412
540770306,247,33,280
540770307,10,2,12
540770308,713,96,809
540770309,1104,130,1234
540770401,1129,243,1372
540770402,570,50,620
540770403,193,20,213
540770404,987,42,1029
540770405,644,34,678
540770406,212,36,248
540770407,781,59,840
540770408,726,53,779
540770501,326,210,536
540770502,4,14,18
540770503,23,12,35
540770601,403,97,500
540770602,1223,95,1318
540770603,455,40,495
540770604,331,31,362
540770605,595,149,744
540770701,135,31,166
540770702,366,105,471
540770703,946,297,1243
540770704,524,68,592
540770801,813,49,862
540770802,362,25,387
540770803,701,50,751
540770804,776,69,845
540770805,1157,145,1302
540770806,828,49,877
540770807,657,30,687
540770808,340,10,350
540770809,544,28,572
540770810,696,52,748
540770811,548,36,584
540770812,520,48,568
540840101,249,16,265
540840102,820,86,906
540840103,122,20,142
540840104,624,114,738
540840105,784,54,838
540840106,767,56,823
540840107,1028,114,1142
540840108,895,68,963
540840109,1042,146,1188
540840110,729,109,838
540840201,155,31,186
540840202,291,59,350
540840203,76,8,84
540840204,1,0,1
540840301,1213,118,1331
540840302,932,76,1008
540840303,598,47,645
540840304,1101,87,1188
540840305,489,31,520
540840306,80,12,92
540840307,629,72,701
540840308,46,8,54
540840309,492,62,554
540840310,101,17,118
540840311,229,30,259
540840312,822,52,874
540840313,654,114,768
540840314,552,35,587
540840401,114,20,134
540840402,319,43,362
540840403,988,128,1116
540840404,105,17,122
540840405,718,99,817
540840406,26,5,31
540840407,135,16,151
540840408,621,104,725
540840409,717,132,849
540840501,89,14,103
540840502,73,87,160
540840601,122,21,143
540840602,386,52,438
540840603,212,30,242
540840604,113,19,132
540840605,358,23,381
540840606,585,79,664
540840607,776,116,892
540840701,107,31,138
540840702,10,0,10
540840801,32,2,34
540840802,166,56,222
540840901,990,107,1097
540840902,1399,233,1632
540840903,492,22,514
540840904,923,70,993
540840905,604,59,663
540840906,761,62,823
540840907,1048,87,1135
540840908,659,35,694
540840909,1131,152,1283
540840910,483,27,510
540910101,708,43,751
540910102,734,30,764
540910103,575,31,606
540910104,1085,49,1134
540910105,938,50,988
540910106,1134,94,1228
540910107,1052,124,1176
540910108,1076,35,1111
540910109,545,22,567
540910110,484,18,502
540910111,602,19,621
540910112,850,50,900
540910113,506,22,528
540910114,396,42,438
540910115,559,22,581
540910116,1425,108,1533
540910117,1120,118,1238
540910118,665,26,691
540910119,998,55,1053
540910201,1665,213,1878
540910202,1425,155,1580
540910203,805,58,863
540910204,741,75,816
540910205,993,106,1099
540910206,585,34,619
540910207,977,46,1023
540910208,850,69,919
540910209,1043,69,1112
540910210,865,46,911
540910211,872,58,930
540910212,827,104,931
540910213,1679,202,1881
540910214,802,130,932
540910215,962,72,1034
540910216,594,33,627
540910217,529,24,553
540910218,875,123,998
540910219,888,98,986
540910301,169,30,199
540910302,238,40,278
540910303,127,13,140
540910304,152,11,163
540910305,382,62,444
540910306,711,74,785
540910401,413,60,473
540910402,414,34,448
540910403,696,82,778
540910404,712,70,782
540910405,325,44,369
540910406,590,57,647
540910501,157,23,180
540910502,308,31,339
540910503,287,53,340
540910504,276,36,312
540910505,235,39,274
540910506,278,49,327
540910507,553,97,650
540910508,338,35,373
540910509,1412,190,1602
540910510,223,50,273
540910511,353,30,383
540910512,750,58,808
540910513,779,77,856
540910514,847,118,965
540910515,1022,125,1147
540910516,502,69,571
540910601,461,47,508
540910602,378,40,418
540910603,237,25,262
540910701,202,16,218
540910702,203,63,266
540910703,307,84,391
540910704,208,28,236
540910705,441,57,498
540910706,471,86,557
540910707,866,124,990
540910708,343,98,441
540910709,349,53,402
540910710,681,58,739
540910711,61,7,68
540910712,797,64,861
540910713,914,133,1047
540910714,775,140,915
540910715,1159,85,1244
540910716,818,64,882
540910717,906,116,1022
540910718,994,100,1094
540910719,847,82,929
540910801,135,28,163
540910802,502,81,583
540910803,616,87,703
540910804,218,46,264
540910805,475,54,529
540910806,92,7,99
540910807,382,38,420
540910808,385,38,423
540910809,434,41,475
540910810,1023,123,1146
540910811,590,81,671
540910901,848,134,982
540910902,696,137,833
540910903,617,104,721
540910904,309,50,359
540910905,851,119,970
540911001,828,122,950
540911002,445,73,518
540911003,158,19,177
540911004,106,13,119
540911005,494,78,572
540911006,253,32,285
540911007,104,17,121
540911008,453,53,506
540911009,496,70,566
540911010,334,55,389
540911011,128,11,139
540911012,71,13,84
540911013,272,57,329
540911014,646,88,734
540911101,944,124,1068
540911102,266,48,314
540911103,78,7,85
540911104,85,23,108
540911105,229,29,258
540911106,432,71,503
540911107,228,36,264
540911108,406,73,479
540911201,338,75,413
540911202,93,9,102
540911203,357,55,412
540911204,37,2,39
540911205,359,56,415
540911206,253,32,285
540911207,322,46,368
540911208,198,34,232
540911209,811,126,937
540911210,725,73,798
540911211,441,68,509
540911301,1026,227,1253
540911302,866,199,1065
540911303,927,109,1036
540911304,866,116,982
540911305,642,66,708
540911306,800,67,867
540911307,659,74,733
540911308,854,39,893
540911309,1385,114,1499
540911310,1096,37,1133
540911311,1005,124,1129
540911312,1067,77,1144
540911313,804,21,825
540980101,461,49,510
540980102,285,28,313
540980103,226,37,263
540980104,903,115,1018
540980105,181,9,190
540980106,978,84,1062
540980201,92,22,114
540980202,1131,204,1335
540980203,454,65,519
540980204,129,17,146
540980205,88,16,104
540980206,1048,74,1122
540980207,1024,106,1130
540980301,208,36,244
540980302,438,61,499
540980303,344,44,388
540980401,380,56,436
540980402,226,31,257
540980403,134,24,158
540980501,1015,92,1107
540980502,970,64,1034
540980503,679,31,710
540980504,681,40,721
540980505,585,46,631
540980506,451,22,473
540980507,714,87,801
540980508,94,7,101
540980509,519,58,577
540980510,281,38,319
540980511,502,54,556
540980512,253,51,304
540980513,677,70,747
540980514,602,48,650
540980515,476,23,499
540980516,1113,172,1285
540980517,370,92,462
540980518,624,64,688
540980601,216,32,248
540980602,203,27,230
540980603,113,16,129
540980604,69,7,76
540980605,33,7,40
540980701,470,77,547
540980702,821,114,935
540980703,150,36,186
540980704,455,38,493
540980801,282,45,327
540980802,448,64,512
540980803,368,50,418
540980901,461,69,530
540980902,1120,177,1297
540980903,682,37,719
540980904,748,87,835
540980905,399,51,450
540980906,263,49,312
540980907,894,71,965
540980908,1017,132,1149
540981001,43,4,47
540981002,1681,256,1937
540981003,585,179,764
540981004,627,110,737
540981005,708,61,769
540981006,766,47,813
540981007,792,52,844
540981008,808,66,874
540981009,543,23,566
540981010,615,44,659
540981011,1028,139,1167
540981101,202,64,266
540981102,374,76,450
540981103,491,84,575
540981201,466,37,503
540981202,678,92,770
540981203,504,65,569
540981204,1061,219,1280
540981205,1156,260,1416
540981206,794,93,887
540981207,703,76,779
540981208,1044,126,1170
540981209,723,49,772
540981210,534,51,585
540981211,651,31,682
540981212,730,65,795
540981213,489,25,514
540981214,998,100,1098
541050101,233,32,265
541050102,134,11,145
541050103,566,104,670
541050104,217,46,263
541050105,246,57,303
541050106,16,3,19
541050107,142,30,172
541050108,260,48,308
541050109,13,4,17
541050110,34,6,40
541050111,25,1,26
541050112,246,22,268
541050113,624,61,685
541050201,313,54,367
541050202,295,43,338
541050203,303,44,347
541050204,228,30,258
541050205,27,0,27
541050206,20,8,28
541050207,371,49,420
541050208,277,48,325
541050209,1211,259,1470
541050210,77,14,91
541050211,68,5,73
541050212,151,33,184
541050213,679,92,771
541050214,664,69,733
541050215,503,74,577
541050216,679,61,740
541050217,783,67,850
541050218,1025,68,1093
541050219,679,35,714
541050220,587,72,659
541050221,705,88,793
541050222,653,63,716
541050223,564,56,620
541050301,123,15,138
541050302,778,98,876
541050303,134,19,153
541050304,16,9,25
541050305,156,40,196
541050306,189,35,224
541050307,266,44,310
541050308,139,30,169
541050401,675,73,748
541050402,596,90,686
541050403,356,53,409
541050404,202,25,227
541120101,1468,416,1884
541120102,2434,609,3043
541120103,965,236,1201
541120104,120,41,161
541120105,88,14,102
541120106,278,50,328
541120201,17,1,18
541120202,31,36,67
541120301,1,23,24
541120302,16,65,81
541120401,1,0,1
541120402,3,0,3
541120501,1042,129,1171
541120502,823,52,875
541120503,654,92,746
541120504,829,152,981
541120505,1052,192,1244
541120506,887,135,1022
541120507,565,97,662
541120508,1074,179,1253
541120509,787,152,939
541120510,1058,195,1253
541120511,971,118,1089
541120512,770,105,875
541120513,662,78,740
541120514,388,61,449
541120515,737,151,888
541120601,805,171,976
541120602,1641,324,1965
541120701,34,10,44
541120702,1139,326,1465
541120703,2084,414,2498
541120704,457,68,525
541190101,746,128,874
541190102,606,127,733
541190103,1171,199,1370
541190104,1087,145,1232
541190105,1828,278,2106
541190106,805,71,876
541190107,1532,169,1701
541190201,467,111,578
541190202,938,217,1155
541190203,773,158,931
541190204,411,41,452
541190301,211,40,251
541190302,1201,179,1380
541190303,780,90,870
541190304,408,36,444
541190305,480,62,542
541190306,221,30,251
541190307,738,59,797
541190401,422,67,489
541190402,860,107,967
541190403,1124,170,1294
541190501,323,36,359
541190502,1455,181,1636
541190503,733,79,812
541190504,494,78,572
541190505,147,23,170
541190506,319,51,370
541190507,426,35,461
541190508,1058,104,1162
541190601,133,17,150
541190602,534,76,610
541190603,348,38,386
580070101,0,0,0
580070102,243,52,295
580070103,535,63,598
580070104,613,49,662
580070105,235,24,259
580070201,216,65,281
580070202,77,10,87
580070203,242,38,280
580070204,65,19,84
580070205,558,136,694
580070301,269,28,297
580070302,1644,141,1785
580070303,1015,73,1088
580070304,989,89,1078
580070305,278,43,321
580140101,203,67,270
580140102,262,64,326
580140103,203,19,222
580140104,715,80,795
580140105,218,24,242
580140106,865,75,940
580140107,683,66,749
580140108,621,52,673
580140109,1555,146,1701
580140110,1023,145,1168
580140111,280,27,307
580140112,166,13,179
580140113,173,21,194
580140114,693,96,789
580140115,402,56,458
580140116,875,129,1004
580210101,63,17,80
580210102,90,16,106
580210103,159,57,216
580210104,111,11,122
580210105,181,44,225
580210106,20,11,31
580210107,104,34,138
580210108,36,8,44
580210109,105,43,148
580210110,84,13,97
580210111,51,5,56
580210112,670,87,757
580280101,69,21,90
580280102,31,12,43
580280103,112,27,139
580280104,140,40,180
580280105,51,15,66
580280106,32,6,38
580280107,891,73,964
580280108,380,53,433
580280109,710,82,792
580280110,439,39,478
580280115,78,9,87
580280116,189,23,212
580280117,745,49,794
580350101,43,14,57
580350102,240,20,260
580350103,28,2,30
580350104,56,2,58
580350105,51,9,60
580350106,58,9,67
580350107,50,9,59
580350108,46,10,56
580350109,23,1,24
580350201,372,44,416
580350202,449,54,503
580350203,18,0,18
580350204,814,82,896
580350205,396,75,471
580350206,91,4,95
580350207,372,62,434
580350208,315,36,351
580350209,581,98,679
580350210,563,92,655
580350211,303,38,341
580350212,301,46,347
580350213,308,51,359
580350214,365,63,428
580350215,562,81,643
580350216,141,9,150
580350301,708,68,776
580350302,765,58,823
580350303,812,54,866
580350304,1002,58,1060
580350305,1086,55,1141
580350306,965,62,1027
580350307,986,49,1035
580350308,1355,123,1478
580350309,865,41,906
580350310,658,28,686
580350311,332,42,374
580350312,389,12,401
580350313,854,41,895
580350314,188,8,196
580350315,489,58,547
580350316,864,53,917
580350401,532,14,546
580350402,730,26,756
580350403,388,23,411
580350404,1389,92,1481
580350405,813,74,887
580350406,720,28,748
580350407,610,15,625
580350408,807,35,842
580350409,822,52,874
580350410,938,56,994
580350411,796,53,849
580350412,936,57,993
580350413,479,32,511
580350414,867,55,922
580350415,725,34,759
580350416,665,45,710
580350417,605,17,622
580350418,545,16,561
580350419,871,34,905
580350420,754,40,794
580350421,523,27,550
580350501,384,11,395
580350502,674,28,702
580350503,764,28,792
580350504,292,8,300
580350505,431,18,449
580350506,499,12,511
580350507,444,11,455
580350508,355,9,364
580350509,463,8,471
580350510,517,15,532
580350511,607,13,620
580350512,505,9,514
580350513,548,17,565
580350514,431,9,440
580350515,434,31,465
580350516,614,21,635
580350517,400,5,405
580350518,277,2,279
580350519,340,13,353
580350520,283,9,292
580350521,422,9,431
580350522,438,19,457
580350523,390,10,400
580350601,981,42,1023
580350602,436,18,454
580350603,482,22,504
580350604,500,13,513
580350605,616,15,631
580350606,549,33,582
580350607,622,55,677
580350608,933,34,967
580350609,701,25,726
580350610,506,34,540
580350611,547,23,570
580350612,571,15,586
580350613,553,25,578
580350614,594,24,618
580350615,464,16,480
580350616,403,21,424
580350617,517,24,541
580350618,169,4,173
580350701,131,6,137
580350702,465,15,480
580350703,788,37,825
580350704,1247,74,1321
580350705,876,68,944
580350706,1035,88,1123
580350707,973,79,1052
580350708,1188,111,1299
580350709,969,74,1043
580350710,922,75,997
580350711,1109,95,1204
580350712,1206,75,1281
580350713,773,43,816
580350714,714,65,779
580350715,869,65,934
580350801,508,73,581
580350802,1406,117,1523
580350803,1179,99,1278
580350804,644,68,712
580350805,323,5,328
580350806,1069,71,1140
580350807,998,102,1100
580350808,571,29,600
580350809,911,45,956
580350810,1142,71,1213
580350811,1009,56,1065
580350812,684,49,733
580350813,792,64,856
580350814,1290,115,1405
580350815,832,70,902
580350816,1141,110,1251
580350817,948,48,996
580350818,608,22,630
580350819,734,50,784
580350820,805,50,855
580350821,627,74,701
580350822,1319,113,1432
580350823,965,76,1041
580350824,500,69,569
580350825,763,62,825
580350826,788,54,842
580350901,643,85,728
580350902,933,59,992
580350903,1098,45,1143
580350904,1217,69,1286
580350905,751,52,803
580350906,862,89,951
580350907,1041,58,1099
580350908,1023,49,1072
580350909,1158,60,1218
580350910,958,61,1019
580350911,992,53,1045
580350912,971,62,1033
580350913,1300,82,1382
580350914,1012,82,1094
580350915,776,65,841
580350916,889,61,950
580350917,1004,75,1079
580350918,1004,92,1096
580351001,631,23,654
580351002,867,52,919
580351003,627,34,661
580351004,744,31,775
580351005,1082,97,1179
580351006,1282,40,1322
580351007,665,30,695
580351008,858,45,903
580351009,874,58,932
580351010,489,44,533
580351011,723,39,762
580351012,949,77,1026
580351013,1536,102,1638
580351014,595,52,647
580351015,858,58,916
580351016,704,34,738
580351017,686,35,721
580351018,466,25,491
580351101,709,46,755
580351102,670,36,706
580351103,1157,118,1275
580351104,1150,77,1227
580351105,587,40,627
580351106,961,74,1035
580351107,1078,56,1134
580351108,622,41,663
580351109,301,22,323
580351110,629,48,677
580351111,27,0,27
580351112,874,111,985
580351113,947,91,1038
580351114,796,78,874
580351115,919,78,997
580351116,540,19,559
580351117,1283,137,1420
580351118,705,47,752
580351119,645,19,664
580351120,512,35,547
580351121,745,33,778
580351122,872,27,899
580351123,610,50,660
580351124,374,40,414
580351125,463,35,498
580351126,461,48,509
580351201,730,34,764
580351202,376,16,392
580351203,550,36,586
580351204,1072,90,1162
580351205,1200,115,1315
580351206,712,34,746
580351207,612,39,651
580351208,650,38,688
580351209,905,47,952
580351210,631,48,679
580351211,433,30,463
580351212,591,38,629
580351213,636,43,679
580351214,610,55,665
580351215,832,53,885
580351216,716,53,769
580351301,559,21,580
580351302,388,19,407
580351303,263,6,269
580351304,352,21,373
580351305,384,19,403
580351306,683,26,709
580351307,638,26,664
580351308,458,19,477
580351309,770,46,816
580351310,1013,66,1079
580351311,640,37,677
580351312,777,30,807
580351313,1059,58,1117
580351314,659,44,703
580351315,892,49,941
580351316,862,56,918
580351401,486,42,528
580351402,207,5,212
580351403,908,47,955
580351404,822,69,891
580351405,740,35,775
580351406,436,18,454
580351407,844,44,888
580351408,807,57,864
580351409,786,62,848
580351410,1148,63,1211
580351411,1395,161,1556
580351412,933,66,999
580351413,1059,54,1113
580351414,1170,55,1225
580351415,617,33,650
580351416,422,25,447
580351417,981,98,1079
580351418,1189,95,1284
580351419,914,84,998
580351420,129,6,135
580351421,580,79,659
580351422,663,30,693
580351501,1055,68,1123
580351502,563,43,606
580351503,885,53,938
580351504,723,45,768
580351505,1154,75,1229
580351506,1134,68,1202
580351507,966,94,1060
580351508,848,51,899
580351509,888,47,935
580351510,1030,65,1095
580351511,912,60,972
580351512,689,32,721
580351513,763,41,804
580351514,885,48,933
580351515,563,24,587
580351601,504,57,561
580351602,740,73,813
580351603,174,20,194
580351604,505,35,540
580351605,800,91,891
580351606,521,38,559
580351607,321,35,356
580351608,405,32,437
580351609,355,58,413
580351610,565,87,652
580351611,817,102,919
580351612,679,98,777
580351613,459,71,530
580351614,374,36,410
580351615,474,63,537
580351616,1125,101,1226
580351617,110,11,121
580351618,190,19,209
580351619,358,27,385
580351620,209,11,220
580351701,795,41,836
580351702,629,35,664
580351703,388,25,413
580351704,802,45,847
580351705,283,31,314
580351706,595,32,627
580351707,908,59,967
580351708,974,78,1052
580351709,1039,79,1118
580351710,961,81,1042
580351711,1096,82,1178
580351801,5,1,6
580351802,804,57,861
580351803,723,55,778
580351804,518,29,547
580351805,878,78,956
580351806,597,38,635
580351807,917,65,982
580351808,805,52,857
580351809,883,51,934
580351810,870,56,926
580351811,859,120,979
580351812,1079,119,1198
580351813,765,79,844
580351814,365,31,396
580351815,846,48,894
580351816,859,31,890
580351817,557,68,625
580351818,756,37,793
580351819,494,38,532
580351820,642,51,693
580351821,701,58,759
580351822,577,47,624
580351823,730,54,784
580351824,660,72,732
580351825,708,44,752
580351826,756,92,848
580351901,542,32,574
580351902,917,86,1003
580351903,753,50,803
580351904,827,69,896
580351905,981,45,1026
580351906,850,50,900
580351907,786,51,837
580351908,1036,65,1101
580351909,1043,73,1116
580351910,728,69,797
580351911,1045,122,1167
580351912,273,27,300
580351913,611,66,677
580351914,487,31,518
580352001,280,31,311
580352002,630,40,670
580352003,122,9,131
580352004,283,13,296
580352005,78,7,85
580352006,240,21,261
580352007,1228,138,1366
580352008,1237,113,1350
580352009,716,46,762
580352010,884,66,950
580352011,955,75,1030
580352012,1489,91,1580
580352101,290,48,338
580352102,912,51,963
580352103,841,59,900
580352104,1119,76,1195
580352105,688,44,732
580352106,722,44,766
580352107,873,38,911
580352108,936,60,996
580352109,830,72,902
580352110,930,80,1010
580352111,853,82,935
580352112,613,42,655
580352113,346,47,393
580352114,745,84,829
580352115,578,36,614
580352116,615,67,682
580352201,465,73,538
580352202,669,40,709
580352203,105,6,111
580352204,47,6,53
580352205,873,119,992
580352206,828,63,891
580352207,749,63,812
580352208,912,87,999
580352209,697,58,755
580352210,729,46,775
580352211,1166,95,1261
580352212,408,46,454
580352213,729,101,830
580352214,754,71,825
580352215,447,29,476
580352216,498,45,543
580352217,1088,134,1222
580352218,409,52,461
580352219,905,97,1002
580352220,777,72,849
580352221,744,81,825
580352301,147,16,163
580352302,845,46,891
580352303,625,42,667
580352304,731,27,758
580352305,577,37,614
580352306,466,28,494
580352307,753,29,782
580352308,758,34,792
580352309,909,54,963
580352310,693,42,735
580352311,832,40,872
580352312,741,54,795
580352313,825,37,862
580352314,782,48,830
580352315,613,55,668
580352316,667,71,738
580352317,787,54,841
580352318,511,40,551
580352319,1035,95,1130
580352320,603,31,634
580352321,564,48,612
580352322,10,3,13
580352323,681,57,738
580352324,584,71,655
580352325,640,41,681
580352326,645,57,702
580352327,582,47,629
580352401,776,103,879
580352402,804,82,886
580352403,1526,142,1668
580352404,1275,138,1413
580352405,888,87,975
580352406,758,114,872
580352407,742,109,851
580352408,778,138,916
580352409,691,79,770
580352410,992,102,1094
580352411,1249,72,1321
580352412,1060,64,1124
580352413,677,85,762
580352414,595,55,650
580352501,1180,81,1261
580352502,1066,87,1153
580352503,1088,102,1190
580352504,699,27,726
580352505,523,31,554
580352506,514,29,543
580352507,668,66,734
580352508,466,33,499
580352509,595,26,621
580352510,927,41,968
580352511,730,64,794
580352512,800,78,878
580352513,921,86,1007
580352514,1081,76,1157
580352515,796,62,858
580352516,841,85,926
580352517,1020,78,1098
580420101,235,63,298
580420102,158,36,194
580420103,204,41,245
580420104,147,29,176
580420105,310,25,335
580420106,366,53,419
580420107,70,19,89
580420108,89,24,113
580420109,151,18,169
580420201,549,80,629
580420202,691,89,780
580420203,686,54,740
580420204,512,44,556
580420205,607,41,648
580420206,646,47,693
580420207,747,66,813
580420208,767,65,832
580420209,496,51,547
580420210,530,36,566
580420211,1026,89,1115
580420212,609,71,680
580420213,521,63,584
580420214,833,43,876
580420215,579,43,622
580420216,547,41,588
580420217,1057,70,1127
580490101,17,0,17
580490102,114,31,145
580490103,34,3,37
580490201,52,18,70
580490202,351,128,479
580490203,160,33,193
580490204,201,70,271
580490205,289,66,355
580490301,356,12,368
580490302,53,4,57
580490401,838,53,891
580490402,425,54,479
580490403,891,77,968
580490404,759,58,817
580490405,562,36,598
580490406,690,42,732
580490407,1284,132,1416
580490408,841,75,916
580490409,771,54,825
580490410,542,32,574
580490411,650,83,733
580490412,609,74,683
580490413,972,74,1046
580490414,601,58,659
580490415,489,65,554
580560101,204,36,240
580560102,34,11,45
580560104,23,4,27
580560105,325,40,365
580560201,85,5,90
580560202,61,9,70
580560203,48,1,49
580560204,49,3,52
580560205,82,3,85
580560206,100,2,102
580560301,500,31,531
580560302,891,105,996
580560303,896,61,957
580560304,876,68,944
580560305,976,71,1047
580560306,967,74,1041
580560307,572,48,620
580560308,1049,110,1159
580560309,532,21,553
580560310,361,33,394
580560401,626,44,670
580560402,685,62,747
580560403,687,56,743
580560404,526,34,560
580560405,1335,88,1423
580560406,886,52,938
580560407,1215,124,1339
580560408,801,95,896
580560409,547,35,582
580560410,444,31,475
580560411,167,14,181
580560501,60,3,63
580560502,519,17,536
580560503,293,12,305
580560504,452,31,483
580560505,972,95,1067
580560506,795,68,863
580560507,1095,92,1187
580560508,761,74,835
580560509,768,44,812
580560510,465,29,494
580560511,543,22,565
580560512,491,26,517
580560513,503,22,525
580560514,447,13,460
580560515,467,16,483
580560516,430,17,447
580560517,484,25,509
580630101,96,18,114
580630102,199,45,244
580630103,52,17,69
580630104,434,92,526
580630105,384,26,410
580630106,16,3,19
580630107,51,5,56
580630108,60,23,83
580630109,238,44,282
580630110,114,11,125
580630111,1741,147,1888
580630112,1346,188,1534
580630113,1045,108,1153
580700101,69,5,74
580700102,149,6,155
580700103,895,56,951
580700104,583,39,622
580700105,1146,89,1235
580700106,670,46,716
580700107,1326,115,1441
580700108,584,38,622
580700109,563,42,605
580700110,919,45,964
580700111,847,90,937
580700112,435,27,462
580700113,853,56,909
580700114,877,76,953
580700201,118,10,128
580700202,141,9,150
580700203,55,5,60
580700204,313,22,335
580770101,0,0,0
580770102,360,77,437
580770103,467,92,559
580770104,270,31,301
580770105,388,52,440
580770106,733,58,791
580770201,347,57,404
580770202,138,35,173
580770203,228,38,266
580770204,255,34,289
580770205,634,68,702
580770206,230,33,263
580770207,633,61,694
580770208,1134,96,1230
580770210,244,39,283
580840101,20,6,26
580840102,616,72,688
580840103,224,24,248
580840104,73,16,89
580840105,416,65,481
580840106,763,68,831
580840107,235,36,271
580840108,287,32,319
580840109,327,26,353
580840110,25,4,29
580840111,384,66,450
580840112,39,8,47
580840113,8,1,9
580840114,30,3,33
580840115,1,0,1
580840116,536,36,572
580910101,43,21,64
580910102,162,50,212
580910103,643,100,743
580910104,60,9,69
580910105,136,4,140
580910106,322,69,391
580910107,1175,129,1304
580910108,873,103,976
580910109,93,37,130
580910201,161,3,164
580910202,21,2,23
580910203,21,3,24
580910204,17,0,17
580910205,139,24,163
580910301,97,31,128
580910302,486,59,545
580910303,845,112,957
580910304,1271,129,1400
580910305,850,60,910
580910306,472,25,497
580910307,301,22,323
580910308,466,34,500
580910309,540,48,588
580910310,441,34,475
580910311,781,113,894
580910312,490,37,527
580910313,483,31,514
580910314,416,40,456
580910315,406,34,440
580910316,383,29,412
580910317,625,54,679
580910318,908,68,976
580910319,669,75,744
580910320,681,77,758
580910321,693,94,787
580910322,700,72,772
580910323,750,87,837
580910324,895,98,993
580910325,619,63,682
580910326,416,54,470
580910327,633,68,701
580980101,218,13,231
580980102,7,0,7
580980103,1250,125,1375
580980104,1407,149,1556
580980105,209,37,246
580980201,69,11,80
580980202,364,50,414
580980203,30,6,36
580980204,143,17,160
580980205,178,19,197
581050101,137,17,154
581050102,375,41,416
581050103,697,95,792
581050104,831,71,902
581050105,708,83,791
581050106,1491,133,1624
581050201,8,1,9
581050202,31,5,36
581050203,40,5,45
581050204,264,24,288
581050205,69,10,79
581050206,24,4,28
581050207,166,26,192
581050208,51,5,56
581050209,157,18,175
581050210,73,14,87
581050211,682,62,744
581050212,38,13,51
581050213,65,27,92
581050214,53,13,66
581120101,206,42,248
581120102,51,13,64
581120103,318,31,349
581120104,89,16,105
581120105,158,33,191
581120106,80,17,97
581120107,94,18,112
581120108,61,17,78
581120109,105,13,118
581120201,205,26,231
581120202,273,55,328
581120203,62,19,81
581120205,587,76,663
581120206,641,66,707
581120207,310,29,339
581120208,711,68,779
581120301,414,56,470
581120302,1240,132,1372
581120303,1353,127,1480
581120304,1303,80,1383
581120305,1059,98,1157
581120306,778,66,844
581120307,1092,82,1174
581120308,1228,109,1337
581120309,844,63,907
581120310,985,78,1063
581120311,686,74,760
581120312,722,43,765
581120313,562,34,596
581120314,698,58,756
581120315,382,15,397
581120316,589,58,647
581120401,454,75,529
581120402,707,114,821
581120403,110,5,115
581120404,1122,96,1218
581120405,726,79,805
581120406,433,57,490
581120407,520,39,559
581120408,884,69,953
581120409,365,28,393
581120410,450,29,479
581120411,492,44,536
581120412,547,50,597
581120413,1049,86,1135
581120414,321,44,365
581120415,891,100,991
581120416,347,26,373
581120417,43,2,45
581120418,1405,86,1491
581120419,893,103,996
581120420,783,46,829
581120421,1127,65,1192
620070101,30,6,36
620070201,54,9,63
620070301,38,4,42
620070302,463,23,486
620070303,304,31,335
620070401,42,5,47
620070501,526,40,566
620070502,427,20,447
620070503,774,44,818
620070504,379,14,393
620070505,405,13,418
620070506,471,14,485
620070507,485,23,508
620070508,448,17,465
620070509,365,30,395
620070510,863,45,908
620070511,501,21,522
620070601,194,5,199
620070602,639,56,695
620070603,558,56,614
620070604,783,23,806
620070605,10,1,11
620070606,120,10,130
620070607,462,42,504
620070608,1124,144,1268
620070609,1015,30,1045
620070610,650,100,750
620070611,468,81,549
620070612,960,63,1023
620070613,308,38,346
620070614,314,70,384
620070701,496,23,519
620070702,638,48,686
620070703,518,48,566
620070704,952,114,1066
620070705,983,71,1054
620070706,570,76,646
620070707,1249,93,1342
620070708,1322,65,1387
620070709,382,23,405
620070710,161,14,175
620070711,1936,106,2042
620070712,696,60,756
620070713,799,67,866
620070801,417,24,441
620070802,386,16,402
620070803,67,7,74
620070804,835,69,904
620070805,1015,79,1094
620070806,1166,81,1247
620070807,581,44,625
620070808,624,53,677
620070809,425,21,446
620070810,779,62,841
620070811,774,84,858
620070812,465,45,510
620070813,568,45,613
620070814,497,30,527
620070815,420,27,447
620070816,374,32,406
620070817,374,22,396
620070818,431,34,465
620070901,65,4,69
620070902,211,10,221
620070903,57,0,57
620070904,110,4,114
620070905,77,4,81
620070906,177,6,183
620071001,407,15,422
620071002,431,9,440
620071003,557,31,588
620071004,413,9,422
620071005,496,18,514
620071006,459,7,466
620071007,582,19,601
620071008,413,11,424
620071009,388,10,398
620071010,365,17,382
620071011,361,16,377
620071012,541,44,585
620071013,588,50,638
620071101,1046,73,1119
620071102,517,18,535
620071103,986,90,1076
620071104,982,49,1031
620071105,361,36,397
620071106,588,45,633
620071107,639,63,702
620071108,677,91,768
620071109,809,65,874
620071110,557,72,629
620071111,984,132,1116
620071112,1020,148,1168
620140101,106,9,115
620140102,729,68,797
620140103,898,79,977
620140104,1033,86,1119
620140105,882,80,962
620140106,63,4,67
620140107,0,0,0
620140108,596,79,675
620140109,157,18,175
620140110,799,65,864
620140111,1244,87,1331
620140112,559,45,604
620140201,727,74,801
620140202,504,38,542
620140203,659,33,692
620140204,827,58,885
620140301,1100,62,1162
620140302,420,45,465
620140303,725,62,787
620140304,1029,90,1119
620140401,1057,127,1184
620140402,827,32,859
620140403,663,34,697
620140404,782,71,853
620140405,580,46,626
620140406,612,50,662
620140407,607,28,635
620140408,1120,91,1211
620140409,486,16,502
620140410,803,71,874
620140501,38,3,41
620140601,704,47,751
620140602,717,37,754
620140603,599,47,646
620140604,575,83,658
620140605,631,71,702
620140606,480,44,524
620140607,756,59,815
620140608,725,84,809
620140609,707,72,779
620140701,299,19,318
620140801,69,22,91
620140901,521,59,580
620140902,328,34,362
620140903,35,4,39
620141001,172,10,182
620141002,466,32,498
620141003,555,82,637
620141101,411,53,464
620141102,867,73,940
620141103,501,53,554
620210101,490,26,516
620210102,1007,70,1077
620210103,297,16,313
620210104,577,44,621
620210105,293,12,305
620210106,584,24,608
620210107,553,25,578
620210108,528,30,558
620210109,447,23,470
620210110,620,55,675
620210111,691,40,731
620210112,360,17,377
620210201,245,17,262
620210202,408,27,435
620210203,910,100,1010
620210204,737,85,822
620210205,855,67,922
620210206,1045,77,1122
620210207,641,30,671
620210208,886,50,936
620210209,588,36,624
620210210,754,49,803
620210211,970,65,1035
620210212,549,73,622
620210301,973,19,992
620210302,220,4,224
620210303,314,9,323
620210304,822,7,829
620210305,543,6,549
620210306,204,6,210
620210307,211,7,218
620210308,278,8,286
620210309,563,13,576
620210310,594,13,607
620210311,356,9,365
620210312,375,14,389
620210313,451,13,464
620210401,131,6,137
620210402,203,11,214
620210403,54,4,58
620210501,681,45,726
620210502,284,20,304
620210503,101,6,107
620210601,290,27,317
620210602,449,37,486
620210603,332,13,345
620210604,537,23,560
620210605,344,19,363
620210606,480,21,501
620210607,600,45,645
620210608,812,79,891
620210701,610,52,662
620210702,300,25,325
620210703,304,18,322
620210704,338,45,383
620210705,748,72,820
620210706,888,86,974
620210707,1128,115,1243
620210708,325,24,349
620210709,832,88,920
620210710,380,17,397
620210801,480,23,503
620210802,414,22,436
620210803,641,25,666
620210804,399,25,424
620210805,738,54,792
620210806,595,48,643
620210807,638,47,685
620210808,688,55,743
620210809,987,83,1070
620210810,1042,76,1118
620210901,542,21,563
620210902,728,27,755
620210903,1001,69,1070
620210904,1027,61,1088
620210905,811,51,862
620210906,492,29,521
620210907,580,19,599
620210908,1054,63,1117
620210909,559,33,592
620211001,791,52,843
620211002,843,57,900
620211003,693,60,753
620211004,563,44,607
620211005,1040,96,1136
620211006,691,72,763
620211007,555,34,589
620211008,630,46,676
620211009,661,50,711
620211010,618,49,667
620211011,570,42,612
620211101,608,35,643
620211102,552,26,578
620211103,738,39,777
620211104,650,46,696
620211105,584,37,621
620211106,656,32,688
620211107,471,27,498
620211108,428,27,455
620211109,539,34,573
620211110,529,30,559
620211111,747,74,821
620211112,890,63,953
620211113,587,25,612
620211114,411,23,434
620211201,565,33,598
620211202,495,18,513
620211203,410,16,426
620211204,363,21,384
620211205,353,16,369
620211206,566,31,597
620211207,509,43,552
620211208,1029,57,1086
620211209,76,4,80
620211301,437,13,450
620211302,660,44,704
620211303,606,24,630
620211304,524,26,550
620211305,615,18,633
620211306,563,18,581
620211307,602,20,622
620211308,557,25,582
620211309,329,19,348
620211310,536,25,561
620211311,627,23,650
620211401,558,39,597
620211402,1084,83,1167
620211403,1044,123,1167
620211404,1076,107,1183
620211405,1207,101,1308
620211406,549,53,602
620211407,513,64,577
620211408,883,103,986
620211409,1109,91,1200
620211410,1042,65,1107
620211411,987,66,1053
620211412,653,22,675
620211413,569,23,592
620211414,653,40,693
620211415,697,34,731
620211416,811,95,906
620211417,624,39,663
620211418,109,13,122
620211501,637,15,652
620211502,570,15,585
620211503,603,24,627
620211504,286,13,299
620211505,355,12,367
620211506,699,30,729
620211507,344,8,352
620211508,363,11,374
620211509,316,10,326
620211510,488,10,498
620211511,415,15,430
620211512,466,23,489
620211601,821,47,868
620211602,710,41,751
620211603,1058,61,1119
620211604,871,47,918
620211605,652,45,697
620211606,934,72,1006
620211607,999,72,1071
620211608,1079,56,1135
620211609,736,49,785
620211701,714,37,751
620211702,687,38,725
620211703,523,36,559
620211704,558,90,648
620211705,930,114,1044
620211706,773,93,866
620211707,782,63,845
620211708,988,58,1046
620211709,728,43,771
620211710,689,92,781
620211801,627,37,664
620211802,630,37,667
620211803,581,35,616
620211804,450,29,479
620211805,553,14,567
620211806,481,33,514
620211807,579,27,606
620211808,454,26,480
620211809,857,47,904
620211901,484,26,510
620211902,628,45,673
620211903,628,34,662
620211904,697,55,752
620211905,524,38,562
620211906,431,23,454
620211907,272,13,285
620211908,909,101,1010
620211909,436,38,474
620211910,538,49,587
620211911,758,68,826
620211912,620,76,696
620280101,14,0,14
620280102,98,5,103
620280103,149,20,169
620280104,673,61,734
620280105,334,37,371
620280201,57,5,62
620280301,42,1,43
620280401,893,79,972
620280402,811,51,862
620280403,502,29,531
620280404,878,85,963
620280405,533,55,588
620280406,822,52,874
620280407,382,46,428
620350101,456,42,498
620350102,408,67,475
620350103,192,45,237
620350104,243,49,292
620350105,142,23,165
620350106,185,14,199
620350107,95,47,142
620350108,33,9,42
620350109,70,14,84
620350110,613,70,683
620350111,397,239,636
620350112,380,32,412
620350113,486,43,529
620350114,533,65,598
620420101,58,8,66
620420102,143,26,169
620420103,371,45,416
620420104,51,13,64
620420201,144,6,150
620420202,443,73,516
620420301,27,9,36
620420401,1099,99,1198
620420402,707,63,770
620420403,509,64,573
620420404,672,70,742
620420405,891,57,948
620420406,587,52,639
620420407,213,27,240
620420408,422,51,473
620420409,283,35,318
620420410,668,51,719
620420411,564,59,623
620420412,732,79,811
620420501,397,28,425
620420502,402,33,435
620420503,137,11,148
620420504,611,56,667
620420505,522,49,571
620420506,760,98,858
620420601,903,54,957
620420602,1020,79,1099
620420603,478,51,529
620420604,602,43,645
620420605,660,73,733
620420606,580,66,646
620420607,799,56,855
620420608,449,20,469
620420609,634,26,660
620420610,567,19,586
620420611,483,14,497
620420612,408,16,424
620420613,511,40,551
620420614,517,43,560
620420615,805,60,865
620420701,1202,99,1301
620420702,1273,159,1432
620420703,429,42,471
620420704,617,68,685
620420705,1157,111,1268
620420706,340,48,388
620420707,623,51,674
620420708,497,43,540
620420709,558,44,602
620420710,635,75,710
620420711,595,54,649
620420712,288,43,331
620420713,882,149,1031
620420714,1119,143,1262
620420715,685,60,745
620420716,633,52,685
620420717,377,51,428
620420801,699,50,749
620420802,751,34,785
620420803,580,33,613
620420804,468,16,484
620420805,419,20,439
620420806,612,41,653
620420807,654,25,679
620420808,583,30,613
620420809,377,13,390
620420810,480,19,499
620420901,627,77,704
620420902,984,110,1094
620420903,802,86,888
620420904,552,41,593
620420905,734,46,780
620420906,881,72,953
620420907,935,72,1007
620420908,689,66,755
620420909,625,54,679
620420910,646,46,692
620421001,984,115,1099
620421002,704,66,770
620421003,650,52,702
620421004,459,36,495
620421005,655,62,717
620421006,670,89,759
620421007,609,61,670
620421008,662,59,721
620421009,824,63,887
620421010,820,79,899
620421011,616,54,670
620421012,484,23,507
620421013,441,18,459
620421101,592,80,672
620421102,683,45,728
620421103,494,45,539
620421104,638,72,710
620421105,776,84,860
620421106,707,70,777
620421107,695,97,792
620421108,427,48,475
620421109,671,86,757
620421110,987,71,1058
620421111,497,38,535
620421112,597,95,692
620421201,804,82,886
620421202,1057,57,1114
620421203,919,67,986
620421204,663,41,704
620421205,372,19,391
620421206,420,26,446
620421207,797,51,848
620421208,636,49,685
620421209,546,35,581
620421210,449,24,473
620421211,370,16,386
620421212,425,21,446
620421213,423,17,440
620421214,250,15,265
620421301,738,79,817
620421302,950,125,1075
620421303,782,68,850
620421304,951,86,1037
620421305,825,75,900
620421306,1091,80,1171
620421401,674,71,745
620421402,59,5,64
620421403,863,105,968
620421404,479,59,538
620421405,953,72,1025
620421406,335,28,363
620421407,718,53,771
620421408,602,73,675
620421409,461,64,525
620421410,319,20,339
620421411,672,67,739
620421412,257,40,297
620421501,1057,104,1161
620421502,584,78,662
620421503,699,65,764
620421504,584,74,658
620421505,559,39,598
620421506,541,68,609
620421507,716,52,768
620421508,388,47,435
620421601,792,72,864
620421602,397,57,454
620421603,594,65,659
620421604,594,54,648
620421701,824,100,924
620421702,595,67,662
620421801,691,33,724
620421802,378,30,408
620421803,963,88,1051
620421804,701,37,738
620421805,755,64,819
620421806,593,55,648
620421807,1083,73,1156
620421901,774,53,827
620421902,602,58,660
620421903,782,67,849
620421904,895,77,972
620421905,268,19,287
620422001,202,36,238
620422002,595,30,625
620422003,373,14,387
620422004,397,16,413
620422005,305,22,327
620422006,703,75,778
620422007,654,39,693
620422008,414,19,433
620422009,339,11,350
620422010,328,21,349
620422011,631,26,657
620422012,553,24,577
620422013,771,45,816
620422101,793,72,865
620422102,441,26,467
620422103,1022,82,1104
620422104,508,32,540
620422105,698,54,752
620422106,600,59,659
620422107,831,71,902
620422108,361,31,392
620422109,330,20,350
620422201,1195,110,1305
620422202,221,12,233
620422203,821,87,908
620422204,216,20,236
620422205,1050,117,1167
620422206,685,69,754
620422301,751,77,828
620422302,648,68,716
620422303,527,40,567
620422304,657,42,699
620422305,1172,86,1258
620422306,663,49,712
620422307,551,33,584
620422308,482,38,520
620422309,551,29,580
620422310,474,32,506
620422311,925,82,1007
620422401,750,57,807
620422402,580,35,615
620422403,670,45,715
620422404,980,61,1041
620422405,891,68,959
620422406,491,33,524
620422407,436,27,463
620422408,823,22,845
620422501,954,66,1020
620422502,867,70,937
620422503,1150,94,1244
620422504,586,51,637
620422505,1038,70,1108
620422506,639,50,689
620422507,788,62,850
620422508,1053,72,1125
620422509,775,71,846
620422510,969,76,1045
620422601,868,72,940
620422602,740,63,803
620422603,1050,98,1148
620422604,557,39,596
620422605,556,63,619
620422606,635,73,708
620422607,529,51,580
620422608,470,53,523
620422609,764,77,841
620422610,555,47,602
620422611,435,40,475
620422612,642,56,698
620422613,687,37,724
620422614,537,21,558
620422615,339,13,352
620422701,600,58,658
620422702,671,53,724
620422703,420,17,437
620422704,418,20,438
620422705,461,26,487
620422706,441,34,475
620422707,443,34,477
620422708,779,44,823
620422709,760,39,799
620422710,771,44,815
620422711,509,35,544
620422712,653,35,688
620422713,796,53,849
620422714,666,53,719
620422715,526,48,574
620422801,979,69,1048
620422802,587,35,622
620422803,1209,57,1266
620422804,1043,87,1130
620422805,1095,80,1175
620422806,1117,69,1186
620422807,757,39,796
620422808,727,59,786
620422901,697,58,755
620422902,423,51,474
620422903,961,89,1050
620422904,834,57,891
620422905,728,69,797
620422906,775,58,833
620422907,730,52,782
620422908,950,66,1016
620422909,947,65,1012
620422910,866,92,958
620423001,668,25,693
620423002,984,52,1036
620423003,610,30,640
620423004,672,44,716
620423005,596,41,637
620423006,108,4,112
620423007,1033,83,1116
620423008,1067,86,1153
620423009,988,77,1065
620423010,771,62,833
620423011,870,105,975
620423012,317,39,356
620423101,1120,115,1235
620423102,1291,122,1413
620423103,919,92,1011
620423104,1113,65,1178
620423105,1208,79,1287
620423106,962,51,1013
620423107,1086,130,1216
620423108,763,69,832
620423109,960,53,1013
620423201,607,52,659
620423202,686,34,720
620423203,651,34,685
620423204,999,76,1075
620423205,534,42,576
620423206,561,38,599
620423207,551,39,590
620423208,533,51,584
620423209,629,50,679
620423210,582,26,608
620423211,632,44,676
620423212,475,26,501
620423301,551,46,597
620423302,590,37,627
620423303,981,69,1050
620423304,778,44,822
620423305,567,38,605
620423306,420,10,430
620423307,359,22,381
620423308,347,13,360
620423309,480,14,494
620423310,514,28,542
620423311,787,39,826
620423401,699,53,752
620423402,1295,92,1387
620423403,737,51,788
620423404,599,34,633
620423405,873,51,924
620423406,493,35,528
620423407,429,46,475
620423408,452,38,490
620423409,613,51,664
620423410,1053,37,1090
620423501,478,19,497
620423502,546,14,560
620423503,585,29,614
620423504,531,29,560
620423505,533,16,549
620423506,530,21,551
620423507,860,41,901
620423508,550,32,582
620423509,787,29,816
620423601,718,40,758
620423602,546,16,562
620423603,678,35,713
620423604,675,50,725
620423605,474,34,508
620423606,491,26,517
620423607,721,26,747
620423608,739,63,802
620423609,686,32,718
620423610,488,30,518
620423611,704,42,746
620423612,661,44,705
620423701,621,95,716
620423702,564,63,627
620423703,746,117,863
620423704,749,83,832
620423705,935,88,1023
620423706,1032,137,1169
620423707,954,112,1066
620423708,262,38,300
620423709,1105,118,1223
620423710,992,77,1069
620423711,547,59,606
620423801,810,77,887
620423802,889,64,953
620423803,689,61,750
620423804,532,46,578
620423805,692,35,727
620423806,524,32,556
620423807,802,22,824
620423808,618,50,668
620423809,587,37,624
620423810,657,34,691
620423811,983,61,1044
620423812,511,28,539
620423813,618,51,669
620423814,1093,75,1168
620423901,557,21,578
620423902,333,15,348
620423903,354,14,368
620423904,483,17,500
620423905,728,32,760
620423906,581,29,610
620423907,714,36,750
620423908,430,19,449
620423909,388,11,399
620423910,401,17,418
620423911,663,33,696
620423912,451,9,460
620424001,881,90,971
620424002,547,68,615
620424003,1180,41,1221
620424004,975,89,1064
620424005,519,54,573
620424006,555,45,600
620424007,745,64,809
620424008,471,33,504
620424009,1020,81,1101
620424010,396,28,424
620424011,797,35,832
620424012,519,35,554
620424013,336,34,370
620424014,978,70,1048
620424101,533,27,560
620424102,520,17,537
620424103,455,16,471
620424104,294,8,302
620424105,597,26,623
620424106,483,19,502
620424107,416,24,440
620424108,623,23,646
620424109,423,21,444
620424110,367,15,382
620424111,555,32,587
620424112,677,35,712
620424113,474,20,494
620424114,452,22,474
620424201,783,70,853
620424202,845,59,904
620424203,601,30,631
620424204,716,24,740
620424205,530,40,570
620424206,1030,104,1134
620424207,1104,87,1191
620424208,922,70,992
620424209,953,59,1012
620424210,623,35,658
620424301,827,96,923
620424302,304,18,322
620424303,529,24,553
620424304,465,24,489
620424305,791,54,845
620424306,1132,81,1213
620424307,890,52,942
620424308,920,64,984
620424309,945,79,1024
620424310,768,48,816
620424311,867,78,945
620424312,1085,100,1185
620490101,660,95,755
620490102,830,92,922
620490103,178,28,206
620490104,234,61,295
620490105,246,60,306
620490106,561,93,654
620490107,149,46,195
620560101,444,53,497
620560102,234,40,274
620560103,349,143,492
620560104,357,59,416
620630101,633,26,659
620630102,414,17,431
620630103,540,28,568
620630104,629,48,677
620630105,651,53,704
620630106,859,78,937
620630107,225,20,245
620630108,620,71,691
620630109,737,35,772
620630110,392,21,413
620630111,463,17,480
620630112,615,44,659
620630113,1002,59,1061
620630114,347,17,364
620630115,607,44,651
620630116,346,15,361
620630117,604,61,665
620630118,459,39,498
620630201,849,52,901
620630202,262,15,277
620630203,160,6,166
620630204,349,20,369
620630205,613,59,672
620630301,52,1,53
620630302,94,7,101
620630401,116,4,120
620700101,655,58,713
620700102,657,95,752
620700103,589,67,656
620700104,501,86,587
620700105,239,47,286
620700106,317,64,381
620700107,335,47,382
620700201,628,31,659
620700202,514,41,555
620700203,918,61,979
620700204,458,28,486
620700205,589,36,625
620770101,547,56,603
620770102,400,30,430
620770103,365,26,391
620770104,606,31,637
620770105,310,18,328
620770106,549,36,585
620770107,737,54,791
620770108,526,43,569
620770109,699,61,760
620770110,626,33,659
620770111,1011,149,1160
620770112,854,79,933
620770113,492,40,532
620770114,395,24,419
620770115,357,17,374
620770116,487,21,508
620770117,621,46,667
620770201,915,47,962
620770202,428,44,472
620770203,502,62,564
620770204,305,25,330
620770205,763,47,810
620770206,468,21,489
620770207,370,18,388
620770208,767,73,840
620770209,557,54,611
620770210,750,110,860
620770211,642,55,697
620770301,169,7,176
620770302,141,11,152
620770303,149,3,152
620770304,234,16,250
620770305,385,25,410
620770306,124,9,133
620770307,410,26,436
620770401,323,35,358
620770402,314,24,338
620770403,994,60,1054
620770404,1145,82,1227
620770405,929,64,993
620770406,1000,85,1085
620770407,104,9,113
620770408,19,6,25
620770409,502,43,545
620770410,207,15,222
620770411,286,10,296
620770412,268,26,294
620770413,577,58,635
620770501,40,4,44
620770502,29,3,32
620770503,67,6,73
620770504,80,3,83
620770601,139,5,144
620770602,81,10,91
620770603,175,13,188
620770604,228,14,242
620770605,299,19,318
620770606,134,6,140
620770607,212,8,220
620840101,441,46,487
620840102,364,36,400
620840103,341,47,388
620840104,788,76,864
620840105,477,63,540
620840106,390,43,433
620840107,521,62,583
620840201,28,4,32
620840202,128,14,142
620840203,65,4,69
620840204,144,14,158
620840205,26,3,29
620840206,58,8,66
620840207,53,30,83
620840208,224,42,266
620840209,104,21,125
620849999,1922,199,2121
620910101,1270,154,1424
620910102,808,125,933
620910103,1167,176,1343
620910104,624,121,745
620910201,638,93,731
620910202,891,114,1005
620910203,554,68,622
620910301,564,73,637
620910302,413,46,459
620910303,698,62,760
620910304,724,96,820
620910305,1009,180,1189
620910306,513,64,577
620910307,585,47,632
620910308,756,131,887
620910401,108,12,120
620910402,141,26,167
620910403,95,16,111
620910404,593,239,832
620910405,264,119,383
620910406,169,106,275
620910407,154,58,212
660070101,539,88,627
660070102,22,0,22
660070103,256,106,362
660070104,70,59,129
660070105,216,52,268
660070106,602,92,694
660070107,662,116,778
660070108,847,123,970
660070201,253,52,305
660070202,155,15,170
660070203,9,9,18
660070204,358,45,403
660070205,682,123,805
660070206,34,3,37
660070207,856,127,983
660070208,770,63,833
660070209,663,72,735
660070210,601,49,650
660070211,887,84,971
660070212,852,154,1006
660070213,686,86,772
660070214,673,118,791
660070301,7,1,8
660070302,48,6,54
660070303,629,72,701
660070304,106,5,111
660070305,54,16,70
660070306,13,0,13
660070307,30,1,31
660070308,81,10,91
660070309,39,3,42
660070310,8,1,9
660070311,48,4,52
660070312,11,1,12
660070313,32,3,35
660070314,34,5,39
660070315,603,103,706
660070316,1114,212,1326
660070317,976,97,1073
660070318,1298,126,1424
660070319,823,89,912
660070320,1034,174,1208
660070321,1281,233,1514
660070322,947,138,1085
660070401,65,6,71
660070402,42,5,47
660070403,45,6,51
660070404,33,11,44
660070405,327,52,379
660070406,47,7,54
660070407,240,59,299
660070408,1059,127,1186
660070409,117,19,136
660070410,156,36,192
660070411,34,10,44
660070412,112,8,120
660070413,148,18,166
660070414,367,38,405
660070415,571,69,640
660070416,1377,78,1455
660070417,1282,184,1466
660070418,1126,102,1228
660070419,1014,106,1120
660070420,1095,95,1190
660070421,614,49,663
660070422,784,49,833
660070423,887,68,955
660070424,1521,209,1730
660070425,928,128,1056
660070426,892,196,1088
660070427,894,221,1115
660070501,137,31,168
660070502,52,17,69
660070503,106,25,131
660070504,76,17,93
660070505,151,33,184
660070506,103,26,129
660070507,27,0,27
660070508,169,65,234
660070509,53,13,66
660070510,671,131,802
660070601,1543,216,1759
660070602,52,9,61
660070603,52,21,73
660070604,73,13,86
660070605,37,11,48
660070606,160,33,193
660070607,183,20,203
660070608,136,22,158
660070609,165,21,186
660070610,114,10,124
660070611,290,33,323
660070612,139,37,176
660070613,20,0,20
660070614,1075,172,1247
660070615,725,75,800
660070616,686,79,765
660070617,886,106,992
660070618,660,79,739
660070619,831,149,980
660070620,684,64,748
660070621,1102,209,1311
660140101,554,44,598
660140102,135,20,155
660140103,432,50,482
660140104,453,42,495
660140201,9,4,13
660140202,2113,243,2356
660140203,727,74,801
660140204,244,24,268
660140205,24,4,28
660140206,995,82,1077
660140207,568,42,610
660210101,258,48,306
660210102,107,15,122
660210103,737,80,817
660210104,978,98,1076
660210105,62,21,83
660210106,260,34,294
660210107,877,70,947
660210108,1117,102,1219
660210109,1098,88,1186
660210110,1103,113,1216
660210111,759,68,827
660210112,1022,100,1122
660210113,899,96,995
660210114,1222,76,1298
660210115,1031,92,1123
660210116,1144,91,1235
660210201,14,1,15
660210202,40,4,44
660280101,420,32,452
660280102,211,11,222
660280103,113,19,132
660280104,1257,148,1405
660280105,1022,99,1121
660280106,1069,81,1150
660280107,748,46,794
660280108,582,41,623
660280109,845,63,908
660280110,971,76,1047
660280111,833,65,898
660280112,1315,80,1395
660280113,670,39,709
660280114,921,60,981
660280115,599,59,658
660280116,374,44,418
660280117,1244,114,1358
660280118,1226,170,1396
660280119,973,150,1123
660280120,632,53,685
660280121,453,38,491
660280201,759,45,804
660280202,682,60,742
660280203,36,6,42
660280204,41,1,42
660280205,573,90,663
660280206,889,108,997
660280207,1373,112,1485
660280208,665,112,777
660280301,18,2,20
660280302,43,11,54
660280303,37,5,42
660280304,62,6,68
660280401,853,50,903
660280402,1307,107,1414
660280403,1099,96,1195
660280404,1488,190,1678
660280405,1629,157,1786
660280406,1646,119,1765
660280407,1344,98,1442
660280408,1488,119,1607
660280409,1026,42,1068
660280410,879,46,925
660280411,585,17,602
660280412,1155,32,1187
660280413,1272,51,1323
660280414,673,20,693
660280415,1005,63,1068
660280416,722,47,769
660280417,1927,175,2102
660280418,1169,102,1271
660280419,1123,96,1219
660280420,874,66,940
660280421,815,37,852
660280422,1640,109,1749
660280423,1560,93,1653
660280501,1509,95,1604
660280502,687,43,730
660280503,963,67,1030
660280504,863,81,944
660280505,1024,80,1104
660280506,1115,77,1192
660280507,1194,78,1272
660280508,1209,47,1256
660280509,1147,66,1213
660280510,1448,62,1510
660280511,791,39,830
660280512,844,31,875
660280513,767,32,799
660280514,766,29,795
660280515,951,24,975
660280516,1328,63,1391
660280517,1145,36,1181
660280518,682,28,710
660280519,554,27,581
660280520,669,16,685
660280601,1127,75,1202
660280602,1119,51,1170
660280603,1093,47,1140
660280604,980,39,1019
660280605,1191,78,1269
660280606,797,33,830
660280607,859,39,898
660280608,941,39,980
660280609,668,31,699
660280610,881,43,924
660280611,1229,52,1281
660280612,730,41,771
660280613,688,30,718
660280614,690,23,713
660280615,667,24,691
660280616,1077,34,1111
660280617,697,14,711
660280618,615,28,643
660280619,1009,62,1071
660280620,718,34,752
660280621,1357,74,1431
660280622,1225,68,1293
660280701,1136,93,1229
660280702,1280,76,1356
660280703,1020,86,1106
660280704,1031,68,1099
660280705,923,65,988
660280706,895,65,960
660280707,1489,111,1600
660280708,1318,85,1403
660280709,1371,95,1466
660280710,1289,78,1367
660280711,1717,123,1840
660280712,717,42,759
660280713,1153,70,1223
660280714,1058,63,1121
660280715,1103,77,1180
660280716,1215,82,1297
660280717,1135,67,1202
660280801,180,4,184
660280802,755,34,789
660280803,782,32,814
660280804,828,47,875
660280805,800,30,830
660280806,1133,69,1202
660280807,814,48,862
660280808,871,47,918
660280809,1646,105,1751
660280810,962,41,1003
660280811,801,45,846
660280812,794,41,835
660280813,874,55,929
660280814,487,19,506
660280815,670,22,692
660280901,1272,97,1369
660280902,1422,60,1482
660280903,850,77,927
660280904,975,69,1044
660280905,1502,94,1596
660280906,1506,113,1619
660280907,874,58,932
660280908,1026,87,1113
660280909,1323,80,1403
660280910,632,30,662
660280911,626,19,645
660280912,600,27,627
660280913,783,29,812
660280914,915,46,961
660280915,593,22,615
660280916,642,38,680
660281001,777,35,812
660281002,992,70,1062
660281003,1086,42,1128
660281004,956,53,1009
660281005,863,34,897
660281006,1074,58,1132
660281007,668,19,687
660281008,494,7,501
660281009,838,26,864
660281010,844,21,865
660281011,527,10,537
660281012,751,39,790
660281013,650,25,675
660281101,748,31,779
660281102,502,17,519
660281103,786,33,819
660281104,607,9,616
660281105,793,25,818
660281106,684,29,713
660281107,605,23,628
660281108,471,20,491
660281109,511,18,529
660281110,515,9,524
660281111,437,18,455
660281112,644,16,660
660281113,542,13,555
660281114,610,32,642
660281115,434,9,443
660281116,242,7,249
660281201,877,29,906
660281202,621,17,638
660281203,593,16,609
660281204,624,17,641
660281205,442,13,455
660281206,802,58,860
660281207,394,17,411
660281208,479,22,501
660281209,477,27,504
660281210,807,42,849
660281211,2167,184,2351
660281212,1661,113,1774
660281213,1737,137,1874
660281214,915,80,995
660281215,958,69,1027
660281301,953,33,986
660281302,346,7,353
660281303,734,23,757
660281304,495,9,504
660281305,1126,36,1162
660281306,812,45,857
660281307,1049,45,1094
660281308,614,34,648
660281309,474,12,486
660281310,612,22,634
660281311,441,15,456
660281401,988,43,1031
660281402,1115,48,1163
660281403,979,50,1029
660281404,751,26,777
660281405,872,42,914
660281406,1235,45,1280
660281407,1327,53,1380
660281408,1265,76,1341
660281409,1216,91,1307
660281410,1152,60,1212
660281411,1591,77,1668
660281412,1425,85,1510
660281413,1361,67,1428
660281414,822,36,858
660281501,794,64,858
660281502,1624,101,1725
660281503,1615,113,1728
660281504,1305,138,1443
660281505,1320,145,1465
660281506,1265,127,1392
660281507,1455,128,1583
660281508,1010,73,1083
660281509,921,56,977
660281510,897,60,957
660281511,1412,127,1539
660281512,1411,104,1515
660281513,1060,89,1149
660281514,849,45,894
660281515,1391,76,1467
660281516,874,39,913
660281517,729,35,764
660281518,1170,78,1248
660281519,820,39,859
660281520,930,51,981
660281521,848,40,888
660281522,1179,106,1285
660281523,905,58,963
660281524,1529,97,1626
660281525,1268,94,1362
660281601,1402,88,1490
660281602,2009,155,2164
660281603,801,80,881
660281604,1071,52,1123
660281605,1348,87,1435
660281606,1250,68,1318
660281607,1003,52,1055
660281608,1141,95,1236
660281609,1179,91,1270
660281610,1289,93,1382
660281611,1296,89,1385
660281612,1008,39,1047
660281613,956,64,1020
660281614,1216,64,1280
660281615,998,79,1077
660281616,1225,102,1327
660281617,1523,165,1688
660281618,1569,107,1676
660281619,1783,145,1928
660281701,741,34,775
660281702,759,36,795
660281703,781,39,820
660281704,715,27,742
660281705,913,32,945
660281706,666,30,696
660281707,1262,62,1324
660281708,1258,81,1339
660281709,1157,82,1239
660281710,762,44,806
660281711,785,55,840
660281712,1371,106,1477
660281713,1189,124,1313
660281714,1584,150,1734
660281715,1017,70,1087
660281716,1171,100,1271
660281801,978,40,1018
660281802,1390,71,1461
660281803,822,43,865
660281804,826,55,881
660281805,902,43,945
660281806,1007,68,1075
660281807,837,34,871
660281808,768,56,824
660281809,838,41,879
660281810,923,57,980
660281811,1208,83,1291
660281812,911,51,962
660281813,1122,84,1206
660281814,1194,91,1285
660281815,874,63,937
660281816,979,72,1051
660281817,1011,94,1105
660281818,963,74,1037
660281901,1320,105,1425
660281902,1100,116,1216
660281903,896,79,975
660281904,924,80,1004
660281905,1352,112,1464
660281906,1093,83,1176
660281907,1152,68,1220
660281908,943,81,1024
660281909,974,93,1067
660281910,1585,196,1781
660281911,1216,58,1274
660281912,774,46,820
660281913,1083,52,1135
660281914,1119,118,1237
660281915,1060,141,1201
660282001,767,44,811
660282002,1132,51,1183
660282003,756,32,788
660282004,960,58,1018
660282005,592,43,635
660282006,572,29,601
660282007,1411,86,1497
660282008,1099,86,1185
660282009,1258,121,1379
660282010,851,92,943
660282011,1433,135,1568
660282012,1245,141,1386
660282013,983,90,1073
660282014,1238,100,1338
660282015,1216,117,1333
660282016,1314,126,1440
660282017,1277,146,1423
660282018,1914,168,2082
660282019,709,95,804
660282101,656,32,688
660282102,515,33,548
660282103,424,26,450
660282104,1289,78,1367
660282105,1622,124,1746
660282106,1393,74,1467
660282107,928,42,970
660282108,713,49,762
660282109,658,43,701
660282110,389,10,399
660282111,805,38,843
660282112,822,19,841
660282113,985,56,1041
660282114,794,28,822
660282115,1380,76,1456
660282116,1681,89,1770
660282117,1413,68,1481
660282118,1066,52,1118
660282119,1188,62,1250
660282120,1231,83,1314
660282121,1380,91,1471
660282122,1169,49,1218
660282123,833,45,878
660282124,856,30,886
660282201,1102,51,1153
660282202,720,40,760
660282203,1349,83,1432
660282204,1710,125,1835
660282205,828,32,860
660282206,889,48,937
660282207,818,43,861
660282208,1002,61,1063
660282209,1002,66,1068
660282210,1137,64,1201
660282211,923,45,968
660282212,1341,84,1425
660282213,1293,84,1377
660282214,1478,79,1557
660282301,1445,123,1568
660282302,1052,92,1144
660282303,1746,160,1906
660282304,1416,123,1539
660282305,1477,127,1604
660282306,1364,130,1494
660282307,1433,99,1532
660282308,1451,132,1583
660282309,1657,120,1777
660282310,1411,82,1493
660282311,1563,118,1681
660282312,1298,95,1393
660282313,1546,138,1684
660282314,1540,122,1662
660282315,1385,120,1505
660282316,1174,119,1293
660282317,1372,127,1499
660282318,1281,130,1411
660282401,310,41,351
660282402,673,32,705
660282403,1194,73,1267
660282404,1430,157,1587
660282405,1354,143,1497
660282406,1119,144,1263
660282407,846,64,910
660282408,1668,110,1778
660282409,1378,142,1520
660282410,1690,141,1831
660282411,1614,162,1776
660282412,1891,157,2048
660282501,1408,75,1483
660282502,802,41,843
660282503,804,53,857
660282504,886,62,948
660282505,518,29,547
660282506,758,51,809
660282507,925,70,995
660282508,1362,89,1451
660282509,880,62,942
660282510,1354,119,1473
660282511,1456,76,1532
660282512,832,56,888
660282513,755,35,790
660282514,1079,53,1132
660282515,1131,106,1237
660282601,1015,108,1123
660282602,1139,61,1200
660282603,1050,132,1182
660282604,846,82,928
660282605,912,89,1001
660282606,1045,112,1157
660282607,1403,242,1645
660282608,1472,250,1722
660282609,1651,220,1871
660282610,1728,237,1965
660282611,1500,150,1650
660282612,1839,244,2083
660282613,1533,235,1768
660282614,1831,172,2003
660282615,1327,144,1471
660282616,1259,139,1398
660282617,1656,117,1773
660282618,1008,163,1171
660282619,1304,205,1509
660282620,1097,217,1314
660282701,932,82,1014
660282702,805,116,921
660282703,1347,92,1439
660282704,1296,109,1405
660282705,1054,91,1145
660282706,899,73,972
660282707,941,86,1027
660282708,1003,102,1105
660282709,1147,103,1250
660282710,940,78,1018
660282711,1149,98,1247
660282712,1198,99,1297
660282713,1444,129,1573
660282714,1169,103,1272
660282715,1305,132,1437
660282801,724,34,758
660282802,705,32,737
660282803,805,47,852
660282804,667,38,705
660282805,1002,86,1088
660282806,1550,85,1635
660282807,1188,86,1274
660282808,1100,49,1149
660282809,1838,89,1927
660282810,1579,115,1694
660282811,1327,62,1389
660282812,1287,70,1357
660282813,1695,126,1821
660282814,866,54,920
660282815,853,70,923
660350101,166,28,194
660350102,691,111,802
660350103,851,84,935
660350104,44,2,46
660350105,471,43,514
660350106,1151,143,1294
660350107,109,30,139
660350108,571,70,641
660350109,1688,161,1849
660350110,1065,72,1137
660350111,962,69,1031
660350112,975,53,1028
660350113,1016,83,1099
660350114,1078,109,1187
660350115,746,49,795
660350116,1238,96,1334
660350117,1545,134,1679
660350118,853,138,991
660350119,653,86,739
660350120,1191,122,1313
660350121,772,71,843
660350122,967,160,1127
660350123,1164,135,1299
660350124,1107,104,1211
660350201,1363,143,1506
660350202,704,79,783
660350203,579,58,637
660350204,31,5,36
660350205,130,18,148
660350206,996,68,1064
660350207,267,38,305
660350208,657,50,707
660350209,1044,99,1143
660350210,1305,115,1420
660350211,946,71,1017
660350212,1308,117,1425
660420101,233,25,258
660420102,124,17,141
660420103,889,104,993
660420104,1529,146,1675
660420105,483,59,542
660420106,728,78,806
660420107,217,22,239
660420108,885,67,952
660420109,1025,87,1112
660420110,699,80,779
660420111,972,87,1059
660420201,471,67,538
660420202,704,87,791
660420203,1369,128,1497
660420204,7,2,9
660420205,1588,157,1745
660420206,1575,144,1719
660420207,1206,84,1290
660420208,1369,116,1485
660420209,888,70,958
660420210,809,76,885
660490101,60,11,71
660490102,183,27,210
660490103,438,66,504
660490104,1356,132,1488
660490105,1400,206,1606
660490106,1012,133,1145
660490107,1163,101,1264
660490201,320,64,384
660490202,68,9,77
660490203,9,4,13
660490204,95,24,119
660490205,292,16,308
660490206,139,21,160
660490207,33,2,35
660490208,69,8,77
660490209,108,14,122
660490210,31,8,39
660490211,818,52,870
660490212,863,62,925
660490213,1388,126,1514
660490214,921,70,991
660490215,895,111,1006
660490216,709,97,806
660490217,1161,125,1286
660490301,594,67,661
660490302,821,111,932
660490303,105,10,115
660490304,770,77,847
660490305,1319,123,1442
660490306,833,109,942
660490307,875,69,944
660490308,756,50,806
660490309,761,57,818
660490401,1023,57,1080
660490402,884,108,992
660490403,1458,142,1600
660490404,1031,106,1137
660490405,1047,77,1124
660490406,724,63,787
660490407,717,80,797
660490408,797,56,853
660490409,1057,132,1189
660490410,1775,204,1979
660490411,881,118,999
660490412,988,108,1096
660490413,849,56,905
660490414,682,57,739
660490415,877,101,978
660490416,1059,67,1126
660490417,770,30,800
660490418,867,61,928
660490419,726,55,781
660490420,667,52,719
660490421,792,53,845
660490422,665,48,713
660560101,105,22,127
660560102,1107,174,1281
660560103,692,161,853
660560104,36,7,43
660560105,1079,141,1220
660560106,1474,179,1653
660560107,886,93,979
660560108,690,57,747
660560109,1040,118,1158
660560110,763,51,814
660560111,798,74,872
660560112,1621,173,1794
660560113,608,74,682
660560114,1100,122,1222
660560115,869,111,980
660560116,495,69,564
660560117,889,128,1017
660560118,950,141,1091
660560119,1224,190,1414
660560120,629,129,758
660560201,291,51,342
660560202,346,77,423
660560203,1181,198,1379
660560204,1216,234,1450
660560205,422,46,468
660560206,219,39,258
660560207,145,6,151
660560208,492,86,578
660560209,394,70,464
660560210,1053,87,1140
660560211,877,71,948
660560212,722,101,823
660560213,1199,167,1366
660560214,616,51,667
660560215,616,50,666
660560216,783,115,898
660560217,594,47,641
660560218,1074,79,1153
660560301,810,139,949
660560302,808,176,984
660560303,344,155,499
660560304,466,199,665
660560305,1297,221,1518
660560306,830,365,1195
660560307,895,241,1136
660560401,425,134,559
660560402,682,104,786
660560403,339,149,488
660560404,83,3,86
660560405,1011,173,1184
660560406,211,20,231
660560407,268,39,307
660560408,722,67,789
660560409,499,98,597
660560410,1064,160,1224
660560411,539,91,630
660560501,62,4,66
660560502,89,9,98
660560503,224,113,337
660560504,766,231,997
660560505,670,224,894
660560601,46,5,51
660560602,289,50,339
660560603,494,107,601
660560604,105,41,146
660560605,200,49,249
660560606,164,50,214
660560607,98,32,130
660560608,957,281,1238
660560609,157,19,176
660560610,89,14,103
660560611,508,232,740
660560612,698,256,954
660560613,981,186,1167
660560614,1194,129,1323
660560615,1247,197,1444
660560616,1570,255,1825
660560617,1067,125,1192
660560618,1411,214,1625
660560619,675,59,734
660560620,783,60,843
660560621,959,184,1143
660560622,944,44,988
660560623,599,41,640
660560624,1998,463,2461
660560625,564,47,611
660560626,1154,158,1312
660560627,708,99,807
660560628,822,124,946
660560629,630,62,692
660560630,389,77,466
660560701,1888,287,2175
660560702,1068,137,1205
660560703,1042,144,1186
660560704,771,57,828
660560705,954,95,1049
660560706,1240,88,1328
660560707,120,44,164
660560708,1459,172,1631
660560709,913,80,993
660560710,1437,179,1616
660560711,890,64,954
660560712,576,27,603
660560713,877,63,940
660560714,932,65,997
660560715,1434,168,1602
660560801,1005,132,1137
660560802,1149,131,1280
660560803,836,84,920
660560804,862,64,926
660560805,568,32,600
660560806,528,23,551
660560807,414,14,428
660560808,511,27,538
660560809,541,30,571
660560810,765,53,818
660560811,432,15,447
660560812,858,54,912
660560813,766,68,834
660560814,1155,182,1337
660560815,1125,212,1337
660560901,201,22,223
660560902,750,47,797
660560903,704,36,740
660560904,834,49,883
660560905,1012,76,1088
660560906,976,92,1068
660560907,1098,190,1288
660560908,1150,222,1372
660560909,1625,183,1808
660560910,666,122,788
660560911,1206,180,1386
660560912,902,74,976
660560913,1054,103,1157
660560914,799,67,866
660560915,1317,114,1431
660560916,1144,111,1255
660560917,1523,252,1775
660560918,984,124,1108
660560919,872,136,1008
660560920,1045,74,1119
660560921,916,78,994
660560922,979,67,1046
660560923,963,125,1088
660560924,1052,111,1163
660560925,1072,117,1189
660561001,812,67,879
660561002,1318,147,1465
660561003,1042,149,1191
660561004,804,39,843
660561005,929,82,1011
660561006,762,57,819
660561007,809,42,851
660561008,769,69,838
660561009,588,37,625
660561010,952,147,1099
660561011,990,74,1064
660561012,800,52,852
660561013,994,127,1121
660561014,505,50,555
660561015,637,56,693
660630101,59,11,70
660630102,15,3,18
660630103,10,1,11
660630104,67,4,71
660630105,45,7,52
660630106,10,1,11
660630107,251,25,276
660630108,199,29,228
660630109,56,7,63
660630110,765,66,831
660630111,807,44,851
660630201,98,18,116
660630202,298,17,315
660630203,75,25,100
660700101,62,11,73
660700102,354,79,433
660700103,74,18,92
660700104,49,10,59
660700105,171,25,196
660700106,55,7,62
660700107,208,28,236
660700201,186,36,222
660700202,58,13,71
660700203,334,48,382
660700204,346,61,407
660700205,893,101,994
660700301,83,26,109
660700302,30,12,42
660700303,65,18,83
660700401,91,25,116
660700402,40,12,52
660700403,29,13,42
660700404,58,11,69
660700405,9,6,15
660700406,28,4,32
660700407,95,25,120
660700501,8,8,16
660700502,19,1,20
660700503,17,5,22
660700504,255,52,307
660700505,3,1,4
660700506,47,13,60
660700507,440,78,518
660700508,584,98,682
660770101,55,5,60
660770102,142,15,157
660770103,168,15,183
660770104,511,46,557
660770105,738,72,810
660770106,619,51,670
660770107,699,58,757
660770108,811,60,871
660770109,611,47,658
660770201,46,8,54
660770202,24,5,29
660770203,28,8,36
660770204,835,64,899
660770205,1072,94,1166
660770301,25,4,29
660770302,16,3,19
660770303,265,28,293
660770304,84,10,94
660840101,299,47,346
660840102,443,42,485
660840103,31,9,40
660840104,37,4,41
660840105,38,2,40
660840106,822,68,890
660840107,787,54,841
660840108,715,76,791
660840109,795,68,863
660840201,104,17,121
660840202,105,13,118
660840203,149,16,165
660840204,49,5,54
660840205,546,58,604
660910101,46,8,54
660910102,138,16,154
660910103,114,22,136
660910104,65,55,120
660910105,115,16,131
660910201,61,12,73
660910202,74,8,82
660910203,58,8,66
660910204,192,35,227
660910205,516,58,574
660980101,628,69,697
660980102,224,30,254
660980103,152,22,174
660980104,75,5,80
660980105,1347,122,1469
660980106,1588,151,1739
660980201,42,2,44
660980202,5,1,6
660980203,218,20,238
660980204,56,7,63
660980205,347,50,397
660980206,9,2,11
660980207,106,9,115
660980208,728,82,810
660980209,859,61,920
661050101,0,0,0
661050102,0,0,0
661050103,6,0,6
661050104,194,19,213
661050201,165,6,171
661050202,376,59,435
661050203,90,47,137
661050204,48,15,63
661050205,106,5,111
661050206,7,1,8
661050207,2,1,3
661050208,54,5,59
661050209,1053,164,1217
661050210,670,74,744
661050211,644,73,717
661050212,598,58,656
661050213,896,153,1049
661120101,191,25,216
661120102,15,5,20
661120103,51,5,56
661120104,111,6,117
661120105,844,110,954
661120106,391,38,429
661120107,182,27,209
661120108,251,28,279
661120109,1168,137,1305
661120110,319,33,352
661120201,370,44,414
661120202,54,0,54
661120203,11,0,11
661120204,82,17,99
661120205,245,31,276
661120206,254,23,277
661120207,82,6,88
661120208,509,76,585
661120209,709,81,790
661120210,429,62,491
661120211,133,13,146
661120212,930,88,1018
661120213,1290,99,1389
661120214,1504,128,1632
661120215,958,101,1059
661120301,1089,106,1195
661120302,887,76,963
661120303,758,43,801
661120304,744,71,815
661120305,1021,172,1193
661120306,995,73,1068
661120307,598,33,631
661120308,531,31,562
661120309,836,25,861
661120310,1295,101,1396
661120311,881,77,958
661120312,1154,126,1280
661120313,868,68,936
661120401,1335,120,1455
661120402,607,57,664
661120403,536,33,569
661120404,750,29,779
661120405,985,76,1061
661120406,822,47,869
661120407,616,54,670
661120408,767,45,812
661120409,1675,150,1825
661120410,737,50,787
661120411,988,57,1045
661120412,1229,80,1309
661120413,1333,128,1461
661190101,223,63,286
661190102,1356,211,1567
661190103,508,34,542
661190104,228,27,255
661190105,270,25,295
661190201,56,12,68
661190202,192,36,228
661190203,535,88,623
661190204,250,55,305
661190205,1018,100,1118
661260101,123,21,144
661260102,1140,252,1392
661260103,379,90,469
661260104,827,87,914
661260105,1231,136,1367
661260201,206,43,249
661260202,174,36,210
661260203,553,125,678
661260204,68,24,92
661260205,652,111,763
661260206,1450,314,1764
661260207,875,65,940
661260208,1070,76,1146
661260209,1458,143,1601
661260210,1103,153,1256
661260211,769,135,904
661260212,810,143,953
661260213,1272,115,1387
661260214,821,178,999
661260215,1006,189,1195
661260216,790,117,907
661260217,1943,234,2177
661260218,905,129,1034
661260301,194,34,228
661260302,631,79,710
661260303,1020,111,1131
661260304,784,93,877
661260401,860,158,1018
661260402,568,94,662
661260403,84,16,100
661260404,193,30,223
661260405,53,11,64
661260406,368,61,429
661260407,100,26,126
661260408,793,125,918
661260409,883,139,1022
661260410,1583,206,1789
661260411,1268,207,1475
661260412,1315,248,1563
661260413,1234,186,1420
661260414,950,141,1091
661260415,1030,81,1111
661260416,1299,90,1389
661260417,559,48,607
661260418,920,60,980
661260501,23,0,23
661260502,855,148,1003
661260503,18,1,19
661260504,985,76,1061
661260505,971,106,1077
661260506,950,80,1030
661260507,1238,94,1332
661260508,1173,92,1265
661260509,1373,97,1470
661260510,1111,129,1240
661260511,1058,113,1171
661260601,727,122,849
661260602,134,30,164
661260603,618,94,712
661260604,70,21,91
661260605,219,24,243
661260606,123,10,133
661260607,98,14,112
661260608,15,1,16
661260609,1507,305,1812
661260610,1572,253,1825
661260611,1596,288,1884
661260612,1081,173,1254
661260613,1157,115,1272
661260614,1283,164,1447
661260615,1059,105,1164
661260616,1027,182,1209
661260617,750,81,831
661260618,865,65,930
661260619,1376,206,1582
661260620,1314,134,1448
661260621,664,70,734
661260622,754,107,861
661260623,348,91,439
661260624,927,105,1032
661260625,589,112,701
661260701,1433,256,1689
661260702,1379,250,1629
661260703,1123,205,1328
661260704,937,89,1026
661260705,757,65,822
661260706,992,81,1073
661260707,1166,96,1262
661260708,1248,168,1416
661260709,1651,261,1912
661260710,758,59,817
661260711,731,43,774
661260712,663,54,717
661260713,1424,220,1644
661260714,1180,160,1340
661260715,728,29,757
661260716,498,16,514
661260717,974,76,1050
661260718,906,70,976
661260719,557,52,609
661260720,1107,127,1234
661260721,1018,73,1091
661260722,759,39,798
661260723,1069,120,1189
661260801,1557,169,1726
661260802,928,63,991
661260803,427,27,454
661260804,590,51,641
661260805,602,44,646
661260806,581,35,616
661260807,635,50,685
661260808,712,78,790
661260809,1691,212,1903
661260810,759,82,841
661260811,868,127,995
661260812,1651,208,1859
661260813,1437,188,1625
661260814,1478,131,1609
661260815,1132,98,1230
661260816,1006,86,1092
661260817,1187,147,1334
661260818,1789,301,2090
661260819,1241,149,1390
661260820,448,21,469
661260821,1269,106,1375
661260822,1203,133,1336
661260823,1113,109,1222
661260824,1564,155,1719
661330101,2246,674,2920
661330102,1341,447,1788
661330103,269,171,440
661330104,244,146,390
661330105,179,52,231
661330106,808,208,1016
661330107,1284,336,1620
661330108,1462,206,1668
661330201,102,26,128
661330202,98,13,111
661330203,363,90,453
661330204,115,29,144
661330205,65,18,83
661330206,98,46,144
661330207,61,12,73
661330208,482,160,642
661330209,164,38,202
661330210,269,47,316
661330211,206,52,258
661330212,199,42,241
661330213,148,37,185
661330214,392,96,488
661330215,78,9,87
661330216,721,211,932
661330217,86,19,105
661330218,186,45,231
661330219,358,121,479
661330220,883,117,1000
661330221,955,114,1069
661330222,409,57,466
661330223,664,84,748
661330224,775,169,944
661330301,554,139,693
661330302,332,73,405
661330303,93,37,130
661330304,755,185,940
661330305,595,120,715
661330306,738,157,895
661330307,147,24,171
661330308,291,103,394
661330309,789,112,901
661330310,793,158,951
661330311,845,115,960
661330312,835,211,1046
661400101,55,4,59
661400102,109,9,118
661400103,121,27,148
661400104,24,1,25
661400105,62,6,68
661400106,50,10,60
661400107,111,9,120
661400108,286,57,343
661400109,11,2,13
661400110,206,25,231
661400111,71,9,80
661400112,101,10,111
661400113,323,27,350
661400114,157,17,174
661400115,147,9,156
661400116,959,116,1075
661400117,1202,159,1361
661400118,871,54,925
661400119,1045,78,1123
661400120,1061,120,1181
661400121,1816,147,1963
661400201,36,1,37
661400202,51,8,59
661400203,115,14,129
661400204,108,22,130
661400205,133,24,157
661400301,72,6,78
661400302,63,6,69
661400303,16,0,16
661400304,326,48,374
661400305,34,2,36
661400306,34,1,35
661400307,62,14,76
661400308,27,5,32
661400309,41,4,45
661400310,415,49,464
661400311,406,39,445
661400312,480,35,515
661400401,939,76,1015
661400402,964,75,1039
661400403,817,32,849
661400404,636,54,690
661400405,957,111,1068
661400406,646,42,688
661400407,569,34,603
661400408,652,26,678
661400409,1190,147,1337
661400410,1127,93,1220
661400411,965,72,1037
661400412,825,68,893
661400413,691,49,740
661400414,1116,103,1219
661400415,1067,107,1174
661400416,629,75,704
661470101,104,43,147
661470102,100,44,144
661470103,106,21,127
661470104,151,13,164
661470105,119,22,141
661470201,106,25,131
661470202,151,17,168
661470203,72,6,78
661470204,49,8,57
661470205,110,17,127
661470301,82,17,99
661470302,138,23,161
661470303,21,6,27
661470304,21,4,25
661470305,74,9,83
661470306,424,41,465
661470307,1906,192,2098
661470308,20,1,21
661470309,49,7,56
661470310,18,3,21
661470311,1207,115,1322
661470312,1238,84,1322
661470313,628,30,658
661470314,484,36,520
661470315,1661,130,1791
661470316,1315,84,1399
661470317,1419,149,1568
661470401,971,86,1057
661470402,635,84,719
661470403,318,46,364
661470404,471,58,529
661470405,160,31,191
661470406,14,0,14
661470407,1990,241,2231
661470408,1529,173,1702
661470409,895,78,973
661470501,835,85,920
661470502,930,81,1011
661470503,1034,71,1105
661470504,1139,92,1231
661470505,830,69,899
661470506,861,91,952
661470507,913,66,979
661470508,771,59,830
661470509,931,61,992
661470510,1292,142,1434
661470511,1277,116,1393
661470512,503,32,535
661470513,1081,91,1172
661470514,1065,115,1180
661470515,908,76,984
661540101,153,27,180
661540102,271,65,336
661540103,69,15,84
661540104,3,0,3
661540105,539,135,674
661540106,711,64,775
661540201,132,24,156
661540202,57,5,62
661540203,158,28,186
661540204,68,14,82
661540205,26,9,35
661540206,165,22,187
661540207,117,19,136
661540208,361,50,411
661540209,1093,94,1187
661540210,1086,101,1187
661540211,777,91,868
661610101,137,70,207
661610102,697,207,904
661610103,793,260,1053
661610104,148,56,204
661610105,423,130,553
661610106,138,53,191
661610107,154,52,206
661610108,135,37,172
661610109,304,61,365
661610110,961,129,1090
661610201,268,56,324
661610202,292,61,353
661610203,208,54,262
661610204,142,26,168
661610205,814,122,936
661610301,185,79,264
661610302,347,88,435
661610303,76,31,107
661610304,567,163,730
661610305,191,52,243
661610306,714,134,848
700070101,1150,73,1223
700070102,1221,90,1311
700070103,1007,86,1093
700070104,845,48,893
700070201,1014,121,1135
700070202,774,74,848
700070203,692,52,744
700070204,1598,256,1854
700070205,1480,145,1625
700070206,1156,91,1247
700070207,591,45,636
700070301,1402,213,1615
700070302,744,77,821
700070303,406,40,446
700070304,681,43,724
700070305,193,31,224
700070306,927,102,1029
700070307,1141,138,1279
700070308,950,100,1050
700070401,530,61,591
700070402,503,73,576
700070403,1056,109,1165
700070501,146,16,162
700140101,391,48,439
700140102,437,67,504
700140103,1162,128,1290
700140104,780,86,866
700140105,821,100,921
700140106,1045,69,1114
700140107,1511,131,1642
700140201,233,28,261
700140202,438,66,504
700140301,59,7,66
700210101,293,31,324
700210201,974,106,1080
700210202,186,22,208
700210203,888,105,993
700210204,194,27,221
700210205,31,2,33
700210301,309,44,353
700210302,874,60,934
700210401,856,69,925
700210402,129,14,143
700210403,953,88,1041
700210404,1167,115,1282
700210405,169,27,196
700210501,82,4,86
700210601,31,2,33
700210701,245,2,247
700210702,1,0,1
700280101,792,24,816
700280102,559,21,580
700280103,581,16,597
700280104,636,22,658
700280105,310,10,320
700280106,696,23,719
700280107,382,17,399
700280108,447,9,456
700280109,337,7,344
700280110,585,9,594
700280111,486,19,505
700280112,639,22,661
700280113,341,15,356
700280114,640,31,671
700280115,349,8,357
700280116,506,20,526
700280117,349,12,361
700280118,402,7,409
700280201,843,72,915
700280202,941,53,994
700280203,1173,69,1242
700280204,573,43,616
700280205,640,33,673
700280206,597,30,627
700280207,585,40,625
700280208,551,32,583
700280209,654,49,703
700280210,741,56,797
700280211,512,22,534
700280212,383,15,398
700280213,499,32,531
700280301,748,97,845
700280302,726,83,809
700280303,1097,103,1200
700280304,1120,68,1188
700280305,866,41,907
700280306,776,43,819
700280307,567,24,591
700280308,796,54,850
700280309,809,51,860
700280310,542,40,582
700280311,606,34,640
700280312,468,25,493
700280313,990,52,1042
700280314,608,38,646
700280315,380,15,395
700280316,785,31,816
700280317,511,24,535
700280318,1062,113,1175
700280319,565,25,590
700280320,417,20,437
700280321,465,15,480
700280401,336,20,356
700280402,517,23,540
700280403,607,29,636
700280404,449,10,459
700280405,1035,56,1091
700280406,729,29,758
700280407,621,34,655
700280408,819,36,855
700280409,552,35,587
700280410,822,49,871
700280411,522,36,558
700280412,958,52,1010
700280413,796,38,834
700280414,951,44,995
700280501,787,25,812
700280502,837,35,872
700280503,436,10,446
700280504,867,23,890
700280505,428,10,438
700280506,971,35,1006
700280507,535,28,563
700280508,675,44,719
700280509,562,14,576
700280510,619,21,640
700280511,860,31,891
700280512,518,22,540
700280513,647,43,690
700280514,402,20,422
700280515,624,39,663
700280516,571,18,589
700280601,1173,122,1295
700280602,986,98,1084
700280603,634,34,668
700280604,735,47,782
700280605,903,43,946
700280606,523,32,555
700280607,713,45,758
700280608,896,42,938
700280609,770,30,800
700280610,517,22,539
700280611,831,44,875
700280612,700,21,721
700280613,804,25,829
700280614,623,29,652
700280615,798,53,851
700280616,487,22,509
700280617,1012,88,1100
700280618,1000,103,1103
700280619,401,18,419
700280701,906,51,957
700280702,531,31,562
700280703,894,52,946
700280704,924,53,977
700280705,824,39,863
700280706,731,37,768
700280707,950,60,1010
700280708,889,68,957
700280709,999,45,1044
700280710,871,64,935
700280711,1020,62,1082
700280712,1133,57,1190
700280713,691,42,733
700280714,1000,59,1059
700280715,694,34,728
700280716,385,14,399
700280801,775,60,835
700280802,568,34,602
700280803,621,36,657
700280804,540,28,568
700280805,734,46,780
700280806,729,30,759
700280807,707,32,739
700280808,583,40,623
700280809,834,28,862
700280810,865,53,918
700280811,526,26,552
700280901,942,41,983
700280902,789,27,816
700280903,560,31,591
700280904,493,20,513
700280905,682,43,725
700280906,419,16,435
700280907,595,28,623
700280908,1042,54,1096
700280909,761,38,799
700280910,759,37,796
700280911,271,10,281
700280912,501,26,527
700280913,469,46,515
700280914,464,24,488
700280915,929,39,968
700280916,949,84,1033
700350101,1219,154,1373
700350102,1051,119,1170
700350103,1123,144,1267
700350104,968,74,1042
700350105,1240,108,1348
700350106,1070,67,1137
700350107,886,108,994
700350108,1046,87,1133
700350109,942,61,1003
700350110,779,61,840
700350111,909,40,949
700350112,1001,50,1051
700350113,829,54,883
700350114,1027,48,1075
700350201,795,87,882
700350202,453,53,506
700350203,823,126,949
700350204,563,89,652
700350205,467,55,522
700350301,951,131,1082
700350302,910,129,1039
700350401,381,50,431
700350402,865,82,947
700350403,776,106,882
700350501,385,67,452
700350502,189,68,257
700350503,335,43,378
700350601,75,17,92
700350602,235,43,278
700350701,769,79,848
700350702,1596,126,1722
700350703,892,73,965
700350704,778,60,838
700350705,1012,73,1085
700350706,726,66,792
700350707,1006,121,1127
700350708,817,71,888
700350709,1005,101,1106
700350710,768,97,865
700350711,933,128,1061
700420101,652,61,713
700420102,1451,123,1574
700420103,896,54,950
700420104,2236,109,2345
700420105,1196,70,1266
700420106,1373,81,1454
700420107,695,53,748
700420108,900,109,1009
700420109,869,89,958
700420110,947,96,1043
700420111,901,91,992
700420112,800,65,865
700420201,1288,75,1363
700420202,822,73,895
700420203,1396,166,1562
700420204,1714,220,1934
700420205,918,97,1015
700420206,1110,120,1230
700420207,1804,159,1963
700420208,780,80,860
700420209,1308,102,1410
700420210,1138,81,1219
700420211,751,68,819
700420212,1470,150,1620
700420213,1244,97,1341
700420214,945,85,1030
700420215,794,53,847
700420216,1368,120,1488
700420217,1321,121,1442
700420301,1001,160,1161
700420302,1134,111,1245
700420303,1045,134,1179
700420304,136,18,154
700420401,993,107,1100
700420402,1728,294,2022
700420403,776,85,861
700420404,1202,168,1370
700420405,1167,118,1285
700420406,1584,153,1737
700420407,1137,207,1344
700420408,1023,192,1215
700420409,917,67,984
700420410,861,98,959
700420411,837,89,926
700420412,1264,70,1334
700420413,1234,75,1309
700420414,1526,163,1689
700420415,945,77,1022
700420416,1061,63,1124
700420417,1499,98,1597
700420418,701,33,734
700420419,610,45,655
700420501,1313,98,1411
700420502,1157,85,1242
700420503,839,50,889
700420504,1185,79,1264
700420505,1406,230,1636
700420506,1263,115,1378
700420507,1471,114,1585
700420508,1132,83,1215
700420509,1113,63,1176
700420510,1400,77,1477
700420511,825,55,880
700420512,972,67,1039
700420513,994,96,1090
700420514,1535,123,1658
700420515,800,87,887
700490101,301,36,337
700490102,104,7,111
700490201,346,50,396
700490202,598,62,660
700490203,851,74,925
700490204,842,70,912
700490205,581,51,632
700490206,279,41,320
700490207,779,78,857
700490301,342,40,382
700490302,567,49,616
700490303,272,31,303
700490401,2243,6,2249
700560101,593,99,692
700560102,994,111,1105
700560103,546,68,614
700560104,779,75,854
700560105,1252,104,1356
700560106,404,58,462
700560107,353,37,390
700560108,538,49,587
700560109,586,47,633
700560201,956,80,1036
700560202,858,55,913
700560203,981,67,1048
700560204,423,24,447
700560205,870,64,934
700560206,900,57,957
700560207,726,50,776
700560208,939,68,1007
700560209,740,67,807
700560210,242,28,270
700560211,1064,71,1135
700560212,709,46,755
700560213,605,18,623
700560301,473,47,520
700560302,835,95,930
700560401,71,11,82
700560501,24,4,28
700560601,246,30,276
700560701,477,53,530
700560702,916,19,935
700630101,421,52,473
700630102,676,70,746
700630103,1286,157,1443
700630104,250,39,289
700630105,117,18,135
700630106,1024,106,1130
700630201,124,17,141
700630202,1233,158,1391
700630203,1007,108,1115
700630204,789,140,929
700630205,869,65,934
700700101,871,94,965
700700102,1381,163,1544
700700103,1373,186,1559
700700104,957,93,1050
700700105,1014,130,1144
700700106,959,98,1057
700700107,933,98,1031
700700108,883,86,969
700700109,817,74,891
700700110,571,36,607
700700111,655,52,707
700700112,933,50,983
700700113,1034,116,1150
700700114,1384,188,1572
700700115,1057,97,1154
700700201,250,42,292
700700202,382,65,447
700700203,1052,125,1177
700700204,729,128,857
700700205,838,69,907
700700206,1752,180,1932
700700207,1795,206,2001
700700301,618,80,698
700700302,801,101,902
700700303,787,91,878
700700304,962,90,1052
700700305,376,66,442
700700401,126,21,147
700700501,1168,108,1276
700700502,786,83,869
700700503,861,137,998
700700504,645,82,727
700700505,857,99,956
700700506,1102,161,1263
700700507,997,172,1169
700700508,991,102,1093
700700509,950,77,1027
700700510,1159,113,1272
700700511,1614,180,1794
700700512,1361,126,1487
700700513,1185,87,1272
700700514,1311,98,1409
700700515,1143,106,1249
700700516,1252,211,1463
700700517,1143,116,1259
700700518,637,78,715
700770101,454,52,506
700770102,1712,162,1874
700770103,13,2,15
700770104,1155,166,1321
700770105,930,110,1040
700770106,941,72,1013
700770201,1208,68,1276
700770202,1319,108,1427
700770203,1209,100,1309
700770204,1282,95,1377
700770205,1168,83,1251
700770206,1175,87,1262
700770207,1135,71,1206
700770208,1432,99,1531
700770209,985,72,1057
700770210,553,54,607
700770211,920,72,992
700770212,892,59,951
700770213,1135,81,1216
700770301,842,60,902
700770302,861,46,907
700770303,928,64,992
700770304,1184,107,1291
700770305,932,47,979
700770306,1167,96,1263
700770307,1224,115,1339
700770308,787,42,829
700770309,1093,72,1165
700770310,1135,70,1205
700770311,1068,57,1125
700770312,754,56,810
700770313,778,79,857
700770401,653,40,693
700770402,565,41,606
700770403,727,49,776
700770404,786,56,842
700770405,803,44,847
700770406,954,52,1006
700770407,961,45,1006
700770408,756,27,783
700770409,637,44,681
700770410,1101,57,1158
700770411,667,49,716
700770412,1099,81,1180
700770413,596,22,618
700770414,677,43,720
700770415,733,67,800
700770416,769,62,831
700770501,925,38,963
700770502,1162,145,1307
700770503,774,33,807
700770504,491,66,557
700770505,805,37,842
700770506,510,35,545
700770507,1001,96,1097
700770508,726,92,818
700770509,577,62,639
700770510,1213,128,1341
700770511,1251,123,1374
700770512,1090,79,1169
700770601,994,114,1108
700770602,875,114,989
700770603,467,27,494
700770701,740,115,855
700770702,566,59,625
700770703,497,57,554
700770801,595,43,638
700770802,715,70,785
700770803,1281,97,1378
700770804,810,98,908
700770805,1111,101,1212
700770806,1478,136,1614
700770807,772,90,862
700770808,1018,67,1085
700770809,1245,117,1362
700770810,1480,124,1604
700770811,1019,119,1138
700770812,1038,86,1124
700770813,1506,164,1670
700770814,930,93,1023
700770815,972,89,1061
700770901,894,48,942
700770902,792,30,822
700770903,872,42,914
700770904,1060,71,1131
700770905,1678,211,1889
700770906,1042,89,1131
700770907,979,81,1060
700770908,910,91,1001
700770909,1066,134,1200
700770910,1159,101,1260
700770911,1071,62,1133
700770912,921,56,977
700771001,606,49,655
700771002,1382,101,1483
700771003,648,33,681
700771004,1006,63,1069
700771005,1040,63,1103
700771006,1000,107,1107
700771007,1194,99,1293
700771008,767,65,832
700771009,673,52,725
700771010,898,60,958
700771011,699,49,748
700771012,724,49,773
700771013,1132,112,1244
700840101,47,7,54
700840102,211,23,234
700840201,1041,205,1246
700840202,735,99,834
700840203,881,106,987
700840204,1424,85,1509
700840205,873,148,1021
700840206,760,31,791
700840207,791,44,835
700840208,981,96,1077
700840209,800,40,840
700840210,1090,77,1167
700840211,1129,67,1196
700840212,1190,49,1239
700840213,749,34,783
700840214,674,40,714
700840215,1052,66,1118
700840216,1034,51,1085
700840217,735,26,761
700840301,1311,104,1415
700840302,1065,55,1120
700840303,1007,83,1090
700840304,1098,93,1191
700840305,1471,115,1586
700840306,1123,74,1197
700840307,1274,88,1362
700840308,1132,89,1221
700840309,1140,77,1217
700840310,1260,60,1320
700840311,1185,66,1251
700840312,1169,59,1228
700840313,854,42,896
700840314,964,48,1012
700840315,1085,51,1136
700840316,950,63,1013
700840317,888,48,936
700840318,716,47,763
700840319,880,53,933
700840320,809,37,846
700840401,1454,133,1587
700840402,719,24,743
700840403,917,39,956
700840404,674,31,705
700840405,1291,78,1369
700840406,652,42,694
700840407,831,61,892
700840408,861,45,906
700840409,1111,89,1200
700840410,819,27,846
700840411,601,25,626
700840412,1268,80,1348
700840413,665,22,687
700840414,708,59,767
700840415,782,56,838
700840416,724,35,759
700840417,705,47,752
700840501,1117,76,1193
700840502,786,44,830
700840503,1663,215,1878
700840504,1745,173,1918
700840505,882,170,1052
700840506,773,142,915
700840601,1105,81,1186
700840602,1474,130,1604
700840603,779,41,820
700840604,1156,50,1206
700840605,786,33,819
700840606,916,39,955
700840607,829,51,880
700840608,935,55,990
700840609,993,76,1069
700840610,1653,189,1842
700840611,1178,111,1289
700840612,1084,110,1194
700840613,611,71,682
700910101,736,102,838
700910102,840,88,928
700910103,343,38,381
700910104,1107,153,1260
700910105,246,23,269
700910106,370,37,407
700910107,540,64,604
700910108,289,38,327
700910109,1010,83,1093
700910110,302,33,335
700910111,530,55,585
700910112,1151,80,1231
700910113,882,67,949
700910114,997,140,1137
700910201,47,7,54
700980101,1061,101,1162
700980102,829,101,930
700980103,913,79,992
700980104,991,59,1050
700980105,931,77,1008
700980106,1438,122,1560
700980107,1058,102,1160
700980108,860,49,909
700980109,1162,73,1235
700980110,1099,103,1202
700980111,1062,51,1113
700980112,940,56,996
700980113,603,33,636
700980114,818,87,905
700980115,770,37,807
700980116,1521,103,1624
700980117,635,54,689
700980118,972,89,1061
700980201,1234,141,1375
700980202,625,69,694
700980203,901,99,1000
700980204,800,70,870
700980205,1399,138,1537
700980206,1305,124,1429
700980207,1252,84,1336
700980301,1385,116,1501
700980302,999,64,1063
700980303,576,51,627
700980304,1065,88,1153
700980305,1115,109,1224
700980306,845,74,919
700980307,1140,100,1240
700980308,1009,88,1097
700980401,1250,56,1306
700980402,685,25,710
700980403,807,48,855
700980404,1036,69,1105
700980405,745,56,801
700980406,772,37,809
700980407,494,30,524
700980408,487,33,520
700980409,727,26,753
700980410,556,25,581
700980411,759,46,805
700980412,541,28,569
701050101,316,77,393
701050102,579,78,657
701050103,331,42,373
701050104,380,34,414
701050105,484,62,546
701050106,879,107,986
701050107,1272,164,1436
701050108,1145,139,1284
701050201,1589,215,1804
701050202,1714,252,1966
701050203,715,105,820
701050301,1046,96,1142
701050302,1668,174,1842
701050303,1452,197,1649
701050304,806,145,951
701050305,937,170,1107
701050306,1092,106,1198
701050307,1046,71,1117
701050308,810,98,908
701120101,569,64,633
701120102,1207,135,1342
701120103,397,48,445
701120104,854,91,945
701120105,1046,131,1177
701120201,36,1,37
701190101,297,24,321
701190102,324,30,354
701190103,88,14,102
701190201,1005,76,1081
701190202,1500,121,1621
701190203,185,24,209
701190204,100,22,122
701190205,373,30,403
701190206,754,36,790
701190207,658,52,710
701190301,216,24,240
701190302,207,29,236
701190303,628,67,695
701260101,1341,135,1476
701260102,806,146,952
701260103,886,172,1058
701260104,1104,183,1287
701260105,703,105,808
701260106,684,46,730
701260107,964,104,1068
701260201,1227,134,1361
701260202,951,196,1147
701260203,961,137,1098
701260204,650,136,786
701260205,377,76,453
701260206,742,76,818
701260207,575,95,670
701260208,753,94,847
701260301,963,246,1209
701260401,137,30,167
701330101,530,84,614
701330102,1938,198,2136
701330103,1405,107,1512
701330104,237,22,259
701330201,45,3,48
740070101,117,20,137
740070102,200,12,212
740070201,176,30,206
740070202,137,10,147
740070203,125,14,139
740070301,43,3,46
740070302,73,8,81
740070303,132,16,148
740070304,1233,136,1369
740070305,1080,102,1182
740070306,120,13,133
740070307,39,9,48
740070401,394,37,431
740070402,940,129,1069
740070403,525,52,577
740070404,803,88,891
740070405,801,69,870
740070406,666,57,723
740070407,657,44,701
740070408,811,55,866
740070409,543,36,579
740070410,711,77,788
740070411,146,30,176
740070412,27,2,29
740070413,800,74,874
740070414,969,84,1053
740070501,69,18,87
740070502,69,23,92
740070503,36,3,39
740070504,327,33,360
740070505,189,38,227
740070506,226,27,253
740070507,1112,95,1207
740070508,815,54,869
740070509,725,59,784
740070510,623,53,676
740140101,16,3,19
740140102,131,16,147
740140103,57,8,65
740140201,29,5,34
740140202,51,5,56
740140203,53,7,60
740140204,37,2,39
740140301,73,15,88
740140302,85,5,90
740140303,99,10,109
740140304,148,9,157
740140401,62,8,70
740140402,147,15,162
740140403,643,45,688
740140404,449,41,490
740140405,448,48,496
740140406,58,7,65
740140501,90,22,112
740140502,108,26,134
740140503,505,56,561
740140504,26,3,29
740140505,107,14,121
740210101,36,5,41
740210102,212,23,235
740210103,101,13,114
740210104,65,8,73
740210105,192,13,205
740210106,139,10,149
740210107,220,18,238
740210108,188,15,203
740210109,387,34,421
740210110,269,19,288
740210111,254,35,289
740210112,261,22,283
740210113,48,3,51
740210201,164,15,179
740210202,80,12,92
740210203,348,40,388
740210204,175,11,186
740210301,34,4,38
740210302,95,6,101
740210303,775,62,837
740210304,777,62,839
740210305,1297,87,1384
740210306,844,55,899
740210307,1080,93,1173
740210308,1164,89,1253
740210309,583,39,622
740210310,92,8,100
740210311,83,6,89
740210401,236,26,262
740210402,31,2,33
740210403,79,6,85
740210404,131,7,138
740210405,944,87,1031
740210406,90,6,96
740210407,62,7,69
740280101,133,10,143
740280102,1047,80,1127
740280103,823,69,892
740280104,537,26,563
740280105,512,29,541
740280106,674,38,712
740280107,997,78,1075
740280108,166,15,181
740280109,224,20,244
740280110,85,10,95
740280201,183,13,196
740280202,520,46,566
740280203,732,48,780
740280204,258,24,282
740280205,336,49,385
740280206,487,41,528
740280301,372,29,401
740280302,201,27,228
740280303,24,2,26
740280304,193,21,214
740280305,84,11,95
740280306,661,51,712
740280307,59,4,63
740280308,821,68,889
740280309,746,49,795
740280310,783,57,840
740280311,782,53,835
740280401,54,4,58
740280402,552,44,596
740280403,866,52,918
740280404,834,47,881
740280405,1098,78,1176
740280406,638,35,673
740280407,822,70,892
740280408,761,80,841
740280409,161,11,172
740280410,135,4,139
740280411,41,3,44
740350101,19,1,20
740350102,34,3,37
740350103,233,25,258
740350104,48,1,49
740350201,27,3,30
740350202,22,0,22
740350203,80,7,87
740350204,46,2,48
740350205,40,2,42
740350301,68,2,70
740350302,93,5,98
740350303,59,2,61
740350304,170,15,185
740350305,48,3,51
740350401,56,3,59
740350402,61,3,64
740350403,89,7,96
740350404,171,14,185
740350405,31,5,36
740350406,26,13,39
740350407,484,59,543
740350501,69,8,77
740350502,58,2,60
740350601,194,43,237
740350602,223,21,244
740350603,75,6,81
740350604,34,1,35
740350605,17,6,23
740350701,90,5,95
740350702,848,71,919
740350703,931,73,1004
740350704,672,60,732
740350705,614,45,659
740350706,706,63,769
740350707,731,48,779
740350708,954,80,1034
740350709,753,58,811
740350710,1062,107,1169
740350711,828,79,907
740350712,724,43,767
740350713,961,61,1022
740350714,697,37,734
740350715,552,32,584
740350716,666,30,696
740350801,984,78,1062
740350802,545,75,620
740350803,3,0,3
740350804,1296,165,1461
740350805,1318,133,1451
740350806,654,81,735
740350807,518,48,566
740350808,725,35,760
740350809,817,42,859
740350810,888,82,970
740350811,1328,134,1462
740350812,648,56,704
740350813,568,32,600
740350814,854,29,883
740350815,712,40,752
740350816,695,38,733
740350817,992,84,1076
740350818,944,78,1022
740350819,1061,69,1130
740350820,591,35,626
740350821,87,8,95
740350901,678,36,714
740350902,750,40,790
740350903,807,52,859
740350904,941,74,1015
740350905,153,44,197
740350906,800,71,871
740350907,999,49,1048
740350908,752,26,778
740350909,579,27,606
740350910,840,37,877
740350911,807,36,843
740350912,583,23,606
740350913,680,27,707
740350914,832,49,881
740350915,850,33,883
740350916,759,40,799
740350917,891,86,977
740351001,1437,110,1547
740351002,591,34,625
740351003,646,31,677
740351004,793,28,821
740351005,1315,112,1427
740351006,1211,74,1285
740351007,1029,41,1070
740351008,924,46,970
740351009,840,29,869
740351010,579,31,610
740351011,780,39,819
740351012,512,22,534
740351013,639,26,665
740351014,376,17,393
740351015,486,24,510
740351016,960,71,1031
740351017,677,51,728
740351018,761,56,817
740351019,1203,51,1254
740351020,134,16,150
740351101,186,17,203
740351102,818,68,886
740351103,802,47,849
740351104,654,60,714
740351105,446,42,488
740351106,536,41,577
740351107,426,8,434
740351108,384,16,400
740351109,385,18,403
740351110,861,47,908
740351111,1136,101,1237
740351112,1330,158,1488
740351113,706,89,795
740351114,1026,112,1138
740351201,738,39,777
740351202,831,48,879
740351203,618,51,669
740351204,644,48,692
740351205,753,50,803
740351206,805,63,868
740351207,773,84,857
740351208,941,106,1047
740351209,1036,89,1125
740351210,913,74,987
740351211,360,14,374
740351212,398,24,422
740351213,519,66,585
740351214,1155,155,1310
740351215,901,109,1010
740351216,828,103,931
740351217,587,55,642
740351218,377,34,411
740351301,733,90,823
740351302,5,0,5
740351303,985,100,1085
740351304,1004,107,1111
740351305,991,106,1097
740351306,664,73,737
740351307,108,15,123
740351308,921,83,1004
740351309,1019,104,1123
740351310,832,89,921
740351311,846,93,939
740351401,1263,76,1339
740351402,49,1,50
740351403,972,64,1036
740351404,868,43,911
740351405,758,49,807
740351406,1154,79,1233
740351407,1075,76,1151
740351408,1255,85,1340
740351409,1000,62,1062
740351410,1001,89,1090
740351501,29,1,30
740351502,378,34,412
740351503,144,25,169
740351504,238,20,258
740351505,40,0,40
740351506,14,2,16
740351507,67,5,72
740351601,654,68,722
740351602,557,50,607
740351603,518,27,545
740351604,647,25,672
740351605,603,57,660
740351606,909,95,1004
740351607,671,68,739
740351608,684,45,729
740351609,737,63,800
740351610,1219,118,1337
740351611,826,66,892
740351612,829,64,893
740351701,195,22,217
740351702,145,27,172
740351703,57,8,65
740351704,158,24,182
740351705,128,11,139
740351801,106,11,117
740351802,103,17,120
740351803,81,12,93
740351804,23,6,29
740351805,76,16,92
740351806,49,5,54
740420101,43,12,55
740420102,166,25,191
740420103,84,12,96
740420201,73,6,79
740420202,303,31,334
740420203,38,2,40
740420204,394,55,449
740420205,205,27,232
740420206,255,31,286
740420207,1108,145,1253
740420208,1105,127,1232
740420301,13,0,13
740420302,192,23,215
740420303,45,4,49
740420304,711,61,772
740420305,67,11,78
740420306,1157,118,1275
740420307,100,11,111
740420308,538,58,596
740420401,50,12,62
740420402,151,26,177
740420403,819,103,922
740420404,1026,150,1176
740420405,240,22,262
740420406,43,6,49
740420501,49,15,64
740420502,14,2,16
740420601,28,5,33
740420602,69,8,77
740420603,857,127,984
740490101,83,6,89
740490102,147,11,158
740490103,370,44,414
740490104,207,22,229
740490105,134,14,148
740490106,174,17,191
740490107,21,2,23
740490201,196,22,218
740490202,203,20,223
740490203,127,14,141
740490204,750,70,820
740490205,542,34,576
740490206,802,59,861
740490207,622,64,686
740490208,520,35,555
740490209,678,35,713
740490210,559,46,605
740490211,424,39,463
740490212,114,17,131
740490213,192,23,215
740490301,306,23,329
740490302,107,8,115
740490303,1170,86,1256
740490304,743,55,798
740490305,603,36,639
740490306,654,44,698
740490401,1217,80,1297
740490402,858,54,912
740490403,554,28,582
740490404,488,33,521
740490405,1371,90,1461
740490406,1173,68,1241
740490407,599,42,641
740490408,442,21,463
740490409,581,39,620
740490410,744,26,770
740490411,875,48,923
740490412,680,24,704
740490413,1179,52,1231
740490414,680,52,732
740490415,1473,98,1571
740490416,774,61,835
740490417,660,39,699
740490418,570,40,610
740490419,523,14,537
740560101,85,10,95
740560102,51,7,58
740560103,121,15,136
740560104,222,33,255
740560105,505,53,558
740560201,135,13,148
740560202,248,30,278
740560203,269,44,313
740560204,1337,198,1535
740560205,427,37,464
740560206,1061,116,1177
740560301,20,0,20
740560302,484,35,519
740560303,385,25,410
740560304,679,104,783
740560305,604,67,671
740560306,954,90,1044
740560307,745,80,825
740560308,747,77,824
740560309,0,0,0
740560310,977,96,1073
740560311,1009,104,1113
740560312,901,94,995
740560313,1070,109,1179
740560314,825,89,914
740560315,734,63,797
740560316,1064,83,1147
740560317,0,0,0
740560318,15,1,16
740560401,218,20,238
740560402,221,20,241
740560403,479,36,515
740560404,424,25,449
740560405,377,25,402
740560406,957,70,1027
740560407,638,44,682
740560408,161,19,180
740560501,508,26,534
740560502,960,83,1043
740560503,305,41,346
740560504,512,60,572
740560505,518,36,554
740560506,943,64,1007
740560507,771,43,814
740560508,937,62,999
740560509,1173,85,1258
740560510,795,50,845
740560511,278,18,296
740560512,1247,79,1326
740560513,1057,60,1117
740560514,879,83,962
740560515,104,19,123
740560601,10,2,12
740560602,186,10,196
740560603,810,56,866
740560604,787,49,836
740560605,1058,106,1164
740560606,1286,120,1406
740560607,684,35,719
740560608,444,23,467
740560609,840,72,912
740560610,1145,76,1221
740560611,1025,94,1119
740560612,913,96,1009
740560613,834,79,913
740560614,698,40,738
740560615,1135,95,1230
740560616,665,47,712
740560617,1030,68,1098
740560701,950,91,1041
740560702,1259,111,1370
740560703,82,4,86
740560704,1686,160,1846
740560705,1811,178,1989
740560706,1825,115,1940
740560707,502,42,544
740560708,1121,53,1174
740560709,852,50,902
740560710,1208,123,1331
740560711,447,46,493
740560712,1045,67,1112
740560713,1492,137,1629
740560714,950,34,984
740560715,913,59,972
740560716,980,50,1030
740560717,1185,99,1284
740560718,584,33,617
740560719,887,73,960
740560720,866,70,936
740560721,1099,80,1179
740560722,721,54,775
740560723,490,28,518
740560724,653,49,702
740560725,702,51,753
740560726,1021,57,1078
740560801,1047,147,1194
740560802,1373,183,1556
740560803,678,61,739
740560804,733,57,790
740560805,758,44,802
740560806,335,34,369
740560807,800,75,875
740560808,870,70,940
740560809,720,68,788
740560810,945,64,1009
740560811,498,36,534
740560812,884,91,975
740560813,774,68,842
740560814,725,56,781
740560815,658,43,701
740560901,779,59,838
740560902,977,94,1071
740560903,866,74,940
740560904,488,30,518
740560905,744,48,792
740560906,840,66,906
740560907,927,58,985
740560908,1068,63,1131
740560909,765,50,815
740560910,1026,66,1092
740560911,700,42,742
740560912,516,35,551
740560913,194,16,210
740560914,702,49,751
740560915,815,72,887
740560916,434,20,454
740561001,782,40,822
740561002,562,30,592
740561003,945,47,992
740561004,801,51,852
740561005,1127,93,1220
740561006,1050,66,1116
740561007,1095,47,1142
740561008,685,34,719
740561009,454,35,489
740561010,921,50,971
740561011,1180,79,1259
740561012,1237,105,1342
740561013,800,58,858
740561014,726,33,759
740561015,823,52,875
740561016,745,27,772
740561017,779,29,808
740561018,806,29,835
740561101,841,93,934
740561102,1100,69,1169
740561103,991,51,1042
740561104,681,45,726
740561105,565,27,592
740561106,503,18,521
740561107,767,23,790
740561108,534,26,560
740561109,466,23,489
740561110,444,21,465
740561111,404,11,415
740561112,532,17,549
740561113,508,15,523
740561114,358,12,370
740561115,334,18,352
740561116,336,8,344
740561117,520,25,545
740561118,1115,102,1217
740561119,709,89,798
740561120,738,49,787
740561121,696,40,736
740561122,1006,106,1112
740561201,1759,227,1986
740561202,1147,125,1272
740561203,1553,104,1657
740561204,1504,100,1604
740561205,815,94,909
740561206,808,106,914
740561207,650,40,690
740561208,506,30,536
740561209,640,63,703
740561210,596,57,653
740561211,579,51,630
740561212,705,63,768
740561213,1039,109,1148
740561214,990,131,1121
740561215,1393,157,1550
740561216,1427,114,1541
740561217,484,71,555
740561218,117,15,132
740561219,637,77,714
740561220,838,84,922
740561301,459,9,468
740561302,464,29,493
740561303,540,23,563
740561304,510,22,532
740561305,543,25,568
740561306,354,12,366
740561307,725,43,768
740561308,796,53,849
740561309,786,54,840
740561310,582,37,619
740561311,941,74,1015
740561312,701,61,762
740561401,427,19,446
740561402,437,12,449
740561403,802,29,831
740561404,815,51,866
740561405,946,40,986
740561406,1043,88,1131
740561407,609,63,672
740561408,859,65,924
740561409,787,55,842
740561410,433,20,453
740561411,486,21,507
740561412,619,45,664
740561413,753,42,795
740561414,1056,118,1174
740561415,1078,59,1137
740561416,1111,60,1171
740561417,1183,59,1242
740561418,1170,118,1288
740561501,1184,87,1271
740561502,891,59,950
740561503,1210,87,1297
740561504,425,47,472
740561505,852,50,902
740561506,1040,72,1112
740561507,1181,52,1233
740561508,1209,72,1281
740561509,873,60,933
740561510,897,55,952
740561511,1026,56,1082
740561512,1071,76,1147
740561513,1174,56,1230
740561514,1032,78,1110
740561515,414,39,453
740561601,271,57,328
740561602,143,19,162
740561603,101,21,122
740561701,92,12,104
740561702,8,0,8
740561703,19,0,19
740561704,63,9,72
740561705,67,9,76
740561706,11,1,12
740561707,769,123,892
740561801,10,0,10
740561802,178,27,205
740561803,32,10,42
740561804,25,4,29
740561805,12,4,16
740561901,91,27,118
740561902,137,30,167
740561903,15,1,16
740561904,9,0,9
740630101,204,24,228
740630102,625,46,671
740630201,255,20,275
740630202,413,43,456
740630301,425,39,464
740630302,162,11,173
740630303,226,21,247
740630304,164,12,176
740630305,205,20,225
740630401,283,15,298
740630402,375,32,407
740630501,104,12,116
740630502,50,4,54
740630503,386,24,410
740630504,295,22,317
780070101,33,2,35
780070201,52,7,59
780070301,13,1,14
780070302,19,1,20
780070401,120,8,128
780070501,930,76,1006
780070502,1311,61,1372
780070503,1201,141,1342
780070504,423,20,443
780070505,1664,158,1822
780070601,633,38,671
780070602,1532,128,1660
780070603,840,63,903
780070604,884,53,937
780140101,56,4,60
780140102,151,7,158
780140103,1326,96,1422
780140104,1480,152,1632
780140105,851,88,939
780140106,1984,192,2176
780140107,1091,154,1245
780140108,1418,121,1539
780140109,2062,183,2245
780140201,452,7,459
780140202,1049,85,1134
780140203,1692,150,1842
780140204,1381,96,1477
780140205,1181,112,1293
780140206,1339,96,1435
780140207,949,64,1013
780140208,1624,148,1772
780140209,497,49,546
780140210,1250,59,1309
780140211,1636,161,1797
780140212,1781,135,1916
780140213,1374,95,1469
780140214,861,83,944
780140215,83,3,86
780140216,1572,149,1721
780140217,811,89,900
780140218,1144,110,1254
780140219,1331,152,1483
780140220,996,72,1068
780140221,1413,145,1558
780140222,1343,173,1516
780140301,26,6,32
780140302,36,3,39
780140303,199,31,230
780140304,1111,151,1262
780140305,1703,202,1905
780140401,37,4,41
780140402,276,30,306
780140403,377,26,403
780140501,51,7,58
780140502,119,2,121
780140503,52,5,57
780140504,721,79,800
780140505,1791,181,1972
780140506,996,135,1131
780140507,1209,81,1290
780140601,33,1,34
780140701,49,2,51
780140801,514,43,557
780140802,1119,81,1200
780140803,1151,66,1217
780140804,1106,91,1197
780140805,1144,73,1217
780140901,1802,155,1957
780140902,1294,119,1413
780140903,779,53,832
780140904,649,54,703
780140905,882,42,924
780140906,1318,79,1397
780140907,712,43,755
780140908,1419,113,1532
780140909,977,65,1042
780140910,1097,98,1195
780140911,1049,63,1112
780140912,1288,100,1388
780140913,1080,88,1168
780140914,884,84,968
780141001,780,49,829
780141101,1349,75,1424
780141102,828,28,856
780141103,381,28,409
780141104,791,36,827
780141105,388,27,415
780141106,517,50,567
780141107,586,23,609
780141108,1208,74,1282
780141109,740,43,783
780141110,703,52,755
780141111,1301,123,1424
780141112,1002,64,1066
780141113,931,55,986
780141114,947,79,1026
780141115,1043,69,1112
780141116,720,44,764
780141117,735,45,780
780141118,400,23,423
780141119,551,34,585
780141120,1400,88,1488
780141121,737,38,775
780141122,728,47,775
780141123,653,42,695
780141124,533,33,566
780141125,588,44,632
780141201,821,71,892
780141202,914,71,985
780141203,1418,139,1557
780141204,811,85,896
780141205,598,44,642
780141206,979,63,1042
780141207,1017,55,1072
780141208,919,66,985
780210101,276,8,284
780210102,31,3,34
780210201,80,8,88
780210301,95,9,104
780210401,387,10,397
780210402,115,7,122
780210403,109,10,119
780210404,82,0,82
780210405,1114,129,1243
780210406,117,13,130
780210501,59,6,65
780210601,146,18,164
780210701,265,23,288
780210702,262,19,281
780210703,52,0,52
780210704,582,47,629
780210705,24,1,25
780210706,188,21,209
780210801,1047,72,1119
780210802,1952,147,2099
780210803,344,20,364
780210804,722,28,750
780210805,921,66,987
780210806,1135,65,1200
780210807,1715,111,1826
780210901,1453,87,1540
780210902,1863,173,2036
780210903,1887,105,1992
780211001,689,43,732
780211002,1160,63,1223
780211003,575,29,604
780211004,534,30,564
780211005,429,26,455
780211006,499,26,525
780211007,376,14,390
780211008,854,58,912
780211009,464,27,491
780211010,1169,76,1245
780211011,976,63,1039
780211012,859,63,922
780211013,541,46,587
780211014,883,77,960
780211015,424,27,451
780211016,584,61,645
780211101,605,33,638
780211102,516,26,542
780211103,971,67,1038
780211104,340,17,357
780211105,1200,61,1261
780211106,639,18,657
780211107,518,19,537
780211108,411,23,434
780211109,790,50,840
780211110,470,37,507
780211111,580,38,618
780211112,893,58,951
780211113,821,39,860
780211114,784,68,852
780211115,843,51,894
780211116,477,29,506
780211117,412,20,432
780211118,736,36,772
780211119,282,12,294
780211120,759,42,801
780211121,605,35,640
780211122,958,52,1010
780211123,938,76,1014
780211201,982,63,1045
780211202,542,40,582
780211203,600,52,652
780211204,837,56,893
780211205,1100,67,1167
780211206,427,26,453
780211207,1103,83,1186
780211208,1081,86,1167
780211209,964,55,1019
780211210,922,83,1005
780211211,686,24,710
780211212,1144,60,1204
780211213,628,38,666
780211214,729,45,774
780211215,661,42,703
780211216,794,67,861
780211217,714,34,748
780211218,573,32,605
780211219,691,35,726
780211220,1173,89,1262
780211221,2016,156,2172
780211301,926,62,988
780211302,608,68,676
780211303,638,32,670
780211304,1168,86,1254
780211305,1438,145,1583
780211306,1883,131,2014
780211307,1728,115,1843
780211308,1594,124,1718
780211309,1105,67,1172
780211310,1034,71,1105
780211311,983,53,1036
780211312,2110,153,2263
780211313,479,50,529
780211314,885,56,941
780211315,1551,135,1686
780211316,137,13,150
780211317,1601,110,1711
780211318,463,46,509
780211319,494,30,524
780211320,1781,228,2009
780211321,1014,111,1125
780211322,1222,105,1327
780211401,1286,83,1369
780211402,965,57,1022
780211403,854,62,916
780211404,703,58,761
780211405,641,68,709
780211406,970,84,1054
780211407,1106,92,1198
780211408,966,68,1034
780211409,850,50,900
780211410,1050,86,1136
780211411,742,52,794
780211412,664,51,715
780211413,414,28,442
780211414,1230,94,1324
780211415,790,47,837
780280101,33,2,35
780280102,68,3,71
780280103,1481,69,1550
780280201,11,0,11
780280301,13,0,13
780280401,61,3,64
780280402,250,15,265
780280501,56,2,58
780280502,18,2,20
780280503,1242,96,1338
780280504,2240,218,2458
780280505,334,46,380
780280506,578,28,606
780280507,7,0,7
780280508,70,4,74
780280509,107,11,118
780280510,1077,36,1113
780280511,32,1,33
780280512,146,4,150
780280513,1710,146,1856
780280514,1198,155,1353
780280601,16,7,23
780280701,863,34,897
780280702,837,47,884
780280703,1141,73,1214
780280704,1270,74,1344
780280705,748,43,791
780280706,981,30,1011
780350101,17,1,18
780350102,21,2,23
780350201,451,1,452
780350301,146,4,150
780350401,42,4,46
780350402,628,49,677
780350403,1209,80,1289
780350404,1109,82,1191
780350501,76,2,78
780350601,561,44,605
780350602,1198,72,1270
780350603,1245,88,1333
780350604,769,58,827
780350605,257,32,289
780420101,64,9,73
780420201,545,2,547
780420202,559,79,638
780420203,467,88,555
780420301,830,58,888
780420302,914,55,969
780420303,290,20,310
780420304,708,49,757
780420305,1123,83,1206
780420306,1509,100,1609
780420307,1004,66,1070
780490101,119,6,125
780490102,31,1,32
780490103,230,22,252
780490201,43,5,48
780490301,161,5,166
780490401,13,4,17
780490501,1620,130,1750
780490502,1508,113,1621
780490503,784,70,854
820070101,196,17,213
820070102,346,25,371
820070103,1121,66,1187
820070104,204,20,224
820070201,850,37,887
820070202,1014,55,1069
820070203,773,32,805
820070204,1240,90,1330
820070205,1047,96,1143
820070206,685,34,719
820070207,658,40,698
820070208,1534,103,1637
820070209,259,23,282
820070210,896,53,949
820070211,1203,60,1263
820070212,283,22,305
820070213,637,23,660
820070214,588,22,610
820070215,546,25,571
820070216,1136,97,1233
820070217,679,38,717
820070301,778,38,816
820070302,1067,55,1122
820070303,920,35,955
820070304,885,46,931
820070305,1153,95,1248
820070306,1088,84,1172
820070307,306,17,323
820070308,672,51,723
820070309,237,17,254
820070310,1370,47,1417
820070311,821,33,854
820070312,1081,48,1129
820070313,727,27,754
820070314,694,30,724
820070315,907,61,968
820070401,701,57,758
820070402,500,17,517
820070403,784,23,807
820070404,633,32,665
820070405,681,19,700
820070406,813,34,847
820070407,957,78,1035
820070408,983,46,1029
820070409,1486,100,1586
820070410,647,37,684
820070411,577,21,598
820070412,1226,69,1295
820070413,962,78,1040
820070414,877,55,932
820140101,1158,61,1219
820140102,1180,58,1238
820140103,769,32,801
820140104,584,21,605
820140105,741,40,781
820140106,956,24,980
820140107,927,61,988
820140108,770,32,802
820140109,1130,45,1175
820140110,1156,48,1204
820140111,959,50,1009
820140112,1066,49,1115
820140113,871,47,918
820140114,986,44,1030
820140115,1213,66,1279
820140116,731,64,795
820140117,741,38,779
820140118,19,0,19
820140119,64,3,67
820140120,101,7,108
820140121,121,4,125
820140122,52,2,54
820140123,17,0,17
820140124,64,3,67
820140125,45,2,47
820140126,124,8,132
820140127,81,7,88
820140128,173,13,186
820140129,138,6,144
820140130,696,17,713
820140201,132,6,138
820140202,105,4,109
820140203,793,28,821
820140204,1434,96,1530
820140205,760,26,786
820140206,897,45,942
820140207,911,32,943
820140208,672,21,693
820140209,580,13,593
820140210,749,24,773
820140211,602,15,617
820140212,493,13,506
820140213,472,15,487
820140214,509,9,518
820140215,403,8,411
820140216,545,11,556
820140217,576,14,590
820140218,1228,78,1306
820140219,759,56,815
820140301,537,27,564
820140302,650,17,667
820140303,944,24,968
820140304,514,20,534
820140305,742,21,763
820140306,275,23,298
820140307,1485,112,1597
820140308,782,57,839
820140309,728,37,765
820140310,744,34,778
820140311,760,50,810
820140312,100,2,102
820140401,824,38,862
820140402,858,29,887
820140403,922,45,967
820140404,890,36,926
820140405,791,32,823
820140406,1089,69,1158
820140407,813,54,867
820140408,1069,83,1152
820140409,576,18,594
820140410,893,40,933
820140411,825,37,862
820140412,987,35,1022
820140413,43,0,43
820140414,11,1,12
820140415,274,19,293
820140416,269,19,288
820140417,169,12,181
820140418,230,14,244
820140419,914,43,957
820140420,683,26,709
820140501,36,2,38
820140502,119,9,128
820140503,1099,49,1148
820140504,932,29,961
820140505,219,25,244
820140506,971,32,1003
820140507,764,32,796
820140508,795,25,820
820140509,593,33,626
820140510,927,27,954
820140511,905,48,953
820140512,45,3,48
820140513,600,32,632
820140514,912,39,951
820140515,56,3,59
820140516,61,5,66
820140517,994,53,1047
820140518,545,24,569
820140519,725,30,755
820140520,28,1,29
820140521,12,0,12
820140522,23,1,24
820140523,630,35,665
820140524,476,25,501
820140601,2436,345,2781
820140602,1266,62,1328
820140603,518,17,535
820140604,972,58,1030
820140605,1396,141,1537
820140606,778,43,821
820140607,1145,63,1208
820140608,940,57,997
820140609,1194,116,1310
820140610,35,0,35
820140611,67,3,70
820149001,72,2,74
820210101,141,7,148
820210102,66,3,69
820210103,1301,101,1402
820210104,819,65,884
820210105,618,25,643
820210106,831,32,863
820210107,731,37,768
820210108,367,44,411
820210109,110,6,116
820210110,1055,61,1116
820210111,293,23,316
820210112,493,39,532
820210113,168,14,182
820210114,151,15,166
820210115,576,26,602
820210116,329,28,357
820210117,260,23,283
820210118,677,35,712
820210119,1411,99,1510
820210120,271,29,300
820210121,168,15,183
820210122,169,19,188
820210123,264,7,271
820210124,1152,76,1228
820210125,64,15,79
820210126,186,25,211
820210127,128,12,140
820210128,365,22,387
820210129,144,6,150
820210130,189,13,202
820210131,209,26,235
820210132,273,26,299
820210133,956,56,1012
820210134,981,73,1054
820210201,1148,50,1198
820210202,980,35,1015
820210203,939,36,975
820210204,1096,45,1141
820210205,1305,92,1397
820210206,892,22,914
820210207,1136,61,1197
820210208,855,26,881
820210209,1076,60,1136
820210210,905,40,945
820210211,853,38,891
820210212,1233,121,1354
820210213,512,16,528
820210214,874,55,929
820210215,1678,155,1833
820210216,950,36,986
820210217,1592,108,1700
820210218,1171,75,1246
820210301,48,1,49
820210302,1521,110,1631
820210303,226,21,247
820210304,297,21,318
820210305,1254,90,1344
820210306,229,27,256
820210307,200,16,216
820210308,247,13,260
820210309,29,4,33
820210310,457,33,490
820210311,572,51,623
820210312,100,6,106
820210313,889,62,951
820210314,299,19,318
820210315,204,5,209
820210316,88,8,96
820210317,999,53,1052
820210318,941,51,992
820210319,228,30,258
820210320,265,11,276
820210321,1115,61,1176
820210322,289,29,318
820210323,145,12,157
820210324,115,11,126
820210325,96,7,103
820210326,126,6,132
820210327,570,56,626
820210328,150,12,162
820210329,184,13,197
820210330,147,9,156
820210331,161,19,180
820210332,242,14,256
820210333,438,24,462
820210401,1467,92,1559
820210402,779,44,823
820210403,563,25,588
820210404,907,38,945
820210405,606,31,637
820210406,1245,80,1325
820210407,424,10,434
820210408,875,36,911
820210409,865,33,898
820210410,380,7,387
820210411,746,18,764
820210412,585,19,604
820210413,658,22,680
820210414,727,23,750
820210415,864,37,901
820210416,3130,304,3434
820210417,1485,136,1621
820210418,1448,119,1567
820210419,1309,111,1420
820210420,718,47,765
820210421,578,23,601
820210422,3544,363,3907
820210501,1087,139,1226
820210502,1156,127,1283
820210503,1132,68,1200
820210504,770,45,815
820210505,1454,107,1561
820210506,902,44,946
820210507,592,15,607
820210508,880,38,918
820210509,611,15,626
820210510,492,17,509
820210511,660,21,681
820210512,1303,114,1417
820210513,1705,168,1873
820210514,1410,149,1559
820210601,1124,90,1214
820210602,828,40,868
820210603,658,17,675
820210604,694,22,716
820210605,970,43,1013
820210606,738,24,762
820210607,1076,49,1125
820210608,1055,55,1110
820210609,1222,68,1290
820210610,1084,71,1155
820210611,1260,73,1333
820210612,1123,60,1183
820210613,817,35,852
820210614,1045,61,1106
820210615,410,19,429
820210616,2675,173,2848
820210617,745,19,764
820210618,1211,85,1296
820210619,1361,109,1470
820210620,1246,101,1347
820210701,616,32,648
820210702,1825,178,2003
820210703,113,3,116
820210704,175,17,192
820210705,97,12,109
820210706,599,35,634
820210707,757,56,813
820210708,15,4,19
820210709,119,9,128
820210710,728,30,758
820210711,122,3,125
820210712,881,40,921
820210713,628,38,666
820210714,169,20,189
820210715,83,4,87
820210716,94,13,107
820210717,1296,133,1429
820210718,1139,85,1224
820210719,841,76,917
820210720,765,57,822
820210721,809,62,871
820210722,1764,210,1974
820210723,19,1,20
820210724,796,62,858
820210725,630,36,666
820210726,954,102,1056
820210801,448,14,462
820210802,759,16,775
820210803,687,22,709
820210804,722,25,747
820210805,757,27,784
820210806,528,22,550
820210807,1297,86,1383
820210808,820,33,853
820210809,893,68,961
820210810,1015,54,1069
820210811,899,33,932
820210812,474,19,493
820210813,953,72,1025
820210814,1134,65,1199
820210815,910,69,979
820210901,1024,47,1071
820210902,904,55,959
820210903,929,56,985
820210904,1533,112,1645
820210905,661,37,698
820210906,639,40,679
820210907,849,23,872
820210908,184,5,189
820210909,663,24,687
820210910,494,21,515
820210911,1058,65,1123
820210912,1216,55,1271
820210913,676,46,722
820210914,760,24,784
820211001,217,24,241
820211002,553,26,579
820211003,215,23,238
820211004,124,13,137
820211005,147,14,161
820211006,1150,64,1214
820211007,1005,29,1034
820211008,1289,46,1335
820211009,1062,43,1105
820211010,46,2,48
820211011,142,17,159
820211012,236,17,253
820211013,1406,138,1544
820211014,974,61,1035
820211015,988,41,1029
820211016,642,38,680
820211017,908,46,954
820211018,773,29,802
820280101,1427,44,1471
820280102,590,13,603
820280103,553,25,578
820280104,1262,82,1344
820280105,1649,129,1778
820280106,50,2,52
820280107,412,20,432
820280108,753,46,799
820280109,571,26,597
820280110,245,18,263
820280111,126,10,136
820280112,932,64,996
820280113,932,32,964
820280114,805,42,847
820280115,31,0,31
820280116,39,1,40
820280117,857,51,908
820280118,59,6,65
820280119,95,4,99
820280120,428,14,442
820280121,593,14,607
820280122,700,52,752
820280123,493,18,511
820280124,649,30,679
820280201,1687,91,1778
820280202,138,11,149
820280203,351,26,377
820280204,800,25,825
820280205,1322,85,1407
820280206,96,10,106
820280207,739,24,763
820280208,258,12,270
820280209,316,23,339
820280210,51,3,54
820280211,943,47,990
820280212,727,50,777
820280213,32,3,35
820280214,588,26,614
820280215,61,5,66
820280216,573,20,593
820280217,85,2,87
820280218,33,2,35
820280219,34,1,35
820280220,656,17,673
820280221,686,21,707
820280301,1881,325,2206
820280302,927,53,980
820280303,1043,70,1113
820280304,830,35,865
820280305,729,26,755
820280306,1279,123,1402
820280307,1014,66,1080
820280308,873,31,904
820280309,2373,172,2545
820280310,149,11,160
820280311,785,49,834
820280312,382,20,402
820280313,440,20,460
820280314,440,19,459
820280315,185,6,191
820280316,587,26,613
820280317,110,4,114
820280318,958,58,1016
820280319,397,22,419
820280320,654,31,685
820280321,593,22,615
820280322,578,113,691
820280323,142,10,152
820280324,860,86,946
820280325,96,5,101
820280326,1556,106,1662
820280327,279,18,297
820280401,1007,97,1104
820280402,755,49,804
820280403,1009,89,1098
820280404,1057,51,1108
820280405,1030,119,1149
820280406,665,21,686
820280407,838,37,875
820280408,691,34,725
820280409,812,24,836
820280410,1412,67,1479
820280411,775,25,800
820280412,995,43,1038
820280413,1108,55,1163
820280414,1206,61,1267
820280415,929,50,979
820280501,937,135,1072
820280502,597,46,643
820280503,771,28,799
820280504,821,33,854
820280505,1332,111,1443
820280506,1697,97,1794
820280507,899,51,950
820280508,1279,100,1379
820280509,1148,65,1213
820280510,621,35,656
820280511,1278,67,1345
820280512,1722,152,1874
820280513,1345,96,1441
820280514,1152,80,1232
820280515,1283,145,1428
820280516,722,39,761
820280517,1530,118,1648
820289201,135,14,149
820350101,334,23,357
820350102,800,103,903
820350103,170,19,189
820350104,24,3,27
820350105,37,4,41
820350106,819,85,904
820350107,54,7,61
820350108,330,33,363
820350109,233,17,250
820350110,484,41,525
820350111,1156,78,1234
820350112,938,83,1021
820350113,1062,90,1152
820350114,1096,60,1156
820350115,59,5,64
820350116,495,46,541
820350117,831,56,887
820350201,11,2,13
820350202,1756,175,1931
820350203,91,6,97
820350204,47,7,54
820350205,136,7,143
820350206,405,40,445
820350207,900,111,1011
820350208,274,21,295
820350209,974,108,1082
820350210,1038,84,1122
820350211,1630,98,1728
820350212,1130,96,1226
820350213,926,83,1009
820420101,84,10,94
820420102,587,35,622
820420103,738,41,779
820420104,317,23,340
820420105,74,2,76
820420106,169,8,177
820420107,948,81,1029
820420108,1215,42,1257
820420109,1103,50,1153
820420110,463,24,487
820420111,924,51,975
820420112,801,42,843
820420113,158,6,164
820420115,657,23,680
820420116,288,17,305
820420117,366,33,399
820420118,182,13,195
820420119,313,29,342
820420120,121,10,131
820420121,259,9,268
820420122,857,49,906
820420123,706,38,744
820420124,299,27,326
820420201,208,13,221
820420202,439,35,474
820420203,159,12,171
820420204,194,12,206
820420205,935,50,985
820420206,1003,112,1115
820420207,603,25,628
820420208,604,33,637
820420209,94,4,98
820420210,518,29,547
820420211,316,23,339
820420212,739,59,798
820420213,737,23,760
820420214,1187,92,1279
820420215,1193,67,1260
820420216,285,19,304
820420217,266,18,284
820420218,360,16,376
820420219,1078,87,1165
820420220,892,38,930
820420221,1110,72,1182
820420222,878,50,928
820420301,164,9,173
820420302,423,24,447
820420303,158,10,168
820420304,196,8,204
820420305,305,31,336
820420306,197,22,219
820420307,123,11,134
820420308,529,26,555
820420309,394,18,412
820420310,641,32,673
820420311,741,66,807
820420312,1027,101,1128
820420313,1462,81,1543
820420314,912,51,963
820420315,788,72,860
820420316,1130,69,1199
820420317,634,27,661
820420318,1055,91,1146
820420319,476,19,495
820420320,69,1,70
820420321,95,7,102
820420322,63,8,71
820420323,775,51,826
820420324,565,20,585
820420401,1046,40,1086
820420402,1652,174,1826
820420403,1453,160,1613
820420404,1221,68,1289
820420405,565,29,594
820420406,772,36,808
820420407,545,17,562
820420408,1155,44,1199
820420409,680,27,707
820420410,489,19,508
820420411,442,19,461
820420412,529,27,556
820420413,1069,81,1150
820420414,705,32,737
820420415,938,46,984
820420416,506,14,520
820420417,1241,64,1305
820420418,809,46,855
820420419,849,95,944
820420420,110,6,116
820420421,1058,48,1106
820420501,1169,74,1243
820420502,945,48,993
820420503,1337,91,1428
820420504,476,17,493
820420505,657,19,676
820420506,931,43,974
820420507,811,33,844
820420508,1244,75,1319
820420509,502,37,539
820420601,818,47,865
820420602,784,55,839
820420603,986,77,1063
820420604,1019,63,1082
820420605,868,44,912
820420606,1075,64,1139
820420607,823,44,867
820420608,792,31,823
820420609,297,20,317
820420610,1063,52,1115
820420611,828,31,859
820420612,773,25,798
820420613,774,42,816
820420614,658,36,694
820420615,240,12,252
820420616,677,36,713
820420617,691,34,725
820420618,733,81,814
820420619,914,83,997
820420620,910,69,979
820420621,647,42,689
820420622,586,24,610
820420701,851,67,918
820420702,781,66,847
820420703,618,42,660
820420704,1195,99,1294
820420705,1262,64,1326
820420706,982,41,1023
820420707,934,19,953
820420708,602,12,614
820420709,624,21,645
820420710,805,32,837
820420711,916,42,958
820420712,807,35,842
820420713,549,18,567
820420714,918,33,951
820420715,1375,152,1527
820420716,1272,74,1346
820420717,1253,112,1365
820420718,680,17,697
820420719,544,13,557
820420720,663,42,705
820420721,655,30,685
820420801,753,44,797
820420802,848,28,876
820420803,489,10,499
820420804,558,19,577
820420805,892,41,933
820420806,846,33,879
820420807,636,19,655
820420808,640,34,674
820420809,793,26,819
820420810,815,23,838
820420811,885,65,950
820420901,1316,104,1420
820420902,866,54,920
820420903,1411,75,1486
820420904,595,29,624
820420905,966,53,1019
820420906,1682,162,1844
820420907,973,46,1019
820420908,601,17,618
820420909,1005,41,1046
820420910,395,19,414
820420911,634,22,656
820420912,609,21,630
820420913,610,17,627
820420914,693,24,717
820420915,533,16,549
820420916,1424,103,1527
820420917,1088,82,1170
820420918,659,20,679
820420919,1131,109,1240
820420920,931,82,1013
820420921,1362,81,1443
820420922,1404,137,1541
820420923,1449,105,1554
820420924,574,22,596
820420925,708,28,736
820420926,648,32,680
820421001,729,29,758
820421002,1268,107,1375
820421003,817,45,862
820421004,959,56,1015
820421005,830,63,893
820421006,696,47,743
820421007,887,47,934
820421008,1269,128,1397
820421009,692,64,756
820421010,1332,151,1483
820421011,2267,222,2489
820421012,953,42,995
820421013,812,41,853
820421014,598,42,640
820421015,1054,84,1138
820421016,1500,158,1658
820421102,50,2,52
820421103,325,25,350
820421104,61,4,65
820421105,817,30,847
820421106,947,52,999
820421107,85,9,94
820421108,659,34,693
820421109,755,28,783
820421110,569,19,588
820421111,533,41,574
820421112,584,36,620
820421113,662,20,682
820421114,656,16,672
820421115,802,37,839
820421116,963,55,1018
820421117,246,16,262
820421118,811,36,847
820421119,662,33,695
820421120,740,40,780
820421121,609,44,653
820421201,240,21,261
820421202,192,11,203
820421203,1326,96,1422
820421204,882,68,950
820421205,761,30,791
820421206,650,23,673
820421207,700,44,744
820421208,1083,59,1142
820421209,297,14,311
820421210,1379,104,1483
820421211,844,37,881
820421212,1077,55,1132
820421213,824,42,866
820421214,1065,60,1125
820421215,78,2,80
820421216,850,46,896
820429101,38,2,40
820490101,1546,230,1776
820490102,2164,230,2394
820490103,505,58,563
820490104,14,6,20
820490105,303,32,335
820490106,92,13,105
820490107,737,78,815
820490108,1327,90,1417
820490109,1168,126,1294
820490110,725,108,833
820490111,195,24,219
820490112,1413,179,1592
820490113,142,14,156
820490114,334,44,378
820490115,147,28,175
820490116,2704,294,2998
820490117,1151,58,1209
820490118,1153,114,1267
820490119,888,66,954
820490120,42,4,46
820490121,2208,223,2431
820490122,209,40,249
820490123,2110,255,2365
820490124,1080,66,1146
820490125,1014,74,1088
820490126,183,30,213
820490127,654,56,710
820490128,1222,121,1343
820490201,767,51,818
820490202,798,86,884
820490203,91,11,102
820490204,14,4,18
820490205,102,11,113
820490206,26,3,29
820490207,18,4,22
820490208,26,3,29
820490209,81,10,91
820490210,160,21,181
820490211,25,0,25
820490212,44,5,49
820490213,794,66,860
820490301,1041,118,1159
820490302,1137,75,1212
820490303,865,29,894
820490304,831,35,866
820490305,1387,91,1478
820490306,968,58,1026
820490307,341,44,385
820490308,2312,381,2693
820490309,31,0,31
820490310,292,49,341
820490311,613,97,710
820490312,127,10,137
820490313,323,58,381
820490314,79,17,96
820490315,343,43,386
820490316,40,2,42
820490317,81,6,87
820490318,69,7,76
820490319,171,15,186
820490320,24,19,43
820490321,81,11,92
820490322,49,16,65
820490323,274,29,303
820490324,484,39,523
820490325,123,15,138
820490326,2072,206,2278
820490327,223,45,268
820490328,318,35,353
820490329,980,62,1042
820490330,835,47,882
820490331,830,26,856
820490332,908,55,963
820490333,1110,60,1170
820490334,978,84,1062
820490401,125,25,150
820490402,291,33,324
820490403,456,45,501
820490404,370,19,389
820490405,181,17,198
820490406,658,26,684
820490407,99,27,126
820490408,960,96,1056
820490409,274,26,300
820490410,343,30,373
820490411,425,64,489
820490412,444,44,488
820490413,284,25,309
820490414,30,4,34
820490415,187,23,210
820490416,662,108,770
820490417,22,3,25
820490418,338,42,380
820490419,14,0,14
820490501,71,13,84
820490502,272,45,317
820490503,133,15,148
820490504,465,32,497
820490505,232,36,268
820490506,268,25,293
820490507,276,24,300
820490508,170,18,188
820490509,882,78,960
820490510,3009,325,3334
820490511,966,81,1047
820490512,1073,61,1134
820490513,978,31,1009
820490514,2106,179,2285
820490515,891,44,935
820490516,1266,79,1345
820490517,766,45,811
820490518,940,51,991
820490519,6,2,8
820490520,6,0,6
820490521,594,26,620
820490522,1027,58,1085
820490523,2338,279,2617
820490524,1381,114,1495
820490525,905,44,949
820490526,853,41,894
820490527,1657,109,1766
820490601,656,33,689
820490602,805,51,856
820490603,1325,73,1398
820490604,1231,60,1291
820490605,1087,63,1150
820490606,824,27,851
820490607,979,144,1123
820490608,2162,271,2433
820490609,336,29,365
820490610,948,50,998
820490611,733,27,760
820490612,511,16,527
820490613,803,33,836
820490614,492,18,510
820490615,588,30,618
820490616,821,28,849
820490701,978,78,1056
820490702,818,38,856
820490703,582,37,619
820490704,713,30,743
820490705,888,67,955
820490706,1237,51,1288
820490707,1507,117,1624
820490708,1309,66,1375
820490709,1077,41,1118
820490710,698,32,730
820490711,638,28,666
820490712,1109,34,1143
820490713,483,16,499
820490714,640,47,687
820490715,1419,87,1506
820490716,1501,129,1630
820490717,1501,110,1611
820490718,2460,308,2768
820490719,1939,290,2229
820490801,424,55,479
820490802,217,57,274
820490803,390,51,441
820490804,11,1,12
820490805,25,3,28
820490806,211,27,238
820490807,255,21,276
820490808,257,34,291
820490809,326,63,389
820490810,951,109,1060
820490811,39,0,39
820490812,170,21,191
820490813,29,0,29
820490814,260,30,290
820490815,130,7,137
820490816,59,10,69
820490817,169,6,175
820490818,442,45,487
820490819,264,16,280
820490901,290,15,305
820490902,100,8,108
820490903,378,50,428
820490904,305,23,328
820490905,336,18,354
820490906,1633,178,1811
820490907,651,32,683
820490908,850,51,901
820490909,230,18,248
820490910,336,13,349
820490911,332,26,358
820490912,221,29,250
820490913,710,114,824
820490914,947,56,1003
820490915,1023,90,1113
820490916,790,35,825
820491001,775,56,831
820491002,769,46,815
820491003,991,62,1053
820491004,1190,72,1262
820491005,1371,86,1457
820491006,1192,209,1401
820491007,2608,325,2933
820491008,1263,82,1345
820491009,1095,66,1161
820491010,1067,70,1137
820491011,1476,137,1613
820491012,1073,81,1154
820491013,871,55,926
820491014,2068,156,2224
820491015,1565,138,1703
820491016,1634,190,1824
820491017,1746,164,1910
820491018,1190,90,1280
820491019,1937,238,2175
820560101,930,84,1014
820560102,172,19,191
820560103,968,52,1020
820560104,579,29,608
820560105,1050,66,1116
820560106,292,21,313
820560107,199,141,340
820560108,903,62,965
820560109,713,28,741
820560110,340,42,382
820560111,747,48,795
820560112,386,31,417
820560113,369,22,391
820560114,193,15,208
820560115,791,48,839
820560116,546,19,565
820560117,856,53,909
820560118,430,48,478
820560201,539,62,601
820560202,908,55,963
820560203,591,27,618
820560204,989,66,1055
820560205,999,49,1048
820560206,1003,52,1055
820560207,552,53,605
820560208,529,35,564
820560209,334,14,348
820560210,857,40,897
820560211,210,15,225
820560212,326,24,350
820560213,299,28,327
820560214,431,29,460
820560215,1374,84,1458
820560216,621,23,644
820560217,663,36,699
820560218,909,48,957
820560219,806,59,865
820560301,1006,50,1056
820560302,398,21,419
820560303,1579,117,1696
820560304,578,21,599
820560305,1187,53,1240
820560306,667,43,710
820560307,748,29,777
820560308,656,70,726
820560309,685,40,725
820560310,502,18,520
820560311,1434,59,1493
820560312,301,14,315
820560313,282,18,300
820560314,268,20,288
820560401,1200,68,1268
820560402,1119,42,1161
820560403,913,27,940
820560404,698,17,715
820560405,1021,23,1044
820560406,722,15,737
820560407,401,7,408
820560408,690,24,714
820560409,825,19,844
820560410,640,28,668
820560411,763,26,789
820560412,569,26,595
820560413,404,11,415
820560414,1502,81,1583
820560415,729,28,757
820560501,409,24,433
820560502,1423,85,1508
820560503,878,38,916
820560504,716,22,738
820560505,997,35,1032
820560506,650,34,684
820560507,1520,134,1654
820560508,479,14,493
820560509,1269,87,1356
820560510,926,57,983
820560511,1316,85,1401
820560512,929,64,993
820560513,762,51,813
820560514,833,54,887
820560515,621,31,652
820560516,779,55,834
820630101,637,25,662
820630102,49,1,50
820630103,987,52,1039
820630104,851,80,931
820630105,986,37,1023
820630106,317,26,343
820630107,801,43,844
820630108,258,26,284
820630109,889,65,954
820630110,1233,118,1351
820630111,464,67,531
820630112,239,16,255
820630113,137,10,147
820630114,297,19,316
820630115,143,4,147
820630116,74,4,78
820630117,104,5,109
820630118,844,78,922
820630119,1128,73,1201
820630120,889,56,945
820630121,632,37,669
820630122,1088,57,1145
820630123,716,46,762
820630124,794,55,849
820630125,1000,66,1066
820630126,1469,83,1552
820630127,839,36,875
820630128,1300,241,1541
820630129,1754,186,1940
820630201,256,36,292
820630202,101,4,105
820630203,58,5,63
820630204,1016,68,1084
820630205,828,37,865
820630206,860,44,904
820630207,1037,59,1096
820630208,1603,124,1727
820630209,715,33,748
820630210,721,17,738
820630211,739,31,770
820630212,1109,45,1154
820630213,1350,130,1480
820630214,228,18,246
820630215,235,17,252
820630216,693,38,731
820630217,66,7,73
820630218,150,9,159
820630219,106,11,117
820630220,1000,145,1145
820630221,1398,101,1499
820630222,1314,123,1437
820630223,460,54,514
820630224,390,35,425
820630225,752,60,812
820630226,241,28,269
820630227,255,30,285
820630228,266,18,284
820630229,69,6,75
820630230,69,4,73
820630231,941,50,991
820630232,1172,79,1251
820630301,501,49,550
820630302,652,56,708
820630303,468,30,498
820630304,2,0,2
820630305,556,37,593
820630306,518,32,550
820630307,1103,71,1174
820630308,832,60,892
820630309,889,57,946
820630310,1352,83,1435
820630311,1319,154,1473
820630312,1392,129,1521
820630313,656,63,719
820630314,1137,86,1223
820630315,799,88,887
820630316,1162,116,1278
820630317,865,96,961
820630318,30,7,37
820630319,1375,133,1508
820630320,2,0,2
820630321,0,0,0
820630322,1003,80,1083
820630323,692,63,755
820630324,1158,83,1241
820630325,1034,69,1103
820630326,862,82,944
820630327,550,36,586
820630401,58,8,66
820630402,1204,42,1246
820630403,400,11,411
820630404,1150,45,1195
820630405,336,39,375
820630406,8,2,10
820630407,1125,111,1236
820630408,970,55,1025
820630409,2809,360,3169
820630410,3260,366,3626
820630411,975,93,1068
820630412,1765,70,1835
820630501,1786,296,2082
820630502,1486,157,1643
820630503,1339,130,1469
820630504,1035,78,1113
820630505,955,88,1043
820630506,1986,291,2277
820630507,1198,154,1352
820630508,1282,202,1484
820630509,1802,254,2056
820630510,1331,156,1487
820630511,1227,130,1357
820630512,669,56,725
820630513,1098,103,1201
820630601,1329,132,1461
820630602,1026,56,1082
820630603,1152,50,1202
820630604,1146,69,1215
820630605,737,84,821
820630606,737,47,784
820630607,613,28,641
820630608,617,17,634
820630609,1320,61,1381
820630610,627,27,654
820630611,826,33,859
820630612,794,34,828
820630613,759,28,787
820630614,931,38,969
820630615,804,23,827
820630616,842,27,869
820630617,812,28,840
820630618,623,34,657
820630701,861,163,1024
820630702,666,31,697
820630703,553,17,570
820630704,1111,45,1156
820630705,1124,34,1158
820630706,1230,53,1283
820630707,761,19,780
820630708,650,24,674
820630709,637,18,655
820630710,708,24,732
820630711,689,32,721
820630712,675,23,698
820630713,991,43,1034
820630714,580,23,603
820630801,611,37,648
820630802,834,26,860
820630803,647,27,674
820630804,744,25,769
820630805,631,17,648
820630806,700,34,734
820630807,587,25,612
820630808,731,39,770
820630809,677,22,699
820630810,785,28,813
820630811,756,29,785
820630812,848,39,887
820630813,499,23,522
820630814,639,24,663
820630901,1170,49,1219
820630902,694,22,716
820630903,1044,50,1094
820630904,583,17,600
820630905,637,25,662
820630906,931,39,970
820630907,665,33,698
820630908,949,35,984
820630909,735,27,762
820630910,911,26,937
820631001,891,57,948
820631002,1044,42,1086
820631003,710,35,745
820631004,654,38,692
820631005,689,29,718
820631006,697,43,740
820631007,1352,88,1440
820631008,1553,86,1639
820631009,1121,72,1193
820631010,1094,64,1158
820631011,1103,68,1171
820631012,603,30,633
820631013,1296,97,1393
820631101,1311,167,1478
820631102,1542,119,1661
820631103,1299,123,1422
820631104,744,50,794
820631105,1118,108,1226
820631106,1820,135,1955
820631107,2242,297,2539
820631108,710,62,772
820631109,771,68,839
820631110,1649,163,1812
820631111,1312,112,1424
820631112,756,79,835
820631113,1265,133,1398
820631114,922,123,1045
820631115,1406,128,1534
820631116,868,84,952
820631117,823,51,874
820631118,934,173,1107
820631119,672,50,722
820631201,978,69,1047
820631202,617,36,653
820631203,513,34,547
820631204,1198,132,1330
820631205,700,65,765
820631206,478,49,527
820631207,1138,62,1200
820631208,1192,72,1264
820631209,1099,47,1146
820631210,895,145,1040
820631211,833,40,873
820631212,776,34,810
820631213,1113,43,1156
820631214,872,81,953
820631215,878,79,957
820631301,773,36,809
820631302,942,30,972
820631303,459,16,475
820631304,740,27,767
820631305,717,34,751
820631306,668,25,693
820631307,771,29,800
820631308,751,52,803
820631309,1533,152,1685
820631310,668,44,712
820631311,653,21,674
820631312,806,30,836
820631313,945,36,981
820631314,705,38,743
820631315,938,29,967
820631316,1023,37,1060
820631317,976,44,1020
820631318,703,19,722
820631319,601,17,618
820631320,611,29,640
820631401,728,22,750
820631402,1048,32,1080
820631403,941,35,976
820631404,910,35,945
820631405,744,22,766
820631406,702,23,725
820631407,631,20,651
820631408,776,22,798
820631409,825,16,841
820631410,884,38,922
820631411,758,18,776
820631501,965,36,1001
820631502,766,25,791
820631503,794,27,821
820631504,580,19,599
820631505,774,25,799
820631506,478,13,491
820631507,773,39,812
820631508,635,29,664
820631509,684,20,704
820631510,898,31,929
820631511,998,28,1026
820631512,859,32,891
820631513,625,14,639
820631601,764,33,797
820631602,849,37,886
820631603,1022,32,1054
820631604,609,20,629
820631605,590,28,618
820631606,602,13,615
820631607,522,16,538
820631608,1147,39,1186
820631609,620,26,646
820631610,1238,123,1361
820631611,739,22,761
820631612,692,27,719
820631701,886,15,901
820631702,1268,38,1306
820631703,764,39,803
820631704,429,17,446
820631705,858,26,884
820631706,810,21,831
820631707,556,9,565
820631708,779,41,820
820631709,680,18,698
820631710,730,16,746
820631711,782,39,821
820631712,623,16,639
820631713,756,21,777
820631714,744,25,769
820631801,730,18,748
820631802,887,30,917
820631803,682,12,694
820631804,666,9,675
820631805,199,5,204
820631806,541,9,550
820631807,993,15,1008
820631808,744,21,765
820631809,398,8,406
820631810,489,4,493
820631811,664,12,676
820631812,411,8,419
820631813,360,8,368
820631901,990,56,1046
820631902,657,27,684
820631903,1088,44,1132
820631904,502,17,519
820631905,613,15,628
820631906,384,14,398
820631907,968,39,1007
820631908,589,66,655
820631909,1142,65,1207
820631910,1336,110,1446
820631911,768,64,832
820631912,666,25,691
820631913,2073,269,2342
820632001,739,20,759
820632002,321,13,334
820632003,519,19,538
820632004,162,7,169
820632005,395,10,405
820632006,560,11,571
820632007,454,15,469
820632008,830,29,859
820632009,724,29,753
820632010,883,45,928
820632011,705,29,734
820632012,798,46,844
820632101,675,15,690
820632102,781,25,806
820632103,644,16,660
820632104,1016,36,1052
820632105,771,26,797
820632106,674,12,686
820632107,798,21,819
820632108,623,19,642
820632109,794,26,820
820632110,239,7,246
820632111,931,39,970
820632112,714,9,723
820632113,466,16,482
820632114,684,21,705
820632115,613,36,649
820632201,482,11,493
820632202,558,8,566
820632203,395,5,400
820632204,268,4,272
820632205,261,5,266
820632206,257,9,266
820632207,642,19,661
820632208,715,13,728
820632209,500,8,508
820632210,439,15,454
820632211,351,4,355
820632212,505,9,514
820632213,481,25,506
820632214,501,16,517
820632301,674,24,698
820632302,730,21,751
820632303,651,19,670
820632304,766,22,788
820632305,591,18,609
820632306,1075,29,1104
820632307,355,8,363
820632308,837,37,874
820632309,604,13,617
820632310,874,18,892
820632311,416,18,434
820632312,718,21,739
820632313,314,7,321
820632314,694,33,727
820632401,588,14,602
820632402,509,11,520
820632403,603,16,619
820632404,497,11,508
820632405,383,12,395
820632406,336,4,340
820632407,325,10,335
820632408,466,13,479
820632409,545,20,565
820632410,551,19,570
820632411,565,13,578
820632412,661,16,677
820632413,394,7,401
820632414,553,9,562
820632415,534,9,543
820632416,607,15,622
820632417,430,3,433
820632418,283,8,291
820632501,653,56,709
820632502,1015,54,1069
820632503,974,29,1003
820632504,485,14,499
820632505,514,25,539
820632506,807,62,869
820632507,468,33,501
820632508,493,10,503
820632509,839,26,865
820632510,730,29,759
820632511,673,27,700
820632512,335,13,348
820632513,609,20,629
820632601,1860,240,2100
820632602,1059,86,1145
820632603,973,75,1048
820632604,963,70,1033
820632605,1276,123,1399
820632606,857,62,919
820632607,1167,63,1230
820632608,928,31,959
820632609,1104,62,1166
820632610,741,50,791
820632611,705,37,742
820632612,1000,70,1070
820632613,2079,195,2274
820632614,950,58,1008
820632615,831,59,890
820632616,1026,152,1178
820632617,1404,96,1500
820632701,749,52,801
820632702,834,34,868
820632703,744,33,777
820632704,840,37,877
820632705,757,10,767
820632706,987,39,1026
820632707,762,25,787
820632708,676,33,709
820632709,1589,95,1684
820632710,1344,89,1433
820632711,1194,70,1264
820632712,1353,111,1464
820632713,1548,257,1805
820632714,1461,100,1561
820632715,1205,79,1284
820632716,370,55,425
820632801,881,36,917
820632802,1116,65,1181
820632803,1362,68,1430
820632804,43,7,50
820632805,1599,136,1735
820632806,1881,132,2013
820632807,1335,75,1410
820632808,1024,64,1088
820632809,1321,114,1435
820632810,1435,88,1523
820632811,2246,258,2504
820632812,12,1,13
820632813,144,3,147
820632814,1498,120,1618
820632815,518,45,563
820632816,426,29,455
820632817,626,33,659
820632818,878,77,955
820632819,1043,54,1097
820632820,12,2,14
820632821,181,13,194
820632822,165,13,178
820632823,702,61,763
820632824,2,0,2
820632825,447,28,475
820632826,524,24,548
820632827,182,4,186
820632828,641,24,665
820632829,873,85,958
820632901,1641,154,1795
820632902,798,61,859
820632903,771,25,796
820632904,1182,64,1246
820632905,1474,128,1602
820632906,1213,136,1349
820632907,850,64,914
820632908,928,72,1000
820632909,1118,76,1194
820632910,851,54,905
820632911,660,39,699
820632912,636,27,663
820632913,808,34,842
820632914,567,25,592
820632915,941,42,983
820633001,848,26,874
820633002,968,39,1007
820633003,573,13,586
820633004,524,15,539
820633005,645,28,673
820633006,753,25,778
820633007,1145,39,1184
820633008,1353,61,1414
820633009,1359,45,1404
820633010,1222,57,1279
820633011,963,39,1002
820633012,727,28,755
820633013,1183,99,1282
820633101,1764,126,1890
820633102,577,46,623
820633103,1058,71,1129
820633104,2156,167,2323
820633105,98,10,108
820633106,1117,79,1196
820633107,1202,112,1314
820633108,748,60,808
820633109,2051,171,2222
820633110,1273,133,1406
820633111,1041,106,1147
820633112,1248,106,1354
820633113,1097,76,1173
820633114,1186,80,1266
820633115,1534,160,1694
820633201,1170,81,1251
820633202,975,64,1039
820633203,1489,88,1577
820633204,771,50,821
820633205,1150,125,1275
820633206,831,54,885
820633207,1653,94,1747
820633208,1124,53,1177
820633209,1390,44,1434
820633210,910,44,954
820633211,1260,113,1373
820633212,1880,166,2046
820633213,1473,67,1540
820633214,819,56,875
820633215,535,36,571
820633216,904,47,951
820633301,1243,136,1379
820633302,882,104,986
820633303,1034,111,1145
820633304,972,76,1048
820633305,745,52,797
820633306,936,30,966
820633307,884,40,924
820633308,1211,44,1255
820633309,755,51,806
820633310,876,86,962
820633401,2434,267,2701
820633402,1310,94,1404
820633403,1438,122,1560
820633404,863,83,946
820633405,4907,467,5374
820633406,1838,155,1993
820633407,769,57,826
820633408,681,42,723
820633409,830,80,910
820633410,734,51,785
820633411,870,54,924
820633412,1398,118,1516
820633413,2813,248,3061
820633501,784,76,860
820633502,743,58,801
820633503,759,50,809
820633504,616,28,644
820633505,568,22,590
820633506,839,28,867
820633507,682,17,699
820633508,673,22,695
820633509,688,16,704
820700101,790,40,830
820700102,266,19,285
820700103,95,5,100
820700104,899,80,979
820700105,307,13,320
820700106,68,7,75
820700107,184,14,198
820700108,609,26,635
820700109,195,19,214
820700110,527,29,556
820700111,1326,87,1413
820700112,245,12,257
820700113,91,3,94
820700114,89,9,98
820700115,241,13,254
820700116,148,11,159
820700117,524,12,536
820700201,1029,36,1065
820700202,475,37,512
820700203,265,26,291
820700204,905,42,947
820700205,379,41,420
820700206,246,14,260
820700207,498,29,527
820700208,351,12,363
820700209,765,32,797
820700210,445,30,475
820700211,386,20,406
820700212,344,25,369
820700213,979,41,1020
820700214,510,34,544
820700215,128,6,134
820700216,168,13,181
820700217,203,16,219
820700218,1030,66,1096
820700219,1348,87,1435
820700220,504,33,537
820700221,1003,40,1043
820700222,894,34,928
820700301,559,68,627
820700302,319,25,344
820700303,1222,91,1313
820700304,520,39,559
820700305,916,36,952
820700306,629,39,668
820700307,740,35,775
820700308,808,34,842
820700309,726,24,750
820700310,1274,77,1351
820700311,1349,102,1451
820700312,623,24,647
820700313,803,35,838
820700314,919,38,957
820700315,1489,142,1631
820700316,841,47,888
820700317,786,19,805
820700318,1626,149,1775
820700319,1108,71,1179
820700320,912,54,966
820700401,2145,245,2390
820700402,1496,72,1568
820700403,1045,52,1097
820700404,937,41,978
820700405,695,30,725
820700406,891,68,959
820700407,579,18,597
820700408,475,10,485
820700409,636,11,647
820700410,1300,64,1364
820700411,751,21,772
820700412,726,20,746
820700413,889,32,921
820700414,881,44,925
820700415,1389,100,1489
820700416,1190,46,1236
820700417,1910,162,2072
820700418,504,15,519
820700419,802,25,827
820700420,536,17,553
820700501,1212,85,1297
820700502,541,27,568
820700503,1092,52,1144
820700504,523,21,544
820700505,677,44,721
820700506,157,16,173
820700507,207,15,222
820700508,1268,62,1330
820700509,692,24,716
820700510,932,39,971
820700511,1586,91,1677
820700512,805,47,852
820700513,129,12,141
820700514,108,9,117
820700515,319,23,342
820700516,174,11,185
820700517,770,23,793
820700518,350,26,376
820700519,330,29,359
820700520,210,14,224
820700521,464,13,477
820700522,659,32,691
820700523,1333,63,1396
820700524,1245,97,1342
820700525,1267,77,1344
820700601,1411,68,1479
820700602,325,25,350
820700603,673,36,709
820700604,179,14,193
820700605,741,44,785
820700606,215,17,232
820700607,564,35,599
820700608,336,27,363
820700609,198,14,212
820700610,160,18,178
820700611,844,40,884
820700612,1403,78,1481
820700613,555,54,609
820700701,644,25,669
820700702,756,29,785
820700703,740,20,760
820700704,600,20,620
820700705,823,52,875
820700706,570,9,579
820700707,827,46,873
820700708,1474,99,1573
820700709,299,32,331
820700710,664,55,719
820700711,178,10,188
820700712,945,66,1011
820700713,784,46,830
820700714,170,6,176
820700715,1061,64,1125
820700716,761,38,799
820700717,765,39,804
820700718,782,46,828
820770101,329,30,359
820770102,244,40,284
820770103,1127,154,1281
820770104,334,52,386
820770105,296,55,351
820770106,838,118,956
820770107,785,155,940
820770201,536,84,620
820770202,605,91,696
820770203,960,118,1078
820770204,493,71,564
820770205,174,35,209
820770206,1336,191,1527
820770207,1271,201,1472
820770301,375,41,416
820770302,830,92,922
820770303,1214,149,1363
820770304,1546,160,1706
820770305,1387,182,1569
820770306,1016,93,1109
820770307,935,53,988
820770308,1338,193,1531
820770309,705,91,796
820770310,245,24,269
820770311,225,21,246
820770312,643,31,674
820770313,1069,105,1174
820770314,677,52,729
820770315,535,25,560
820770316,1038,119,1157
820770317,759,60,819
820770401,197,21,218
820770402,561,38,599
820770403,140,21,161
820770404,148,11,159
820770405,11,1,12
820770406,48,1,49
820770407,113,10,123
820770408,118,17,135
820770409,11,2,13
820840101,533,65,598
820840102,1389,67,1456
820840103,1869,144,2013
820840201,687,71,758
820840202,1069,97,1166
820840203,1145,71,1216
820840204,1349,90,1439
820840205,821,32,853
820840206,1961,165,2126
820840207,723,37,760
820840208,1382,54,1436
820840209,1361,84,1445
820840210,1626,92,1718
820840211,1024,72,1096
820840212,1049,93,1142
820840213,40,5,45
820840214,1311,85,1396
820840301,360,93,453
820840302,1327,121,1448
820840303,1020,61,1081
820840304,1094,71,1165
820840305,1324,97,1421
820840306,1449,111,1560
820840307,1953,189,2142
820840308,1346,166,1512
820840309,959,79,1038
820840310,905,55,960
820840311,1527,173,1700
820840401,494,26,520
820840402,695,19,714
820840403,937,35,972
820840404,1040,39,1079
820840405,1024,41,1065
820840406,924,15,939
820840407,590,16,606
820840408,772,37,809
820840409,1079,42,1121
820840410,640,23,663
820840411,801,25,826
820840412,921,45,966
820840413,1047,88,1135
820840414,710,21,731
820840415,609,28,637
820840416,300,3,303
820840417,251,7,258
820840418,394,11,405
820840419,183,4,187
820840420,1037,109,1146
820840421,1549,149,1698
820840422,694,34,728
820840501,1107,51,1158
820840502,2328,80,2408
820840503,982,75,1057
820840504,370,16,386
820840505,1677,51,1728
820840506,905,30,935
820840507,872,27,899
820840508,822,21,843
820840509,837,47,884
820840510,706,17,723
820840511,841,34,875
820840512,482,15,497
820840513,602,20,622
820840514,910,35,945
820840515,600,18,618
820840516,853,29,882
820840517,886,55,941
820840518,1088,34,1122
820840519,986,31,1017
820840601,629,20,649
820840602,841,31,872
820840603,707,26,733
820840604,1469,135,1604
820840605,1564,185,1749
820840606,1140,77,1217
820840607,684,17,701
820840608,719,28,747
820840609,704,25,729
820840610,1057,27,1084
820840611,987,36,1023
820840612,967,40,1007
820840613,1087,49,1136
820840614,1388,68,1456
820840615,861,47,908
820840616,1936,152,2088
820840617,874,50,924
820840618,776,45,821
820840619,703,37,740
820840620,845,34,879
820840621,832,37,869
820840622,1002,46,1048
820840623,1073,104,1177
820840624,443,20,463
820840701,811,61,872
820840702,999,87,1086
820840703,1377,92,1469
820840704,1365,91,1456
820840705,1747,78,1825
820840706,2172,156,2328
820840707,979,104,1083
820840708,778,49,827
820840709,1482,69,1551
820840710,564,26,590
820840711,668,21,689
820840712,675,32,707
820840713,555,28,583
820840714,743,14,757
820840715,754,28,782
820840716,599,17,616
820840717,996,70,1066
820840718,1099,49,1148
820840719,660,18,678
820840720,845,33,878
820840721,1500,200,1700
820840722,565,68,633
820840723,835,53,888
820840724,882,39,921
820840801,647,26,673
820840802,760,41,801
820840803,861,27,888
820840804,740,24,764
820840805,835,29,864
820840806,839,29,868
820840807,978,29,1007
820840808,857,34,891
820840809,750,32,782
820840810,707,44,751
820840811,1433,253,1686
820840901,705,34,739
820840902,877,24,901
820840903,582,16,598
820840904,676,19,695
820840905,796,23,819
820840906,731,27,758
820840907,2017,160,2177
820840908,846,40,886
820840909,505,17,522
820840910,495,15,510
820840911,510,18,528
820841001,1275,164,1439
820841002,1486,168,1654
820841003,665,60,725
820841004,1564,168,1732
820841005,1038,153,1191
820841006,1496,193,1689
820841007,2177,234,2411
820841008,1361,91,1452
820841009,1458,115,1573
820841010,1515,108,1623
820841011,1796,162,1958
820841012,1570,132,1702
820841013,1000,99,1099
820841014,1134,105,1239
820841015,686,52,738
820841016,432,20,452
820841017,1189,76,1265
820841018,1643,111,1754
820841019,4004,383,4387
820841020,875,174,1049
820841101,733,23,756
820841102,558,14,572
820841103,877,34,911
820841104,614,20,634
820841105,948,54,1002
820841106,982,59,1041
820841107,1481,87,1568
820841108,782,26,808
820841109,49,4,53
820841110,1527,92,1619
820841111,1105,22,1127
820841112,880,16,896
820841113,581,24,605
820841114,950,130,1080
820841115,609,29,638
820841116,773,28,801
820841117,924,32,956
820841118,889,19,908
820841119,856,34,890
820841201,1268,85,1353
820841202,1050,74,1124
820841203,960,64,1024
820841204,1263,131,1394
820841205,918,58,976
820841206,1365,155,1520
820841207,688,34,722
820841208,663,48,711
820841209,1053,157,1210
820841210,862,46,908
820841211,1187,111,1298
820841212,807,38,845
820841213,885,79,964
820841214,884,48,932
820841215,857,48,905
820841216,690,29,719
820841217,778,50,828
820841218,1176,112,1288
820841219,846,111,957
820841220,823,116,939
820841221,1086,100,1186
820841301,856,34,890
820841302,1642,158,1800
820841303,1336,104,1440
820841304,1619,236,1855
820841305,727,24,751
820841306,965,67,1032
820841307,619,44,663
820841308,841,58,899
820841309,567,26,593
820841310,915,30,945
820841311,762,36,798
820841312,601,20,621
820841313,1277,77,1354
820841314,855,49,904
820841401,761,38,799
820841402,504,14,518
820841403,701,26,727
820841404,872,28,900
820841405,719,29,748
820841406,891,36,927
820841407,754,28,782
820841408,823,29,852
820841409,608,20,628
820841410,936,47,983
820841411,465,19,484
820841501,669,32,701
820841502,750,27,777
820841503,657,30,687
820841504,717,47,764
820841505,662,21,683
820841506,677,27,704
820841507,508,18,526
820841508,676,39,715
820841509,726,44,770
820841601,722,18,740
820841602,850,17,867
820841603,854,34,888
820841604,739,24,763
820841605,863,20,883
820841606,692,13,705
820841607,839,16,855
820841608,458,7,465
820841609,826,22,848
820841610,546,7,553
820841611,486,17,503
820841612,493,5,498
820841701,396,17,413
820841702,536,14,550
820841703,517,24,541
820841704,609,21,630
820841705,563,19,582
820841706,711,25,736
820841707,557,21,578
820841708,327,5,332
820841709,682,19,701
820841710,584,22,606
820841711,760,19,779
820841712,606,16,622
820841713,634,17,651
820841714,656,13,669
820841715,731,23,754
820841716,390,10,400
820841717,456,7,463
820841718,512,7,519
820841719,546,18,564
820841801,951,30,981
820841802,325,11,336
820841803,298,4,302
820841804,931,32,963
820841805,542,15,557
820841806,498,12,510
820841807,842,20,862
820841808,486,21,507
820841809,540,18,558
820841810,557,9,566
820841811,781,13,794
820841812,443,12,455
820841813,729,12,741
820841814,443,8,451
820841815,472,9,481
820841816,317,5,322
820841817,355,11,366
820841818,761,17,778
820841901,568,19,587
820841902,519,14,533
820841903,688,15,703
820841904,396,13,409
820841905,424,17,441
820841906,418,11,429
820841907,404,8,412
820841908,582,10,592
820841909,783,36,819
820841910,723,23,746
820841911,517,7,524
820841912,533,31,564
820841913,301,7,308
820841914,344,11,355
820841915,464,11,475
820841916,440,4,444
820841917,677,19,696
820841918,655,17,672
820841919,304,9,313
820841920,360,10,370
820841921,295,10,305
820841922,206,1,207
820841923,300,11,311
820841924,544,22,566
820842001,503,4,507
820842002,509,12,521
820842003,702,28,730
820842004,382,14,396
820842005,347,14,361
820842006,415,6,421
820842007,545,11,556
820842008,362,13,375
820842009,590,16,606
820842010,334,4,338
820842011,460,14,474
820842012,541,13,554
820842013,586,29,615
820842014,503,12,515
820842015,266,11,277
820842016,374,10,384
820842017,254,6,260
820842101,605,25,630
820842102,734,30,764
820842103,569,8,577
820842104,764,28,792
820842105,338,6,344
820842106,85,3,88
820842107,564,16,580
820842108,515,11,526
820842109,455,9,464
820842110,504,8,512
820842111,533,11,544
820842112,278,10,288
820842113,120,12,132
820842114,681,25,706
820842115,377,11,388
820842116,579,12,591
820842117,317,3,320
820842201,490,15,505
820842202,465,7,472
820842203,499,13,512
820842204,19,1,20
820842205,699,11,710
820842206,633,20,653
820842207,702,12,714
820842208,784,17,801
820842209,474,15,489
820842210,796,17,813
820842211,725,29,754
820842212,722,11,733
820842213,382,4,386
820842301,591,19,610
820842302,454,10,464
820842303,685,20,705
820842304,426,10,436
820842305,610,23,633
820842306,559,19,578
820842307,637,11,648
820842308,643,13,656
820842309,662,10,672
820842310,403,7,410
820842311,740,17,757
820842312,619,9,628
820842313,670,16,686
820842314,523,11,534
820842315,506,12,518
820842316,483,17,500
820842317,388,13,401
820842318,465,7,472
820842319,443,12,455
820842320,450,17,467
820842321,290,10,300
820842322,421,17,438
820842323,504,10,514
820842324,396,5,401
820842401,388,5,393
820842402,569,17,586
820842403,387,8,395
820842404,677,12,689
820842405,661,17,678
820842406,475,12,487
820842407,551,15,566
820842408,471,8,479
820842409,656,16,672
820842410,412,12,424
820842411,395,8,403
820842412,626,12,638
820842413,706,23,729
820842414,370,4,374
820842415,408,14,422
820842416,511,17,528
820842417,260,12,272
820842418,457,12,469
820842419,441,9,450
820842501,535,14,549
820842502,454,9,463
820842503,385,5,390
820842504,430,47,477
820842505,499,13,512
820842506,664,13,677
820842507,549,7,556
820842508,652,12,664
820842509,673,22,695
820842510,323,7,330
820842511,546,11,557
820842512,1063,27,1090
820842513,711,17,728
820842514,151,1,152
820842515,335,10,345
820842516,222,4,226
820842601,577,13,590
820842602,579,32,611
820842603,610,10,620
820842604,690,16,706
820842605,369,1,370
820842606,395,12,407
820842607,501,20,521
820842608,533,9,542
820842609,270,7,277
820842610,638,19,657
820842611,387,8,395
820842612,299,3,302
820842613,758,10,768
820842614,606,18,624
820842615,548,6,554
820842616,770,20,790
820842617,399,12,411
820842618,376,8,384
820842619,313,4,317
820842620,385,11,396
820842621,705,15,720
820842622,296,7,303
820842623,454,12,466
820842701,846,25,871
820842702,546,9,555
820842703,398,11,409
820842704,348,8,356
820842705,354,7,361
820842706,352,13,365
820842707,523,21,544
820842708,546,13,559
820842709,278,5,283
820842710,569,5,574
820842711,441,9,450
820842712,747,21,768
820842713,467,11,478
820842714,552,14,566
820842715,661,16,677
820842716,558,12,570
820842717,293,8,301
820842718,371,9,380
820842719,416,3,419
820842720,406,6,412
820842721,504,12,516
820842722,376,10,386
820842801,370,16,386
820842802,792,17,809
820842803,338,5,343
820842804,511,10,521
820842805,250,10,260
820842806,57,1,58
820842807,746,19,765
820842808,396,7,403
820842809,658,13,671
820842810,810,26,836
820842811,801,19,820
820842812,405,9,414
820842813,465,13,478
820842814,322,6,328
820842815,617,16,633
820842816,623,14,637
820842817,591,10,601
820842818,428,11,439
820842819,488,9,497
820842820,627,9,636
820842821,421,8,429
820842822,385,6,391
820842823,311,11,322
820842824,567,8,575
820842825,400,4,404
820842901,1008,28,1036
820842902,668,8,676
820842903,690,13,703
820842904,660,18,678
820842905,754,19,773
820842906,373,6,379
820842907,636,25,661
820842908,697,12,709
820842909,482,14,496
820842910,778,11,789
820842911,782,33,815
820842912,649,12,661
820842913,525,19,544
820842914,701,23,724
820842915,641,19,660
820842916,436,12,448
820842917,817,13,830
820842918,675,19,694
820842919,596,21,617
820842920,513,10,523
820842921,318,7,325
820842922,359,8,367
820842923,357,7,364
820842924,626,20,646
820843001,743,28,771
820843002,817,57,874
820843003,1722,102,1824
820843004,1168,56,1224
820843005,890,33,923
820843006,774,54,828
820843007,1388,97,1485
820843008,860,52,912
820843009,1079,67,1146
820843010,1127,65,1192
820843011,701,47,748
820843012,879,56,935
820843013,704,37,741
820843014,1031,85,1116
820843101,1045,58,1103
820843102,781,36,817
820843103,767,23,790
820843104,775,20,795
820843105,444,25,469
820843106,816,23,839
820843107,500,26,526
820843108,754,51,805
820843109,513,22,535
820843110,859,28,887
820843111,887,30,917
820843112,835,31,866
820843113,820,27,847
820843114,870,31,901
820843115,673,17,690
820843116,848,36,884
820843117,678,34,712
820843118,706,34,740
820843119,718,28,746
820843120,672,27,699
820843121,814,40,854
820843201,1188,70,1258
820843202,961,47,1008
820843203,891,44,935
820843204,883,38,921
820843205,901,62,963
820843206,1125,77,1202
820843207,961,65,1026
820843208,1570,161,1731
820843209,720,43,763
820843210,1040,98,1138
820843211,943,44,987
820843212,1423,83,1506
820843213,1281,64,1345
820843214,694,57,751
820843215,982,73,1055
820843301,874,74,948
820843302,1079,78,1157
820843303,1493,109,1602
820843304,1076,61,1137
820843305,1370,107,1477
820843306,1056,60,1116
820843307,891,69,960
820843308,740,39,779
820843309,1441,70,1511
820843310,1358,103,1461
820843311,1325,88,1413
820843312,1138,71,1209
820843313,844,61,905
820843314,866,69,935
820843315,1665,169,1834
820843316,1114,97,1211
820843317,1240,141,1381
820843318,1048,78,1126
820843319,885,65,950
820843401,890,73,963
820843402,1177,139,1316
820843403,398,12,410
820843404,1275,98,1373
820843405,878,27,905
820843406,880,24,904
820843407,803,20,823
820843408,993,34,1027
820843409,1119,117,1236
820843410,787,25,812
820843411,492,14,506
820843412,604,24,628
820843413,481,10,491
820843414,765,31,796
820843415,896,55,951
820843416,1258,152,1410
820843417,664,26,690
820843418,403,12,415
820843419,539,59,598
820843501,1005,92,1097
820843502,382,35,417
820843503,659,22,681
820843504,921,32,953
820843505,901,37,938
820843506,681,22,703
820843507,520,11,531
820843508,712,46,758
820843509,1131,41,1172
820843510,1163,91,1254
820843511,1181,146,1327
820843512,1412,137,1549
820843513,878,54,932
820843514,1153,73,1226
820843515,1266,73,1339
820843516,892,135,1027
820843517,2215,334,2549
820843601,606,15,621
820843602,651,41,692
820843603,675,23,698
820843604,777,24,801
820843605,428,16,444
820843606,366,11,377
820843607,745,19,764
820843608,851,29,880
820843609,847,37,884
820843610,857,32,889
820843611,785,24,809
820843612,1686,87,1773
820843613,783,17,800
820843614,616,22,638
820843615,589,29,618
820843616,1169,76,1245
820843617,558,11,569
820843618,546,18,564
820843619,470,20,490
820843701,816,13,829
820843702,985,41,1026
820843703,632,19,651
820843704,539,20,559
820843705,553,13,566
820843706,719,18,737
820843707,578,14,592
820843708,801,20,821
820843709,444,15,459
820843710,724,22,746
820843711,480,17,497
820843712,859,25,884
820843713,779,24,803
820843714,765,31,796
820843715,582,22,604
820843716,507,13,520
820843801,846,24,870
820843802,734,22,756
820843803,696,27,723
820843804,798,23,821
820843805,701,20,721
820843806,690,19,709
820843807,621,21,642
820843808,455,14,469
820843809,530,13,543
820843810,784,31,815
820843811,928,56,984
820843812,675,42,717
820843813,938,38,976
820843814,824,31,855
820843815,590,9,599
820843901,449,8,457
820843902,502,6,508
820843903,664,14,678
820843904,522,22,544
820843905,883,21,904
820843906,728,22,750
820843907,814,31,845
820843908,867,25,892
820843909,458,18,476
820843910,394,13,407
820843911,592,16,608
820843912,830,24,854
820843913,744,20,764
820843914,328,13,341
820843915,445,9,454
820843916,339,4,343
820843917,388,9,397
820843918,1149,56,1205
820843919,445,7,452
820843920,536,19,555
820844001,783,29,812
820844002,666,16,682
820844003,787,19,806
820844004,916,62,978
820844005,1192,139,1331
820844006,579,21,600
820844007,597,15,612
820844008,444,8,452
820844009,713,38,751
820844010,724,20,744
820844011,328,22,350
820844012,202,11,213
820844013,575,28,603
820844014,848,24,872
820844015,550,17,567
820844101,756,35,791
820844102,732,48,780
820844103,720,37,757
820844104,869,46,915
820844105,0,0,0
820844106,774,39,813
820844107,970,44,1014
820844108,930,50,980
820844109,996,73,1069
820844110,1309,124,1433
820844111,861,70,931
820844112,907,59,966
820844201,416,18,434
820844202,565,60,625
820844203,289,30,319
820844204,662,51,713
820844205,625,50,675
820844206,330,15,345
820844207,1188,85,1273
820844208,950,92,1042
820844209,1033,81,1114
820844210,1007,29,1036
820844211,810,72,882
820844212,909,48,957
820844213,1340,86,1426
820844214,482,34,516
820844301,647,21,668
820844302,580,21,601
820844303,620,19,639
820844304,677,26,703
820844305,640,24,664
820844306,620,19,639
820844307,844,27,871
820844308,402,15,417
820844309,626,32,658
820844310,615,21,636
820844311,798,32,830
820844312,1008,47,1055
820844313,927,34,961
820844314,1073,34,1107
820844401,942,40,982
820844402,381,10,391
820844403,1006,68,1074
820844404,892,70,962
820844405,507,12,519
820844406,695,24,719
820844407,735,36,771
820844408,686,42,728
820844409,775,23,798
820844410,690,25,715
820844411,571,17,588
820844412,679,23,702
820844413,766,16,782
820844414,655,13,668
820844415,700,22,722
820844416,882,34,916
820844417,711,40,751
820844418,765,32,797
820844501,729,30,759
820844502,462,19,481
820844503,1024,50,1074
820844504,779,19,798
820844505,555,27,582
820844506,437,22,459
820844507,706,24,730
820844508,648,25,673
820844509,979,31,1010
820844510,917,36,953
820844511,1030,33,1063
820844512,901,22,923
820844513,353,18,371
820844514,990,44,1034
820844515,700,25,725
820844516,1006,104,1110
820844517,951,64,1015
820844518,1080,38,1118
820844519,845,41,886
820844520,827,82,909
820844521,556,16,572
820844522,664,31,695
820844523,999,45,1044
820844524,781,32,813
820844601,884,35,919
820844602,846,35,881
820844603,923,39,962
820844604,850,25,875
820844605,434,11,445
820844606,1014,40,1054
820844607,1242,60,1302
820844608,831,28,859
820844609,1748,201,1949
820844610,942,57,999
820844611,1235,131,1366
820844612,630,44,674
820844613,1235,103,1338
820844614,1269,94,1363
820844615,672,58,730
820844701,908,97,1005
820844702,748,55,803
820844703,889,103,992
820844704,1659,129,1788
820844705,1119,61,1180
820844706,879,50,929
820844707,688,29,717
820844708,779,47,826
820844709,667,45,712
820844710,1324,101,1425
820844711,659,36,695
820844712,761,54,815
820844713,741,31,772
820844714,769,55,824
820844715,803,52,855
820844716,1654,111,1765
820844801,1651,108,1759
820844802,1237,67,1304
820844803,1009,49,1058
820844804,869,60,929
820844805,875,68,943
820844806,1258,63,1321
820844807,1856,241,2097
820844808,742,46,788
820844809,642,31,673
820844810,1010,57,1067
820844811,1402,120,1522
820844812,858,32,890
820844813,1331,118,1449
820844814,1054,76,1130
820844815,756,30,786
820844816,1169,61,1230
820844817,1390,71,1461
820844818,935,67,1002
820844819,923,58,981
820844820,1120,52,1172
820844821,1507,145,1652
820844822,1313,142,1455
820844901,411,54,465
820844902,907,80,987
820844903,980,79,1059
820844904,1001,85,1086
820844905,855,52,907
820844906,592,42,634
820844907,1593,192,1785
820844908,1911,188,2099
820844909,1100,96,1196
820844910,959,156,1115
820844911,2071,383,2454
820844912,1188,126,1314
820844913,1168,158,1326
820844914,1308,255,1563
820844915,885,138,1023
820845001,866,32,898
820845002,1038,32,1070
820845003,868,38,906
820845004,1158,52,1210
820845005,955,40,995
820845006,1118,49,1167
820845007,1233,70,1303
820845008,1135,80,1215
820845009,550,30,580
820845010,582,29,611
820845011,1030,56,1086
820845012,1319,63,1382
820845013,960,32,992
820845101,1014,53,1067
820845102,856,28,884
820845103,789,39,828
820845104,814,29,843
820845105,795,22,817
820845106,1063,50,1113
820845107,1111,70,1181
820845108,1005,46,1051
820845109,885,28,913
820845110,708,25,733
820845111,903,29,932
820845112,736,26,762
820845113,609,70,679
820845114,749,64,813
820845201,1558,93,1651
820845202,994,64,1058
820845203,1087,67,1154
820845204,1156,93,1249
820845205,1197,99,1296
820845206,1193,170,1363
820845207,1327,230,1557
820845208,1278,133,1411
820845209,946,77,1023
820845210,990,71,1061
820845211,1302,164,1466
820845212,940,96,1036
820845213,1060,59,1119
820845214,1325,102,1427
820845301,636,24,660
820845302,809,40,849
820845303,993,53,1046
820845304,1054,109,1163
820845305,611,40,651
820845306,1020,50,1070
820845307,1077,48,1125
820845308,1334,51,1385
820845309,1109,86,1195
820845310,1080,48,1128
820845311,575,21,596
820845312,826,22,848
820845313,497,15,512
820845314,549,40,589
820845315,891,39,930
820845316,804,58,862
820845317,514,17,531
820845318,1459,71,1530
820845319,776,35,811
820845320,583,32,615
820845321,545,34,579
820845322,153,5,158
820845323,1745,122,1867
820845401,363,5,368
820845402,643,27,670
820845403,567,16,583
820845404,831,28,859
820845405,662,24,686
820845406,338,59,397
820845407,566,48,614
820845408,838,70,908
820845409,811,37,848
820845410,484,27,511
820845411,1018,27,1045
820845412,925,21,946
820845413,555,13,568
820845414,980,33,1013
820845415,975,40,1015
820845416,763,21,784
820845417,745,29,774
820845418,735,34,769
820845419,447,10,457
820845501,1053,42,1095
820845502,1105,58,1163
820845503,742,31,773
820845504,937,35,972
820845505,1055,59,1114
820845506,666,21,687
820845507,941,45,986
820845508,1472,116,1588
820845509,804,36,840
820845510,1243,75,1318
820845511,927,71,998
820845512,1080,75,1155
820845513,1464,105,1569
820845514,1273,69,1342
820845515,805,80,885
820845516,777,109,886
820845517,793,45,838
820845518,1015,108,1123
820845519,573,18,591
820845520,1319,77,1396
820845521,841,43,884
820845522,1331,180,1511
820845523,732,39,771
820845601,52,1,53
820845602,11,0,11
820845603,57,7,64
820845701,165,10,175
820845702,734,46,780
820845703,846,50,896
820845704,684,30,714
820845705,931,35,966
820845706,322,18,340
820845707,590,33,623
820845708,1086,63,1149
820845709,379,27,406
820845710,1123,68,1191
820845711,998,102,1100
820845712,713,36,749
820845713,804,31,835
820845714,79,7,86
820845715,49,5,54
820845801,70,6,76
820845802,1178,68,1246
820845803,1032,44,1076
820845804,85,3,88
820845805,1359,71,1430
820845806,23,4,27
820845807,977,32,1009
820845901,43,2,45
820845902,72,9,81
820845903,51,5,56
820845904,1738,162,1900
820845905,1527,156,1683
820845906,646,76,722
820845907,1960,201,2161
820845908,833,50,883
820845909,1239,99,1338
820845910,1818,131,1949
820845911,1276,72,1348
820845912,1041,40,1081
820845913,691,24,715
820845914,850,42,892
820845915,484,16,500
820845916,473,17,490
820845917,1645,108,1753
820845918,1304,50,1354
820845919,18,1,19
820845920,819,36,855
820845921,1514,151,1665
820845922,1417,141,1558
820845923,1622,179,1801
820845924,981,67,1048
820846001,171,13,184
820846002,442,39,481
820846003,34,1,35
820846004,1114,63,1177
820846005,1091,77,1168
820846101,658,37,695
820846102,696,38,734
820846103,805,65,870
820846104,1095,93,1188
820846105,673,29,702
820846106,763,36,799
820846107,1266,131,1397
820846108,1265,141,1406
820846109,1549,133,1682
820846110,1234,48,1282
820846111,1227,45,1272
820846112,1154,61,1215
820846113,811,36,847
820846114,1160,146,1306
820846115,1931,240,2171
820846201,703,67,770
820846202,539,48,587
820846203,619,34,653
820846204,854,49,903
820846205,1272,111,1383
820846206,1354,119,1473
820846207,1457,85,1542
820846208,1139,57,1196
820846209,1290,139,1429
820846210,1214,125,1339
820846211,960,89,1049
820846212,1035,81,1116
820846213,1373,68,1441
820846214,661,56,717
820846215,693,35,728
820846216,1155,67,1222
820846217,1618,113,1731
820846218,1527,130,1657
820846219,752,27,779
820846220,756,58,814
820846221,957,51,1008
820846301,1301,181,1482
820846302,1382,123,1505
820846303,1366,114,1480
820846304,872,110,982
820846305,719,52,771
820846306,1201,85,1286
820846307,1084,57,1141
820846308,1193,135,1328
820846309,1110,100,1210
820846310,1348,119,1467
820846311,1901,186,2087
820846312,838,101,939
820846313,1400,199,1599
820846401,395,29,424
820846402,871,63,934
820846403,736,59,795
820846404,1085,69,1154
820846405,251,30,281
820846406,603,42,645
820846501,1319,128,1447
820846502,893,75,968
820846503,1719,116,1835
820846504,671,27,698
820846505,1692,138,1830
820846601,992,177,1169
820846602,2511,206,2717
820846701,349,29,378
820846702,50,4,54
820846703,57,1,58
820846704,786,25,811
820846801,567,59,626
820846802,1056,51,1107
820846901,187,9,196
820846902,968,46,1014
820846903,952,34,986
820846904,1852,166,2018
820846905,582,34,616
820846906,994,50,1044
820847001,26,5,31
820847002,451,25,476
820847101,20,2,22
820847102,271,10,281
820847201,154,12,166
820847202,1218,51,1269
820847203,1098,53,1151
820847204,539,23,562
820847205,248,13,261
820847206,753,36,789
820847207,962,45,1007
820847301,483,32,515
820847302,330,20,350
820847401,264,15,279
820847402,751,27,778
820847501,32,0,32
820847502,33,0,33
820847503,365,13,378
820847504,444,10,454
820847601,69,1,70
820847602,230,14,244
820847701,158,21,179
820847702,203,22,225
820847703,304,18,322
820847704,749,70,819
820847705,966,73,1039
820847706,48,4,52
820847707,8,1,9
820847708,998,61,1059
820847709,897,49,946
820847710,947,55,1002
820847711,1187,109,1296
820847712,1014,70,1084
820847713,1105,63,1168
820847714,590,21,611
820847715,515,20,535
820847716,823,39,862
820847717,686,40,726
820847718,1593,263,1856
820847719,934,36,970
820847720,1057,30,1087
820847721,1084,41,1125
820847722,809,22,831
820847723,1351,54,1405
820847724,763,27,790
820847725,783,32,815
820847801,20,1,21
820847802,310,29,339
820847803,815,42,857
820847804,967,47,1014
820847805,503,64,567
820847806,988,40,1028
820847807,961,46,1007
820847901,19,2,21
820847902,181,15,196
820847903,100,10,110
820847904,8,1,9
820847905,791,49,840
820847906,924,63,987
820848001,861,35,896
820848002,877,24,901
820848003,797,13,810
820848004,704,11,715
820848005,678,18,696
820848006,555,10,565
820848007,566,13,579
820848008,979,25,1004
820848009,805,27,832
820848010,580,14,594
820848011,446,19,465
820848012,418,12,430
820848013,739,22,761
820848014,623,21,644
820848015,584,19,603
820848016,727,24,751
820848017,717,14,731
820848018,588,16,604
820848019,638,18,656
820848020,805,24,829
820848021,600,14,614
820848022,620,15,635
820848101,907,55,962
820848102,632,16,648
820848103,560,18,578
820848104,578,22,600
820848105,602,24,626
820848106,588,27,615
820848107,673,28,701
820848108,599,19,618
820848109,845,34,879
820848110,832,45,877
820848111,539,10,549
820848112,748,25,773
820848113,553,6,559
820848114,548,15,563
820848115,300,16,316
820848116,907,28,935
820848117,683,23,706
820848118,767,29,796
820848119,788,57,845
820848120,733,38,771
820848121,554,19,573
820848201,1512,111,1623
820848202,1297,71,1368
820848203,1231,84,1315
820848204,1320,116,1436
820848205,962,47,1009
820848206,947,45,992
820848207,1122,53,1175
820848208,1469,115,1584
820848209,1842,198,2040
820848210,1673,155,1828
820848211,1326,84,1410
820848212,1263,121,1384
820848213,1676,140,1816
820848214,1217,44,1261
820848215,952,87,1039
820848216,1214,41,1255
820848301,975,26,1001
820848302,1077,43,1120
820848303,723,34,757
820848304,972,40,1012
820848305,807,32,839
820848306,785,22,807
820848307,749,28,777
820848308,941,42,983
820848309,504,22,526
820848310,518,21,539
820848311,857,40,897
820848312,643,26,669
820848313,715,39,754
820848314,1044,42,1086
820848315,806,37,843
820848401,1097,111,1208
820848402,1040,75,1115
820848403,1463,123,1586
820848404,1621,91,1712
820848405,750,31,781
820848406,820,36,856
820848407,557,36,593
820848408,958,35,993
820848409,1682,90,1772
820848410,1701,96,1797
820848411,1527,100,1627
820848412,1880,166,2046
820848413,1489,184,1673
820848414,1128,156,1284
820848415,787,59,846
820848416,246,45,291
820848501,1843,257,2100
820848502,1374,185,1559
820848503,1010,84,1094
820848504,854,57,911
820848505,685,28,713
820848506,594,28,622
820848507,804,30,834
820848508,737,27,764
820848509,914,80,994
820848510,1343,93,1436
820848511,797,54,851
820848512,1302,80,1382
820848513,1148,100,1248
820848514,1399,110,1509
820848515,902,65,967
820848516,769,43,812
820848601,846,51,897
820848602,1244,76,1320
820848603,998,39,1037
820848604,938,50,988
820848605,1165,93,1258
820848606,1475,95,1570
820848607,1684,159,1843
820848608,966,55,1021
820848609,1160,93,1253
820848610,2095,236,2331
820848611,1076,120,1196
820848701,276,17,293
820848702,695,46,741
820848703,709,40,749
820848704,960,43,1003
820848705,828,42,870
820848706,1515,113,1628
820848707,1232,81,1313
820848708,1242,92,1334
820848709,991,84,1075
820848710,1135,43,1178
820848711,673,43,716
820848712,738,39,777
820848713,851,46,897
820848714,664,43,707
820848715,604,34,638
820848801,1253,133,1386
820848802,1048,109,1157
820848803,731,16,747
820848804,813,31,844
820848805,930,40,970
820848806,1296,123,1419
820848807,1593,177,1770
820848808,934,43,977
820848809,796,22,818
820848810,933,28,961
820848811,1274,72,1346
820848812,1220,105,1325
820848813,1084,57,1141
820848814,739,24,763
820848815,868,58,926
820848816,1157,75,1232
820848817,828,120,948
820848901,735,37,772
820848902,1389,105,1494
820848903,1753,170,1923
820848904,1084,116,1200
820848905,1261,88,1349
820848906,635,30,665
820848907,769,44,813
820848908,467,79,546
820848909,1342,147,1489
820848910,1823,167,1990
820848911,2782,250,3032
820848912,2373,216,2589
820849001,530,42,572
820849002,1710,129,1839
820849003,1432,102,1534
820849004,825,34,859
820849005,557,24,581
820849006,292,15,307
820849007,1592,159,1751
820849008,776,31,807
820849009,387,11,398
820849010,879,60,939
820849011,1022,62,1084
820849012,860,73,933
820849013,633,58,691
820849501,9,0,9
820910101,562,65,627
820910102,1011,40,1051
820910103,829,29,858
820910104,415,45,460
820910105,358,25,383
820910106,268,19,287
820910107,691,37,728
820910108,352,28,380
820910109,201,16,217
820910110,150,4,154
820910111,277,33,310
820910112,796,60,856
820910113,902,61,963
820910201,176,19,195
820910202,217,18,235
820910203,395,40,435
820910204,178,15,193
820910205,29,1,30
820910206,338,21,359
820910207,420,63,483
820910208,62,7,69
820910209,276,15,291
820910210,170,8,178
820910211,571,52,623
820910212,79,8,87
820910213,140,16,156
820910214,940,89,1029
820910216,73,10,83
820910217,366,38,404
820910218,121,13,134
820910301,250,29,279
820910302,795,45,840
820910303,489,43,532
820910304,1496,141,1637
820910305,650,62,712
820910306,1155,93,1248
820910307,341,40,381
820910308,752,30,782
820910309,532,28,560
820910310,983,47,1030
820910311,488,14,502
820910312,1434,115,1549
820910313,869,50,919
820910314,1062,77,1139
820910315,500,26,526
820910316,14,2,16
820910317,1392,72,1464
820910318,1018,42,1060
820910319,709,36,745
820910320,693,41,734
820910321,961,49,1010
820910322,1208,67,1275
820910323,546,17,563
820910401,422,24,446
820910402,223,13,236
820910403,470,51,521
820910404,303,24,327
820910405,87,9,96
820910406,111,14,125
820910407,99,9,108
820910408,860,44,904
820910409,371,34,405
820910410,827,86,913
820910411,240,26,266
820910412,114,18,132
820910413,103,16,119
820910414,126,11,137
820910415,242,23,265
820910501,772,71,843
820910502,925,39,964
820910503,816,65,881
820910504,923,35,958
820910505,1778,116,1894
820910506,850,33,883
820910507,2226,200,2426
820910508,1529,114,1643
820910509,1503,171,1674
820910510,244,34,278
820910511,425,37,462
820910512,587,63,650
820910513,909,54,963
820910601,1465,131,1596
820910602,812,59,871
820910603,846,35,881
820910604,610,23,633
820910605,619,36,655
820910606,561,25,586
820910607,478,19,497
820910608,1395,148,1543
820910609,932,83,1015
820910610,1195,102,1297
820910611,896,45,941
820910612,1420,74,1494
820910613,574,51,625
820910614,573,21,594
820910615,484,67,551
820910616,416,9,425
820980101,69,3,72
820980102,43,4,47
820980103,26,0,26
820980104,68,1,69
820980105,101,6,107
820980106,57,4,61
820980107,44,5,49
820980108,307,44,351
820980109,34,0,34
820980110,86,4,90
820980111,109,8,117
820980112,129,14,143
820980113,730,28,758
820980114,1137,62,1199
820980115,76,7,83
820980116,149,26,175
820980117,165,10,175
820980118,1104,69,1173
820980119,899,93,992
820980120,644,40,684
820980121,1275,120,1395
820980122,1053,146,1199
820980201,222,17,239
820980202,96,11,107
820980203,672,87,759
820980204,51,10,61
820980205,421,70,491
820980206,828,98,926
820980207,1234,108,1342
820980301,42,5,47
820980302,458,78,536
820980303,17,7,24
820980304,377,45,422
820980305,182,23,205
820980306,145,8,153
820980307,42,3,45
820980308,154,14,168
820980309,108,28,136
820980310,536,64,600
820980311,1561,132,1693
820980312,383,36,419
820980313,144,10,154
820980314,130,9,139
820980315,297,23,320
820980316,2737,388,3125
820980401,1016,77,1093
820980402,982,77,1059
820980403,608,31,639
820980404,646,80,726
820980405,769,34,803
820980406,650,26,676
820980407,948,42,990
820980408,675,34,709
820980409,562,24,586
820980410,935,80,1015
821050101,353,58,411
821050102,549,42,591
821050103,817,80,897
821050104,129,8,137
821050105,793,43,836
821050106,73,1,74
821050107,442,29,471
821050108,746,134,880
821050109,553,105,658
821050110,699,59,758
821050111,607,45,652
821050112,838,56,894
821050113,94,7,101
821050114,738,50,788
821050115,841,104,945
821050116,827,57,884
821050117,717,20,737
821050118,682,38,720
821050119,778,58,836
821050120,989,70,1059
821050121,626,64,690
821050201,179,7,186
821050202,80,4,84
821050203,77,5,82
821050204,218,22,240
821050205,143,10,153
821050206,186,19,205
821050207,64,6,70
821050208,99,7,106
821050209,220,14,234
821050210,201,20,221
821050211,218,22,240
821050212,768,44,812
821050213,1283,69,1352
821050214,1199,65,1264
821050215,197,13,210
821050216,71,5,76
821050217,761,29,790
821050218,861,61,922
821050219,141,11,152
821050220,598,26,624
821050221,1098,54,1152
821050222,1067,72,1139
821050223,601,32,633
821050224,923,51,974
821050225,326,14,340
821050226,542,24,566
821050227,670,27,697
821050228,1178,94,1272
821050229,560,20,580
821050230,640,26,666
821050231,855,52,907
821050301,1957,279,2236
821050302,1049,69,1118
821050303,847,37,884
821050304,597,24,621
821050305,706,24,730
821050306,1219,80,1299
821050307,629,37,666
821050308,1124,66,1190
821050309,1036,26,1062
821050310,1509,177,1686
821050311,627,38,665
821050312,689,25,714
821050313,583,33,616
821050314,692,41,733
821050315,405,35,440
821050316,947,90,1037
821050401,1102,76,1178
821050402,739,31,770
821050403,701,24,725
821050404,651,10,661
821050405,623,27,650
821050406,631,21,652
821050407,1067,57,1124
821050408,577,18,595
821050409,843,31,874
821050410,1179,65,1244
821050411,623,24,647
821050412,1044,53,1097
821050413,1051,84,1135
821050414,1318,69,1387
821050415,844,48,892
821050416,1005,75,1080
821050417,708,29,737
821050418,614,31,645
821050419,1379,59,1438
821050420,710,38,748
821050501,140,16,156
821050502,980,44,1024
821050503,553,68,621
821050504,446,33,479
821050505,775,39,814
821050506,890,57,947
821050507,371,63,434
821050508,896,94,990
821050509,604,51,655
821050510,90,17,107
821050511,891,89,980
821050512,701,35,736
821050513,1120,57,1177
821050514,1089,108,1197
821050515,600,16,616
821050516,658,31,689
821050517,598,118,716
821120101,500,40,540
821120102,147,14,161
821120103,897,58,955
821120104,548,54,602
821120105,832,69,901
821120106,151,11,162
821120107,170,20,190
821120108,662,36,698
821120201,47,8,55
821120202,121,10,131
821120203,880,78,958
821120204,452,33,485
821120205,493,45,538
821120206,313,32,345
821120207,491,45,536
821120208,634,39,673
821120209,1353,94,1447
821120210,927,48,975
821120211,141,12,153
821120212,108,8,116
821120213,137,9,146
821120214,56,2,58
821120215,52,2,54
821120216,327,25,352
821120217,831,75,906
821120218,1070,62,1132
821120219,747,27,774
821120301,142,11,153
821120302,127,11,138
821120303,517,45,562
821120304,56,2,58
821120305,94,6,100
821120306,125,21,146
821120307,217,13,230
821120308,39,0,39
821120309,70,7,77
821120310,305,19,324
821120311,682,25,707
821120312,284,32,316
821120313,222,14,236
821120314,1181,73,1254
821120315,48,1,49
821120316,845,41,886
821120401,1495,112,1607
821120402,648,40,688
821120403,509,15,524
821120404,872,44,916
821120405,1472,167,1639
821120406,1236,130,1366
821120407,921,78,999
821120408,811,37,848
821120409,671,28,699
821120410,903,28,931
821120411,566,25,591
821120412,1257,68,1325
821120413,1907,230,2137
821120414,736,40,776
821120415,1212,51,1263
821120416,797,35,832
821120417,505,12,517
821120418,736,65,801
821120419,1141,123,1264
821190101,515,46,561
821190102,1856,173,2029
821190103,129,20,149
821190104,742,57,799
821190105,1395,75,1470
821190106,1081,50,1131
821190107,496,35,531
821190108,768,47,815
821190109,525,28,553
821190110,1248,100,1348
821190111,750,52,802
821190112,146,10,156
821190113,31,6,37
821190114,1,1,2
821190115,121,15,136
821190116,127,9,136
821190117,1325,121,1446
821190118,781,67,848
821190119,1054,112,1166
821190120,3273,312,3585
821190121,1845,227,2072
821190122,914,106,1020
821190201,1077,67,1144
821190202,1309,81,1390
821190203,1261,71,1332
821190204,904,25,929
821190205,1044,40,1084
821190206,983,26,1009
821190207,497,12,509
821190208,607,21,628
821190209,610,27,637
821190301,214,28,242
821190302,1571,136,1707
821190303,737,24,761
821190304,1322,53,1375
821190305,654,16,670
821190306,963,63,1026
821190307,580,45,625
821190308,2058,211,2269
821190309,760,39,799
821190310,546,45,591
821190311,788,53,841
821190312,928,81,1009
821190313,798,53,851
821190314,927,59,986
821190315,118,13,131
821190401,124,28,152
821190402,930,111,1041
821190403,1058,71,1129
821190404,894,44,938
821190405,207,20,227
821190406,948,65,1013
821190407,1179,86,1265
821190408,1093,51,1144
821190409,1420,108,1528
821190410,997,55,1052
821190411,280,13,293
821190412,910,46,956
821190413,1250,95,1345
821190414,1780,164,1944
821190415,1310,97,1407
821190416,918,46,964
821190417,1475,106,1581
821190418,607,22,629
821190419,931,30,961
821190420,900,36,936
821190422,939,47,986
821190423,749,65,814
821190424,923,53,976
821190425,751,24,775
821190426,1063,157,1220
821190501,129,6,135
821190502,1137,72,1209
821190503,1285,43,1328
821190504,217,22,239
821190505,2,0,2
821190506,209,21,230
821190507,1449,151,1600
821190508,901,71,972
821190509,690,32,722
821190510,1331,108,1439
821190511,1011,66,1077
821190512,628,40,668
821190513,772,33,805
821190514,1106,76,1182
821190515,1657,137,1794
821190516,326,13,339
821190517,564,32,596
821190518,600,33,633
821190519,1116,104,1220
821190601,296,24,320
821190602,721,26,747
821190603,1463,79,1542
821190604,790,34,824
821190605,63,3,66
821190606,622,37,659
821190607,42,4,46
821190608,1412,86,1498
821190609,1137,53,1190
821190610,139,13,152
821190611,887,23,910
821190612,1029,56,1085
821190613,53,6,59
821190614,948,31,979
821190701,1191,65,1256
821190702,1305,103,1408
821190703,1181,80,1261
821190704,942,50,992
821190705,1289,88,1377
821190706,869,28,897
821190707,509,14,523
821190708,813,27,840
821190709,853,48,901
821190710,813,30,843
821190711,543,16,559
821190712,776,20,796
821190713,284,19,303
821190714,725,34,759
821190715,1639,112,1751
821190716,1149,60,1209
821190801,1024,112,1136
821190802,1346,75,1421
821190803,972,38,1010
821190804,844,44,888
821190805,1715,208,1923
821190806,552,22,574
821190807,1041,45,1086
821190808,1049,36,1085
821190809,755,26,781
821190810,861,29,890
821190811,669,53,722
821190812,478,24,502
821190813,939,45,984
821190814,1206,102,1308
821190815,1136,94,1230
821190816,858,54,912
821190817,165,24,189
821190818,666,28,694
821190901,79,12,91
821190902,795,94,889
821190903,841,90,931
821190904,738,36,774
821190905,658,62,720
821190906,1486,130,1616
821190907,777,26,803
821190908,628,30,658
821190909,713,27,740
821190910,456,15,471
821190911,509,14,523
821190912,624,24,648
821190913,1617,150,1767
821190914,120,12,132
821191001,616,27,643
821191002,607,15,622
821191003,579,16,595
821191004,809,44,853
821191005,719,33,752
821191006,817,82,899
821191007,1305,100,1405
821191008,738,17,755
821191009,648,23,671
821191010,480,17,497
821191011,748,28,776
821191012,907,26,933
821191013,828,22,850
821191014,503,26,529
821199301,60,6,66
821199401,9,0,9
821199402,9,0,9
821199403,8,0,8
821199601,5,0,5
821199701,5,0,5
821260101,556,29,585
821260102,219,31,250
821260103,377,26,403
821260104,820,23,843
821260105,372,35,407
821260106,1078,61,1139
821260107,956,86,1042
821260108,1000,49,1049
821260109,562,12,574
821260110,660,22,682
821260111,144,9,153
821260112,277,24,301
821260113,230,27,257
821260114,572,26,598
821260201,1054,55,1109
821260202,828,41,869
821260203,59,4,63
821260204,301,36,337
821260205,139,26,165
821260206,629,48,677
821260207,1159,47,1206
821260208,1249,69,1318
821260209,851,24,875
821260210,1283,98,1381
821260211,116,5,121
821260212,170,17,187
821260213,187,16,203
821260214,106,11,117
821260215,335,28,363
821260216,130,13,143
821260217,1043,49,1092
821260301,259,23,282
821260302,928,30,958
821260303,946,31,977
821260304,1063,64,1127
821260305,374,31,405
821260306,255,9,264
821260307,1032,72,1104
821260308,568,60,628
821260309,1014,66,1080
821260310,622,29,651
821260311,913,32,945
821260312,591,18,609
821260313,1319,101,1420
821260314,970,57,1027
821260315,703,31,734
821260316,458,20,478
821260317,1238,55,1293
821260318,620,15,635
821260319,1037,56,1093
821260401,1167,63,1230
821260402,214,11,225
821260403,178,13,191
821260404,1076,41,1117
821260405,912,85,997
821260406,1052,53,1105
821260407,633,49,682
821260408,747,35,782
821260409,1462,92,1554
821260410,661,14,675
821260411,1316,73,1389
821260501,595,25,620
821260502,847,58,905
821260503,1110,58,1168
821260504,740,28,768
821260505,781,25,806
821260506,1657,170,1827
821260507,725,47,772
821260508,664,24,688
821260509,1010,76,1086
821260510,889,52,941
821260511,984,47,1031
821260512,1042,66,1108
821260513,736,34,770
821260514,878,81,959
821260515,978,45,1023
821260516,1010,58,1068
821260517,1190,70,1260
821330101,65,16,81
821330102,88,22,110
821330103,19,4,23
821330104,41,7,48
821330105,66,4,70
821330106,6,1,7
821330107,171,35,206
821330108,73,13,86
821330109,2,2,4
821330110,0,0,0
821330201,880,119,999
821330202,52,18,70
821330203,16,4,20
821330204,442,54,496
821330205,16,2,18
821330206,275,34,309
821330207,102,16,118
821330208,15,0,15
821330209,275,40,315
821330210,21,2,23
821330211,153,26,179
821330212,1374,150,1524
821330213,906,87,993
821330214,113,21,134
821330215,160,26,186
821330216,97,8,105
821330217,37,7,44
821330218,89,16,105
821330219,841,106,947
821330220,10,1,11
821330301,18,2,20
821330302,0,0,0
821330303,165,32,197
821330304,38,6,44
821330305,38,3,41
821330306,0,1,1
821330307,67,14,81
821330308,155,17,172
821330309,41,5,46
821330310,130,19,149
821330311,386,49,435
821330312,221,25,246
821330313,1647,232,1879
821330314,190,34,224
821330315,56,12,68
821330316,72,7,79
821330317,53,9,62
821330318,124,12,136
821330401,1315,178,1493
821330402,1006,83,1089
821330403,760,66,826
821330404,1111,86,1197
821330405,913,35,948
821330406,894,77,971
821330407,601,18,619
821330408,430,14,444
821330409,844,33,877
821330410,1226,123,1349
821330411,686,33,719
821330412,985,74,1059
821330413,995,112,1107
821330414,823,57,880
821330415,1851,272,2123
821330416,932,126,1058
821330417,1159,95,1254
821330501,154,16,170
821330502,69,17,86
821330503,26,4,30
821330504,329,58,387
821330505,223,35,258
821330506,9,0,9
821330507,9,1,10
821330508,19,2,21
821330509,163,25,188
821330510,98,6,104
821330511,222,42,264
821330512,56,5,61
821330513,16,3,19
821330514,101,13,114
821330515,52,6,58
821330516,31,2,33
821330517,348,62,410
821330518,153,14,167
821330519,0,0,0
821330520,37,4,41
821330521,0,0,0
821330522,97,16,113
821330523,87,6,93
821330524,73,8,81
821330525,85,13,98
821330526,24,2,26
821330527,55,5,60
821330528,158,37,195
821330529,19,1,20
821330530,36,9,45
821330531,34,2,36
821330532,32,5,37
821330533,1024,120,1144
821330534,698,103,801
821330601,32,4,36
821330602,251,46,297
821330603,340,40,380
821330604,1365,102,1467
821330605,1231,139,1370
821330606,28,3,31
821330607,18,2,20
821330608,316,21,337
821330609,29,3,32
821330610,74,4,78
821330611,15,0,15
821330612,32,2,34
821330613,42,3,45
821330614,108,12,120
821330615,26,2,28
821330616,15,0,15
821330617,853,162,1015
821330618,981,80,1061
821330619,1783,114,1897
821330620,1569,243,1812
821330621,706,46,752
821330622,74,4,78
821330623,59,9,68
821330624,41,2,43
821330625,23,3,26
821330626,46,2,48
821330627,45,5,50
821330628,23,4,27
821330629,1553,199,1752
821330630,736,63,799
821330631,738,70,808
860070101,124,22,146
860070102,272,35,307
860070103,418,65,483
860070104,397,90,487
860070105,619,42,661
860070106,1167,110,1277
860070107,1179,143,1322
860070108,883,120,1003
860070201,23,3,26
860070202,81,18,99
860070203,116,20,136
860070204,12,2,14
860070205,16,5,21
860070206,880,97,977
860070301,20,4,24
860070302,52,7,59
860070303,59,7,66
860070304,91,9,100
860140101,867,261,1128
860140102,262,33,295
860140103,399,55,454
860140201,184,35,219
860140202,523,135,658
860140203,145,38,183
860140301,172,31,203
860140302,23,5,28
860140401,59,15,74
860140402,238,20,258
860140501,102,23,125
860140502,827,203,1030
860140503,767,123,890
860140504,877,161,1038
860140601,70,19,89
860140602,229,49,278
860140603,461,63,524
860140701,6,0,6
860140702,974,197,1171
860140703,1250,148,1398
860140704,1363,215,1578
860140705,1143,123,1266
860140706,1276,180,1456
860140801,221,39,260
860140802,130,23,153
860140901,651,65,716
860140902,253,30,283
860140903,210,38,248
860210101,105,18,123
860210102,208,32,240
860210103,481,71,552
860210104,381,58,439
860210105,107,9,116
860210201,1263,242,1505
860210202,1248,249,1497
860210203,121,24,145
860210204,696,126,822
860210205,312,46,358
860210206,488,40,528
860210207,874,91,965
860210208,968,77,1045
860210209,912,153,1065
860210301,191,25,216
860210302,145,18,163
860210303,52,5,57
860210304,119,20,139
860210305,34,2,36
860210306,93,6,99
860280101,385,65,450
860280102,318,49,367
860280103,209,27,236
860280104,223,33,256
860280201,186,29,215
860280202,128,14,142
860280203,393,78,471
860280204,160,42,202
860280205,243,48,291
860280206,717,103,820
860280207,1031,90,1121
860280301,620,130,750
860280302,480,121,601
860280303,241,59,300
860280304,868,103,971
860280305,716,84,800
860280401,354,54,408
860280402,213,44,257
860280403,694,116,810
860280404,409,82,491
860280405,401,91,492
860280406,895,147,1042
860280407,773,93,866
860280408,1404,173,1577
860280409,1278,117,1395
860280410,885,95,980
860280501,552,83,635
860280502,481,88,569
860280503,369,82,451
860280504,1173,155,1328
860350101,224,52,276
860350102,254,42,296
860350201,178,26,204
860350202,121,17,138
860350203,571,104,675
860350301,121,35,156
860350302,49,9,58
860350303,137,43,180
860350401,464,72,536
860350402,451,89,540
860350501,421,96,517
860350502,352,70,422
860350503,228,52,280
860350601,914,219,1133
860350602,658,110,768
860350701,315,64,379
860350702,473,74,547
860350703,387,44,431
860350704,993,187,1180
860350705,260,37,297
860350706,349,45,394
860350707,921,87,1008
860350801,295,41,336
860350802,179,58,237
860350803,810,100,910
860350804,958,85,1043
860350805,1343,141,1484
860350806,846,73,919
860350807,1555,243,1798
860350808,876,63,939
860350809,978,133,1111
860350810,1726,133,1859
860350901,563,109,672
860350902,348,65,413
860351001,1452,189,1641
860351002,731,110,841
860351003,170,26,196
860351004,623,96,719
860351005,435,35,470
860351101,1081,117,1198
860351102,712,85,797
860351103,220,29,249
860351104,289,35,324
860351105,149,20,169
860351106,505,55,560
860351107,1905,283,2188
860351108,1521,125,1646
860351109,1626,189,1815
860351110,1,0,1
860351111,271,26,297
860351112,976,100,1076
860351113,1301,128,1429
860351114,1008,107,1115
860351201,334,36,370
860351202,592,57,649
860351203,757,131,888
860351204,535,79,614
860351205,1389,134,1523
860351206,823,50,873
860351207,1639,122,1761
860351208,1133,59,1192
860351209,837,44,881
860351210,807,27,834
860351211,979,49,1028
860351213,1127,105,1232
860351214,1479,61,1540
860351215,1017,83,1100
860351216,736,40,776
860351217,895,39,934
860351218,777,30,807
860351219,1703,198,1901
860351220,971,45,1016
860351221,99,6,105
860351301,1224,166,1390
860351302,1189,131,1320
860351303,1529,127,1656
860351304,744,43,787
860351305,572,40,612
860351306,793,46,839
860351307,1542,122,1664
860351308,1707,135,1842
860351309,949,56,1005
860351310,1014,111,1125
860351311,949,59,1008
860351312,1053,45,1098
860351313,1159,66,1225
860351314,1078,98,1176
860351315,1255,202,1457
860351316,1189,264,1453
860351317,834,48,882
860351318,1051,156,1207
860351319,1313,129,1442
860351401,1761,241,2002
860351402,1018,185,1203
860351403,1601,219,1820
860351404,1167,95,1262
860351405,1440,131,1571
860351406,963,62,1025
860351407,856,142,998
860351408,1113,62,1175
860351409,940,36,976
860351410,861,44,905
860351411,692,22,714
860351412,1030,51,1081
860351413,801,58,859
860351414,1625,159,1784
860351415,973,113,1086
860351416,846,94,940
860351501,765,26,791
860351502,976,41,1017
860351503,869,59,928
860351504,1352,70,1422
860351505,932,73,1005
860351506,1412,124,1536
860351507,949,51,1000
860351508,429,16,445
860351509,767,35,802
860351510,1280,92,1372
860351511,1451,119,1570
860351512,792,84,876
860351513,1174,117,1291
860351514,1101,115,1216
860351515,1066,66,1132
860351516,1159,117,1276
860351517,956,104,1060
860351601,553,15,568
860351602,614,26,640
860351603,876,49,925
860351604,1223,47,1270
860351605,845,35,880
860351606,648,48,696
860351607,1086,57,1143
860351608,869,37,906
860351609,1304,71,1375
860351610,1267,91,1358
860351611,960,86,1046
860351612,1527,216,1743
860351613,958,89,1047
860420101,240,31,271
860420102,40,5,45
860420103,48,3,51
860420201,31,5,36
860420202,953,90,1043
860420203,58,5,63
860420204,20,3,23
860420205,766,89,855
860420206,1382,141,1523
860420207,1226,181,1407
860420208,1056,88,1144
860420209,1168,110,1278
860420301,319,30,349
860420302,42,1,43
860420303,85,9,94
860420304,50,10,60
860420305,415,39,454
860490101,636,101,737
860490102,562,72,634
860490103,245,29,274
860490201,1214,109,1323
860490202,1868,184,2052
860490301,47,5,52
860490302,32,12,44
860490303,1318,85,1403
860490304,922,39,961
860490305,1262,71,1333
860490306,1357,72,1429
860490307,1096,108,1204
860490308,908,117,1025
860490309,1096,129,1225
860490310,727,128,855
860490311,950,107,1057
860490312,735,70,805
860490313,417,37,454
860490314,1187,110,1297
860490401,257,29,286
860490402,487,46,533
860490403,160,12,172
860490404,124,17,141
860490501,2605,261,2866
860490502,1995,198,2193
860490503,996,124,1120
860490504,1160,75,1235
860490505,681,58,739
860490506,1194,150,1344
860490507,997,71,1068
860490508,1090,81,1171
860490509,1502,94,1596
860490510,449,72,521
860490511,1001,61,1062
860490512,1206,75,1281
860490513,1063,62,1125
860490514,1496,144,1640
860490515,952,66,1018
860490516,1396,62,1458
860490517,791,39,830
860490518,1016,78,1094
860490519,1141,84,1225
860490520,934,74,1008
860490521,632,44,676
860490522,1197,116,1313
860490523,322,25,347
860490601,315,51,366
860490602,192,31,223
860490801,1141,72,1213
860490802,849,65,914
860490803,614,29,643
860490804,799,45,844
860490805,598,18,616
860490806,442,19,461
860490807,621,30,651
860490808,550,9,559
860490809,792,37,829
860490810,907,29,936
860490811,611,32,643
860490812,1304,70,1374
860490813,900,49,949
860490814,748,58,806
860490815,928,68,996
860490816,824,66,890
860490817,1349,98,1447
860490818,781,71,852
860490819,831,44,875
860490901,1024,121,1145
860490902,784,48,832
860490903,682,39,721
860490904,894,39,933
860490905,742,31,773
860490906,580,22,602
860490907,456,11,467
860490908,441,8,449
860490909,662,21,683
860490910,314,6,320
860490911,376,16,392
860490912,421,12,433
860490913,559,23,582
860490914,574,13,587
860490915,774,18,792
860490916,728,25,753
860490917,875,42,917
860490918,934,36,970
860490919,735,24,759
860490920,327,11,338
860490921,552,31,583
860490922,432,13,445
860491001,1254,114,1368
860491002,803,183,986
860491003,1957,276,2233
860491004,1114,173,1287
860491005,1023,50,1073
860491006,1486,193,1679
860491007,1406,113,1519
860491008,1110,116,1226
860491009,848,26,874
860491010,576,21,597
860491011,590,22,612
860491012,875,24,899
860491013,478,29,507
860491014,553,10,563
860491015,818,32,850
860491016,879,42,921
860491017,1493,129,1622
860491018,1162,121,1283
860491019,1291,113,1404
860491020,1039,61,1100
860491101,1307,110,1417
860491102,1104,60,1164
860491103,1279,119,1398
860491104,819,27,846
860491105,871,52,923
860491106,1314,102,1416
860491107,849,38,887
860491108,960,22,982
860491109,1227,55,1282
860491110,847,36,883
860491111,1044,37,1081
860491112,1257,70,1327
860491113,1395,86,1481
860491114,1200,64,1264
860491115,1086,52,1138
860491201,831,48,879
860491202,721,23,744
860491203,869,45,914
860491204,843,36,879
860491205,739,39,778
860491206,943,31,974
860491207,757,36,793
860491208,1103,42,1145
860491209,782,46,828
860491210,1226,56,1282
860491211,612,24,636
860491212,649,28,677
860491213,910,51,961
860491214,766,40,806
860491215,922,39,961
860491216,1014,59,1073
860491217,1040,79,1119
860491218,798,50,848
860491219,783,40,823
860491220,757,67,824
860491301,893,32,925
860491302,648,34,682
860491303,694,20,714
860491304,938,14,952
860491305,935,18,953
860491306,868,23,891
860491307,858,53,911
860491308,1008,70,1078
860491309,1094,58,1152
860491310,900,31,931
860491311,784,26,810
860491312,579,15,594
860491313,382,12,394
860491314,518,20,538
860491401,589,18,607
860491402,905,47,952
860491403,1097,63,1160
860491404,825,74,899
860491405,902,31,933
860491406,989,55,1044
860491407,817,68,885
860491408,725,46,771
860491409,553,37,590
860491410,919,46,965
860491411,855,42,897
860491412,1166,60,1226
860491413,827,39,866
860491414,768,55,823
860491415,1133,54,1187
860491501,1009,56,1065
860491502,891,62,953
860491503,1097,51,1148
860491504,920,51,971
860491505,687,42,729
860491506,1282,124,1406
860491507,905,65,970
860491508,1584,142,1726
860491509,1043,64,1107
860491510,1023,52,1075
860491511,874,71,945
860491512,1196,90,1286
860491513,590,22,612
860491514,1416,146,1562
860491515,817,48,865
860491601,1351,131,1482
860491602,1363,107,1470
860491603,1097,79,1176
860491604,1187,67,1254
860491605,1344,102,1446
860491606,914,94,1008
860491607,1274,161,1435
860491608,857,29,886
860491609,834,33,867
860491610,1228,118,1346
860491611,643,26,669
860491612,968,29,997
860491613,1182,53,1235
860491614,755,118,873
860491615,1217,135,1352
860491616,908,134,1042
860491701,628,51,679
860491702,769,45,814
860491703,919,61,980
860491704,1065,103,1168
860491705,1046,52,1098
860491706,1091,97,1188
860491707,1234,114,1348
860491708,856,73,929
860491709,1368,97,1465
860491710,1233,125,1358
860491711,1087,79,1166
860491712,1691,146,1837
860491713,1164,100,1264
860491714,1168,94,1262
860491715,1176,48,1224
860491716,1038,90,1128
860491717,1031,92,1123
860491718,1116,99,1215
860491801,1026,146,1172
860491802,1295,114,1409
860491803,1208,91,1299
860491804,1318,74,1392
860491805,1265,67,1332
860491806,743,59,802
860491807,1073,60,1133
860491808,988,39,1027
860491809,1129,72,1201
860491810,1122,38,1160
860491811,801,53,854
860491812,306,26,332
860491813,684,62,746
860491814,789,31,820
860491815,1220,60,1280
860491816,1056,43,1099
860491817,1203,64,1267
860491901,697,102,799
860491902,1279,168,1447
860491903,1337,142,1479
860491904,1132,102,1234
860491905,1075,95,1170
860491906,1240,136,1376
860491907,823,102,925
860491908,1125,125,1250
860491909,879,86,965
860491910,181,30,211
860491911,978,109,1087
860491912,1024,114,1138
860491913,529,68,597
860491914,991,118,1109
860491915,577,93,670
860491916,1075,75,1150
860560101,652,95,747
860560102,1143,256,1399
860560103,811,162,973
860560104,1129,187,1316
860560201,178,25,203
860560202,497,128,625
860560203,592,117,709
860560204,286,58,344
860560205,399,48,447
860560206,199,29,228
860560301,142,50,192
860560302,202,34,236
860560303,457,102,559
860560304,303,67,370
860560305,236,62,298
860560306,1422,204,1626
860560307,1264,168,1432
860560308,1053,153,1206
860560309,842,146,988
860560310,759,86,845
860560311,893,92,985
860560312,1655,199,1854
860560313,587,43,630
860560314,739,101,840
860560315,957,138,1095
860560401,158,92,250
860560402,364,76,440
860560403,223,34,257
860560404,556,114,670
860560405,1241,185,1426
860560501,1684,234,1918
860560502,850,140,990
860560503,866,121,987
860560504,896,187,1083
860560505,924,125,1049
860630101,34,6,40
860630102,508,33,541
860630103,625,66,691
860630104,332,51,383
860630105,125,15,140
860630106,674,70,744
860630201,418,55,473
860630202,213,30,243
860630203,273,27,300
860630204,96,11,107
860630205,998,136,1134
860630301,293,39,332
860630302,127,9,136
860630303,863,108,971
860630401,94,12,106
860630402,121,16,137
860630403,561,71,632
860630501,199,66,265
860630502,106,38,144
860630601,621,120,741
860630602,980,64,1044
860630603,474,58,532
860630604,671,112,783
860630605,1058,75,1133
860630606,804,121,925
860630607,746,49,795
860630608,722,32,754
860630609,851,52,903
860630610,873,53,926
860630611,897,48,945
860630612,833,61,894
860630613,858,69,927
860630614,782,73,855
860630615,606,27,633
860630701,0,0,0
860630702,0,0,0
860630703,0,0,0
860630801,1188,134,1322
860630802,744,48,792
860630803,444,13,457
860630804,617,40,657
860630805,630,39,669
860630806,810,45,855
860630807,890,75,965
860630808,721,61,782
860630809,409,18,427
860630810,874,46,920
860630811,887,65,952
860630812,648,75,723
860630813,955,82,1037
860630814,627,70,697
860630815,1061,144,1205
860700101,482,87,569
860700102,445,116,561
860700103,535,110,645
860700104,563,125,688
860700201,967,173,1140
860700202,1475,329,1804
860700203,695,67,762
860700301,120,26,146
860700302,504,72,576
860700401,2303,385,2688
860700402,977,175,1152
860700403,616,134,750
860700501,524,65,589
860700502,500,58,558
860700503,780,159,939
860700504,143,29,172
860700505,471,52,523
860700601,284,56,340
860700602,289,48,337
860700603,1391,184,1575
860770101,1084,248,1332
860770102,683,209,892
860770103,933,188,1121
860770201,387,103,490
860770202,1698,382,2080
860770203,752,153,905
860770204,346,59,405
860770205,1158,150,1308
860770206,890,108,998
860770207,742,104,846
860770301,726,183,909
860770302,629,142,771
860770303,196,21,217
860770401,187,21,208
860770402,532,90,622
860770403,520,78,598
860770404,137,37,174
860770405,834,145,979
860770501,768,176,944
860770502,1110,143,1253
860770503,711,96,807
860770504,798,110,908
860770505,1182,237,1419
860770506,765,128,893
860770507,716,109,825
860770508,1028,91,1119
860770509,603,71,674
860770510,550,54,604
860770511,644,82,726
860770512,751,87,838
860770601,631,97,728
860770602,628,37,665
860770603,622,31,653
860770604,608,35,643
860770605,653,69,722
860770606,595,52,647
860770607,576,85,661
860770608,1218,219,1437
860770609,710,71,781
860770610,894,124,1018
860770611,838,87,925
860770612,841,118,959
860840101,140,5,145
860840102,404,54,458
860840103,87,7,94
860840201,403,47,450
860840202,176,31,207
860840301,763,84,847
860840302,190,32,222
860840303,343,41,384
860840304,311,45,356
860840305,271,23,294
860840401,186,31,217
860840402,55,3,58
860840403,85,8,93
860840404,68,9,77
860840405,254,30,284
860840406,600,45,645
860840407,793,89,882
860840408,753,62,815
860840409,608,46,654
860910101,426,68,494
860910102,125,7,132
860910103,494,84,578
860910104,262,71,333
860910105,1196,237,1433
860910106,571,140,711
860910107,322,50,372
860910108,48,3,51
860910109,1109,158,1267
860910201,179,32,211
860910202,48,11,59
860910203,308,53,361
860910204,21,2,23
860910301,195,28,223
860910302,73,13,86
860910401,138,17,155
860910402,188,31,219
860910403,433,81,514
860910404,500,101,601
860910405,558,79,637
860910406,1242,144,1386
860910407,632,87,719
860910408,132,39,171
860910409,100,28,128
860910410,1176,138,1314
860910411,1058,164,1222
860980101,247,35,282
860980102,47,2,49
860980103,435,61,496
860980104,106,12,118
860980105,122,16,138
860980106,90,13,103
860980107,29,3,32
860980108,1404,184,1588
860980109,1767,171,1938
860980110,1138,122,1260
860980111,1017,167,1184
860980112,739,83,822
860980201,456,84,540
860980202,25,7,32
860980203,130,18,148
860980204,136,17,153
860980205,921,140,1061
860980301,219,40,259
860980302,139,22,161
860980303,24,4,28
860980304,42,10,52
860980305,1311,280,1591
860980401,767,141,908
860980402,491,95,586
860980403,453,92,545
860980501,212,38,250
860980502,675,170,845
860980503,877,178,1055
860980601,71,12,83
860980602,182,56,238
860980603,57,10,67
860980701,124,16,140
860980702,55,8,63
860980703,28,2,30
861050101,1938,287,2225
861050102,222,31,253
861050201,1071,131,1202
861050202,179,17,196
861050203,1288,183,1471
861050204,1475,200,1675
861050205,956,73,1029
861050206,1014,88,1102
861050207,1197,89,1286
861050208,1047,71,1118
861050209,1222,102,1324
861050210,1292,91,1383
861050211,1014,90,1104
861050212,1102,81,1183
861050301,1092,146,1238
861050302,512,87,599
861050303,332,53,385
861120101,128,21,149
861120102,225,46,271
861120103,124,10,134
861120104,116,11,127
861120105,131,16,147
861120201,183,24,207
861120202,71,8,79
861120203,443,43,486
861120302,148,33,181
861190101,1418,297,1715
861190102,1691,334,2025
861190103,1164,232,1396
861190104,1730,202,1932
861190201,367,95,462
861190202,88,21,109
861190203,192,41,233
861190301,473,82,555
861190302,202,66,268
861190303,336,83,419
861190304,112,26,138
861190401,361,68,429
861190402,69,18,87
861190403,136,25,161
861190404,1115,227,1342
861190405,481,101,582
861190406,1661,209,1870
861190407,1050,101,1151
861190408,1453,140,1593
861190409,1272,116,1388
861190410,1309,213,1522
861190411,910,147,1057
861190412,1298,180,1478
861190413,1729,343,2072
861190414,1128,158,1286
861190415,979,144,1123
861190501,1035,219,1254
861190502,1359,300,1659
861190503,460,80,540
861260101,95,29,124
861260102,19,0,19
861260201,567,102,669
861260202,119,10,129
861260203,399,35,434
861260204,326,35,361
861260301,649,78,727
861260302,294,27,321
861260303,229,37,266
861260304,73,9,82
861260305,193,15,208
861260306,88,5,93
861260307,965,101,1066
861260308,1055,126,1181
861260309,1455,149,1604
861260310,1509,141,1650
861260311,880,67,947
861260312,1083,78,1161
861260313,997,81,1078
861260401,240,29,269
861260402,263,20,283
861260403,412,55,467
861260404,73,8,81
861330101,192,15,207
861330102,286,56,342
861330103,462,54,516
861330201,464,77,541
861330202,240,25,265
861330203,747,127,874
861330204,523,93,616
861330205,1191,109,1300
861330301,466,61,527
861330302,272,55,327
861330303,451,69,520
861330304,82,11,93
861330305,135,21,156
861330401,234,33,267
861330402,157,17,174
861330403,1053,139,1192
861330404,1098,175,1273
861330405,144,18,162
861330406,525,65,590
861330407,579,53,632
861330408,659,65,724
861330409,746,59,805
861330410,1585,211,1796
861330501,37,11,48
861330502,57,7,64
861330503,120,18,138
861330504,382,52,434
861330505,1035,198,1233
861330601,210,33,243
861330602,200,19,219
861330603,237,42,279
861330701,744,123,867
861330702,384,91,475
861330801,235,44,279
861330802,766,161,927
861400101,320,37,357
861400102,153,24,177
861400103,652,117,769
861400104,249,21,270
861400105,389,39,428
861400201,360,34,394
861400202,223,24,247
861400203,203,28,231
861400204,407,80,487
861400205,543,37,580
861400206,1124,125,1249
861400207,712,93,805
861400208,673,37,710
861400209,955,129,1084
861400210,753,47,800
861400301,450,70,520
861400302,232,36,268
861400303,458,76,534
861470101,415,58,473
861470102,930,145,1075
861470103,1148,165,1313
861470104,528,104,632
861470201,632,113,745
861470202,1342,274,1616
861470301,3027,627,3654
861470302,516,75,591
861470401,2080,416,2496
861470402,432,53,485
861470403,678,96,774
861470501,667,60,727
861470502,987,114,1101
861470503,449,48,497
861470504,458,43,501
861470601,474,108,582
861470602,402,71,473
861470603,484,85,569
861470701,135,22,157
861470702,254,27,281
861470703,682,70,752
861470704,691,114,805
861470705,309,44,353
861470706,481,68,549
861470801,1152,110,1262
861470802,1063,90,1153
861470803,1018,69,1087
861470804,583,34,617
861470805,625,41,666
861470806,942,68,1010
861470807,1220,143,1363
861470808,1078,92,1170
861470809,908,95,1003
861470810,641,107,748
861470811,967,102,1069
861470812,881,81,962
861470813,774,102,876
861470814,976,86,1062
861470815,377,28,405
861470816,656,47,703
861470817,611,48,659
861470901,747,80,827
861470902,1249,160,1409
861470903,835,69,904
861470904,695,115,810
861470905,902,115,1017
861470906,607,55,662
861470907,317,18,335
861470908,483,24,507
861470909,740,70,810
861470910,476,29,505
861470911,221,16,237
861470912,931,94,1025
861470913,626,59,685
861470914,791,177,968
861470915,741,46,787
861470916,771,147,918
861470917,661,51,712
861470918,527,88,615
861470919,770,105,875
861540101,84,7,91
861540102,212,19,231
861540103,53,3,56
861540104,156,10,166
861540105,105,10,115
861540106,937,59,996
861540107,1052,82,1134
861540108,557,24,581
861540201,96,7,103
861540202,188,8,196
861540203,480,34,514
861540204,31,7,38
861540301,64,22,86
861540302,168,12,180
861540303,212,20,232
861610101,583,76,659
861610102,786,105,891
861610103,541,66,607
861610104,427,65,492
861610105,1153,122,1275
861610106,757,106,863
861610107,820,55,875
861610108,945,94,1039
861610109,1120,103,1223
861610110,1228,152,1380
861610111,922,172,1094
861610112,1065,142,1207
861610201,231,46,277
861610202,87,10,97
861610203,1090,199,1289
861610204,778,109,887
861610205,629,93,722
861610206,807,110,917
861610301,1300,260,1560
861610302,1006,201,1207
861610303,139,17,156
861610304,299,40,339
861610305,964,188,1152
861610306,563,69,632
861610307,136,34,170
861610308,1637,134,1771
861610309,1024,103,1127
861610310,816,57,873
861610311,685,48,733
861610312,821,62,883
861610313,602,43,645
861610314,814,50,864
861610315,902,152,1054
861610316,1177,157,1334
861610317,735,77,812
861610318,1072,92,1164
861610319,756,87,843
861610401,248,28,276
861610402,313,52,365
861610403,421,46,467
861610404,703,65,768
861610405,353,40,393
861610406,412,37,449
861610407,209,25,234
861610408,202,22,224
861610409,1059,104,1163
861610410,1108,106,1214
861610411,723,79,802
861610412,1037,168,1205
861610413,657,86,743
861680101,349,59,408
861680102,403,64,467
861680103,513,72,585
861680104,266,36,302
861680105,440,60,500
861680201,562,122,684
861680202,684,111,795
861680203,468,90,558
861680204,435,73,508
861680205,684,97,781
861680206,1199,119,1318
861680207,984,83,1067
861680301,764,140,904
861680302,654,98,752
861680303,253,28,281
861680304,413,96,509
861750101,1199,174,1373
861750102,202,29,231
861750103,398,50,448
861750201,280,68,348
861750202,256,32,288
861750203,435,94,529
861750204,960,134,1094
861750301,774,66,840
861750302,182,26,208
861750303,602,90,692
861750304,765,94,859
861750305,496,103,599
861750306,591,48,639
861750307,857,89,946
861820101,42,7,49
861820102,93,24,117
861820103,316,50,366
861820201,201,33,234
861820202,128,1,129
861820203,263,58,321
861820204,125,9,134
861820205,936,115,1051
861820206,1171,163,1334
861820301,253,30,283
861820302,211,36,247
861890101,1114,103,1217
861890102,475,49,524
861890103,990,95,1085
861890201,884,112,996
861890202,568,67,635
861890203,26,0,26
861890301,574,61,635
861890302,1022,109,1131
861890303,926,100,1026
900070101,39,7,46
900070102,59,11,70
900070103,132,21,153
900070104,284,43,327
900070105,238,25,263
900070201,84,13,97
900070202,91,13,104
900070203,46,15,61
900070204,336,83,419
900070205,471,59,530
900070206,293,62,355
900070301,83,12,95
900070302,58,9,67
900070303,73,18,91
900070304,39,14,53
900070305,91,14,105
900070306,423,48,471
900070401,257,24,281
900070402,183,22,205
900070403,395,74,469
900070404,224,45,269
900070405,855,127,982
900070406,24,4,28
900070407,311,72,383
900070408,1243,131,1374
900070409,1100,141,1241
900070410,1103,211,1314
900070501,247,30,277
900070502,169,23,192
900070503,284,53,337
900070504,215,27,242
900070505,307,62,369
900070506,312,45,357
900070507,208,51,259
900070508,275,34,309
900070509,400,49,449
900070601,455,37,492
900070602,337,35,372
900070603,139,15,154
900070604,546,59,605
900070605,273,32,305
900070606,421,49,470
900070607,670,98,768
900070608,235,28,263
900070609,468,55,523
900070610,361,51,412
900070611,862,104,966
900070701,419,38,457
900070702,378,30,408
900070703,515,71,586
900070704,562,82,644
900070705,208,25,233
900070706,42,9,51
900070707,223,47,270
900070708,262,31,293
900070709,215,27,242
900070710,1340,173,1513
900070711,509,65,574
900070712,1564,186,1750
900070801,403,55,458
900070802,115,10,125
900070803,277,30,307
900070804,105,27,132
900070805,607,67,674
900070806,236,26,262
900070807,1077,107,1184
900070808,664,60,724
900070809,209,33,242
900070901,56,9,65
900070902,315,39,354
900070903,484,46,530
900070904,786,110,896
900070905,225,22,247
900071001,462,83,545
900071002,204,18,222
900071003,196,39,235
900071004,125,38,163
900071005,740,156,896
900071006,155,38,193
900071007,1072,227,1299
900140101,367,63,430
900140102,985,136,1121
900140103,1553,215,1768
900140104,636,82,718
900140105,765,89,854
900140106,633,44,677
900140107,981,138,1119
900140108,771,83,854
900140109,1770,156,1926
900140110,1383,119,1502
900140111,493,74,567
900140112,2338,183,2521
900140113,1535,111,1646
900140114,1834,141,1975
900140115,1558,132,1690
900140116,1662,209,1871
900140117,742,66,808
900140118,1079,77,1156
900140119,1076,64,1140
900140120,902,72,974
900140121,1461,129,1590
900140122,1647,169,1816
900140123,1208,89,1297
900140124,1039,59,1098
900140125,959,153,1112
900140126,1944,201,2145
900140127,1612,135,1747
900140128,1009,73,1082
900140129,1219,142,1361
900140130,1859,298,2157
900140131,1582,223,1805
900140201,209,32,241
900140202,511,73,584
900140203,114,12,126
900140204,490,90,580
900140205,692,98,790
900140206,136,26,162
900140207,1284,112,1396
900140208,1230,113,1343
900140209,813,86,899
900140210,815,96,911
900140211,962,95,1057
900140301,827,88,915
900140302,195,23,218
900140303,95,13,108
900140304,241,29,270
900140401,126,23,149
900140402,152,27,179
900140403,707,93,800
900140404,816,76,892
900140501,96,12,108
900140502,341,45,386
900140503,440,74,514
900140504,188,41,229
900140505,273,25,298
900140506,303,52,355
900140601,424,83,507
900140602,50,5,55
900140603,23,2,25
900140604,77,10,87
900140605,16,5,21
900140606,434,50,484
900140607,192,21,213
900140608,595,85,680
900140609,1044,67,1111
900140610,1370,147,1517
900140611,928,148,1076
900140612,1192,142,1334
900140613,1166,152,1318
900140614,855,122,977
900140701,446,43,489
900140702,45,6,51
900140703,773,86,859
900140704,783,93,876
900140705,206,31,237
900140706,579,47,626
900140707,134,14,148
900140708,800,56,856
900140709,213,34,247
900140710,1245,100,1345
900140711,1114,135,1249
900140712,963,88,1051
900140713,1489,171,1660
900140714,1002,135,1137
900140801,286,41,327
900140802,249,28,277
900140803,356,48,404
900140804,142,7,149
900140805,596,43,639
900140806,227,26,253
900140901,787,77,864
900140902,481,45,526
900140903,565,51,616
900140904,282,18,300
900140905,514,51,565
900140906,451,36,487
900141001,526,54,580
900141002,347,31,378
900141003,580,56,636
900141101,231,25,256
900141102,941,90,1031
900141103,173,27,200
900141104,548,77,625
900141105,1331,127,1458
900141106,1370,144,1514
900141201,959,93,1052
900141202,644,69,713
900141203,257,33,290
900141204,1537,231,1768
900141205,1210,150,1360
900141206,995,79,1074
900141207,1258,98,1356
900141208,979,70,1049
900141209,1316,87,1403
900141210,1565,120,1685
900141211,1099,85,1184
900141212,885,67,952
900141213,1225,92,1317
900141214,1403,93,1496
900141215,718,48,766
900141216,864,49,913
900141217,1328,102,1430
900141218,995,66,1061
900141219,1104,107,1211
900141220,91,10,101
900141221,569,56,625
900141222,1507,206,1713
900141223,1021,101,1122
900141224,741,67,808
900141225,770,61,831
900141301,1328,138,1466
900141302,1055,87,1142
900141303,1496,93,1589
900141304,720,44,764
900141305,969,102,1071
900141306,1654,164,1818
900141307,1098,138,1236
900141308,878,62,940
900141309,835,59,894
900141310,1790,225,2015
900141311,1405,210,1615
900141312,1399,98,1497
900141313,955,116,1071
900141314,696,128,824
900141401,30,1,31
900141402,18,1,19
900141403,88,13,101
900141404,173,23,196
900141405,1012,97,1109
900141406,1009,72,1081
900141407,1210,115,1325
900141408,1918,198,2116
900141409,1411,148,1559
900141410,961,134,1095
900141501,1013,111,1124
900141502,931,113,1044
900141503,97,20,117
900141504,1701,235,1936
900141505,260,39,299
900141506,1451,102,1553
900141507,1675,138,1813
900141601,611,72,683
900141602,1312,83,1395
900141603,894,48,942
900141604,699,35,734
900141605,1016,76,1092
900141606,814,70,884
900141607,873,55,928
900141608,936,67,1003
900141609,930,58,988
900141610,698,53,751
900141611,822,58,880
900141612,752,35,787
900141613,1388,136,1524
900141614,1206,120,1326
900141615,1274,131,1405
900141616,1911,234,2145
900141617,904,53,957
900141618,1182,89,1271
900210101,1,1,2
900210102,379,39,418
900210103,0,0,0
900210104,1147,153,1300
900210105,487,35,522
900210106,515,59,574
900210107,224,31,255
900210108,649,83,732
900210109,788,96,884
900210110,662,47,709
900210111,408,35,443
900210201,209,23,232
900210202,262,32,294
900210203,412,43,455
900210204,655,75,730
900210205,1744,184,1928
900210206,661,89,750
900210207,560,78,638
900210208,461,65,526
900210209,521,100,621
900210301,420,54,474
900210302,492,60,552
900210303,499,70,569
900210304,448,47,495
900210401,407,24,431
900210402,211,21,232
900210403,493,44,537
900210404,257,28,285
900210405,85,8,93
900210406,658,60,718
900210407,1052,91,1143
900210408,731,46,777
900210409,1266,83,1349
900210410,799,63,862
900210411,997,88,1085
900210501,521,54,575
900210502,1087,156,1243
900210503,607,52,659
900210504,572,71,643
900210505,72,7,79
900210506,721,63,784
900210507,1286,132,1418
900210601,104,13,117
900210602,1910,157,2067
900210603,1358,94,1452
900210604,1324,81,1405
900210605,1177,81,1258
900210606,1285,68,1353
900210607,1063,97,1160
900210608,1281,63,1344
900210609,592,23,615
900210610,1385,69,1454
900210611,1214,55,1269
900210612,1066,45,1111
900210613,706,41,747
900210614,1235,69,1304
900210615,878,46,924
900210616,954,60,1014
900210617,685,39,724
900210618,1021,69,1090
900210619,705,48,753
900210620,564,39,603
900210701,1492,137,1629
900210702,1333,105,1438
900210703,972,80,1052
900210704,626,41,667
900210705,743,58,801
900210706,1239,56,1295
900210707,965,39,1004
900210708,535,29,564
900210709,1024,117,1141
900210710,1099,77,1176
900210711,442,16,458
900210712,758,35,793
900210713,586,27,613
900210714,949,59,1008
900210715,943,64,1007
900210716,910,49,959
900210717,1137,138,1275
900210718,854,79,933
900210719,1713,172,1885
900210720,1125,92,1217
900210721,864,90,954
900210722,1066,113,1179
900210723,786,57,843
900210724,938,48,986
900210725,1320,194,1514
900210726,990,183,1173
900280101,1428,165,1593
900280102,1362,121,1483
900280103,1362,128,1490
900280104,1081,104,1185
900280105,1062,109,1171
900280106,801,63,864
900280107,937,68,1005
900280108,1164,101,1265
900280109,733,56,789
900280110,768,56,824
900280111,1199,95,1294
900280112,1709,171,1880
900280113,970,85,1055
900280201,25,7,32
900280202,126,14,140
900280203,178,24,202
900280204,179,22,201
900280205,404,61,465
900280206,1913,197,2110
900280207,979,133,1112
900280208,783,70,853
900280301,17,2,19
900280302,216,33,249
900280303,112,15,127
900280304,393,59,452
900280305,922,120,1042
900280306,798,101,899
900280307,1007,154,1161
900280308,17,2,19
900280309,229,19,248
900280310,350,38,388
900280311,191,31,222
900280312,455,40,495
900280313,20,2,22
900280314,39,7,46
900280315,9,2,11
900280316,949,117,1066
900280317,1101,137,1238
900280318,1253,178,1431
900280319,1266,139,1405
900280320,806,55,861
900350101,814,103,917
900350102,107,8,115
900350103,113,5,118
900350104,25,1,26
900350105,62,10,72
900350106,140,13,153
900350107,73,13,86
900350108,44,1,45
900350109,121,13,134
900350110,248,25,273
900350111,602,70,672
900350112,556,87,643
900350113,1108,101,1209
900350114,985,70,1055
900350201,70,9,79
900350202,54,5,59
900350203,37,2,39
900350204,166,17,183
900350205,275,23,298
900350206,327,39,366
900350207,254,25,279
900350208,154,15,169
900350209,127,10,137
900350210,16,4,20
900350211,12,1,13
900350212,763,57,820
900350213,1121,94,1215
900350214,615,52,667
900350301,288,32,320
900350302,101,10,111
900350303,92,9,101
900350304,98,9,107
900350305,171,17,188
900350306,41,3,44
900350307,180,44,224
900350308,43,5,48
900350309,69,8,77
900350310,345,42,387
900350311,162,32,194
900350312,1073,102,1175
900420101,1080,93,1173
900420102,1136,113,1249
900420103,628,41,669
900420104,551,31,582
900420105,849,69,918
900420106,841,70,911
900420107,1183,63,1246
900420108,1130,59,1189
900420109,430,25,455
900420110,602,39,641
900420111,524,54,578
900420112,731,56,787
900420113,964,49,1013
900420114,999,52,1051
900420115,1163,85,1248
900420116,882,82,964
900420201,461,54,515
900420202,202,29,231
900420203,157,27,184
900420204,189,35,224
900420205,237,38,275
900420206,191,25,216
900420207,190,11,201
900420208,538,63,601
900420209,1056,115,1171
900420210,505,80,585
900420211,1051,136,1187
900420212,1751,185,1936
900420213,358,44,402
900420214,794,64,858
900420215,450,51,501
900420216,491,33,524
900420217,603,74,677
900420301,222,32,254
900420302,726,98,824
900420303,258,49,307
900420304,270,27,297
900420305,360,55,415
900420306,1039,92,1131
900420401,71,12,83
900420402,258,35,293
900490101,450,41,491
900490102,826,69,895
900490201,507,75,582
900490202,53,9,62
900490203,1055,117,1172
900490204,1436,200,1636
900490205,274,39,313
900490301,788,70,858
900490302,283,20,303
900490401,402,32,434
900490402,564,54,618
900490403,490,60,550
900490404,106,12,118
900490501,1025,91,1116
900490502,398,68,466
900490503,38,1,39
900490504,114,5,119
900490505,36,4,40
900490506,316,29,345
900490507,166,21,187
900490508,830,80,910
900490509,1323,83,1406
900490510,1073,102,1175
900490511,1238,102,1340
900490512,780,73,853
900490601,8,0,8
900490602,455,57,512
900490603,174,14,188
900490701,5,0,5
900490702,475,40,515
900490703,566,53,619
900560101,79,9,88
900560102,135,12,147
900560103,921,85,1006
900560201,177,14,191
900560202,3,0,3
900560203,611,55,666
900560301,905,56,961
900560302,1004,103,1107
900560303,806,74,880
900560304,536,54,590
900560305,1439,121,1560
900560306,1302,93,1395
900560307,701,44,745
900560308,991,53,1044
900560309,989,62,1051
900560310,1019,89,1108
900560311,1447,126,1573
900560312,1344,107,1451
900560401,311,48,359
900560402,716,102,818
900560403,456,54,510
900560404,123,25,148
900560405,70,7,77
900560406,269,41,310
900560407,80,7,87
900560408,505,37,542
900560501,243,21,264
900560502,811,57,868
900560503,407,37,444
900560504,699,59,758
900560505,262,26,288
900560601,123,14,137
900560602,513,38,551
900560603,658,93,751
900560604,146,20,166
900560605,158,13,171
900560606,351,43,394
900560607,232,23,255
900560701,355,43,398
900560702,1141,105,1246
900560703,91,13,104
900560704,524,60,584
900560705,324,27,351
900560706,371,62,433
900560801,207,29,236
900560802,107,14,121
900560803,396,67,463
900560804,376,51,427
900560805,756,99,855
900560901,226,27,253
900560902,17,1,18
900560903,453,33,486
900560904,514,65,579
900560905,72,12,84
900560906,234,30,264
900560907,352,31,383
900560908,368,74,442
900560909,160,24,184
900560910,109,12,121
900560911,126,10,136
900561001,506,85,591
900561002,49,3,52
900561003,659,84,743
900561004,398,32,430
900561005,368,29,397
900561101,26,0,26
900561102,28,1,29
900561103,120,9,129
900561104,290,35,325
900561105,298,41,339
900561106,212,28,240
900561107,674,102,776
900561108,1085,89,1174
900561201,327,39,366
900561202,305,26,331
900561203,639,36,675
900561204,526,53,579
900561205,436,50,486
900561206,414,38,452
900561207,521,47,568
900561208,117,20,137
900561209,302,38,340
900561210,99,12,111
900561211,386,34,420
900561212,322,32,354
900561213,1071,91,1162
900561301,507,57,564
900561302,338,39,377
900561303,117,18,135
900561304,704,77,781
900561305,954,74,1028
900561306,131,10,141
900561401,243,30,273
900561402,271,18,289
900561403,550,69,619
900561404,1348,106,1454
900561405,401,52,453
900561406,798,74,872
900561407,1038,80,1118
900561408,946,77,1023
900630101,844,97,941
900630102,1044,139,1183
900630103,823,98,921
900630104,1289,150,1439
900630105,1265,139,1404
900630106,945,62,1007
900630107,560,55,615
900630108,1400,135,1535
900630109,1067,61,1128
900630110,1371,87,1458
900630111,1402,95,1497
900630112,964,48,1012
900630113,1143,69,1212
900630114,1172,98,1270
900630201,138,28,166
900630202,323,31,354
900630203,62,4,66
900630204,83,7,90
900630205,61,4,65
900630206,788,81,869
900630207,420,60,480
900630208,18,0,18
900630209,41,3,44
900630210,98,22,120
900630211,153,16,169
900630212,1333,165,1498
900630213,966,58,1024
900630214,544,49,593
900630215,1179,109,1288
900630216,1029,71,1100
900630217,1102,81,1183
900630218,1088,98,1186
900630219,1044,93,1137
900630301,1808,257,2065
900630302,1663,191,1854
900630303,498,59,557
900630304,147,26,173
900630305,1694,262,1956
900630401,22,1,23
900630402,63,9,72
900630403,546,44,590
900630404,1220,158,1378
900630405,232,11,243
900630406,328,38,366
900630407,104,12,116
900630408,494,54,548
900630409,5,2,7
900630410,190,32,222
900630411,515,51,566
900630412,530,76,606
900630413,1537,179,1716
900630414,806,59,865
900630415,885,67,952
900630416,250,28,278
900630417,738,61,799
900630418,987,80,1067
900630419,1386,96,1482
900630420,746,95,841
900630501,1167,132,1299
900630502,734,44,778
900630503,1443,87,1530
900630504,988,75,1063
900630505,1109,64,1173
900630506,1240,64,1304
900630507,1409,120,1529
900630508,943,90,1033
900630509,1563,156,1719
900630510,1257,167,1424
900630511,1085,103,1188
900630512,1238,75,1313
900630513,1182,104,1286
900700101,390,35,425
900700102,392,49,441
900700201,55,14,69
900700202,284,21,305
900700203,352,52,404
900700204,768,68,836
900700205,1342,109,1451
900700206,1048,112,1160
900700207,673,77,750
900700208,868,91,959
900700301,1339,164,1503
900700302,139,24,163
900700303,108,14,122
900700304,120,9,129
900700305,169,24,193
900700306,665,68,733
900700307,902,83,985
900700401,209,20,229
900700402,338,36,374
900700403,944,103,1047
900700404,645,40,685
900700405,423,27,450
900700406,623,55,678
900700407,237,20,257
900700408,162,9,171
900700409,684,67,751
900700410,161,14,175
900700411,254,21,275
900700412,951,77,1028
900700413,1263,110,1373
900700414,876,60,936
900700501,507,55,562
900700502,460,52,512
900700601,8,0,8
900700602,1068,153,1221
900700603,697,54,751
900700604,929,85,1014
900700605,659,61,720
900700606,778,76,854
900700607,999,71,1070
900700701,310,41,351
900700702,175,21,196
900700703,3,0,3
900700801,161,24,185
900700802,43,2,45
900700803,314,25,339
900700804,515,68,583
900700805,631,66,697
900700806,761,61,822
900700807,1646,147,1793
900700808,612,63,675
900700901,0,0,0
900700902,224,33,257
900700903,1079,111,1190
900700904,237,25,262
900701001,4,0,4
900701002,314,36,350
900701003,289,27,316
900701101,313,26,339
900701102,426,37,463
900701201,5,0,5
900701202,170,29,199
900701203,374,47,421
900701204,595,99,694
900701301,1308,129,1437
900701302,417,42,459
900701303,752,124,876
900701304,1143,97,1240
900701401,610,33,643
900701402,790,136,926
900701403,531,40,571
900701404,714,29,743
900701405,1177,90,1267
900701406,1159,81,1240
900701407,591,26,617
900701408,542,25,567
900701409,1432,133,1565
900701410,1027,66,1093
900701411,700,26,726
900701412,801,55,856
900701413,451,13,464
900701414,749,43,792
900701415,1192,74,1266
900701416,804,61,865
900701417,1433,81,1514
900701418,1329,115,1444
900701419,1074,77,1151
900701420,1044,75,1119
900701421,703,41,744
900770101,1152,110,1262
900770102,1139,109,1248
900770103,1081,66,1147
900770104,1497,167,1664
900770105,1407,129,1536
900770106,1198,76,1274
900770107,880,60,940
900770108,730,39,769
900770109,864,36,900
900770110,1041,48,1089
900770111,760,32,792
900770112,758,61,819
900770113,841,57,898
900770114,569,22,591
900770115,1315,98,1413
900770116,1040,80,1120
900770117,931,44,975
900770118,582,44,626
900770119,909,82,991
900770120,1080,85,1165
900770121,1032,97,1129
900770122,751,54,805
900770123,789,37,826
900770124,865,45,910
900770201,229,33,262
900770202,996,121,1117
900770203,687,99,786
900770204,249,34,283
900770205,31,5,36
900770206,173,20,193
900770207,225,26,251
900770208,14,1,15
900770209,1184,104,1288
900770210,1367,197,1564
900770211,916,45,961
900770212,340,33,373
900770213,927,78,1005
900770214,521,55,576
900770301,361,35,396
900770302,520,43,563
900770401,8,1,9
900770402,16,3,19
900770403,848,94,942
900770404,982,119,1101
900770405,619,84,703
900770406,560,67,627
900770407,1003,126,1129
900770408,264,30,294
900770409,527,53,580
900770410,372,48,420
900770411,576,66,642
900770412,285,35,320
900770413,607,53,660
900770414,1406,89,1495
900770415,947,56,1003
900770416,535,33,568
900770417,1084,75,1159
900770418,471,61,532
900770419,665,75,740
900770501,586,73,659
900770601,691,75,766
900770602,740,121,861
900770603,200,25,225
900770604,182,22,204
900770605,616,72,688
900770606,1193,115,1308
900770607,1409,135,1544
900840101,617,154,771
900840102,809,86,895
900840103,1182,90,1272
900840104,1182,50,1232
900840105,986,101,1087
900840106,1245,176,1421
900840107,1103,127,1230
900840108,1187,54,1241
900840109,807,48,855
900840110,907,40,947
900840111,939,66,1005
900840112,1155,70,1225
900840113,1293,95,1388
900840114,1036,69,1105
900840115,1022,63,1085
900840116,915,73,988
900840117,637,59,696
900840118,446,29,475
900840119,540,28,568
900840120,726,22,748
900840121,691,36,727
900840122,656,29,685
900840123,1410,85,1495
900840124,1190,54,1244
900840125,990,64,1054
900840126,1306,93,1399
900840201,548,93,641
900840202,1186,116,1302
900840203,1004,108,1112
900840204,680,45,725
900840205,1694,118,1812
900840206,950,43,993
900840207,673,33,706
900840208,1300,92,1392
900840209,960,49,1009
900840210,993,33,1026
900840211,586,18,604
900840212,1420,68,1488
900840213,709,29,738
900840214,830,32,862
900840215,615,22,637
900840216,633,19,652
900840217,746,27,773
900840218,690,48,738
900840219,811,30,841
900840220,636,23,659
900840221,1495,95,1590
900840222,1190,115,1305
900840223,684,36,720
900840301,1668,226,1894
900840302,1438,247,1685
900840303,1248,86,1334
900840304,1223,100,1323
900840305,975,61,1036
900840306,1189,73,1262
900840307,1096,58,1154
900840308,965,54,1019
900840309,826,70,896
900840310,1195,83,1278
900840311,660,53,713
900840312,746,43,789
900840313,780,28,808
900840314,531,21,552
900840315,493,22,515
900840401,1421,171,1592
900840402,1176,82,1258
900840403,1069,70,1139
900840404,1240,62,1302
900840405,1020,45,1065
900840406,1043,175,1218
900840407,1054,73,1127
900840408,384,29,413
900840409,955,93,1048
900840410,1026,74,1100
900840411,665,59,724
900840412,729,39,768
900840413,968,138,1106
900840414,735,89,824
900840415,1779,234,2013
900840416,1419,187,1606
900840501,1088,54,1142
900840502,730,37,767
900840503,904,37,941
900840504,549,32,581
900840505,658,24,682
900840506,1159,85,1244
900840507,880,108,988
900840508,684,87,771
900840509,553,32,585
900840510,676,32,708
900840511,547,23,570
900840512,634,25,659
900840513,770,20,790
900840601,537,31,568
900840602,1351,68,1419
900840603,1654,156,1810
900840604,999,55,1054
900840605,1127,68,1195
900840606,895,58,953
900840607,875,44,919
900840608,1040,96,1136
900840609,735,56,791
900840610,642,35,677
900840611,630,27,657
900840612,384,21,405
900840613,466,19,485
900840614,426,21,447
900840701,1159,101,1260
900840702,536,32,568
900840703,1049,70,1119
900840704,1119,78,1197
900840705,838,29,867
900840706,1211,81,1292
900840707,952,54,1006
900840708,1196,76,1272
900840709,946,47,993
900840710,618,29,647
900840711,748,35,783
900840712,683,29,712
900840713,565,24,589
900840714,659,28,687
900840801,744,58,802
900840802,671,61,732
900840803,1246,96,1342
900840804,903,101,1004
900840805,1728,199,1927
900840806,965,70,1035
900840807,914,56,970
900840808,1162,67,1229
900840809,854,67,921
900840810,837,40,877
900840811,932,55,987
900840812,1198,68,1266
900840813,965,55,1020
900840814,1904,189,2093
900840815,849,58,907
900840816,1102,60,1162
900840817,634,40,674
900840818,607,32,639
900840819,1196,99,1295
900840820,921,111,1032
900840901,613,33,646
900840902,896,33,929
900840903,677,20,697
900840904,686,27,713
900840905,835,31,866
900840906,621,55,676
900840907,730,48,778
900840908,651,33,684
900840909,527,22,549
900840910,629,29,658
900840911,889,38,927
900840912,427,12,439
900840913,300,13,313
900840914,746,33,779
900840915,948,33,981
900841001,905,73,978
900841002,1753,192,1945
900841003,914,100,1014
900841004,1340,116,1456
900841005,1344,117,1461
900841006,1172,147,1319
900841007,735,70,805
900841008,1406,169,1575
900841009,1142,112,1254
900841010,1427,211,1638
900841011,1170,140,1310
900841012,789,41,830
900841013,982,79,1061
900841014,738,67,805
900841015,616,31,647
900841016,717,29,746
900841017,756,33,789
900841018,939,34,973
900841019,559,18,577
900841020,1006,72,1078
900841021,295,16,311
900841022,850,49,899
900841023,1317,58,1375
900841024,1170,88,1258
900841025,239,59,298
900841101,588,24,612
900841102,654,20,674
900841103,622,25,647
900841104,489,16,505
900841105,1078,69,1147
900841106,1242,180,1422
900841107,1010,267,1277
900841108,1076,197,1273
900841109,1185,193,1378
900841110,824,70,894
900841111,997,65,1062
900841112,737,36,773
900841113,803,43,846
900841201,701,29,730
900841202,677,29,706
900841203,687,15,702
900841204,781,43,824
900841205,424,23,447
900841206,444,17,461
900841207,625,12,637
900841208,871,36,907
900841209,736,16,752
900841210,661,14,675
900841211,666,24,690
900841212,783,11,794
900841213,590,18,608
900841214,735,24,759
900841215,381,7,388
900841216,909,22,931
900841217,561,13,574
900841218,443,14,457
900841219,801,24,825
900841220,720,18,738
900841221,650,14,664
900841222,373,12,385
900841223,640,14,654
900841224,214,2,216
900841225,498,13,511
900841226,721,16,737
900841301,572,24,596
900841302,688,25,713
900841303,545,19,564
900841304,541,17,558
900841305,839,64,903
900841306,675,16,691
900841307,348,9,357
900841308,586,16,602
900841309,670,22,692
900841310,550,14,564
900841311,353,9,362
900841312,762,18,780
900841313,196,3,199
900841314,593,34,627
900841315,382,4,386
900841316,443,17,460
900841317,625,18,643
900841318,918,49,967
900841401,1145,64,1209
900841402,819,33,852
900841403,566,20,586
900841404,1239,43,1282
900841405,1039,49,1088
900841406,889,35,924
900841407,909,47,956
900841408,696,30,726
900841409,654,28,682
900841410,754,41,795
900841411,931,56,987
900841412,1020,47,1067
900841413,867,58,925
900841414,931,51,982
900841501,829,54,883
900841502,1096,64,1160
900841503,746,36,782
900841504,1156,45,1201
900841505,1002,44,1046
900841506,1055,56,1111
900841507,530,21,551
900841508,501,26,527
900841509,1108,49,1157
900841510,966,46,1012
900841511,571,22,593
900841512,472,42,514
900841513,561,24,585
900841601,946,49,995
900841602,757,26,783
900841603,1015,47,1062
900841604,1381,61,1442
900841605,1131,77,1208
900841606,677,22,699
900841607,1242,71,1313
900841608,986,63,1049
900841609,901,37,938
900841610,684,26,710
900841611,1197,60,1257
900841612,717,31,748
900841613,576,25,601
900841614,838,30,868
900841615,1332,69,1401
900841616,817,65,882
900841617,1057,95,1152
900841618,1172,112,1284
900841619,920,48,968
900841620,1076,50,1126
900841621,917,67,984
900841622,533,38,571
900841701,946,64,1010
900841702,1112,58,1170
900841703,920,40,960
900841704,1072,39,1111
900841705,860,47,907
900841706,990,49,1039
900841707,632,37,669
900841708,1214,55,1269
900841709,1232,66,1298
900841710,432,19,451
900841711,781,61,842
900841712,976,46,1022
900841801,1172,48,1220
900841802,840,37,877
900841803,468,17,485
900841804,395,12,407
900841805,891,25,916
900841806,939,36,975
900841807,1033,51,1084
900841808,1113,44,1157
900841809,843,34,877
900841810,680,52,732
900841811,1001,35,1036
900841812,581,17,598
900841901,563,20,583
900841902,722,27,749
900841903,563,11,574
900841904,412,17,429
900841905,519,30,549
900841906,446,17,463
900841907,866,20,886
900841908,527,17,544
900841909,783,19,802
900841910,619,20,639
900841911,746,19,765
900841912,789,35,824
900841913,576,29,605
900841914,526,15,541
900841915,466,13,479
900841916,567,16,583
900841917,340,9,349
900841918,391,7,398
900841919,1181,59,1240
900842001,407,10,417
900842002,451,8,459
900842003,411,5,416
900842004,362,9,371
900842005,416,7,423
900842006,411,10,421
900842007,789,15,804
900842008,532,13,545
900842009,500,19,519
900842010,551,19,570
900842011,386,12,398
900842012,622,41,663
900842013,514,15,529
900842014,388,11,399
900842015,608,17,625
900842016,474,10,484
900842017,463,8,471
900842018,924,29,953
900842019,846,20,866
900842101,548,18,566
900842102,813,32,845
900842103,422,10,432
900842104,535,15,550
900842105,495,18,513
900842106,954,43,997
900842107,1012,27,1039
900842108,566,32,598
900842109,749,24,773
900842110,1002,49,1051
900842111,652,79,731
900842112,675,23,698
900842113,1399,99,1498
900842114,1751,146,1897
900842115,836,116,952
900842116,537,28,565
900842117,558,39,597
900842118,766,63,829
900842119,1435,151,1586
900842120,525,21,546
900842121,519,28,547
900842122,556,27,583
900842123,6,0,6
900842201,1516,157,1673
900842202,1397,141,1538
900842203,881,81,962
900842204,744,46,790
900842205,622,139,761
900842206,1223,89,1312
900842207,1798,143,1941
900842208,991,120,1111
900842209,929,49,978
900842210,1003,97,1100
900842211,901,49,950
900842212,766,77,843
900842213,1187,127,1314
900842214,1452,137,1589
900842215,1605,175,1780
900842216,1221,109,1330
900842217,1539,187,1726
900842218,700,39,739
900842219,1313,156,1469
900842220,1149,139,1288
900842221,1368,125,1493
900842222,555,56,611
900842223,683,194,877
900842301,691,32,723
900842302,613,31,644
900842303,486,28,514
900842304,1040,66,1106
900842305,1003,51,1054
900842306,1338,87,1425
900842307,716,40,756
900842308,757,33,790
900842309,1084,54,1138
900842310,1096,68,1164
900842311,1209,57,1266
900842312,854,52,906
900842313,678,47,725
900842314,708,53,761
900842401,983,73,1056
900842402,1028,57,1085
900842403,1170,48,1218
900842404,1248,61,1309
900842405,784,40,824
900842406,1076,50,1126
900842407,565,41,606
900842408,1405,158,1563
900842409,1197,73,1270
900842410,998,66,1064
900842411,716,39,755
900842412,961,79,1040
900842413,786,57,843
900842414,972,61,1033
900842415,1830,125,1955
900842416,1687,143,1830
900842417,824,63,887
900842418,1089,55,1144
900842419,632,53,685
900842420,875,62,937
900842501,1624,163,1787
900842502,572,84,656
900842503,1133,58,1191
900842504,969,54,1023
900842505,1223,71,1294
900842506,565,55,620
900842507,1417,92,1509
900842508,1407,109,1516
900842509,806,48,854
900842510,966,61,1027
900842511,1798,177,1975
900842512,1392,120,1512
900842513,1276,82,1358
900842514,1192,62,1254
900842515,905,59,964
900842516,787,42,829
900842517,1048,84,1132
900842518,1083,77,1160
900842519,1023,86,1109
900842601,1456,122,1578
900842602,904,76,980
900842603,760,60,820
900842604,1170,123,1293
900842605,1211,100,1311
900842606,939,52,991
900842607,997,57,1054
900842608,734,35,769
900842609,731,72,803
900842610,892,97,989
900842611,972,57,1029
900842612,862,101,963
900842613,682,43,725
900842614,1281,114,1395
900842615,1257,167,1424
900842616,1306,117,1423
900842701,887,50,937
900842702,1709,114,1823
900842703,971,49,1020
900842704,1118,84,1202
900842705,1265,110,1375
900842706,1386,117,1503
900842707,1498,123,1621
900842708,1229,96,1325
900842709,1559,112,1671
900842710,1419,103,1522
900842711,1060,98,1158
900842712,826,61,887
900842713,773,36,809
900842714,1376,74,1450
900842801,1472,119,1591
900842802,1117,73,1190
900842803,1642,150,1792
900842804,735,148,883
900842805,1077,125,1202
900842806,1074,145,1219
900842807,1068,149,1217
900842808,771,149,920
900842809,863,55,918
900842810,995,59,1054
900842811,1182,90,1272
900842812,1244,146,1390
900842813,963,124,1087
900842814,728,63,791
900842815,1222,127,1349
900842816,1062,130,1192
900842817,1032,111,1143
900842818,931,43,974
900842819,1009,37,1046
900842820,850,36,886
900842821,757,32,789
900842822,1158,88,1246
900842823,999,93,1092
900842824,1465,114,1579
900842901,1475,145,1620
900842902,1453,107,1560
900842903,984,46,1030
900842904,985,90,1075
900842905,888,67,955
900842906,964,84,1048
900842907,962,111,1073
900842908,1702,177,1879
900842909,1242,108,1350
900842910,942,100,1042
900842911,1399,119,1518
900842912,784,60,844
900842913,1316,92,1408
900842914,2007,248,2255
900842915,1197,88,1285
900842916,727,80,807
900843001,1119,125,1244
900843002,1122,65,1187
900843003,1269,111,1380
900843004,810,38,848
900843005,895,36,931
900843006,767,53,820
900843007,1359,129,1488
900843008,972,105,1077
900843009,1165,130,1295
900843010,1153,107,1260
900843011,1349,84,1433
900843012,1356,125,1481
900843013,1481,122,1603
900843014,1170,114,1284
900843015,1556,156,1712
900843016,1146,209,1355
900843017,675,65,740
900843018,1692,176,1868
900843019,397,30,427
900910101,1615,117,1732
900910102,1258,119,1377
900910103,1270,115,1385
900910104,1306,78,1384
900910105,1000,64,1064
900910106,885,56,941
900910201,585,59,644
900910202,279,25,304
900910203,515,71,586
900910204,718,83,801
900910205,366,33,399
900910206,309,48,357
900910207,561,55,616
900910208,501,58,559
900910209,384,48,432
900910301,276,23,299
900910302,566,53,619
900910303,472,104,576
900910304,600,71,671
900910305,539,55,594
900910306,526,45,571
900910307,356,33,389
900910308,146,21,167
900910401,172,27,199
900910402,316,34,350
900910403,395,71,466
900910404,332,24,356
900910405,364,44,408
900910406,158,21,179
900910501,562,47,609
900910502,397,39,436
900910503,387,29,416
900910504,114,10,124
900910601,91,11,102
900910602,414,47,461
900910603,208,23,231
900910604,141,8,149
900910605,82,10,92
900910606,108,7,115
900910607,361,25,386
900910701,634,148,782
900910702,557,111,668
900910703,200,47,247
900910704,251,23,274
900910801,110,15,125
900910802,73,10,83
900910803,212,21,233
900910804,261,26,287
900910805,169,26,195
900910806,106,31,137
900910807,38,8,46
900910808,399,95,494
900910809,765,66,831
900910901,219,23,242
900910902,287,32,319
900910903,247,29,276
900910904,68,10,78
900911001,192,20,212
900911002,180,14,194
900911003,370,47,417
900911004,136,12,148
900911101,173,14,187
900911102,73,9,82
900911103,181,22,203
900911104,187,17,204
900911201,369,32,401
900911202,184,14,198
900911203,41,3,44
900980101,401,54,455
900980102,214,24,238
900980103,45,8,53
900980104,170,31,201
900980105,174,23,197
900980106,544,50,594
900980107,32,2,34
900980108,0,0,0
900980201,36,2,38
900980202,3,2,5
900980203,63,3,66
900980301,25,4,29
900980302,23,1,24
900980303,41,11,52
900980304,313,28,341
900980305,102,17,119
900980306,0,0,0
900980307,10,1,11
900980308,752,65,817
900980309,330,28,358
900980310,614,51,665
900980311,549,46,595
900980401,582,67,649
900980402,816,89,905
900980403,28,7,35
900980404,7,0,7
900980405,486,66,552
900980406,504,76,580
900980407,234,25,259
900980408,656,90,746
900980409,356,39,395
900980410,287,23,310
900980411,246,17,263
900980412,446,63,509
900980413,323,27,350
900980414,522,52,574
900980415,980,77,1057
900980416,670,61,731
900980417,320,26,346
900980418,362,40,402
900980419,86,6,92
900980420,442,51,493
901050101,91,15,106
901050102,88,18,106
901050103,105,12,117
901050104,39,7,46
901050201,139,25,164
901050202,24,6,30
901050203,218,33,251
901050204,492,81,573
901050205,560,63,623
901050206,333,49,382
901050207,190,16,206
901050208,676,65,741
901050301,25,3,28
901050302,471,61,532
901050401,268,37,305
901050402,749,66,815
901050501,511,81,592
901050502,83,12,95
901050503,801,65,866
901050504,1660,187,1847
901050505,536,52,588
901050506,1024,55,1079
901050601,645,68,713
901050602,902,117,1019
901050603,1391,89,1480
901050604,1154,76,1230
901050605,1153,101,1254
901050606,912,52,964
901050607,567,73,640
901050608,507,38,545
901050609,920,80,1000
901050610,854,49,903
901050611,1151,85,1236
901050612,1072,107,1179
901050613,852,88,940
901050614,463,26,489
901050615,848,55,903
901050616,722,45,767
901050617,768,54,822
901050618,892,84,976
901050619,776,74,850
901050620,1156,101,1257
901050621,1734,143,1877
901050622,423,39,462
901050623,1539,85,1624
901050624,408,49,457
901050625,724,65,789
901050701,1866,188,2054
901050702,887,102,989
901050703,505,21,526
901050704,1134,162,1296
901050705,803,33,836
901050706,1045,76,1121
901050707,471,28,499
901050708,970,100,1070
901050709,940,157,1097
901050710,849,108,957
901050711,1280,94,1374
901050712,1567,87,1654
901050713,723,63,786
901050714,783,85,868
901050715,475,44,519
901050716,0,0,0
901050717,3,0,3
901050718,67,6,73
901050801,284,46,330
901050802,1473,103,1576
901050803,1151,79,1230
901050804,1275,130,1405
901050805,1350,110,1460
901050806,911,79,990
901050807,1030,58,1088
901050808,1714,135,1849
901050809,1106,90,1196
901050810,1186,77,1263
901050811,1146,68,1214
901050812,1236,59,1295
901050813,1153,67,1220
901050814,1118,82,1200
901050815,823,80,903
901050816,862,40,902
901050817,915,81,996
901050901,57,10,67
901050902,1022,83,1105
901050903,1710,159,1869
901050904,1248,87,1335
901050905,1161,91,1252
901050906,1317,91,1408
901050907,1000,48,1048
901050908,942,45,987
901050909,886,30,916
901050910,451,15,466
901050911,557,17,574
901050912,1177,69,1246
901050913,1283,97,1380
901050914,1149,78,1227
901050915,855,36,891
901050916,979,133,1112
901050917,556,48,604
901051001,1102,57,1159
901051002,826,85,911
901051003,1148,71,1219
901051004,1566,165,1731
901051005,1429,160,1589
901051006,1176,65,1241
901051007,989,73,1062
901051008,405,37,442
901051009,1426,151,1577
901051010,1176,126,1302
901051011,971,72,1043
901051012,850,73,923
901051013,863,47,910
901051014,15,1,16
901051015,1115,106,1221
901051016,997,77,1074
901051017,1527,127,1654
901051018,1526,100,1626
901051019,734,73,807
901051020,589,45,634
901051021,1144,77,1221
901051022,995,82,1077
901051023,1040,104,1144
901051024,1171,177,1348
901120101,34,4,38
901120102,80,23,103
901120103,140,17,157
901120104,79,11,90
901120105,148,19,167
901120106,68,7,75
901120107,38,4,42
901120108,142,21,163
901120109,408,52,460
901120110,425,46,471
901120111,452,26,478
901120112,341,14,355
901120113,279,23,302
901120114,325,42,367
901120115,478,66,544
901120116,305,35,340
901120201,90,11,101
901120202,45,2,47
901120203,305,18,323
901120204,204,38,242
901120205,846,92,938
901120206,138,16,154
901120207,94,19,113
901120208,44,2,46
901120209,175,16,191
901120210,1164,167,1331
901120211,12,0,12
901120212,69,7,76
901120213,1344,105,1449
901120214,1056,62,1118
901120215,518,45,563
901120216,955,86,1041
901120301,190,26,216
901120302,803,105,908
901120303,431,38,469
901120304,81,14,95
901120305,163,25,188
901120306,160,15,175
901120307,405,43,448
901120308,415,34,449
901120401,88,5,93
901120402,184,21,205
901120403,333,50,383
901120404,720,84,804
901190101,48,4,52
901190102,19,4,23
901190103,177,19,196
901190201,1057,108,1165
901190202,705,44,749
901190203,730,68,798
901190204,1090,99,1189
901190205,792,65,857
901190206,1326,125,1451
901190207,606,22,628
901190208,925,73,998
901190209,1017,102,1119
901190210,726,53,779
901190211,1070,86,1156
901190212,539,34,573
901190213,854,44,898
901190214,555,90,645
901190215,946,59,1005
901190216,753,56,809
901190217,962,65,1027
901190301,9,2,11
901190302,579,55,634
901190303,575,41,616
901190304,969,82,1051
901190305,600,36,636
901190306,1131,160,1291
901190307,934,35,969
901190308,641,45,686
901190309,788,50,838
901190310,714,58,772
901190311,652,53,705
901190312,590,40,630
901190313,1222,59,1281
901190314,905,70,975
901190315,851,101,952
901190316,892,58,950
901190317,1430,90,1520
901190318,654,80,734
901190319,863,58,921
901190401,719,127,846
901190402,1085,110,1195
901190403,1253,132,1385
901190404,1287,115,1402
901190405,1290,105,1395
901190406,1264,82,1346
901190407,1733,151,1884
901190408,1364,104,1468
901190409,1651,179,1830
901190410,811,41,852
901190411,838,66,904
901190412,772,34,806
901190413,729,44,773
901190414,720,28,748
901190415,476,26,502
901190416,409,33,442
901190417,944,30,974
901190418,702,27,729
901190419,1225,38,1263
901190420,1009,70,1079
901190421,638,24,662
901190501,15,3,18
901190502,837,63,900
901190503,932,76,1008
901190504,883,40,923
901190505,767,28,795
901190506,619,23,642
901190507,1410,65,1475
901190508,1355,85,1440
901190509,1135,77,1212
901190510,847,42,889
901190511,731,69,800
901190512,1284,106,1390
901190513,1395,139,1534
901190514,1234,92,1326
901190515,1024,64,1088
901190516,1069,85,1154
940070101,184,7,191
940070201,45,9,54
940070301,61,6,67
940070401,53,2,55
940070501,64,5,69
940070502,441,30,471
940070503,860,78,938
940070504,653,46,699
940070505,575,59,634
940070601,67,7,74
940070701,40,3,43
940070801,42,0,42
940071001,1174,84,1258
940071002,388,20,408
940071003,1154,81,1235
940071004,1084,69,1153
940071005,1021,56,1077
940071006,1008,64,1072
940071007,1056,56,1112
940071008,876,52,928
940071009,907,73,980
940071010,918,43,961
940071011,1017,70,1087
940071012,906,44,950
940071013,896,44,940
940071101,808,35,843
940071102,879,47,926
940071103,851,48,899
940071104,1231,80,1311
940071105,798,38,836
940071106,799,39,838
940071107,476,23,499
940071108,459,27,486
940071109,710,32,742
940071110,604,42,646
940071111,925,65,990
940071112,861,59,920
940071113,960,50,1010
940071201,619,28,647
940071202,724,49,773
940071203,515,27,542
940071204,1008,79,1087
940071205,1154,75,1229
940071206,1041,79,1120
940071207,961,50,1011
940071208,1045,69,1114
940071209,905,70,975
940071210,858,51,909
940071211,604,32,636
940071212,852,49,901
940071213,775,46,821
940071301,893,65,958
940071302,926,67,993
940071303,1009,65,1074
940071304,923,74,997
940071305,899,74,973
940071306,335,30,365
940071307,978,83,1061
940071308,755,66,821
940071309,791,66,857
940071310,538,45,583
940071311,854,57,911
940071312,840,56,896
940071313,985,68,1053
940071314,495,42,537
940071401,995,95,1090
940071402,1174,96,1270
940071403,1155,95,1250
940071404,908,79,987
940071405,1004,67,1071
940071406,755,33,788
940071407,923,53,976
940071408,897,67,964
940071409,1056,99,1155
940071410,868,62,930
940071411,845,64,909
940071412,881,91,972
940071413,620,62,682
940071414,727,95,822
940071415,722,50,772
940071416,240,17,257
940140101,23,0,23
940140102,146,10,156
940140103,96,4,100
940140201,0,0,0
940140202,24,0,24
940140301,1,0,1
940140302,43,2,45
940140401,372,30,402
940140402,616,79,695
940140403,319,36,355
940140404,249,18,267
940140405,387,25,412
940140406,678,32,710
940140407,818,60,878
940140408,422,24,446
940140409,904,70,974
940140410,645,36,681
940140411,769,51,820
940140412,765,64,829
940140413,969,59,1028
940140414,1061,84,1145
940140415,887,65,952
940140416,1013,69,1082
940140501,638,38,676
940140502,726,30,756
940140503,780,46,826
940140504,299,18,317
940140505,824,28,852
940140506,1139,32,1171
940140507,411,11,422
940140508,692,36,728
940140509,1140,57,1197
940140510,625,26,651
940140511,595,26,621
940140601,576,44,620
940140602,1034,58,1092
940140603,892,50,942
940140604,975,87,1062
940140605,1012,47,1059
940140606,755,44,799
940140607,898,47,945
940140608,821,42,863
940140609,1011,66,1077
940140610,909,67,976
940140611,918,78,996
940140612,882,122,1004
940140701,705,45,750
940140702,777,53,830
940140703,899,47,946
940140704,855,46,901
940140705,936,54,990
940140706,472,26,498
940140707,958,82,1040
940140708,787,44,831
940140709,408,22,430
940140710,372,20,392
940140711,1073,88,1161
940140712,950,76,1026
940140713,865,57,922
940140714,1252,105,1357
940140801,250,15,265
940140802,502,18,520
940140803,346,18,364
940140804,592,56,648
940140805,700,39,739
940140806,1022,63,1085
940140807,735,45,780
940140808,920,64,984
940140809,655,53,708
940140810,1200,74,1274
940140811,811,49,860
940140812,866,49,915
940140813,964,59,1023
940210101,17,0,17
940280101,186,3,189
