radio,1 Sí,2 No,TOTAL
020010101,169,93,262
020010201,231,208,439
020010202,165,205,370
020010203,161,150,311
020010204,366,199,565
020010205,169,106,275
020010206,353,316,669
020010207,230,173,403
020010208,211,229,440
020010209,247,220,467
020010210,170,139,309
020010211,326,239,565
020010212,540,545,1085
020010213,264,190,454
020010214,301,344,645
020010215,338,368,706
020010216,538,530,1068
020010217,337,320,657
020010218,221,229,450
020010219,232,265,497
020010301,160,367,527
020010302,177,281,458
020010303,244,345,589
020010304,167,220,387
020010305,448,699,1147
020010306,365,569,934
020010307,139,232,371
020010308,333,409,742
020010309,427,583,1010
020010310,220,457,677
020010311,274,400,674
020010312,168,341,509
020010313,137,206,343
020010314,137,278,415
020010315,254,509,763
020010316,263,405,668
020010317,159,364,523
020010318,176,533,709
020010319,385,547,932
020010320,134,220,354
020010321,56,216,272
020010322,201,395,596
020010323,251,522,773
020010401,1092,327,1419
020010402,967,296,1263
020010403,812,234,1046
020010404,1152,303,1455
020010405,801,249,1050
020010406,879,319,1198
020010407,1002,312,1314
020010408,864,212,1076
020010501,476,138,614
020010502,425,97,522
020010503,650,137,787
020010504,872,267,1139
020010505,508,81,589
020010506,604,131,735
020010507,481,98,579
020010601,646,141,787
020010602,410,91,501
020010603,763,194,957
020010604,640,132,772
020010605,251,58,309
020010606,453,101,554
020010607,382,106,488
020010608,439,112,551
020010609,812,197,1009
020010610,291,72,363
020010701,419,102,521
020010702,175,43,218
020010703,198,43,241
020010704,356,104,460
020010705,183,56,239
020010706,117,43,160
020010707,334,85,419
020010708,329,79,408
020010709,248,74,322
020010710,289,68,357
020010711,176,33,209
020010712,226,83,309
020010713,87,24,111
020010801,262,78,340
020010802,847,225,1072
020010803,798,167,965
020010804,411,111,522
020010805,286,65,351
020010806,812,207,1019
020010807,961,218,1179
020010808,328,80,408
020010809,440,111,551
020010810,284,54,338
020010901,223,61,284
020010902,290,92,382
020010903,257,113,370
020010904,198,51,249
020010905,294,100,394
020010906,241,59,300
020010907,406,90,496
020010908,201,51,252
020010909,334,92,426
020010910,127,48,175
020010911,163,35,198
020010912,109,25,134
020010913,509,52,561
020010914,190,56,246
020010915,133,58,191
020010916,452,214,666
020010917,291,56,347
020010918,264,36,300
020010919,77,39,116
020011001,200,56,256
020011002,384,65,449
020011003,763,195,958
020011004,357,64,421
020011005,403,96,499
020011006,437,92,529
020011007,246,58,304
020011008,216,57,273
020011009,256,78,334
020011010,539,119,658
020011011,483,117,600
020011012,423,117,540
020011013,455,137,592
020011014,172,42,214
020011101,269,97,366
020011102,334,87,421
020011103,216,105,321
020011104,484,130,614
020011105,388,123,511
020011106,278,80,358
020011107,416,95,511
020011108,526,138,664
020011109,357,83,440
020011110,414,109,523
020011111,190,70,260
020011112,661,183,844
020011113,444,125,569
020011114,448,87,535
020011201,155,83,238
020011202,184,44,228
020011203,403,122,525
020011204,232,113,345
020011205,423,155,578
020011206,299,134,433
020011207,535,159,694
020011208,143,48,191
020011209,476,183,659
020011210,133,44,177
020011211,194,64,258
020011212,132,21,153
020011301,375,32,407
020011302,119,3,122
020011303,35,2,37
020011304,252,17,269
020011305,264,17,281
020011306,175,8,183
020011307,449,36,485
020011308,271,27,298
020011309,321,28,349
020011310,537,43,580
020011311,258,20,278
020011312,250,26,276
020011313,184,12,196
020011314,956,836,1792
020011315,0,0,0
020011401,359,116,475
020011402,461,214,675
020011403,279,87,366
020011404,53,17,70
020011405,325,136,461
020011406,468,185,653
020011407,307,88,395
020011408,257,130,387
020011409,375,133,508
020011410,351,64,415
020011411,379,130,509
020011412,325,130,455
020011501,263,66,329
020011502,379,118,497
020011503,315,93,408
020011504,580,132,712
020011505,304,110,414
020011506,403,196,599
020011507,402,136,538
020011508,533,216,749
020011509,587,250,837
020011510,454,156,610
020011511,372,165,537
020011601,236,115,351
020011602,232,84,316
020011603,517,167,684
020011604,434,93,527
020011605,345,112,457
020011606,386,152,538
020011607,667,239,906
020011608,368,123,491
020011609,293,80,373
020011610,419,158,577
020011611,334,106,440
020011612,266,80,346
020011701,631,217,848
020011702,447,184,631
020011703,528,171,699
020011704,372,178,550
020011705,400,158,558
020011706,512,172,684
020011707,426,169,595
020011708,364,171,535
020011709,297,133,430
020011710,406,157,563
020011711,298,130,428
020011801,564,230,794
020011802,478,177,655
020011803,449,147,596
020011804,509,195,704
020011805,404,142,546
020011806,814,316,1130
020011807,554,154,708
020011808,491,155,646
020011809,484,149,633
020011901,617,250,867
020011902,748,269,1017
020011903,281,82,363
020011904,482,195,677
020011905,399,159,558
020011906,283,122,405
020011907,468,213,681
020011908,233,112,345
020011909,338,119,457
020012001,402,165,567
020012002,469,187,656
020012003,394,149,543
020012004,497,247,744
020012005,488,199,687
020012006,515,178,693
020012007,330,140,470
020012008,351,148,499
020012009,412,149,561
020012010,574,245,819
020012101,389,182,571
020012102,417,183,600
020012103,261,126,387
020012104,788,323,1111
020012105,479,159,638
020012106,376,168,544
020012107,510,241,751
020012108,383,138,521
020012109,463,212,675
020012110,547,188,735
020012201,433,118,551
020012202,570,215,785
020012203,588,201,789
020012204,319,103,422
020012205,307,59,366
020012206,403,125,528
020012207,381,136,517
020012208,367,133,500
020012209,600,254,854
020012210,800,399,1199
020012301,441,133,574
020012302,389,110,499
020012303,559,174,733
020012304,211,109,320
020012305,367,119,486
020012306,350,105,455
020012307,383,164,547
020012308,496,150,646
020012309,623,223,846
020012310,233,101,334
020012401,169,57,226
020012402,213,40,253
020012403,317,111,428
020012404,238,71,309
020012405,253,75,328
020012406,551,142,693
020012407,440,98,538
020012408,281,111,392
020012501,325,86,411
020012502,289,75,364
020012503,312,109,421
020012504,657,223,880
020012505,334,115,449
020012506,529,199,728
020012507,277,107,384
020012508,433,168,601
020012509,391,170,561
020012510,406,119,525
020012511,429,107,536
020012601,344,140,484
020012602,483,177,660
020012603,340,91,431
020012604,417,118,535
020012605,476,185,661
020012606,325,123,448
020012607,227,80,307
020012608,317,118,435
020012609,528,199,727
020012701,385,152,537
020012702,370,237,607
020012703,419,308,727
020012704,455,286,741
020012705,406,217,623
020012706,499,356,855
020012707,482,273,755
020012708,358,212,570
020012709,459,241,700
020012710,372,128,500
020012801,316,159,475
020012802,444,276,720
020012803,407,196,603
020012804,374,189,563
020012805,515,265,780
020012806,341,261,602
020012807,475,229,704
020012808,161,88,249
020012809,439,192,631
020012810,561,316,877
020012811,334,227,561
020012812,348,196,544
020012813,388,199,587
020012901,721,328,1049
020012902,368,220,588
020012903,488,262,750
020012904,470,219,689
020012905,474,254,728
020012906,786,177,963
020012907,472,248,720
020012908,397,229,626
020012909,562,293,855
020020101,47,19,66
020020102,306,180,486
020020201,429,109,538
020020202,717,140,857
020020203,442,122,564
020020204,429,97,526
020020205,476,110,586
020020206,351,109,460
020020207,238,53,291
020020208,518,122,640
020020301,715,163,878
020020302,615,111,726
020020303,210,43,253
020020304,304,60,364
020020305,554,95,649
020020306,411,98,509
020020307,705,159,864
020020308,487,102,589
020020401,653,122,775
020020402,169,51,220
020020403,283,81,364
020020404,331,95,426
020020405,527,151,678
020020406,395,134,529
020020407,350,93,443
020020408,745,154,899
020020409,665,122,787
020020410,674,178,852
020020501,406,147,553
020020502,671,160,831
020020503,424,149,573
020020504,410,124,534
020020505,592,162,754
020020506,640,137,777
020020507,660,132,792
020020508,542,137,679
020020509,454,152,606
020020601,345,78,423
020020602,994,293,1287
020020603,469,127,596
020020604,663,156,819
020020605,384,86,470
020020606,529,132,661
020020607,306,69,375
020020608,422,136,558
020020609,408,77,485
020020610,378,84,462
020020701,1117,239,1356
020020702,860,190,1050
020020703,672,178,850
020020704,540,119,659
020020705,420,95,515
020020706,467,114,581
020020707,711,138,849
020020708,277,77,354
020020709,420,96,516
020020801,541,112,653
020020802,560,124,684
020020803,719,141,860
020020804,864,205,1069
020020805,721,144,865
020020806,1005,215,1220
020020807,1194,268,1462
020020808,667,166,833
020020901,640,105,745
020020902,430,75,505
020020903,713,134,847
020020904,830,165,995
020020905,838,166,1004
020020906,690,136,826
020020907,747,148,895
020020908,1138,209,1347
020020909,936,178,1114
020021001,793,151,944
020021002,507,108,615
020021003,370,57,427
020021004,615,121,736
020021005,660,131,791
020021006,566,81,647
020021007,722,128,850
020021008,675,162,837
020021009,471,122,593
020021101,983,184,1167
020021102,465,85,550
020021103,1157,177,1334
020021104,1123,223,1346
020021105,262,42,304
020021106,448,68,516
020021201,724,138,862
020021202,641,156,797
020021203,738,165,903
020021204,1044,190,1234
020021205,1038,166,1204
020021206,805,146,951
020021301,987,139,1126
020021302,741,131,872
020021303,830,120,950
020021304,929,151,1080
020021305,1149,184,1333
020021306,621,98,719
020021307,982,205,1187
020021401,408,74,482
020021402,472,88,560
020021403,276,65,341
020021404,613,116,729
020021405,937,155,1092
020021406,838,163,1001
020021407,498,137,635
020021408,562,125,687
020021409,1161,246,1407
020021410,801,181,982
020021501,470,117,587
020021502,639,133,772
020021503,1134,224,1358
020021504,511,96,607
020021505,439,101,540
020021506,473,118,591
020021507,620,117,737
020021508,560,126,686
020021601,508,111,619
020021602,563,110,673
020021603,572,105,677
020021604,434,81,515
020021605,659,156,815
020021606,537,127,664
020021607,595,139,734
020021608,328,84,412
020021701,998,185,1183
020021702,678,143,821
020021703,735,166,901
020021704,270,64,334
020021705,436,89,525
020021706,734,182,916
020021707,898,199,1097
020021708,691,197,888
020021709,604,126,730
020021801,720,154,874
020021802,946,210,1156
020021803,584,129,713
020021804,423,89,512
020021805,422,112,534
020021806,589,142,731
020021807,428,114,542
020021808,509,143,652
020021901,687,139,826
020021902,559,97,656
020021903,578,118,696
020021904,779,196,975
020021905,620,125,745
020021906,613,117,730
020021907,509,125,634
020021908,613,147,760
020022001,772,173,945
020022002,669,126,795
020022003,542,115,657
020022004,618,166,784
020022005,398,84,482
020022006,505,117,622
020022007,411,98,509
020022008,502,96,598
020022101,877,156,1033
020022102,765,174,939
020022103,629,128,757
020022104,862,158,1020
020022105,815,140,955
020022106,731,147,878
020022201,566,113,679
020022202,423,97,520
020022203,368,58,426
020022204,738,134,872
020022205,925,144,1069
020022206,848,151,999
020022301,716,141,857
020022302,841,164,1005
020022303,771,137,908
020022304,645,144,789
020022305,529,105,634
020022306,332,65,397
020022307,359,86,445
020022308,341,96,437
020022309,773,150,923
020022401,822,176,998
020022402,612,164,776
020022403,650,120,770
020022404,704,184,888
020022405,750,157,907
020022406,781,173,954
020022501,494,65,559
020022502,546,86,632
020022503,254,63,317
020022504,614,134,748
020022505,664,169,833
020022506,456,141,597
020022507,630,115,745
020022508,894,159,1053
020022509,651,103,754
020022510,474,116,590
020022511,753,182,935
020030101,765,227,992
020030102,650,201,851
020030103,741,180,921
020030104,346,126,472
020030105,629,253,882
020030106,473,214,687
020030107,487,314,801
020030108,258,176,434
020030109,336,113,449
020030110,288,134,422
020030111,314,124,438
020030201,554,161,715
020030202,545,121,666
020030203,479,174,653
020030204,461,175,636
020030205,563,267,830
020030206,627,260,887
020030207,708,267,975
020030208,574,254,828
020030209,553,225,778
020030210,279,133,412
020030211,407,163,570
020030212,593,215,808
020030301,769,274,1043
020030302,607,207,814
020030303,428,164,592
020030304,373,123,496
020030305,388,128,516
020030306,515,175,690
020030307,528,236,764
020030308,514,174,688
020030309,212,66,278
020030310,642,273,915
020030311,583,226,809
020030401,581,131,712
020030402,364,120,484
020030403,464,112,576
020030404,605,143,748
020030405,500,159,659
020030406,493,139,632
020030407,493,160,653
020030408,514,180,694
020030501,647,132,779
020030502,505,116,621
020030503,783,157,940
020030504,407,126,533
020030505,480,116,596
020030506,378,55,433
020030507,629,124,753
020030601,526,173,699
020030602,272,71,343
020030603,504,103,607
020030604,479,125,604
020030605,506,154,660
020030606,389,95,484
020030607,519,149,668
020030701,232,65,297
020030702,677,162,839
020030703,667,204,871
020030704,547,129,676
020030705,362,100,462
020030706,409,123,532
020030707,687,215,902
020030708,277,67,344
020030709,584,213,797
020030801,489,146,635
020030802,388,145,533
020030803,610,206,816
020030804,413,113,526
020030805,374,105,479
020030806,318,143,461
020030807,312,100,412
020030808,399,109,508
020030809,502,195,697
020030810,397,131,528
020030901,600,240,840
020030902,334,124,458
020030903,526,206,732
020030904,729,249,978
020030905,375,189,564
020030906,319,133,452
020030907,460,251,711
020030908,430,216,646
020030909,596,178,774
020030910,525,228,753
020031001,521,226,747
020031002,583,210,793
020031003,434,176,610
020031004,554,144,698
020031005,349,98,447
020031006,743,191,934
020031007,512,211,723
020031008,392,205,597
020031101,599,179,778
020031102,650,219,869
020031103,572,245,817
020031104,651,187,838
020031105,513,167,680
020031106,567,212,779
020031107,620,169,789
020031108,437,139,576
020031201,465,196,661
020031202,660,215,875
020031203,376,191,567
020031204,362,103,465
020031205,709,197,906
020031206,111,67,178
020031207,668,236,904
020031208,368,153,521
020031209,301,101,402
020031210,548,255,803
020031301,474,209,683
020031302,493,248,741
020031303,600,177,777
020031304,347,126,473
020031305,448,174,622
020031306,557,154,711
020031307,397,171,568
020031308,336,137,473
020031309,506,192,698
020031310,445,225,670
020031311,465,132,597
020031401,457,245,702
020031402,614,278,892
020031403,697,312,1009
020031404,499,210,709
020031405,543,264,807
020031406,840,239,1079
020031407,459,149,608
020031408,481,192,673
020031409,67,31,98
020031410,444,195,639
020031501,462,158,620
020031502,609,254,863
020031503,458,171,629
020031504,575,163,738
020031505,548,171,719
020031506,570,190,760
020031507,851,335,1186
020031508,901,311,1212
020031509,158,73,231
020031601,574,252,826
020031602,798,282,1080
020031603,634,229,863
020031604,314,106,420
020031605,431,189,620
020031606,450,228,678
020031607,536,216,752
020031608,530,208,738
020031609,882,208,1090
020031701,453,199,652
020031702,546,229,775
020031703,316,123,439
020031704,521,344,865
020031705,435,264,699
020031706,476,224,700
020031707,647,213,860
020031708,615,314,929
020031709,478,201,679
020031801,368,189,557
020031802,493,216,709
020031803,331,118,449
020031804,576,182,758
020031805,262,119,381
020031806,398,221,619
020031807,421,183,604
020031808,356,157,513
020031809,617,248,865
020031810,395,158,553
020031811,434,137,571
020031901,858,273,1131
020031902,212,74,286
020031903,429,174,603
020031904,524,170,694
020031905,570,213,783
020031906,523,232,755
020031907,655,264,919
020031908,815,311,1126
020031909,506,151,657
020031910,373,134,507
020032001,390,200,590
020032002,599,242,841
020032003,418,158,576
020032004,441,154,595
020032005,338,126,464
020032006,329,139,468
020032007,549,214,763
020032008,540,230,770
020032009,671,275,946
020032010,453,161,614
020032011,334,133,467
020032101,676,210,886
020032102,652,239,891
020032103,489,185,674
020032104,544,203,747
020032105,341,147,488
020032106,517,264,781
020032107,283,102,385
020032108,484,183,667
020032109,288,121,409
020032110,669,268,937
020032201,549,208,757
020032202,455,178,633
020032203,252,143,395
020032204,389,109,498
020032205,555,193,748
020032206,498,195,693
020032207,488,226,714
020032208,652,242,894
020032209,606,295,901
020032301,526,246,772
020032302,555,222,777
020032303,574,208,782
020032304,268,166,434
020032305,380,229,609
020032306,431,162,593
020032307,426,212,638
020032308,564,229,793
020032309,647,292,939
020032310,733,276,1009
020032401,447,178,625
020032402,554,271,825
020032403,456,154,610
020032404,473,194,667
020032405,347,157,504
020032406,671,220,891
020032407,513,135,648
020032408,490,236,726
020032409,323,101,424
020032501,993,154,1147
020032502,476,214,690
020032503,362,160,522
020032504,458,163,621
020032505,515,185,700
020032506,631,256,887
020032507,385,128,513
020032508,1117,376,1493
020032509,474,245,719
020032601,618,203,821
020032602,863,256,1119
020032603,510,227,737
020032604,373,131,504
020032605,594,195,789
020032606,427,162,589
020032607,542,238,780
020032608,403,173,576
020032609,554,207,761
020032701,712,208,920
020032702,601,216,817
020032703,659,203,862
020032704,558,245,803
020032705,530,225,755
020032706,579,230,809
020032707,639,265,904
020040101,444,299,743
020040102,451,290,741
020040103,390,218,608
020040104,477,286,763
020040105,396,380,776
020040106,396,288,684
020040107,310,190,500
020040108,425,238,663
020040109,403,230,633
020040110,281,188,469
020040111,355,223,578
020040112,324,192,516
020040113,234,159,393
020040114,436,282,718
020040201,465,257,722
020040202,526,248,774
020040203,583,344,927
020040204,510,254,764
020040205,378,218,596
020040206,410,246,656
020040207,569,297,866
020040208,306,201,507
020040209,375,233,608
020040210,582,403,985
020040301,662,283,945
020040302,545,283,828
020040303,405,213,618
020040304,573,304,877
020040305,692,339,1031
020040306,585,285,870
020040307,479,186,665
020040308,574,233,807
020040309,384,169,553
020040310,519,274,793
020040311,520,320,840
020040312,643,373,1016
020040313,348,223,571
020040401,433,191,624
020040402,543,173,716
020040403,586,289,875
020040404,644,300,944
020040405,669,318,987
020040406,535,230,765
020040407,592,272,864
020040408,505,247,752
020040409,549,274,823
020040410,393,241,634
020040411,587,338,925
020040501,648,215,863
020040502,435,189,624
020040503,524,241,765
020040504,459,232,691
020040505,296,126,422
020040506,653,220,873
020040507,494,218,712
020040508,462,241,703
020040509,1360,685,2045
020040510,772,433,1205
020040511,658,312,970
020040601,824,226,1050
020040602,577,191,768
020040603,528,191,719
020040604,698,225,923
020040605,514,195,709
020040606,680,222,902
020040607,518,225,743
020040608,669,212,881
020040609,518,168,686
020040610,363,136,499
020040611,488,139,627
020040701,614,169,783
020040702,552,172,724
020040703,528,258,786
020040704,1420,597,2017
020040705,524,217,741
020040706,616,192,808
020040707,578,173,751
020040708,461,204,665
020040709,497,179,676
020040710,417,177,594
020040711,397,162,559
020040712,432,260,692
020040801,492,192,684
020040802,552,200,752
020040803,425,184,609
020040804,554,221,775
020040805,415,166,581
020040806,515,173,688
020040807,1733,614,2347
020040808,194,112,306
020040809,685,364,1049
020040810,514,215,729
020040811,578,293,871
020040901,798,607,1405
020040902,404,330,734
020040903,287,231,518
020040904,281,197,478
020040905,329,195,524
020040906,589,219,808
020040907,476,275,751
020041001,31,37,68
020041002,855,970,1825
020041003,716,837,1553
020041004,179,258,437
020041005,728,825,1553
020041006,443,496,939
020041007,357,481,838
020041008,469,983,1452
020041009,731,1182,1913
020041101,571,255,826
020041102,596,228,824
020041103,506,249,755
020041104,446,174,620
020041105,297,146,443
020041106,612,306,918
020041107,583,393,976
020041108,662,231,893
020041109,507,325,832
020041201,382,205,587
020041202,306,214,520
020041203,477,228,705
020041204,599,343,942
020041205,412,186,598
020041206,478,280,758
020041207,343,124,467
020041208,283,106,389
020041209,547,177,724
020041210,563,283,846
020041211,489,130,619
020041212,426,131,557
020041301,749,117,866
020041302,444,149,593
020041303,463,143,606
020041304,350,118,468
020041305,748,176,924
020041306,403,155,558
020041307,682,183,865
020041308,296,102,398
020041309,286,114,400
020041310,348,126,474
020041311,835,265,1100
020041401,405,209,614
020041402,392,178,570
020041403,468,158,626
020041404,832,250,1082
020041405,453,193,646
020041406,364,118,482
020041407,515,219,734
020041408,711,254,965
020041409,533,115,648
020041501,450,164,614
020041502,929,327,1256
020041503,757,276,1033
020041504,538,181,719
020041505,389,140,529
020041506,391,191,582
020041507,470,152,622
020041508,507,147,654
020041509,482,156,638
020041510,364,140,504
020041601,476,186,662
020041602,1443,428,1871
020041603,919,288,1207
020041604,396,235,631
020041605,669,280,949
020041606,359,183,542
020041607,278,108,386
020041608,395,180,575
020041609,718,308,1026
020041610,536,220,756
020041701,459,111,570
020041702,427,145,572
020041703,398,161,559
020041704,493,158,651
020041705,544,191,735
020041706,410,170,580
020041707,446,146,592
020041708,662,281,943
020041709,560,170,730
020041710,553,289,842
020041801,54,19,73
020041901,406,236,642
020041902,505,204,709
020041903,570,303,873
020041904,632,433,1065
020041905,499,268,767
020041906,688,402,1090
020041907,513,361,874
020041908,800,630,1430
020041909,580,472,1052
020041910,381,237,618
020042001,596,304,900
020042002,441,242,683
020042003,461,350,811
020042004,314,259,573
020042005,485,235,720
020042006,566,263,829
020042007,562,261,823
020042008,500,257,757
020042009,512,302,814
020042010,709,355,1064
020042011,517,358,875
020042012,766,370,1136
020042101,382,281,663
020042102,461,299,760
020042103,341,195,536
020042104,438,287,725
020042105,394,235,629
020042106,436,271,707
020042107,545,258,803
020042108,507,416,923
020042109,470,326,796
020042110,412,277,689
020042111,532,337,869
020042112,348,187,535
020042201,424,143,567
020042202,510,197,707
020042203,652,198,850
020042204,988,279,1267
020042205,540,199,739
020042206,471,113,584
020042207,659,215,874
020042208,654,302,956
020042209,456,197,653
020042210,386,159,545
020042211,522,180,702
020042212,399,186,585
020042301,546,248,794
020042302,533,278,811
020042303,486,281,767
020042304,549,245,794
020042305,397,132,529
020042306,487,172,659
020042307,396,220,616
020042308,544,258,802
020042309,299,156,455
020042310,523,247,770
020042311,310,234,544
020042312,420,251,671
020042401,563,760,1323
020042402,755,973,1728
020042403,515,625,1140
020042404,818,993,1811
020042405,506,748,1254
020042406,626,684,1310
020042501,795,1339,2134
020042502,940,1113,2053
020042503,1685,1946,3631
020042504,709,1154,1863
020042601,487,442,929
020042602,658,479,1137
020042603,544,576,1120
020050101,393,102,495
020050102,692,154,846
020050103,601,147,748
020050104,539,131,670
020050105,870,180,1050
020050106,334,74,408
020050107,479,132,611
020050108,565,143,708
020050109,521,157,678
020050110,524,125,649
020050201,568,129,697
020050202,499,96,595
020050203,536,116,652
020050204,743,165,908
020050205,383,75,458
020050206,435,157,592
020050207,341,158,499
020050208,895,115,1010
020050209,628,182,810
020050210,495,166,661
020050211,647,171,818
020050301,537,174,711
020050302,827,258,1085
020050303,231,126,357
020050304,399,134,533
020050305,551,138,689
020050306,489,130,619
020050307,411,134,545
020050308,262,80,342
020050309,467,128,595
020050310,387,133,520
020050311,606,204,810
020050401,656,200,856
020050402,553,154,707
020050403,541,129,670
020050404,504,146,650
020050405,513,158,671
020050406,808,189,997
020050407,369,168,537
020050408,823,239,1062
020050409,537,189,726
020050501,609,153,762
020050502,1072,247,1319
020050503,532,168,700
020050504,585,107,692
020050505,496,82,578
020050506,517,122,639
020050507,652,199,851
020050508,555,135,690
020050601,596,119,715
020050602,767,201,968
020050603,684,169,853
020050604,1137,302,1439
020050605,871,226,1097
020050606,670,206,876
020050607,695,162,857
020050608,731,165,896
020050701,906,207,1113
020050702,385,118,503
020050703,486,135,621
020050704,992,289,1281
020050705,929,277,1206
020050706,440,157,597
020050707,318,99,417
020050708,651,205,856
020050801,907,234,1141
020050802,513,166,679
020050803,915,222,1137
020050804,700,242,942
020050805,283,109,392
020050806,605,174,779
020050807,618,179,797
020050808,599,200,799
020050809,580,130,710
020050901,792,216,1008
020050902,483,104,587
020050903,434,118,552
020050904,392,121,513
020050905,437,127,564
020050906,456,97,553
020050907,363,108,471
020050908,712,202,914
020050909,716,178,894
020050910,584,194,778
020051001,902,224,1126
020051002,825,219,1044
020051003,269,118,387
020051004,403,143,546
020051005,341,146,487
020051006,519,210,729
020051007,940,233,1173
020051008,467,150,617
020051009,559,167,726
020051010,406,121,527
020051101,869,230,1099
020051102,680,167,847
020051103,548,118,666
020051104,512,155,667
020051105,568,155,723
020051106,583,113,696
020051107,807,225,1032
020051108,567,160,727
020051109,759,225,984
020051110,684,140,824
020051201,420,166,586
020051202,1379,388,1767
020051203,725,141,866
020051204,557,161,718
020051205,315,84,399
020051206,1212,302,1514
020051207,635,201,836
020051301,648,185,833
020051302,569,127,696
020051303,556,177,733
020051304,489,182,671
020051305,562,180,742
020051306,661,155,816
020051307,551,135,686
020051308,745,171,916
020051309,792,180,972
020051401,517,108,625
020051402,484,128,612
020051403,817,293,1110
020051404,692,215,907
020051405,1210,339,1549
020051406,856,231,1087
020051407,267,90,357
020051408,472,149,621
020051409,645,239,884
020051501,832,249,1081
020051502,800,277,1077
020051503,437,129,566
020051504,854,297,1151
020051505,675,199,874
020051506,566,179,745
020051507,488,191,679
020051508,496,217,713
020051509,258,137,395
020051601,631,178,809
020051602,420,186,606
020051603,347,107,454
020051604,740,241,981
020051605,615,202,817
020051606,493,206,699
020051607,425,161,586
020051608,710,272,982
020051609,645,245,890
020051610,641,264,905
020051611,744,264,1008
020051701,547,143,690
020051702,600,188,788
020051703,561,170,731
020051704,617,197,814
020051705,571,146,717
020051706,591,164,755
020051707,679,184,863
020051708,667,240,907
020051709,389,144,533
020051710,574,141,715
020051711,682,173,855
020051801,726,184,910
020051802,664,206,870
020051803,642,186,828
020051804,584,150,734
020051805,608,196,804
020051806,491,152,643
020051807,560,140,700
020051808,307,94,401
020051809,501,159,660
020051810,598,198,796
020051811,471,175,646
020051901,628,189,817
020051902,502,165,667
020051903,669,234,903
020051904,712,236,948
020051905,520,223,743
020051906,578,189,767
020051907,319,113,432
020051908,644,251,895
020051909,412,173,585
020051910,562,208,770
020051911,814,200,1014
020052001,555,190,745
020052002,644,246,890
020052003,722,298,1020
020052004,555,222,777
020052005,633,238,871
020052006,619,203,822
020052007,617,258,875
020052008,625,247,872
020052009,581,244,825
020052010,670,257,927
020052011,574,221,795
020052012,598,217,815
020052101,654,174,828
020052102,624,211,835
020052103,362,136,498
020052104,641,240,881
020052105,461,151,612
020052106,518,175,693
020052107,470,220,690
020052108,498,174,672
020052109,503,185,688
020052110,399,182,581
020052111,501,177,678
020052201,551,152,703
020052202,553,243,796
020052203,441,171,612
020052204,662,241,903
020052205,551,220,771
020052206,665,236,901
020052207,1101,445,1546
020052208,505,189,694
020052209,598,249,847
020052210,580,248,828
020052211,604,255,859
020052212,629,244,873
020052213,416,220,636
020060101,492,159,651
020060102,609,191,800
020060103,626,210,836
020060104,471,175,646
020060105,842,205,1047
020060106,669,184,853
020060107,504,155,659
020060108,634,180,814
020060109,516,179,695
020060110,304,96,400
020060111,544,108,652
020060112,450,155,605
020060201,851,168,1019
020060202,731,146,877
020060203,442,130,572
020060204,498,147,645
020060205,493,113,606
020060206,703,142,845
020060207,540,164,704
020060208,813,188,1001
020060209,533,100,633
020060210,710,177,887
020060211,1003,219,1222
020060301,678,233,911
020060302,636,170,806
020060303,697,178,875
020060304,502,83,585
020060305,566,126,692
020060306,694,163,857
020060307,626,210,836
020060308,595,117,712
020060309,904,195,1099
020060310,620,192,812
020060401,414,120,534
020060402,538,107,645
020060403,641,158,799
020060404,594,151,745
020060405,584,123,707
020060406,599,149,748
020060407,534,119,653
020060408,678,168,846
020060409,624,159,783
020060410,616,159,775
020060411,610,126,736
020060501,535,187,722
020060502,785,194,979
020060503,591,159,750
020060504,501,107,608
020060505,689,214,903
020060506,526,134,660
020060507,557,175,732
020060508,365,91,456
020060509,442,110,552
020060510,739,205,944
020060511,746,156,902
020060512,270,89,359
020060601,874,203,1077
020060602,1512,254,1766
020060603,833,234,1067
020060604,367,103,470
020060605,384,84,468
020060606,594,131,725
020060607,565,151,716
020060608,720,176,896
020060609,586,150,736
020060701,456,120,576
020060702,567,133,700
020060703,490,125,615
020060704,614,218,832
020060705,611,140,751
020060706,390,164,554
020060707,703,153,856
020060708,569,152,721
020060709,609,112,721
020060710,580,151,731
020060711,469,123,592
020060712,529,103,632
020060713,408,70,478
020060801,634,160,794
020060802,827,171,998
020060803,499,124,623
020060804,499,109,608
020060805,412,83,495
020060806,1032,248,1280
020060807,505,140,645
020060808,866,211,1077
020060809,381,120,501
020060810,533,123,656
020060901,451,133,584
020060902,461,121,582
020060903,482,153,635
020060904,788,208,996
020060905,240,95,335
020060906,657,186,843
020060907,439,86,525
020060908,296,96,392
020060909,652,156,808
020060910,590,121,711
020061001,447,146,593
020061002,405,139,544
020061003,607,150,757
020061004,516,164,680
020061005,671,260,931
020061006,693,222,915
020061007,462,121,583
020061008,939,257,1196
020061009,393,99,492
020061010,731,186,917
020061101,826,177,1003
020061102,437,95,532
020061103,702,140,842
020061104,662,74,736
020061105,463,98,561
020061106,539,166,705
020061107,541,186,727
020061108,606,145,751
020061109,501,136,637
020061110,411,108,519
020061201,416,78,494
020061202,355,157,512
020061203,448,143,591
020061204,264,87,351
020061205,638,183,821
020061206,429,118,547
020061207,532,135,667
020061208,590,134,724
020061209,598,151,749
020061210,413,106,519
020061211,621,171,792
020061212,356,114,470
020061301,527,145,672
020061302,1002,266,1268
020061303,532,152,684
020061304,979,217,1196
020061305,650,149,799
020061306,391,122,513
020061307,692,142,834
020061308,958,202,1160
020061309,700,179,879
020061401,682,149,831
020061402,491,113,604
020061403,574,162,736
020061404,798,225,1023
020061405,796,190,986
020061406,918,184,1102
020061407,428,99,527
020061408,426,92,518
020061409,634,118,752
020061410,737,144,881
020061501,514,130,644
020061502,1282,345,1627
020061503,675,123,798
020061504,555,106,661
020061505,601,114,715
020061506,645,114,759
020061507,667,137,804
020061508,783,150,933
020061509,419,84,503
020061510,588,96,684
020061601,511,146,657
020061602,542,116,658
020061603,748,159,907
020061604,543,131,674
020061605,750,194,944
020061606,796,145,941
020061607,837,170,1007
020061608,1116,205,1321
020061609,845,188,1033
020061610,926,185,1111
020061611,685,164,849
020061701,598,217,815
020061702,677,202,879
020061703,530,149,679
020061704,560,172,732
020061705,1266,410,1676
020061706,799,224,1023
020061707,482,106,588
020061801,487,123,610
020061802,426,132,558
020061803,480,156,636
020061804,537,166,703
020061805,628,168,796
020061806,857,207,1064
020061807,855,269,1124
020061808,830,207,1037
020061809,642,165,807
020061901,667,202,869
020061902,1128,307,1435
020061903,1059,229,1288
020061904,811,170,981
020061905,526,164,690
020061906,812,165,977
020061907,752,187,939
020061908,717,158,875
020062001,400,82,482
020062002,435,111,546
020062003,767,167,934
020062004,394,120,514
020062005,659,156,815
020062006,644,157,801
020062007,485,104,589
020062008,976,191,1167
020062009,590,150,740
020062010,650,196,846
020062101,458,144,602
020062102,791,166,957
020062103,838,164,1002
020062104,477,128,605
020062105,619,134,753
020062106,395,107,502
020062107,698,180,878
020062108,911,193,1104
020062109,598,119,717
020062110,614,192,806
020062111,727,195,922
020070101,399,184,583
020070102,540,300,840
020070103,521,286,807
020070104,442,266,708
020070105,262,158,420
020070106,430,285,715
020070107,297,169,466
020070108,457,187,644
020070109,410,237,647
020070110,706,238,944
020070201,595,212,807
020070202,738,211,949
020070203,568,224,792
020070204,1255,439,1694
020070205,619,266,885
020070206,704,306,1010
020070207,503,185,688
020070208,459,209,668
020070209,719,246,965
020070301,525,154,679
020070302,721,202,923
020070303,802,289,1091
020070304,827,261,1088
020070305,587,173,760
020070306,633,208,841
020070307,880,251,1131
020070308,527,160,687
020070309,508,169,677
020070310,793,208,1001
020070401,721,321,1042
020070402,598,155,753
020070403,770,211,981
020070404,1084,181,1265
020070405,588,228,816
020070406,919,222,1141
020070407,892,253,1145
020070408,755,154,909
020070409,441,150,591
020070410,699,143,842
020070501,558,172,730
020070502,429,146,575
020070503,595,172,767
020070504,781,230,1011
020070505,869,233,1102
020070506,451,128,579
020070507,509,133,642
020070508,494,227,721
020070509,765,282,1047
020070601,680,190,870
020070602,546,182,728
020070603,450,156,606
020070604,514,185,699
020070605,595,268,863
020070606,621,267,888
020070607,643,203,846
020070608,315,118,433
020070609,454,187,641
020070701,416,176,592
020070702,316,147,463
020070703,720,203,923
020070704,372,181,553
020070705,389,202,591
020070706,658,234,892
020070707,391,199,590
020070708,345,146,491
020070709,617,293,910
020070710,623,144,767
020070711,416,183,599
020070801,449,187,636
020070802,612,202,814
020070803,412,126,538
020070804,579,203,782
020070805,747,243,990
020070806,700,169,869
020070807,456,193,649
020070808,568,196,764
020070901,480,142,622
020070902,457,146,603
020070903,377,118,495
020070904,591,211,802
020070905,362,106,468
020070906,665,178,843
020070907,535,179,714
020070908,669,211,880
020070909,471,195,666
020070910,471,197,668
020070911,390,164,554
020071001,533,181,714
020071002,261,110,371
020071003,435,137,572
020071004,510,164,674
020071005,502,100,602
020071006,568,176,744
020071007,522,174,696
020071008,825,213,1038
020071009,467,190,657
020071010,613,171,784
020071101,460,179,639
020071102,648,199,847
020071103,612,219,831
020071104,701,212,913
020071105,421,113,534
020071106,483,112,595
020071107,900,194,1094
020071108,746,223,969
020071109,719,152,871
020071110,499,125,624
020071201,752,225,977
020071202,393,144,537
020071203,547,153,700
020071204,594,175,769
020071205,533,183,716
020071206,551,166,717
020071207,449,144,593
020071208,392,183,575
020071209,583,212,795
020071301,496,201,697
020071302,521,168,689
020071303,726,190,916
020071304,424,123,547
020071305,631,167,798
020071306,584,139,723
020071307,370,126,496
020071308,404,136,540
020071309,377,103,480
020071310,400,84,484
020071311,599,130,729
020071312,549,122,671
020071313,422,133,555
020071314,504,135,639
020071315,384,100,484
020071401,610,192,802
020071402,573,223,796
020071403,511,160,671
020071404,487,189,676
020071405,674,177,851
020071406,814,260,1074
020071407,622,213,835
020071408,650,256,906
020071409,541,256,797
020071410,536,177,713
020071411,656,238,894
020071412,674,226,900
020071413,499,207,706
020071501,381,279,660
020071502,651,389,1040
020071503,636,285,921
020071504,435,196,631
020071505,476,198,674
020071506,542,262,804
020071507,479,216,695
020071508,533,235,768
020071509,773,391,1164
020071510,622,351,973
020071511,708,410,1118
020071601,562,150,712
020071602,527,238,765
020071603,605,189,794
020071604,526,179,705
020071605,525,250,775
020071606,699,278,977
020071607,585,334,919
020071608,671,389,1060
020071609,684,334,1018
020071701,825,689,1514
020071702,623,833,1456
020071703,507,749,1256
020071704,683,824,1507
020071705,324,500,824
020071706,533,673,1206
020071707,964,1251,2215
020071708,441,566,1007
020071709,741,946,1687
020071710,670,740,1410
020071711,233,278,511
020071801,692,712,1404
020071802,211,227,438
020071803,322,536,858
020071804,326,436,762
020071805,440,502,942
020071806,760,738,1498
020071807,722,437,1159
020071808,576,377,953
020071809,510,598,1108
020071810,607,754,1361
020071811,564,658,1222
020071901,500,334,834
020071902,859,706,1565
020071903,669,585,1254
020071904,794,645,1439
020071905,680,630,1310
020071906,1088,714,1802
020072001,739,247,986
020072002,401,142,543
020072003,537,161,698
020072004,333,187,520
020072005,591,189,780
020072006,550,236,786
020072007,520,269,789
020072008,805,342,1147
020072009,524,346,870
020072010,648,446,1094
020072011,663,376,1039
020072012,419,219,638
020072013,1099,470,1569
020072101,754,220,974
020072102,838,217,1055
020072103,715,215,930
020072104,418,113,531
020072105,500,153,653
020072106,717,167,884
020072107,520,171,691
020072108,315,109,424
020072109,515,175,690
020072110,713,179,892
020072111,597,190,787
020072112,647,205,852
020072201,484,136,620
020072202,688,186,874
020072203,648,203,851
020072204,749,157,906
020072205,769,174,943
020072206,667,203,870
020072207,411,125,536
020072208,440,106,546
020072209,477,124,601
020072210,568,191,759
020072211,560,165,725
020072212,421,150,571
020072213,570,160,730
020072301,615,190,805
020072302,704,153,857
020072303,574,130,704
020072304,452,164,616
020072305,515,192,707
020072306,532,172,704
020072307,586,183,769
020072308,593,185,778
020072309,524,185,709
020072401,640,225,865
020072402,625,258,883
020072403,871,296,1167
020072404,740,267,1007
020072405,650,257,907
020072406,744,265,1009
020072407,611,218,829
020072408,619,240,859
020072409,670,248,918
020072410,648,284,932
020072411,691,294,985
020080101,579,481,1060
020080102,645,855,1500
020080103,533,686,1219
020080104,697,1027,1724
020080105,796,828,1624
020080106,971,1131,2102
020080107,421,837,1258
020080108,549,543,1092
020080109,969,1473,2442
020080110,615,801,1416
020080111,243,373,616
020080112,1267,1876,3143
020080201,819,404,1223
020080202,334,178,512
020080203,321,181,502
020080204,466,304,770
020080205,323,213,536
020080206,392,283,675
020080207,768,415,1183
020080208,542,322,864
020080209,552,255,807
020080210,325,205,530
020080301,508,406,914
020080302,460,301,761
020080303,325,230,555
020080304,456,300,756
020080305,477,226,703
020080306,238,147,385
020080307,464,265,729
020080308,581,1125,1706
020080309,770,1121,1891
020080310,655,914,1569
020080401,511,350,861
020080402,382,217,599
020080403,414,224,638
020080404,406,228,634
020080405,582,345,927
020080406,647,399,1046
020080407,496,307,803
020080408,506,327,833
020080409,502,238,740
020080410,571,283,854
020080411,491,221,712
020080501,521,252,773
020080502,452,303,755
020080503,452,333,785
020080504,528,315,843
020080505,359,238,597
020080506,506,292,798
020080507,613,364,977
020080508,383,224,607
020080509,677,198,875
020080510,798,304,1102
020080511,601,287,888
020080601,684,218,902
020080602,818,328,1146
020080603,859,311,1170
020080604,467,250,717
020080605,612,346,958
020080606,595,365,960
020080607,362,218,580
020080608,495,243,738
020080609,559,271,830
020080610,394,220,614
020080611,353,272,625
020080701,671,580,1251
020080702,727,784,1511
020080703,655,895,1550
020080704,599,803,1402
020080705,576,998,1574
020080706,482,778,1260
020080707,696,1255,1951
020080708,737,1000,1737
020080709,1219,1625,2844
020080710,454,489,943
020080711,769,714,1483
020080712,878,709,1587
020080713,748,661,1409
020080714,657,1192,1849
020080801,549,297,846
020080802,609,279,888
020080803,439,220,659
020080804,556,225,781
020080805,399,186,585
020080806,561,268,829
020080807,580,242,822
020080808,446,175,621
020080809,473,241,714
020080810,560,294,854
020080811,604,291,895
020080901,495,286,781
020080902,565,289,854
020080903,647,343,990
020080904,308,187,495
020080905,619,283,902
020080906,615,362,977
020080907,484,240,724
020080908,480,252,732
020080909,578,308,886
020081001,573,280,853
020081002,477,260,737
020081003,667,305,972
020081004,1485,646,2131
020081005,1519,796,2315
020081006,1037,502,1539
020081007,1089,482,1571
020081008,731,387,1118
020081101,1908,882,2790
020081102,1356,618,1974
020081103,1968,894,2862
020081104,1277,575,1852
020081105,780,466,1246
020081201,554,325,879
020081202,701,270,971
020081203,615,358,973
020081204,565,372,937
020081205,643,299,942
020081206,479,228,707
020081207,532,258,790
020081301,12,30,42
020081302,200,150,350
020081303,558,404,962
020081304,578,432,1010
020081305,525,393,918
020081306,365,262,627
020081307,402,296,698
020081308,514,355,869
020081401,872,808,1680
020081402,677,672,1349
020081403,1023,854,1877
020081404,1092,1289,2381
020081405,625,498,1123
020081406,440,288,728
020081407,584,319,903
020081408,462,303,765
020081409,542,420,962
020081410,507,432,939
020081501,1013,1534,2547
020081502,991,1237,2228
020081503,1037,1165,2202
020081504,409,447,856
020081505,1354,1761,3115
020081506,417,414,831
020081507,392,464,856
020081508,544,704,1248
020081509,826,788,1614
020081510,744,453,1197
020081601,598,395,993
020081602,343,246,589
020081603,601,457,1058
020081604,500,397,897
020081605,544,393,937
020081606,456,342,798
020081607,584,394,978
020081608,469,287,756
020081609,501,367,868
020081610,458,432,890
020081701,397,159,556
020081702,423,174,597
020081703,428,212,640
020081704,558,198,756
020081705,334,87,421
020090101,358,160,518
020090102,327,102,429
020090103,421,171,592
020090104,502,215,717
020090105,459,240,699
020090106,498,237,735
020090107,447,200,647
020090108,451,205,656
020090109,516,200,716
020090201,567,233,800
020090202,506,238,744
020090203,549,240,789
020090204,728,212,940
020090205,824,267,1091
020090206,485,203,688
020090207,605,155,760
020090208,499,157,656
020090209,646,188,834
020090210,562,177,739
020090211,618,244,862
020090212,458,141,599
020090301,354,259,613
020090302,391,246,637
020090303,381,199,580
020090304,481,144,625
020090305,382,140,522
020090306,531,196,727
020090307,597,203,800
020090308,575,178,753
020090309,473,202,675
020090310,611,175,786
020090311,578,231,809
020090312,406,166,572
020090313,566,309,875
020090401,610,291,901
020090402,613,285,898
020090403,604,260,864
020090404,636,261,897
020090405,660,303,963
020090406,411,201,612
020090407,459,211,670
020090408,507,203,710
020090409,474,209,683
020090410,545,195,740
020090411,633,278,911
020090501,610,240,850
020090502,557,226,783
020090503,462,157,619
020090504,570,254,824
020090505,690,287,977
020090506,586,232,818
020090507,552,217,769
020090508,580,227,807
020090509,527,236,763
020090510,607,210,817
020090511,623,250,873
020090601,742,301,1043
020090602,530,210,740
020090603,541,340,881
020090604,581,291,872
020090605,759,308,1067
020090606,487,204,691
020090607,686,285,971
020090608,558,193,751
020090609,713,127,840
020090610,582,288,870
020090611,533,263,796
020090612,570,222,792
020090701,502,241,743
020090702,570,254,824
020090703,389,166,555
020090704,469,176,645
020090705,530,163,693
020090706,578,249,827
020090707,415,169,584
020090708,484,224,708
020090709,548,266,814
020090710,424,219,643
020090711,517,230,747
020090712,607,288,895
020090713,542,262,804
020090714,479,253,732
020090801,508,233,741
020090802,521,187,708
020090803,582,228,810
020090804,494,192,686
020090805,583,291,874
020090806,644,333,977
020090807,611,409,1020
020090808,660,324,984
020090809,462,270,732
020090810,561,310,871
020090811,522,356,878
020090812,588,337,925
020090813,413,208,621
020090901,531,224,755
020090902,448,246,694
020090903,676,311,987
020090904,377,225,602
020090905,439,252,691
020090906,586,266,852
020090907,651,282,933
020090908,355,211,566
020090909,530,251,781
020090910,508,298,806
020090911,470,256,726
020090912,451,205,656
020090913,401,209,610
020090914,705,222,927
020091001,538,257,795
020091002,628,277,905
020091003,687,292,979
020091004,412,180,592
020091005,615,230,845
020091006,529,248,777
020091007,441,201,642
020091008,665,237,902
020091009,312,127,439
020091010,533,204,737
020091011,388,178,566
020091012,332,177,509
020091101,844,274,1118
020091102,754,266,1020
020091103,555,260,815
020091104,667,305,972
020091105,809,350,1159
020091106,642,258,900
020091107,718,341,1059
020091108,606,228,834
020091109,656,249,905
020091110,612,268,880
020091111,643,256,899
020091112,800,406,1206
020091201,701,297,998
020091202,329,201,530
020091203,558,270,828
020091204,505,280,785
020091205,518,253,771
020091206,622,355,977
020091207,459,233,692
020091208,610,323,933
020091209,572,267,839
020091210,706,320,1026
020091211,518,304,822
020091212,447,254,701
020091301,612,293,905
020091302,683,393,1076
020091303,785,373,1158
020091304,525,263,788
020091305,553,387,940
020091306,587,353,940
020091307,683,415,1098
020091401,707,363,1070
020091402,590,292,882
020091403,449,288,737
020091404,464,344,808
020091405,858,892,1750
020091406,1182,1191,2373
020091407,646,635,1281
020091408,758,822,1580
020091409,502,363,865
020091410,833,861,1694
020091501,345,220,565
020091502,501,339,840
020091503,526,295,821
020091504,575,257,832
020091505,580,324,904
020091506,688,325,1013
020091507,650,378,1028
020091508,510,301,811
020091509,477,289,766
020091510,388,262,650
020091511,583,311,894
020091601,593,303,896
020091602,570,273,843
020091603,334,253,587
020091604,409,270,679
020091605,538,295,833
020091606,637,303,940
020091607,603,335,938
020091608,547,337,884
020091609,619,362,981
020091610,576,239,815
020091611,468,259,727
020091612,520,242,762
020091613,468,282,750
020100101,420,200,620
020100102,583,281,864
020100103,657,236,893
020100104,558,223,781
020100105,461,214,675
020100106,558,234,792
020100107,528,203,731
020100108,721,231,952
020100201,636,262,898
020100202,432,146,578
020100203,476,207,683
020100204,620,233,853
020100205,600,208,808
020100206,824,251,1075
020100207,668,280,948
020100208,632,214,846
020100301,458,140,598
020100302,594,225,819
020100303,617,161,778
020100304,428,140,568
020100305,538,233,771
020100306,476,205,681
020100307,673,209,882
020100308,687,229,916
020100401,783,215,998
020100402,815,257,1072
020100403,635,200,835
020100404,616,177,793
020100405,584,181,765
020100406,486,162,648
020100407,578,172,750
020100408,514,177,691
020100409,553,192,745
020100501,461,224,685
020100502,499,201,700
020100503,678,232,910
020100504,601,256,857
020100505,569,229,798
020100506,597,227,824
020100507,536,278,814
020100508,664,264,928
020100509,458,194,652
020100510,540,233,773
020100511,497,180,677
020100512,527,219,746
020100513,560,240,800
020100514,518,200,718
020100601,459,182,641
020100602,478,186,664
020100603,744,301,1045
020100604,617,224,841
020100605,633,207,840
020100606,597,233,830
020100607,605,182,787
020100608,639,204,843
020100609,670,262,932
020100610,755,298,1053
020100611,559,199,758
020100612,537,155,692
020100613,716,282,998
020100701,718,254,972
020100702,784,233,1017
020100703,799,372,1171
020100704,715,293,1008
020100705,556,256,812
020100706,651,231,882
020100707,1198,276,1474
020100708,718,235,953
020100709,653,257,910
020100710,800,278,1078
020100801,790,264,1054
020100802,838,311,1149
020100803,558,222,780
020100804,729,248,977
020100805,604,211,815
020100806,622,223,845
020100807,805,291,1096
020100808,785,275,1060
020100809,463,155,618
020100901,598,210,808
020100902,620,252,872
020100903,592,215,807
020100904,549,218,767
020100905,645,220,865
020100906,706,238,944
020100907,646,205,851
020100908,520,195,715
020100909,510,153,663
020100910,574,192,766
020101001,534,189,723
020101002,721,244,965
020101003,722,206,928
020101004,573,184,757
020101005,623,229,852
020101006,701,176,877
020101007,578,220,798
020101008,520,196,716
020101009,601,323,924
020101010,509,189,698
020101011,560,224,784
020101012,589,276,865
020101101,612,211,823
020101102,754,316,1070
020101103,596,227,823
020101104,690,280,970
020101105,614,273,887
020101106,307,179,486
020101107,732,302,1034
020101108,580,236,816
020101109,717,274,991
020101110,491,161,652
020101111,398,223,621
020101201,728,210,938
020101202,653,188,841
020101203,524,227,751
020101204,385,188,573
020101205,350,194,544
020101206,400,179,579
020101207,457,185,642
020101208,559,176,735
020101209,536,184,720
020101210,424,170,594
020101301,479,174,653
020101302,489,180,669
020101303,488,211,699
020101304,438,154,592
020101305,576,189,765
020101306,551,194,745
020101307,502,153,655
020101308,595,181,776
020101309,510,178,688
020101310,403,145,548
020101311,440,164,604
020101312,429,160,589
020101401,623,247,870
020101402,651,242,893
020101403,546,225,771
020101404,606,196,802
020101405,547,161,708
020101406,443,132,575
020101407,594,220,814
020101408,431,150,581
020101409,635,221,856
020101410,588,221,809
020101411,469,203,672
020101501,401,213,614
020101502,650,243,893
020101503,400,140,540
020101504,499,156,655
020101505,580,219,799
020101506,418,167,585
020101507,352,157,509
020101508,641,366,1007
020101509,976,224,1200
020101601,464,167,631
020101602,751,288,1039
020101603,511,210,721
020101604,643,207,850
020101605,734,239,973
020101606,701,269,970
020101607,519,219,738
020101608,596,228,824
020101609,667,254,921
020101701,534,192,726
020101702,566,240,806
020101703,675,243,918
020101704,900,137,1037
020101705,747,276,1023
020101706,609,241,850
020101707,593,240,833
020101708,511,164,675
020101709,467,153,620
020101710,567,148,715
020101801,534,182,716
020101802,515,216,731
020101803,532,224,756
020101804,761,282,1043
020101805,447,157,604
020101806,440,144,584
020101807,522,232,754
020101808,402,98,500
020101809,859,242,1101
020101810,357,144,501
020101811,432,185,617
020101812,591,188,779
020101901,357,187,544
020101902,703,345,1048
020101903,659,308,967
020101904,536,229,765
020101905,588,199,787
020101906,562,247,809
020101907,530,216,746
020101908,382,115,497
020101909,483,201,684
020101910,627,288,915
020101911,659,218,877
020101912,808,275,1083
020110101,641,223,864
020110102,682,222,904
020110103,495,165,660
020110104,633,184,817
020110105,420,151,571
020110106,594,192,786
020110107,479,148,627
020110108,494,161,655
020110109,583,165,748
020110110,617,177,794
020110111,693,171,864
020110112,519,125,644
020110201,635,174,809
020110202,746,202,948
020110203,561,135,696
020110204,440,100,540
020110205,801,225,1026
020110206,761,186,947
020110207,649,154,803
020110208,670,176,846
020110209,510,141,651
020110210,807,154,961
020110211,652,162,814
020110301,541,142,683
020110302,634,122,756
020110303,499,125,624
020110304,458,103,561
020110305,430,112,542
020110306,609,130,739
020110307,616,149,765
020110308,571,142,713
020110309,542,164,706
020110310,591,157,748
020110311,489,135,624
020110312,604,123,727
020110401,654,154,808
020110402,634,128,762
020110403,463,115,578
020110404,645,149,794
020110405,609,151,760
020110406,500,122,622
020110407,551,156,707
020110408,553,133,686
020110409,625,174,799
020110410,496,180,676
020110411,683,183,866
020110412,687,170,857
020110413,601,165,766
020110501,502,172,674
020110502,674,171,845
020110503,748,204,952
020110504,470,138,608
020110505,577,244,821
020110506,608,243,851
020110507,563,172,735
020110508,613,230,843
020110509,572,218,790
020110510,576,209,785
020110601,508,161,669
020110602,725,210,935
020110603,613,181,794
020110604,630,244,874
020110605,504,203,707
020110606,598,230,828
020110607,639,217,856
020110608,499,221,720
020110609,579,254,833
020110610,525,245,770
020110611,595,239,834
020110701,335,158,493
020110702,631,223,854
020110703,585,178,763
020110704,692,204,896
020110705,636,223,859
020110706,596,169,765
020110707,609,163,772
020110708,515,154,669
020110709,578,194,772
020110710,623,165,788
020110711,558,217,775
020110712,579,244,823
020110801,672,176,848
020110802,678,189,867
020110803,386,123,509
020110804,508,173,681
020110805,467,170,637
020110806,767,191,958
020110807,720,245,965
020110808,764,189,953
020110809,605,196,801
020110901,654,186,840
020110902,625,151,776
020110903,814,157,971
020110904,513,125,638
020110905,543,171,714
020110906,434,132,566
020110907,546,154,700
020110908,633,148,781
020110909,397,117,514
020110910,519,128,647
020110911,413,153,566
020110912,447,187,634
020111001,531,154,685
020111002,723,185,908
020111003,536,157,693
020111004,740,177,917
020111005,721,165,886
020111006,751,202,953
020111007,759,183,942
020111008,545,160,705
020111009,597,132,729
020111010,548,151,699
020111101,610,208,818
020111102,668,190,858
020111103,700,223,923
020111104,206,85,291
020111105,698,222,920
020111106,713,272,985
020111107,635,214,849
020111108,597,242,839
020111109,634,243,877
020111201,444,117,561
020111202,421,151,572
020111203,713,206,919
020111204,452,157,609
020111205,526,118,644
020111206,664,183,847
020111207,490,158,648
020111208,561,162,723
020111209,424,154,578
020111210,416,170,586
020111301,528,162,690
020111302,586,214,800
020111303,512,192,704
020111304,528,217,745
020111305,609,265,874
020111306,633,222,855
020111307,561,189,750
020111308,524,168,692
020111309,725,232,957
020111310,489,148,637
020111311,605,222,827
020111401,713,230,943
020111402,597,197,794
020111403,735,239,974
020111404,508,166,674
020111405,716,210,926
020111406,754,244,998
020111407,1185,398,1583
020111501,726,238,964
020111502,650,227,877
020111503,709,291,1000
020111504,709,231,940
020111505,637,140,777
020111506,680,191,871
020111507,504,152,656
020111508,584,218,802
020111509,572,223,795
020111510,674,218,892
020111511,750,281,1031
020111601,660,210,870
020111602,644,214,858
020111603,490,166,656
020111604,481,165,646
020111605,549,194,743
020111606,630,140,770
020111607,579,233,812
020111608,715,256,971
020111609,455,167,622
020111610,468,179,647
020111701,547,238,785
020111702,566,220,786
020111703,635,213,848
020111704,658,236,894
020111705,593,204,797
020111706,797,290,1087
020111707,651,224,875
020111708,573,259,832
020111801,562,202,764
020111802,575,188,763
020111803,668,180,848
020111804,628,235,863
020111805,541,226,767
020111806,1050,223,1273
020111807,580,243,823
020111808,606,274,880
020111809,565,223,788
020111901,389,161,550
020111902,630,166,796
020111903,535,153,688
020111904,643,227,870
020111905,570,198,768
020111906,635,256,891
020111907,645,239,884
020111908,595,211,806
020111909,599,221,820
020112001,653,214,867
020112002,634,199,833
020112003,796,293,1089
020112004,651,218,869
020112005,594,239,833
020112006,504,190,694
020112007,470,160,630
020112008,348,138,486
020112009,714,77,791
020112010,567,182,749
020112011,484,193,677
020112101,579,188,767
020112102,539,204,743
020112103,696,274,970
020112104,564,170,734
020112105,676,211,887
020112106,681,266,947
020112107,506,171,677
020112108,497,181,678
020112109,436,73,509
020112110,588,210,798
020112111,663,235,898
020112201,637,209,846
020112202,670,255,925
020112203,713,255,968
020112204,498,155,653
020112205,641,186,827
020112206,747,246,993
020112207,628,180,808
020112208,533,198,731
020112209,555,188,743
020112210,585,167,752
020112211,521,143,664
020120101,412,155,567
020120102,450,119,569
020120103,428,130,558
020120104,659,204,863
020120105,405,167,572
020120106,519,214,733
020120107,792,258,1050
020120108,382,111,493
020120109,660,286,946
020120110,665,198,863
020120111,738,266,1004
020120201,719,217,936
020120202,505,205,710
020120203,589,231,820
020120204,764,241,1005
020120205,774,212,986
020120206,713,223,936
020120207,633,198,831
020120208,728,208,936
020120301,167,59,226
020120302,487,193,680
020120303,599,183,782
020120304,590,178,768
020120305,587,206,793
020120306,1134,585,1719
020120307,757,227,984
020120308,519,184,703
020120309,481,135,616
020120310,690,160,850
020120311,557,180,737
020120401,561,183,744
020120402,569,200,769
020120403,810,224,1034
020120404,647,149,796
020120405,471,123,594
020120406,562,169,731
020120407,795,239,1034
020120408,616,142,758
020120409,457,122,579
020120410,475,140,615
020120501,487,114,601
020120502,507,135,642
020120503,1152,135,1287
020120504,507,122,629
020120505,546,125,671
020120506,489,122,611
020120507,595,130,725
020120508,762,174,936
020120509,598,146,744
020120510,536,132,668
020120511,582,189,771
020120601,581,176,757
020120602,658,187,845
020120603,519,148,667
020120604,715,202,917
020120605,774,192,966
020120606,763,178,941
020120607,566,142,708
020120608,557,145,702
020120609,548,147,695
020120610,578,174,752
020120701,633,182,815
020120702,643,172,815
020120703,654,170,824
020120704,698,212,910
020120705,570,153,723
020120706,673,199,872
020120707,638,164,802
020120708,675,178,853
020120709,961,186,1147
020120710,843,194,1037
020120801,1135,265,1400
020120802,564,148,712
020120803,685,155,840
020120804,624,127,751
020120805,468,120,588
020120806,615,198,813
020120807,687,145,832
020120808,781,98,879
020120809,777,164,941
020120810,557,100,657
020120811,535,87,622
020120901,662,227,889
020120902,786,283,1069
020120903,744,222,966
020120904,751,258,1009
020120905,679,251,930
020120906,691,238,929
020120907,627,218,845
020121001,731,228,959
020121002,734,186,920
020121003,525,187,712
020121004,570,160,730
020121005,611,104,715
020121006,676,171,847
020121007,561,153,714
020121008,863,228,1091
020121009,625,180,805
020121010,535,204,739
020121011,666,184,850
020121101,563,176,739
020121102,454,175,629
020121103,393,149,542
020121104,664,180,844
020121105,567,303,870
020121106,629,196,825
020121107,614,142,756
020121108,723,157,880
020121109,659,157,816
020121110,679,157,836
020121111,593,157,750
020121201,465,129,594
020121202,864,181,1045
020121203,987,150,1137
020121204,679,201,880
020121205,628,151,779
020121206,429,115,544
020121207,641,187,828
020121208,541,145,686
020121301,711,159,870
020121302,662,185,847
020121303,1253,225,1478
020121304,884,246,1130
020121305,814,175,989
020121306,724,157,881
020121307,337,137,474
020121401,625,177,802
020121402,693,191,884
020121403,591,153,744
020121404,671,165,836
020121405,779,171,950
020121406,588,153,741
020121407,800,213,1013
020121408,801,139,940
020121409,618,151,769
020121410,788,193,981
020121501,645,205,850
020121502,642,178,820
020121503,708,225,933
020121504,754,153,907
020121505,653,203,856
020121506,628,185,813
020121507,720,150,870
020121508,737,170,907
020121509,768,141,909
020121510,628,198,826
020121511,615,181,796
020121512,619,138,757
020121513,498,158,656
020121601,851,227,1078
020121602,662,185,847
020121603,730,147,877
020121604,897,185,1082
020121605,1078,206,1284
020121606,1115,229,1344
020121607,538,190,728
020121608,845,177,1022
020121609,618,181,799
020121610,473,174,647
020121611,622,161,783
020121612,540,154,694
020121613,344,131,475
020121614,233,108,341
020121701,721,231,952
020121702,760,246,1006
020121703,676,210,886
020121704,587,175,762
020121705,866,194,1060
020121706,733,221,954
020121707,726,234,960
020121708,944,253,1197
020121801,469,148,617
020121802,620,272,892
020121803,601,240,841
020121804,593,201,794
020121805,593,213,806
020121806,619,238,857
020121807,613,241,854
020121808,659,212,871
020121809,575,196,771
020121810,536,184,720
020121811,481,154,635
020121812,819,243,1062
020121813,535,203,738
020121901,611,274,885
020121902,439,138,577
020121903,521,218,739
020121904,779,259,1038
020121905,810,252,1062
020121906,773,252,1025
020121907,716,250,966
020121908,673,255,928
020121909,541,195,736
020121910,778,217,995
020121911,780,261,1041
020121912,610,196,806
020121913,511,164,675
020122001,609,215,824
020122002,951,275,1226
020122003,755,220,975
020122004,771,230,1001
020122005,754,193,947
020122006,739,240,979
020122007,640,213,853
020122008,670,233,903
020122101,782,225,1007
020122102,788,216,1004
020122103,688,189,877
020122104,759,222,981
020122105,612,184,796
020122106,619,222,841
020122107,701,229,930
020122108,563,209,772
020122109,578,191,769
020122110,451,194,645
020122201,564,201,765
020122202,692,225,917
020122203,590,175,765
020122204,647,214,861
020122205,868,309,1177
020122206,825,253,1078
020122207,845,234,1079
020122208,735,215,950
020122209,650,235,885
020122210,682,258,940
020122211,723,200,923
020130101,534,166,700
020130102,626,114,740
020130103,503,80,583
020130104,622,115,737
020130105,706,78,784
020130106,739,112,851
020130107,408,89,497
020130108,421,93,514
020130109,352,93,445
020130110,532,157,689
020130111,500,135,635
020130112,405,119,524
020130113,530,74,604
020130114,378,140,518
020130201,770,242,1012
020130202,671,158,829
020130203,439,135,574
020130204,522,122,644
020130205,650,94,744
020130206,789,124,913
020130207,529,115,644
020130208,503,90,593
020130209,860,133,993
020130210,894,168,1062
020130211,523,55,578
020130301,685,115,800
020130302,463,105,568
020130303,606,151,757
020130304,879,146,1025
020130305,645,120,765
020130306,524,108,632
020130307,495,135,630
020130308,507,90,597
020130309,774,149,923
020130310,820,104,924
020130401,452,132,584
020130402,641,109,750
020130403,533,105,638
020130404,767,205,972
020130405,589,149,738
020130406,691,165,856
020130407,493,135,628
020130408,492,115,607
020130409,546,140,686
020130410,306,104,410
020130411,630,151,781
020130412,1132,197,1329
020130413,562,130,692
020130414,536,159,695
020130501,593,135,728
020130502,749,149,898
020130503,903,203,1106
020130504,797,173,970
020130505,684,167,851
020130506,783,126,909
020130507,639,114,753
020130508,726,112,838
020130601,525,147,672
020130602,831,188,1019
020130603,749,157,906
020130604,741,129,870
020130605,728,178,906
020130606,588,165,753
020130607,735,198,933
020130608,624,143,767
020130701,580,128,708
020130702,423,108,531
020130703,768,183,951
020130704,582,149,731
020130705,810,198,1008
020130706,656,139,795
020130707,627,140,767
020130708,593,124,717
020130709,676,90,766
020130801,509,109,618
020130802,434,98,532
020130803,760,136,896
020130804,716,128,844
020130805,771,110,881
020130806,527,120,647
020130807,625,148,773
020130808,792,166,958
020130809,532,143,675
020130810,496,127,623
020130901,566,86,652
020130902,573,99,672
020130903,408,83,491
020130904,443,117,560
020130905,927,150,1077
020130906,550,110,660
020130907,532,96,628
020130908,646,122,768
020130909,695,145,840
020130910,432,95,527
020131001,695,65,760
020131002,714,112,826
020131003,777,143,920
020131004,736,149,885
020131005,443,105,548
020131006,727,136,863
020131007,536,110,646
020131008,681,159,840
020131009,536,144,680
020131010,671,200,871
020131011,494,100,594
020131101,396,88,484
020131102,578,108,686
020131103,448,120,568
020131104,443,104,547
020131105,467,104,571
020131106,886,164,1050
020131107,573,128,701
020131201,577,96,673
020131202,764,105,869
020131203,526,82,608
020131204,732,95,827
020131205,566,80,646
020131206,458,95,553
020131207,619,172,791
020131208,505,107,612
020131209,769,125,894
020131210,446,103,549
020131301,892,121,1013
020131302,217,87,304
020131303,554,158,712
020131304,673,137,810
020131305,646,164,810
020131306,196,56,252
020131307,505,99,604
020131308,550,83,633
020131309,624,132,756
020131310,748,141,889
020131311,509,70,579
020131312,724,140,864
020131313,1026,140,1166
020131314,573,75,648
020131401,627,123,750
020131402,286,85,371
020131403,518,124,642
020131404,582,134,716
020131405,407,112,519
020131406,645,181,826
020131407,310,68,378
020131408,481,104,585
020131409,429,93,522
020131410,575,137,712
020131411,667,109,776
020131501,583,147,730
020131502,531,166,697
020131503,548,180,728
020131504,326,78,404
020131505,634,131,765
020131506,536,107,643
020131507,639,146,785
020131508,560,137,697
020131509,682,166,848
020131510,483,135,618
020131511,563,159,722
020131512,503,128,631
020131601,639,145,784
020131602,637,191,828
020131603,400,94,494
020131604,548,130,678
020131605,412,96,508
020131606,322,78,400
020131607,585,152,737
020131608,476,166,642
020131609,677,129,806
020131610,624,184,808
020131611,560,144,704
020131612,583,123,706
020131613,443,95,538
020131701,830,186,1016
020131702,872,169,1041
020131703,666,123,789
020131704,461,73,534
020131705,567,120,687
020131706,625,120,745
020131707,684,122,806
020131708,588,134,722
020131709,737,152,889
020131710,777,133,910
020131711,452,96,548
020131801,627,168,795
020131802,672,169,841
020131803,760,156,916
020131804,553,138,691
020131805,547,119,666
020131806,595,128,723
020131807,800,148,948
020131808,615,114,729
020131809,399,73,472
020131810,633,133,766
020131901,626,134,760
020131902,750,150,900
020131903,573,106,679
020131904,418,68,486
020131905,653,148,801
020131906,392,98,490
020131907,586,102,688
020131908,567,141,708
020131909,504,121,625
020131910,568,100,668
020131911,343,47,390
020131912,565,115,680
020132001,517,117,634
020132002,770,145,915
020132003,321,82,403
020132004,571,95,666
020132005,480,104,584
020132006,638,164,802
020132007,678,133,811
020132008,627,135,762
020132009,438,97,535
020132010,432,115,547
020132011,492,89,581
020132012,430,120,550
020132101,468,111,579
020132102,228,74,302
020132103,447,82,529
020132104,706,136,842
020132105,697,123,820
020132106,601,135,736
020132107,915,174,1089
020132108,598,112,710
020132109,654,164,818
020132110,749,150,899
020132201,454,117,571
020132202,419,84,503
020132203,377,82,459
020132204,739,139,878
020132205,943,186,1129
020132206,916,171,1087
020132207,912,169,1081
020132208,663,113,776
020132209,451,82,533
020132301,935,211,1146
020132302,402,100,502
020132303,907,154,1061
020132304,459,126,585
020132305,389,85,474
020132306,575,166,741
020132307,407,83,490
020132308,838,172,1010
020132309,822,149,971
020132310,404,143,547
020132311,654,151,805
020132401,376,81,457
020132402,460,93,553
020132403,489,158,647
020132404,633,145,778
020132405,562,142,704
020132406,552,136,688
020132407,794,117,911
020132408,670,156,826
020132409,785,151,936
020132410,597,121,718
020132501,458,123,581
020132502,532,133,665
020132503,681,169,850
020132504,531,121,652
020132505,474,98,572
020132506,531,151,682
020132507,866,247,1113
020132508,594,171,765
020132601,636,149,785
020132602,609,150,759
020132603,537,111,648
020132604,665,181,846
020132605,568,145,713
020132606,468,118,586
020132607,375,86,461
020132608,324,122,446
020132609,386,77,463
020132610,751,157,908
020132611,509,124,633
020132701,332,81,413
020132702,674,154,828
020132703,718,175,893
020132704,665,142,807
020132705,478,120,598
020132706,848,215,1063
020132707,785,193,978
020132708,636,152,788
020132709,679,164,843
020132801,349,157,506
020132802,304,96,400
020132803,518,133,651
020132804,315,58,373
020132805,410,95,505
020132806,672,131,803
020132807,544,126,670
020132808,741,176,917
020132809,602,146,748
020132810,501,111,612
020132901,513,146,659
020132902,480,132,612
020132903,425,106,531
020132904,665,150,815
020132905,438,87,525
020132906,612,126,738
020132907,680,172,852
020132908,892,180,1072
020132909,418,139,557
020132910,669,95,764
020132911,639,109,748
020140101,347,77,424
020140102,420,123,543
020140103,699,151,850
020140104,773,139,912
020140105,1092,217,1309
020140106,846,133,979
020140107,674,163,837
020140108,726,137,863
020140109,823,174,997
020140110,982,199,1181
020140201,938,200,1138
020140202,453,76,529
020140203,728,109,837
020140204,527,113,640
020140205,593,102,695
020140206,566,87,653
020140207,573,103,676
020140208,752,152,904
020140209,738,137,875
020140210,931,173,1104
020140301,1356,219,1575
020140302,407,74,481
020140303,347,67,414
020140304,622,127,749
020140305,675,161,836
020140306,349,49,398
020140307,542,75,617
020140308,667,150,817
020140309,735,129,864
020140310,514,97,611
020140311,570,116,686
020140312,558,98,656
020140401,711,139,850
020140402,498,91,589
020140403,464,73,537
020140404,516,122,638
020140405,679,132,811
020140406,732,146,878
020140407,776,110,886
020140408,952,136,1088
020140409,652,129,781
020140410,1224,185,1409
020140501,551,213,764
020140502,806,113,919
020140503,725,134,859
020140504,433,103,536
020140505,792,167,959
020140506,516,92,608
020140507,421,80,501
020140508,361,73,434
020140509,1029,129,1158
020140510,1059,170,1229
020140601,802,135,937
020140602,687,109,796
020140603,719,171,890
020140604,575,123,698
020140605,649,122,771
020140606,867,218,1085
020140607,580,185,765
020140608,412,103,515
020140609,609,149,758
020140610,299,88,387
020140701,627,230,857
020140702,699,172,871
020140703,580,172,752
020140704,907,86,993
020140705,523,163,686
020140706,524,177,701
020140707,481,136,617
020140708,405,119,524
020140709,450,126,576
020140801,700,109,809
020140802,477,101,578
020140803,246,85,331
020140804,347,101,448
020140805,772,161,933
020140806,719,186,905
020140807,484,130,614
020140808,550,130,680
020140809,775,164,939
020140901,1005,113,1118
020140902,711,119,830
020140903,934,120,1054
020140904,1017,150,1167
020140905,330,56,386
020140906,562,107,669
020140907,532,95,627
020140908,683,67,750
020140909,650,108,758
020140910,767,108,875
020140911,619,122,741
020140912,718,138,856
020140913,554,85,639
020141001,11,3,14
020141101,545,55,600
020141102,807,84,891
020141103,411,75,486
020141104,568,120,688
020141105,676,89,765
020141106,772,99,871
020141107,438,51,489
020141108,827,167,994
020141109,570,105,675
020141110,307,65,372
020141111,443,69,512
020141112,555,107,662
020141113,641,108,749
020141114,412,91,503
020141201,327,99,426
020141202,621,178,799
020141203,500,114,614
020141204,470,166,636
020141205,626,170,796
020141206,412,119,531
020141207,249,61,310
020141208,262,64,326
020141209,449,134,583
020141210,603,119,722
020141211,408,131,539
020141301,477,196,673
020141302,491,159,650
020141303,594,129,723
020141304,459,115,574
020141305,550,141,691
020141306,439,123,562
020141307,252,63,315
020141308,466,156,622
020141309,567,181,748
020141310,546,120,666
020141311,396,122,518
020141312,454,94,548
020141401,705,108,813
020141402,487,95,582
020141403,595,105,700
020141404,317,73,390
020141405,306,99,405
020141406,355,74,429
020141407,402,100,502
020141408,741,177,918
020141409,789,141,930
020141410,524,131,655
020141411,647,160,807
020141501,534,111,645
020141502,597,138,735
020141503,524,132,656
020141504,623,139,762
020141505,672,172,844
020141506,702,171,873
020141507,499,119,618
020141508,1508,334,1842
020141601,1050,206,1256
020141602,659,92,751
020141603,926,138,1064
020141604,778,135,913
020141605,714,191,905
020141606,238,50,288
020141607,560,128,688
020141701,695,89,784
020141702,733,119,852
020141703,687,107,794
020141704,336,75,411
020141705,606,100,706
020141706,536,113,649
020141707,625,105,730
020141708,1085,201,1286
020141801,602,125,727
020141802,591,127,718
020141803,870,177,1047
020141804,708,167,875
020141805,808,163,971
020141806,651,153,804
020141807,489,111,600
020141808,726,169,895
020141901,439,91,530
020141902,772,169,941
020141903,861,167,1028
020141904,974,213,1187
020141905,1146,254,1400
020142001,1021,200,1221
020142002,1043,226,1269
020142003,773,170,943
020142004,665,116,781
020142005,605,141,746
020142006,413,80,493
020142007,250,64,314
020142101,655,165,820
020142102,518,133,651
020142103,267,50,317
020142104,403,110,513
020142105,267,98,365
020142106,440,98,538
020142107,552,117,669
020142108,522,146,668
020142109,440,113,553
020142110,370,135,505
020142111,525,160,685
020142201,608,201,809
020142202,672,167,839
020142203,372,94,466
020142204,429,110,539
020142205,668,231,899
020142206,855,177,1032
020142207,551,177,728
020142208,582,172,754
020142209,702,152,854
020142210,520,133,653
020142301,464,118,582
020142302,389,71,460
020142303,429,109,538
020142304,615,101,716
020142305,853,134,987
020142306,349,82,431
020142307,525,156,681
020142308,818,199,1017
020142309,767,147,914
020142310,608,122,730
020142311,688,154,842
020142401,507,89,596
020142402,377,70,447
020142403,406,102,508
020142404,318,71,389
020142405,668,118,786
020142406,566,130,696
020142407,560,116,676
020142408,387,134,521
020142409,592,101,693
020142501,643,131,774
020142502,352,77,429
020142503,513,121,634
020142504,420,85,505
020142505,375,77,452
020142506,392,54,446
020142507,556,149,705
020142508,569,125,694
020142509,540,125,665
020142601,829,194,1023
020142602,600,114,714
020142603,341,59,400
020142604,1392,292,1684
020142605,782,142,924
020142606,768,154,922
020142607,919,223,1142
020142701,1018,180,1198
020142702,903,195,1098
020142703,485,89,574
020142704,620,132,752
020142705,726,169,895
020142706,349,63,412
020142707,353,60,413
020142801,496,119,615
020142802,497,102,599
020142803,568,92,660
020142804,567,112,679
020142805,455,82,537
020142806,739,173,912
020142807,577,140,717
020142808,418,99,517
020142809,470,101,571
020142810,702,115,817
020142811,827,140,967
020142812,452,116,568
020142901,441,81,522
020142902,423,72,495
020142903,416,81,497
020142904,599,132,731
020142905,377,89,466
020142906,683,109,792
020142907,693,119,812
020142908,500,88,588
020142909,585,120,705
020142910,634,128,762
020142911,512,112,624
020143001,651,143,794
020143002,788,144,932
020143003,687,117,804
020143004,475,69,544
020143005,747,174,921
020143006,388,71,459
020143007,319,59,378
020143008,1333,239,1572
020143009,1037,214,1251
020143101,512,90,602
020143102,683,136,819
020143103,484,121,605
020143104,521,102,623
020143105,498,99,597
020143106,867,148,1015
020143107,692,144,836
020143108,596,119,715
020143109,521,103,624
020143110,426,95,521
020143111,319,64,383
020143112,463,99,562
020150101,777,212,989
020150102,711,195,906
020150103,523,147,670
020150104,467,141,608
020150105,577,166,743
020150106,553,161,714
020150107,503,173,676
020150108,529,164,693
020150109,697,214,911
020150110,704,205,909
020150111,433,141,574
020150112,535,182,717
020150201,536,191,727
020150202,615,175,790
020150203,618,191,809
020150204,435,104,539
020150205,385,115,500
020150206,533,156,689
020150207,446,202,648
020150208,462,181,643
020150209,410,156,566
020150210,439,140,579
020150301,538,168,706
020150302,716,191,907
020150303,702,188,890
020150304,557,168,725
020150305,558,200,758
020150306,568,142,710
020150307,631,110,741
020150308,728,159,887
020150309,647,186,833
020150310,659,162,821
020150311,540,196,736
020150312,861,296,1157
020150313,561,154,715
020150401,609,213,822
020150402,517,152,669
020150403,755,161,916
020150404,409,141,550
020150405,464,146,610
020150406,535,169,704
020150407,620,183,803
020150408,545,181,726
020150409,448,163,611
020150410,457,163,620
020150411,551,187,738
020150412,573,212,785
020150413,541,203,744
020150414,604,268,872
020150501,572,153,725
020150502,755,198,953
020150503,591,152,743
020150504,395,173,568
020150505,615,139,754
020150506,535,200,735
020150507,485,192,677
020150508,623,245,868
020150509,494,222,716
020150510,424,198,622
020150511,503,223,726
020150512,498,200,698
020150513,527,196,723
020150514,532,162,694
020150601,521,135,656
020150602,467,173,640
020150603,467,157,624
020150604,493,131,624
020150605,389,129,518
020150606,429,68,497
020150607,471,167,638
020150701,620,239,859
020150702,450,231,681
020150703,427,204,631
020150704,384,190,574
020150705,594,258,852
020150706,513,439,952
020150707,674,286,960
020150708,678,263,941
020150709,540,238,778
020150710,702,242,944
020150711,609,257,866
020150712,663,271,934
020150801,629,311,940
020150802,485,216,701
020150803,724,263,987
020150804,647,257,904
020150805,520,206,726
020150806,527,175,702
020150807,669,219,888
020150808,649,252,901
020150809,723,262,985
020150810,666,192,858
020150901,373,109,482
020150902,356,119,475
020150903,400,96,496
020150904,434,265,699
020150905,511,221,732
020150906,378,220,598
020150907,482,217,699
020150908,1278,896,2174
020151001,558,135,693
020151002,624,188,812
020151003,813,235,1048
020151004,572,207,779
020151005,562,120,682
020151006,365,104,469
020151007,635,174,809
020151008,489,215,704
020151009,537,178,715
020151010,436,121,557
020151011,446,138,584
020151012,560,197,757
020151013,521,195,716
020151101,551,194,745
020151102,627,114,741
020151103,540,151,691
020151104,592,207,799
020151105,523,150,673
020151106,572,199,771
020151107,485,174,659
020151108,507,149,656
020151109,720,179,899
020151110,467,176,643
020151111,921,191,1112
020151112,677,150,827
020151113,685,206,891
020151201,515,235,750
020151202,497,226,723
020151203,540,154,694
020151204,532,145,677
020151205,604,211,815
020151206,536,167,703
020151207,345,139,484
020151208,557,163,720
020151209,388,109,497
020151301,622,192,814
020151302,527,160,687
020151303,470,141,611
020151304,519,121,640
020151305,335,84,419
020151306,354,97,451
020151307,517,135,652
020151308,315,107,422
020151309,806,208,1014
020151310,513,116,629
020151401,611,212,823
020151402,693,182,875
020151403,522,151,673
020151404,541,146,687
020151405,712,218,930
020151406,388,114,502
020151407,769,73,842
020151408,580,236,816
020151409,565,267,832
020151410,474,192,666
020151411,736,261,997
020151501,519,160,679
020151502,593,149,742
020151503,790,229,1019
020151504,667,290,957
020151505,578,243,821
020151506,604,248,852
020151507,600,239,839
020151508,469,175,644
020151509,790,197,987
020151510,673,234,907
020151601,630,199,829
020151602,627,190,817
020151603,815,210,1025
020151604,564,163,727
020151605,488,139,627
020151606,576,163,739
020151607,648,166,814
020151608,613,195,808
020151609,548,155,703
020151610,576,197,773
020151611,579,162,741
020151701,588,126,714
020151702,415,146,561
020151703,661,168,829
020151704,745,230,975
020151705,684,169,853
020151706,555,141,696
020151707,548,170,718
020151708,475,106,581
020151709,524,128,652
020151710,579,167,746
020151711,625,171,796
020151712,562,147,709
020151801,435,110,545
020151802,366,123,489
020151803,528,147,675
020151804,351,103,454
020151805,365,109,474
020151806,423,80,503
020151807,627,121,748
020151808,438,91,529
020151809,333,151,484
020151810,431,128,559
020151811,497,130,627
020151812,440,104,544
020151813,396,132,528
020151901,348,109,457
020151902,602,161,763
020151903,488,178,666
020151904,602,125,727
020151905,670,155,825
020151906,596,148,744
020151907,556,161,717
020151908,441,137,578
020151909,524,116,640
020151910,746,173,919
020151911,607,182,789
020152001,702,138,840
020152002,611,166,777
020152003,623,149,772
020152004,483,135,618
020152005,462,108,570
020152006,539,152,691
020152007,525,149,674
020152008,490,126,616
020152009,360,107,467
020152010,622,154,776
020152011,571,123,694
020152012,576,136,712
020152101,568,120,688
020152102,670,123,793
020152103,484,135,619
020152104,542,162,704
020152105,350,106,456
020152106,808,181,989
020152107,334,72,406
020152108,464,99,563
020152109,652,176,828
020152110,459,124,583
020152111,570,103,673
020152112,371,123,494
020152113,648,188,836
060280101,539,688,1227
060280102,450,681,1131
060280103,593,565,1158
060280104,591,339,930
060280105,376,208,584
060280106,466,379,845
060280107,709,504,1213
060280108,735,815,1550
060280109,794,758,1552
060280110,399,281,680
060280111,686,502,1188
060280112,549,396,945
060280113,378,519,897
060280114,495,542,1037
060280115,713,609,1322
060280201,590,982,1572
060280202,577,745,1322
060280203,701,831,1532
060280204,783,856,1639
060280205,389,686,1075
060280206,531,719,1250
060280207,470,633,1103
060280208,432,727,1159
060280301,784,774,1558
060280302,638,885,1523
060280303,750,1176,1926
060280304,281,544,825
060280305,407,1204,1611
060280306,258,534,792
060280307,432,940,1372
060280308,793,1030,1823
060280309,430,582,1012
060280310,498,477,975
060280311,378,477,855
060280312,403,570,973
060280401,726,1037,1763
060280402,465,862,1327
060280403,634,876,1510
060280404,357,911,1268
060280405,489,912,1401
060280406,539,1036,1575
060280407,631,907,1538
060280408,553,967,1520
060280409,561,1144,1705
060280410,591,758,1349
060280411,566,803,1369
060280412,751,880,1631
060280501,34,31,65
060280502,48,40,88
060280503,20,19,39
060280504,493,544,1037
060280505,42,50,92
060280506,362,327,689
060280507,174,228,402
060280508,110,147,257
060280509,107,115,222
060280510,90,140,230
060280511,518,665,1183
060280512,55,69,124
060280513,547,732,1279
060280601,658,533,1191
060280602,1122,1096,2218
060280603,781,673,1454
060280604,2004,2062,4066
060280605,1010,895,1905
060280606,968,818,1786
060280607,780,613,1393
060280608,394,401,795
060280609,593,507,1100
060280610,1556,1998,3554
060280611,495,535,1030
060280612,459,487,946
060280613,413,329,742
060280614,1333,1356,2689
060280615,1756,2031,3787
060280701,966,1331,2297
060280702,796,1103,1899
060280703,936,1101,2037
060280704,800,585,1385
060280705,720,721,1441
060280706,876,512,1388
060280707,1295,1036,2331
060280708,475,572,1047
060280709,656,630,1286
060280710,650,408,1058
060280711,857,659,1516
060280801,133,212,345
060280802,122,152,274
060280803,29,48,77
060280804,100,118,218
060280805,602,615,1217
060280806,567,313,880
060280807,491,404,895
060280808,557,497,1054
060280809,61,50,111
060280810,944,614,1558
060280811,840,517,1357
060280812,653,356,1009
060280813,680,284,964
060280901,779,774,1553
060280902,601,624,1225
060280903,508,513,1021
060280904,824,1013,1837
060280905,534,338,872
060280906,766,420,1186
060280907,593,573,1166
060280908,670,582,1252
060280909,961,597,1558
060281001,425,324,749
060281002,374,319,693
060281003,620,467,1087
060281004,406,351,757
060281005,440,413,853
060281006,496,476,972
060281007,615,649,1264
060281008,761,675,1436
060281009,467,507,974
060281010,582,497,1079
060281011,566,499,1065
060281012,488,559,1047
060281013,915,969,1884
060281014,601,611,1212
060281015,535,407,942
060281016,602,366,968
060281017,433,352,785
060281101,495,509,1004
060281102,459,469,928
060281103,456,353,809
060281104,442,237,679
060281105,426,256,682
060281106,394,207,601
060281107,451,137,588
060281108,304,88,392
060281109,937,434,1371
060281110,816,564,1380
060281111,966,621,1587
060281112,541,273,814
060281113,469,214,683
060281201,821,338,1159
060281202,695,199,894
060281203,928,234,1162
060281204,601,234,835
060281205,654,181,835
060281206,300,113,413
060281207,560,133,693
060281208,678,158,836
060281209,754,210,964
060281210,911,426,1337
060281211,788,335,1123
060281301,852,427,1279
060281302,456,247,703
060281303,525,386,911
060281304,844,728,1572
060281305,593,432,1025
060281306,598,425,1023
060281307,431,508,939
060281308,688,499,1187
060281309,663,526,1189
060281310,686,438,1124
060281311,634,527,1161
060281312,558,311,869
060281313,445,290,735
060281401,769,698,1467
060281402,541,536,1077
060281403,818,773,1591
060281404,815,722,1537
060281405,725,649,1374
060281406,779,813,1592
060281407,821,781,1602
060281408,545,478,1023
060281409,458,431,889
060281410,578,598,1176
060281501,384,526,910
060281502,397,438,835
060281503,482,441,923
060281504,456,555,1011
060281505,505,528,1033
060281506,518,338,856
060281507,849,490,1339
060281508,437,294,731
060281509,1060,674,1734
060281510,691,561,1252
060281511,324,373,697
060281512,604,377,981
060281601,575,285,860
060281602,706,346,1052
060281603,1190,741,1931
060281604,612,439,1051
060281605,729,370,1099
060281606,969,515,1484
060281607,451,319,770
060281608,552,323,875
060281701,523,230,753
060281702,683,415,1098
060281703,383,212,595
060281704,508,320,828
060281705,509,359,868
060281706,855,636,1491
060281707,686,325,1011
060281708,728,605,1333
060281709,575,284,859
060281801,903,507,1410
060281802,571,319,890
060281803,727,859,1586
060281804,423,411,834
060281805,439,380,819
060281806,775,937,1712
060281807,449,773,1222
060281808,734,897,1631
060281809,638,509,1147
060281810,550,584,1134
060281811,592,229,821
060281901,799,413,1212
060281902,649,375,1024
060281903,873,559,1432
060281904,766,630,1396
060281905,251,338,589
060281906,136,163,299
060281907,215,570,785
060281908,578,586,1164
060281909,858,532,1390
060281910,347,299,646
060281911,577,810,1387
060281912,492,619,1111
060281913,237,474,711
060282001,750,515,1265
060282002,786,451,1237
060282003,323,358,681
060282004,613,1288,1901
060282005,461,995,1456
060282006,813,539,1352
060282007,361,745,1106
060282008,594,582,1176
060282009,480,627,1107
060282010,427,839,1266
060282011,327,719,1046
060282012,195,471,666
060282013,553,941,1494
060282014,567,713,1280
060282015,554,833,1387
060282101,362,283,645
060282102,386,376,762
060282103,657,608,1265
060282104,470,252,722
060282105,557,386,943
060282106,396,171,567
060282107,684,298,982
060282108,688,389,1077
060282109,493,733,1226
060282110,424,477,901
060282111,543,542,1085
060282112,517,510,1027
060282113,455,346,801
060282201,282,145,427
060282202,624,275,899
060282203,646,505,1151
060282204,475,426,901
060282205,873,734,1607
060282206,787,660,1447
060282207,413,258,671
060282208,406,403,809
060282209,672,617,1289
060282210,1008,691,1699
060282211,507,326,833
060282212,414,328,742
060282213,503,342,845
060282214,456,361,817
060282215,443,297,740
060282216,953,861,1814
060282217,346,343,689
060282218,393,341,734
060282301,777,559,1336
060282302,807,546,1353
060282303,455,313,768
060282304,662,394,1056
060282305,493,191,684
060282306,573,297,870
060282307,603,279,882
060282308,410,201,611
060282309,536,311,847
060282310,507,278,785
060282311,498,205,703
060282312,413,214,627
060282313,412,176,588
060282401,788,352,1140
060282402,752,622,1374
060282403,587,285,872
060282404,532,339,871
060282405,919,485,1404
060282406,667,272,939
060282407,660,449,1109
060282408,613,264,877
060282409,641,249,890
060282501,558,164,722
060282502,692,161,853
060282503,218,108,326
060282504,244,75,319
060282505,722,180,902
060282506,795,259,1054
060282507,409,122,531
060282508,372,100,472
060282509,432,108,540
060282510,779,288,1067
060282511,834,258,1092
060282512,609,213,822
060282513,594,234,828
060282601,359,78,437
060282602,316,60,376
060282603,562,320,882
060282604,469,129,598
060282605,517,112,629
060282606,409,312,721
060282607,240,325,565
060282608,377,83,460
060282609,725,107,832
060282610,309,296,605
060282611,287,189,476
060282612,267,170,437
060282701,457,177,634
060282702,604,293,897
060282703,655,804,1459
060282704,606,313,919
060282705,525,274,799
060282706,532,835,1367
060282707,220,324,544
060282708,769,679,1448
060282709,298,114,412
060282710,292,151,443
060282711,434,243,677
060282712,601,249,850
060282713,618,337,955
060282801,559,504,1063
060282802,436,368,804
060282803,633,654,1287
060282804,587,632,1219
060282805,654,880,1534
060282806,850,984,1834
060282807,639,560,1199
060282808,438,402,840
060282809,578,645,1223
060282810,483,716,1199
060282811,271,294,565
060282901,568,640,1208
060282902,447,229,676
060282903,563,390,953
060282904,557,422,979
060282905,420,478,898
060282906,340,561,901
060282907,496,636,1132
060282908,494,502,996
060282909,526,531,1057
060282910,500,381,881
060282911,475,596,1071
060282912,553,491,1044
060282913,499,400,899
060283001,384,446,830
060283002,353,445,798
060283003,320,446,766
060283004,430,664,1094
060283005,443,476,919
060283006,449,474,923
060283007,611,707,1318
060283008,817,1044,1861
060283009,507,729,1236
060283010,578,823,1401
060283011,478,548,1026
060283012,374,519,893
060283013,328,486,814
060283014,432,657,1089
060283015,443,596,1039
060283016,498,496,994
060283017,17,19,36
060283101,559,269,828
060283102,464,203,667
060283103,567,239,806
060283104,389,150,539
060283105,487,227,714
060283106,785,405,1190
060283107,628,636,1264
060283108,403,395,798
060283109,510,474,984
060283110,723,660,1383
060283111,693,417,1110
060283112,566,327,893
060283201,585,245,830
060283202,508,218,726
060283203,694,303,997
060283204,556,224,780
060283205,468,184,652
060283206,531,224,755
060283207,554,381,935
060283208,780,471,1251
060283209,910,470,1380
060283301,837,1100,1937
060283302,924,422,1346
060283303,557,234,791
060283304,519,287,806
060283305,550,158,708
060283306,0,2,2
060283307,627,777,1404
060283308,806,537,1343
060283309,719,337,1056
060283310,573,233,806
060283311,702,356,1058
060283312,595,561,1156
060283313,763,651,1414
060283314,744,1012,1756
060283401,574,358,932
060283402,736,555,1291
060283403,729,526,1255
060283404,622,605,1227
060283405,545,424,969
060283406,714,386,1100
060283407,443,236,679
060283408,674,230,904
060283409,763,423,1186
060283410,732,293,1025
060283411,632,318,950
060283412,694,423,1117
060283501,707,624,1331
060283502,592,842,1434
060283503,701,567,1268
060283504,548,479,1027
060283505,741,1031,1772
060283506,622,749,1371
060283507,807,751,1558
060283508,603,395,998
060283509,691,915,1606
060283601,409,261,670
060283602,328,138,466
060283603,542,175,717
060283604,831,496,1327
060283605,744,746,1490
060283606,609,838,1447
060283607,845,519,1364
060283608,506,265,771
060283609,457,438,895
060283610,578,520,1098
060283611,450,680,1130
060283612,330,960,1290
060283613,248,729,977
060283614,629,925,1554
060283615,777,910,1687
060283701,672,363,1035
060283702,503,361,864
060283703,524,429,953
060283704,606,482,1088
060283705,642,594,1236
060283706,600,811,1411
060283707,420,422,842
060283708,412,389,801
060283709,552,311,863
060283710,703,513,1216
060283711,647,601,1248
060283712,768,673,1441
060283713,562,507,1069
060283714,452,560,1012
060283801,861,1069,1930
060283802,546,656,1202
060283803,586,700,1286
060283804,781,625,1406
060283805,661,413,1074
060283806,517,365,882
060283807,427,291,718
060283808,681,486,1167
060283809,639,321,960
060283810,534,381,915
060283811,510,330,840
060283812,549,442,991
060283901,567,657,1224
060283902,651,770,1421
060283903,547,603,1150
060283904,524,739,1263
060283905,578,606,1184
060283906,389,490,879
060283907,442,588,1030
060283908,479,487,966
060283909,714,973,1687
060283910,693,832,1525
060283911,552,874,1426
060283912,625,834,1459
060283913,820,951,1771
060283914,405,380,785
060283915,474,436,910
060350101,1000,1357,2357
060350102,786,741,1527
060350103,416,310,726
060350104,387,299,686
060350105,238,214,452
060350106,375,302,677
060350107,405,332,737
060350108,247,222,469
060350109,227,220,447
060350110,497,475,972
060350111,374,502,876
060350201,384,589,973
060350202,506,557,1063
060350203,492,596,1088
060350301,544,411,955
060350302,655,539,1194
060350303,507,394,901
060350304,702,256,958
060350305,518,186,704
060350306,726,278,1004
060350307,677,193,870
060350308,593,190,783
060350309,394,129,523
060350310,505,138,643
060350311,674,279,953
060350312,496,226,722
060350313,655,348,1003
060350314,545,238,783
060350315,643,273,916
060350401,704,622,1326
060350402,472,366,838
060350403,585,438,1023
060350404,740,550,1290
060350405,616,487,1103
060350406,633,349,982
060350407,591,428,1019
060350408,500,329,829
060350409,873,475,1348
060350410,432,271,703
060350411,851,454,1305
060350412,531,267,798
060350413,609,314,923
060350414,552,139,691
060350415,523,133,656
060350501,337,222,559
060350502,899,279,1178
060350503,580,120,700
060350504,666,432,1098
060350505,1375,1641,3016
060350506,899,690,1589
060350507,810,592,1402
060350508,650,307,957
060350509,534,300,834
060350510,576,247,823
060350511,465,270,735
060350512,476,268,744
060350601,650,390,1040
060350602,689,357,1046
060350603,574,302,876
060350604,544,220,764
060350605,560,277,837
060350606,518,400,918
060350607,353,217,570
060350608,598,244,842
060350609,619,470,1089
060350610,516,359,875
060350611,432,333,765
060350612,569,283,852
060350701,403,279,682
060350702,640,447,1087
060350703,526,350,876
060350704,503,299,802
060350705,493,309,802
060350706,597,460,1057
060350707,336,231,567
060350708,178,132,310
060350709,213,104,317
060350710,230,159,389
060350711,333,182,515
060350712,189,89,278
060350801,504,453,957
060350802,347,297,644
060350803,675,406,1081
060350804,597,383,980
060350805,224,170,394
060350806,421,278,699
060350807,368,300,668
060350808,347,284,631
060350809,426,361,787
060350810,301,254,555
060350811,455,296,751
060350812,1981,1128,3109
060350813,619,570,1189
060350814,355,292,647
060350815,782,897,1679
060350901,337,390,727
060350902,327,293,620
060350903,273,282,555
060350904,1107,1334,2441
060350905,299,500,799
060350906,286,408,694
060350907,356,544,900
060350908,415,732,1147
060350909,230,346,576
060350910,544,811,1355
060350911,453,681,1134
060350912,288,312,600
060350913,403,419,822
060350914,425,324,749
060351001,365,330,695
060351002,1712,317,2029
060351003,510,315,825
060351004,595,322,917
060351005,373,131,504
060351006,497,229,726
060351007,549,240,789
060351008,334,112,446
060351009,213,89,302
060351010,553,157,710
060351011,445,189,634
060351012,476,159,635
060351101,283,255,538
060351102,463,300,763
060351103,305,184,489
060351104,561,196,757
060351105,958,383,1341
060351106,577,276,853
060351107,198,120,318
060351108,610,227,837
060351109,402,149,551
060351110,656,164,820
060351201,469,172,641
060351202,605,220,825
060351203,287,107,394
060351204,270,78,348
060351205,554,252,806
060351206,404,98,502
060351207,284,66,350
060351208,613,159,772
060351209,195,47,242
060351210,581,183,764
060351211,602,185,787
060351212,427,111,538
060351301,582,303,885
060351302,595,251,846
060351303,471,213,684
060351304,505,205,710
060351305,428,271,699
060351306,410,200,610
060351307,424,191,615
060351308,490,162,652
060351309,349,109,458
060351310,448,136,584
060351401,468,191,659
060351402,391,151,542
060351403,638,272,910
060351404,604,210,814
060351405,458,154,612
060351406,407,125,532
060351407,390,116,506
060351408,582,272,854
060351409,480,164,644
060351410,564,248,812
060351411,328,147,475
060351412,421,190,611
060351413,419,169,588
060351501,469,284,753
060351502,584,201,785
060351503,594,247,841
060351504,492,245,737
060351505,502,477,979
060351506,899,493,1392
060351507,505,279,784
060351508,561,278,839
060351509,466,249,715
060351510,439,193,632
060351511,487,211,698
060351512,426,198,624
060351601,318,136,454
060351602,623,279,902
060351603,550,297,847
060351604,226,155,381
060351605,468,267,735
060351606,549,247,796
060351607,366,199,565
060351608,587,388,975
060351609,584,288,872
060351610,569,349,918
060351611,429,270,699
060351701,516,267,783
060351702,499,245,744
060351703,558,286,844
060351704,520,315,835
060351705,670,351,1021
060351706,460,259,719
060351707,547,289,836
060351708,477,269,746
060351709,421,296,717
060351710,646,383,1029
060351711,411,239,650
060351801,527,241,768
060351802,605,279,884
060351803,418,313,731
060351804,457,265,722
060351805,498,229,727
060351806,519,343,862
060351807,434,208,642
060351808,411,213,624
060351809,515,299,814
060351810,393,271,664
060351811,528,350,878
060351901,524,284,808
060351902,613,328,941
060351903,555,271,826
060351904,469,248,717
060351905,548,302,850
060351906,514,378,892
060351907,441,355,796
060351908,478,321,799
060351909,541,302,843
060351910,684,444,1128
060351911,638,384,1022
060352001,677,279,956
060352002,740,238,978
060352003,774,278,1052
060352004,438,250,688
060352005,526,317,843
060352006,555,311,866
060352007,584,366,950
060352008,621,329,950
060352009,464,380,844
060352010,578,325,903
060352011,513,294,807
060352101,765,340,1105
060352102,686,314,1000
060352103,423,147,570
060352104,339,162,501
060352105,286,81,367
060352106,330,125,455
060352107,440,159,599
060352108,383,163,546
060352109,493,177,670
060352110,563,191,754
060352201,648,698,1346
060352202,453,171,624
060352203,321,124,445
060352204,329,99,428
060352205,404,84,488
060352206,524,169,693
060352207,470,157,627
060352208,289,171,460
060352209,401,165,566
060352210,507,220,727
060352211,350,110,460
060352212,84,36,120
060352301,301,157,458
060352302,297,156,453
060352303,391,209,600
060352304,255,93,348
060352305,664,318,982
060352306,577,422,999
060352307,520,574,1094
060352308,375,413,788
060352309,499,274,773
060352310,598,293,891
060352311,582,379,961
060352312,634,629,1263
060352401,518,392,910
060352402,543,362,905
060352403,707,520,1227
060352404,582,393,975
060352405,464,245,709
060352406,551,334,885
060352407,508,382,890
060352408,613,457,1070
060352409,661,430,1091
060352410,655,365,1020
060352411,673,651,1324
060352501,357,279,636
060352502,462,384,846
060352503,823,552,1375
060352504,431,352,783
060352505,604,398,1002
060352506,562,414,976
060352507,471,348,819
060352508,531,398,929
060352509,585,330,915
060352510,991,772,1763
060352511,718,449,1167
060352601,699,631,1330
060352602,646,800,1446
060352603,382,360,742
060352604,151,129,280
060352605,986,921,1907
060352606,447,339,786
060352607,573,399,972
060352608,422,394,816
060352609,448,669,1117
060352610,754,1019,1773
060352611,684,815,1499
060352612,363,370,733
060352613,318,429,747
060352614,417,462,879
060352615,445,526,971
060352701,82,179,261
060352702,459,326,785
060352703,410,425,835
060352704,922,1245,2167
060352705,400,339,739
060352706,765,860,1625
060352707,568,860,1428
060352708,188,201,389
060352709,511,419,930
060352710,519,419,938
060352711,507,1162,1669
060352712,664,695,1359
060352713,417,274,691
060352714,441,687,1128
060352801,660,366,1026
060352802,631,407,1038
060352803,550,330,880
060352804,491,245,736
060352805,546,318,864
060352806,505,401,906
060352807,483,267,750
060352808,550,394,944
060352901,379,250,629
060352902,554,331,885
060352903,586,393,979
060352904,520,280,800
060352905,431,275,706
060352906,485,309,794
060352907,428,298,726
060352908,453,269,722
060352909,351,233,584
060353001,560,438,998
060353002,527,494,1021
060353003,527,351,878
060353004,712,398,1110
060353005,482,289,771
060353006,583,309,892
060353007,613,367,980
060353008,627,369,996
060353009,540,292,832
060353010,477,319,796
060353101,260,154,414
060353102,294,156,450
060353103,438,276,714
060353104,680,228,908
060353105,655,449,1104
060353106,359,173,532
060353107,272,161,433
060353108,432,265,697
060353109,321,242,563
060353201,601,357,958
060353202,478,244,722
060353203,574,322,896
060353204,526,286,812
060353205,405,228,633
060353206,569,300,869
060353207,665,304,969
060353208,490,264,754
060353301,580,319,899
060353302,603,214,817
060353303,703,380,1083
060353304,518,267,785
060353305,309,168,477
060353306,485,281,766
060353307,542,241,783
060353308,477,243,720
060353401,476,240,716
060353402,419,261,680
060353403,363,215,578
060353404,438,212,650
060353405,480,227,707
060353406,625,345,970
060353407,344,224,568
060353408,493,260,753
060353409,418,253,671
060353501,570,446,1016
060353502,541,304,845
060353503,457,306,763
060353504,471,300,771
060353505,863,612,1475
060353506,443,308,751
060353507,398,287,685
060353508,413,281,694
060910101,565,961,1526
060910102,618,980,1598
060910103,378,222,600
060910104,441,198,639
060910105,473,227,700
060910106,449,221,670
060910107,777,404,1181
060910108,585,309,894
060910109,761,534,1295
060910110,528,400,928
060910201,637,526,1163
060910202,623,310,933
060910203,390,168,558
060910204,490,285,775
060910205,414,242,656
060910206,340,197,537
060910207,373,210,583
060910208,668,341,1009
060910209,735,581,1316
060910301,642,335,977
060910302,743,641,1384
060910303,413,197,610
060910304,511,494,1005
060910305,437,287,724
060910306,694,612,1306
060910307,725,536,1261
060910308,383,360,743
060910309,690,415,1105
060910310,657,370,1027
060910311,471,283,754
060910312,288,119,407
060910313,301,167,468
060910401,449,1082,1531
060910402,541,765,1306
060910403,654,889,1543
060910404,665,1074,1739
060910405,722,716,1438
060910406,524,1011,1535
060910407,573,893,1466
060910408,317,359,676
060910409,895,1036,1931
060910410,922,1023,1945
060910411,556,909,1465
060910412,707,596,1303
060910501,827,1046,1873
060910502,699,456,1155
060910503,784,813,1597
060910504,605,204,809
060910505,662,460,1122
060910506,510,258,768
060910507,554,424,978
060910508,383,398,781
060910509,316,248,564
060910510,23,60,83
060910601,634,527,1161
060910602,572,341,913
060910603,457,316,773
060910604,436,345,781
060910605,465,234,699
060910606,548,554,1102
060910607,795,599,1394
060910608,784,947,1731
060910609,600,868,1468
060910610,531,861,1392
060910611,585,566,1151
060910701,642,562,1204
060910702,617,409,1026
060910703,464,287,751
060910704,464,531,995
060910705,475,404,879
060910706,498,464,962
060910707,739,664,1403
060910708,563,784,1347
060910709,543,647,1190
060910710,720,568,1288
060910801,466,285,751
060910802,343,242,585
060910803,392,447,839
060910804,535,537,1072
060910805,448,329,777
060910806,529,436,965
060910807,701,717,1418
060910808,877,667,1544
060910809,686,621,1307
060910810,575,542,1117
060910901,410,190,600
060910902,815,368,1183
060910903,778,490,1268
060910904,775,500,1275
060910905,354,210,564
060910906,613,412,1025
060910907,782,490,1272
060910908,404,237,641
060911001,622,340,962
060911002,372,214,586
060911003,857,522,1379
060911004,459,225,684
060911005,768,520,1288
060911006,834,625,1459
060911007,566,449,1015
060911008,535,364,899
060911009,603,252,855
060911010,982,726,1708
060911011,751,674,1425
060911101,756,521,1277
060911102,845,475,1320
060911103,394,193,587
060911104,369,202,571
060911105,593,314,907
060911106,618,316,934
060911107,695,447,1142
060911108,748,571,1319
060911109,737,542,1279
060911201,664,566,1230
060911202,763,697,1460
060911203,638,538,1176
060911204,645,520,1165
060911205,626,455,1081
060911206,819,810,1629
060911207,449,486,935
060911208,849,808,1657
060911301,621,662,1283
060911302,582,578,1160
060911303,553,564,1117
060911304,615,732,1347
060911305,780,742,1522
060911306,677,531,1208
060911307,497,501,998
060911308,661,501,1162
060911309,855,631,1486
060911310,817,547,1364
060911311,447,453,900
060911312,458,442,900
060911401,864,1010,1874
060911402,690,727,1417
060911403,493,495,988
060911404,548,581,1129
060911405,613,808,1421
060911406,598,719,1317
060911407,797,591,1388
060911408,636,619,1255
060911409,497,377,874
060911410,900,872,1772
060911411,785,721,1506
060911412,535,452,987
060911413,524,504,1028
060911501,484,336,820
060911502,483,384,867
060911503,586,340,926
060911504,824,463,1287
060911505,518,420,938
060911506,545,456,1001
060911507,397,396,793
060911508,575,541,1116
060911509,413,273,686
060911510,559,407,966
060911511,668,745,1413
060911512,406,446,852
060911513,501,279,780
060911601,703,530,1233
060911602,951,448,1399
060911603,464,473,937
060911604,805,589,1394
060911605,811,650,1461
060911606,499,436,935
060911607,352,177,529
060911608,481,357,838
060911609,464,375,839
060911610,530,423,953
060911611,847,912,1759
060911612,518,279,797
060911613,808,642,1450
060911614,618,609,1227
060911701,555,382,937
060911702,771,664,1435
060911703,845,724,1569
060911704,491,381,872
060911705,646,699,1345
060911706,615,611,1226
060911707,675,768,1443
060911708,481,473,954
060911709,655,666,1321
060911710,627,624,1251
060911711,630,607,1237
060911712,667,517,1184
060911713,432,483,915
060911714,821,890,1711
060911801,482,355,837
060911802,466,326,792
060911803,1009,846,1855
060911804,781,554,1335
060911805,728,558,1286
060911806,751,714,1465
060911807,716,668,1384
060911808,649,416,1065
060911809,437,303,740
060911810,436,303,739
060911811,866,703,1569
060911812,775,566,1341
060911901,426,252,678
060911902,1011,462,1473
060911903,727,427,1154
060911904,731,580,1311
060911905,397,255,652
060911906,460,127,587
060911907,522,155,677
060911908,744,442,1186
060911909,489,164,653
060911910,564,413,977
060911911,514,412,926
060911912,827,476,1303
060912001,713,423,1136
060912002,888,380,1268
060912003,338,185,523
060912004,391,316,707
060912005,759,771,1530
060912006,385,330,715
060912007,840,228,1068
060912008,478,133,611
060912009,576,190,766
060912010,622,479,1101
060912011,901,236,1137
060912012,510,280,790
060912013,393,423,816
060912101,540,465,1005
060912102,571,303,874
060912103,438,510,948
060912104,460,252,712
060912105,453,229,682
060912106,441,500,941
060912107,526,743,1269
060912108,394,391,785
060912109,491,257,748
060912110,551,313,864
060912111,616,682,1298
060912112,777,750,1527
060912113,585,550,1135
060912114,533,580,1113
060912115,490,452,942
060912116,578,654,1232
060912117,746,794,1540
060912201,646,574,1220
060912202,687,281,968
060912203,782,431,1213
060912204,904,265,1169
060912205,926,67,993
060912206,780,726,1506
060912207,546,529,1075
060912208,495,366,861
060912209,370,360,730
060912210,822,869,1691
060912211,379,55,434
060912212,344,33,377
060912213,891,56,947
060912214,521,48,569
060912215,663,740,1403
060912216,858,584,1442
060912217,636,67,703
060912301,475,448,923
060912302,532,515,1047
060912303,521,259,780
060912304,709,566,1275
060912305,397,270,667
060912306,675,593,1268
060912307,392,271,663
060912308,439,308,747
060912309,327,260,587
060912310,765,758,1523
060912311,552,610,1162
060912312,344,310,654
060912313,336,246,582
060912314,185,50,235
060912315,249,557,806
060912316,189,131,320
060912317,318,163,481
060912318,93,96,189
060912319,144,102,246
060912401,284,372,656
060912402,360,358,718
060912403,345,658,1003
060912404,493,924,1417
060912405,343,723,1066
060912406,464,384,848
060912407,230,189,419
060912408,206,192,398
060912409,186,115,301
060912410,446,331,777
060912411,587,296,883
060912412,182,391,573
060912413,156,435,591
062600101,673,883,1556
062600102,612,589,1201
062600103,343,656,999
062600104,214,526,740
062600105,234,626,860
062600106,746,1076,1822
062600107,522,683,1205
062600108,717,740,1457
062600109,565,759,1324
062600110,700,833,1533
062600111,261,656,917
062600112,535,946,1481
062600113,305,627,932
062600114,561,675,1236
062600115,491,563,1054
062600116,352,740,1092
062600117,766,796,1562
062600118,301,291,592
062600119,670,755,1425
062600201,808,1248,2056
062600202,863,873,1736
062600203,695,1052,1747
062600204,556,934,1490
062600205,743,1147,1890
062600206,488,747,1235
062600207,390,1097,1487
062600208,129,95,224
062600209,791,806,1597
062600210,634,689,1323
062600211,682,690,1372
062600212,520,821,1341
062600213,510,677,1187
062600214,567,677,1244
062600215,736,744,1480
062600216,644,647,1291
062600301,859,1235,2094
062600302,481,500,981
062600303,492,805,1297
062600304,634,1364,1998
062600305,571,883,1454
062600306,492,569,1061
062600307,665,622,1287
062600308,478,662,1140
062600309,323,463,786
062600310,970,679,1649
062600311,906,836,1742
062600312,935,865,1800
062600313,866,829,1695
062600314,501,428,929
062600315,555,413,968
062600316,781,684,1465
062600317,670,629,1299
062600318,494,697,1191
062600319,582,481,1063
062600401,411,486,897
062600402,687,596,1283
062600403,621,541,1162
062600404,554,555,1109
062600405,596,402,998
062600406,604,519,1123
062600407,512,454,966
062600408,696,440,1136
062600409,564,459,1023
062600410,410,294,704
062600411,447,296,743
062600412,613,443,1056
062600501,519,693,1212
062600502,628,509,1137
062600503,361,449,810
062600504,555,687,1242
062600505,650,697,1347
062600506,684,873,1557
062600507,447,696,1143
062600508,312,255,567
062600509,647,644,1291
062600510,475,502,977
062600511,670,845,1515
062600512,459,657,1116
062600513,643,718,1361
062600514,609,745,1354
062600515,627,589,1216
062600516,479,337,816
062600517,550,316,866
062600601,772,527,1299
062600602,549,340,889
062600603,625,332,957
062600604,734,513,1247
062600605,688,499,1187
062600606,414,242,656
062600607,543,290,833
062600608,502,241,743
062600609,482,242,724
062600610,374,213,587
062600611,475,219,694
062600612,683,271,954
062600613,675,318,993
062600614,626,332,958
062600615,546,297,843
062600616,720,396,1116
062600701,972,427,1399
062600702,746,274,1020
062600703,862,308,1170
062600704,670,238,908
062600705,535,277,812
062600706,595,471,1066
062600707,740,374,1114
062600708,508,285,793
062600709,573,296,869
062600710,845,411,1256
062600711,653,284,937
062600712,605,195,800
062600713,580,215,795
062600801,559,690,1249
062600802,740,771,1511
062600803,489,709,1198
062600804,616,1022,1638
062600805,314,787,1101
062600806,494,708,1202
062600807,469,549,1018
062600808,655,559,1214
062600809,553,550,1103
062600810,412,471,883
062600811,599,808,1407
062600812,748,732,1480
062600813,721,787,1508
062600814,516,468,984
062600901,549,605,1154
062600902,518,606,1124
062600903,847,903,1750
062600904,738,901,1639
062600905,517,655,1172
062600906,190,129,319
062600907,760,633,1393
062600908,849,669,1518
062600909,458,364,822
062600910,601,702,1303
062600911,792,724,1516
062600912,476,654,1130
062600913,763,787,1550
062600914,584,438,1022
062601001,545,629,1174
062601002,482,452,934
062601003,685,438,1123
062601004,596,337,933
062601005,300,84,384
062601006,2465,1008,3473
062601007,603,694,1297
062601008,567,555,1122
062601009,451,376,827
062601010,398,435,833
062601011,484,647,1131
062601012,406,609,1015
062601013,680,861,1541
062601014,407,578,985
062601015,221,250,471
062601101,203,62,265
062601102,308,119,427
062601103,660,251,911
062601104,679,230,909
062601105,593,236,829
062601106,331,175,506
062601107,729,396,1125
062601108,759,273,1032
062601109,809,297,1106
062601110,818,426,1244
062601201,531,231,762
062601202,406,127,533
062601203,300,112,412
062601204,602,228,830
062601205,824,355,1179
062601206,726,306,1032
062601207,376,238,614
062601208,611,271,882
062601209,541,291,832
062601210,419,225,644
062601211,612,289,901
062601212,594,581,1175
062601301,505,235,740
062601302,899,401,1300
062601303,713,275,988
062601304,648,299,947
062601305,833,448,1281
062601306,676,306,982
062601307,724,347,1071
062601308,648,389,1037
062601309,635,403,1038
062601310,388,183,571
062601311,428,168,596
062601312,252,124,376
062601313,412,149,561
062601314,289,115,404
062601401,723,450,1173
062601402,546,343,889
062601403,554,287,841
062601404,452,205,657
062601405,709,414,1123
062601406,818,413,1231
062601407,492,369,861
062601408,818,438,1256
062601409,800,413,1213
062601410,704,556,1260
062601411,675,441,1116
062601412,371,323,694
062601413,496,447,943
062601501,801,830,1631
062601502,663,468,1131
062601503,324,372,696
062601504,409,444,853
062601505,627,579,1206
062601506,601,509,1110
062601507,465,581,1046
062601508,401,630,1031
062601509,587,888,1475
062601510,827,920,1747
062601511,786,886,1672
062601512,496,471,967
062601513,570,617,1187
062601514,397,528,925
062601515,432,692,1124
062601516,645,550,1195
062601517,812,947,1759
062601518,751,859,1610
062601519,574,508,1082
062601601,812,566,1378
062601602,573,503,1076
062601603,643,803,1446
062601604,492,543,1035
062601605,664,587,1251
062601606,622,671,1293
062601607,547,915,1462
062601608,143,326,469
062601609,366,846,1212
062601610,458,585,1043
062601611,335,872,1207
062601612,507,757,1264
062601613,418,687,1105
062601614,647,1035,1682
062601615,648,920,1568
062601616,690,526,1216
062601617,788,619,1407
062601701,348,1108,1456
062601702,17,49,66
062601703,1003,2044,3047
062601704,363,589,952
062601705,131,67,198
062601706,1100,510,1610
062601707,171,28,199
062601708,684,47,731
062601709,241,39,280
062601710,268,34,302
062601711,246,42,288
062601712,341,37,378
062601713,2069,174,2243
062601714,113,53,166
062700101,506,114,620
062700102,403,126,529
062700103,293,92,385
062700104,406,893,1299
062700105,340,107,447
062700106,402,102,504
062700201,883,971,1854
062700202,402,522,924
062700203,471,451,922
062700204,585,401,986
062700205,533,350,883
062700206,831,562,1393
062700207,746,593,1339
062700208,936,879,1815
062700209,747,968,1715
062700210,804,691,1495
062700211,753,824,1577
062700212,667,856,1523
062700213,469,544,1013
062700214,479,486,965
062700215,346,616,962
062700216,643,613,1256
062700217,741,609,1350
062700301,481,316,797
062700302,515,389,904
062700303,867,728,1595
062700304,966,870,1836
062700305,837,719,1556
062700306,717,565,1282
062700307,539,340,879
062700308,781,468,1249
062700309,801,618,1419
062700310,715,607,1322
062700311,664,414,1078
062700312,824,504,1328
062700313,551,275,826
062700314,496,341,837
062700315,410,265,675
062700316,502,265,767
062700401,301,248,549
062700402,507,334,841
062700403,735,248,983
062700404,782,449,1231
062700405,709,646,1355
062700406,950,673,1623
062700407,641,363,1004
062700408,317,164,481
062700409,744,415,1159
062700410,694,477,1171
062700411,903,769,1672
062700412,704,466,1170
062700413,732,460,1192
062700414,606,608,1214
062700501,564,331,895
062700502,478,263,741
062700503,596,410,1006
062700504,792,980,1772
062700505,669,742,1411
062700506,661,729,1390
062700507,698,517,1215
062700508,815,712,1527
062700509,17,22,39
062700510,732,734,1466
062700511,373,334,707
062700512,450,260,710
062700601,459,492,951
062700602,415,114,529
062700603,212,81,293
062700604,353,101,454
062700605,534,620,1154
062700606,521,903,1424
062700607,614,775,1389
062700608,559,834,1393
062700609,510,661,1171
062700610,607,1430,2037
062700611,482,931,1413
062700612,280,98,378
062700613,248,79,327
062700614,371,436,807
062700615,306,385,691
062700616,419,827,1246
062700617,466,1233,1699
062700701,356,582,938
062700702,319,450,769
062700703,580,556,1136
062700704,339,254,593
062700705,545,632,1177
062700706,420,541,961
062700707,793,586,1379
062700708,453,229,682
062700709,368,266,634
062700710,399,288,687
062700711,730,608,1338
062700712,709,1045,1754
062700713,438,576,1014
062700714,586,533,1119
062700715,527,411,938
062700716,392,848,1240
062700717,534,847,1381
062700718,717,1034,1751
062700719,432,1062,1494
062700801,109,110,219
062700802,97,23,120
062700803,143,78,221
062700804,20,36,56
062700805,94,47,141
062700806,61,30,91
062700807,131,77,208
062700808,710,553,1263
062700809,488,481,969
062700810,437,496,933
062700811,774,295,1069
062700812,40,28,68
062700813,136,37,173
062700814,183,185,368
062700815,146,379,525
062700816,300,371,671
062700817,54,71,125
062700901,854,1552,2406
062700902,518,899,1417
062700903,439,632,1071
062700904,500,378,878
062700905,463,604,1067
062700906,553,748,1301
062700907,391,331,722
062700908,392,326,718
062700909,617,939,1556
062700910,619,664,1283
062700911,378,400,778
062700912,419,491,910
062700913,447,560,1007
062701001,782,382,1164
062701002,842,1321,2163
062701003,1020,1258,2278
062701004,957,699,1656
062701005,632,683,1315
062701006,658,671,1329
062701007,588,803,1391
062701008,512,787,1299
062701009,479,838,1317
062701010,477,771,1248
062701101,920,420,1340
062701102,13,19,32
062701103,20,43,63
062701104,215,125,340
062701105,12,22,34
062740101,758,416,1174
062740102,660,344,1004
062740103,397,250,647
062740104,381,243,624
062740105,862,682,1544
062740106,541,366,907
062740107,500,283,783
062740108,275,218,493
062740109,540,330,870
062740110,535,303,838
062740111,422,465,887
062740112,463,382,845
062740113,873,723,1596
062740114,451,385,836
062740115,962,794,1756
062740201,710,507,1217
062740202,725,541,1266
062740203,789,606,1395
062740204,529,315,844
062740205,680,374,1054
062740206,777,784,1561
062740207,564,454,1018
062740208,484,536,1020
062740209,482,418,900
062740210,580,565,1145
062740211,736,822,1558
062740212,552,553,1105
062740213,642,457,1099
062740214,725,500,1225
062740215,688,528,1216
062740301,689,562,1251
062740302,492,437,929
062740303,499,291,790
062740304,879,790,1669
062740305,665,753,1418
062740306,389,329,718
062740307,782,739,1521
062740308,512,519,1031
062740309,468,490,958
062740310,677,598,1275
062740311,661,490,1151
062740312,762,790,1552
062740313,625,774,1399
062740314,617,685,1302
062740315,404,532,936
062740316,506,520,1026
062740401,618,623,1241
062740402,687,735,1422
062740403,580,766,1346
062740404,517,825,1342
062740405,517,540,1057
062740406,530,504,1034
062740407,548,406,954
062740408,465,337,802
062740409,767,730,1497
062740410,585,612,1197
062740411,454,584,1038
062740412,540,1252,1792
062740413,507,699,1206
062740414,417,771,1188
062740415,513,782,1295
062740416,442,682,1124
062740417,426,681,1107
062740501,443,391,834
062740502,417,473,890
062740503,474,455,929
062740504,511,643,1154
062740505,421,482,903
062740506,311,510,821
062740507,420,792,1212
062740508,752,516,1268
062740509,486,440,926
062740510,500,528,1028
062740511,656,517,1173
062740512,627,563,1190
062740513,498,561,1059
062740514,560,803,1363
062740515,627,686,1313
062740516,454,584,1038
062740601,638,756,1394
062740602,513,459,972
062740603,448,587,1035
062740604,575,386,961
062740605,759,574,1333
062740606,717,663,1380
062740607,454,468,922
062740608,421,450,871
062740609,470,431,901
062740610,516,347,863
062740611,481,451,932
062740612,469,478,947
062740613,420,466,886
062740614,370,579,949
062740615,643,782,1425
062740616,282,551,833
062740617,524,567,1091
062740618,394,575,969
062740619,308,458,766
062740620,568,928,1496
062740701,350,234,584
062740702,443,404,847
062740703,467,647,1114
062740704,350,715,1065
062740705,464,612,1076
062740706,607,789,1396
062740707,594,753,1347
062740708,552,921,1473
062740709,596,632,1228
062740710,477,650,1127
062740711,343,494,837
062740712,436,573,1009
062740713,480,844,1324
062740801,358,288,646
062740802,518,356,874
062740803,455,290,745
062740804,483,415,898
062740805,466,317,783
062740806,366,277,643
062740807,728,577,1305
062740808,378,472,850
062740809,230,671,901
062740810,245,972,1217
062740811,278,640,918
062740812,234,706,940
062740813,398,1143,1541
062740814,589,592,1181
062740815,561,581,1142
062740816,512,463,975
062740817,348,569,917
062740818,467,640,1107
062740819,398,733,1131
062740820,478,803,1281
062740901,313,857,1170
062740902,330,777,1107
062740903,328,824,1152
062740904,441,642,1083
062740905,338,609,947
062740906,496,967,1463
062740907,315,525,840
062740908,290,448,738
062740909,352,322,674
062740910,703,414,1117
062740911,301,534,835
062740912,290,552,842
062740913,322,610,932
062740914,261,700,961
062740915,650,833,1483
062740916,366,481,847
062740917,432,644,1076
062740918,420,585,1005
062740919,370,892,1262
062740920,422,860,1282
062740921,528,704,1232
062740922,403,604,1007
062741001,332,851,1183
062741002,336,690,1026
062741003,680,787,1467
062741004,495,524,1019
062741005,414,425,839
062741006,383,542,925
062741007,473,839,1312
062741008,563,763,1326
062741009,397,635,1032
062741010,370,641,1011
062741011,301,423,724
062741012,298,781,1079
062741013,161,390,551
062741014,237,661,898
062741015,240,756,996
062741101,441,485,926
062741102,608,511,1119
062741103,610,476,1086
062741104,523,527,1050
062741105,752,754,1506
062741106,1075,1007,2082
062741107,526,636,1162
062741108,588,529,1117
062741109,897,997,1894
062741110,950,962,1912
062741111,473,480,953
062741112,397,675,1072
062741113,450,631,1081
062741114,481,605,1086
062741115,532,588,1120
062741116,451,589,1040
062741117,543,883,1426
062741118,463,547,1010
062741201,835,557,1392
062741202,516,322,838
062741203,625,358,983
062741204,354,174,528
062741205,432,180,612
062741206,382,287,669
062741207,468,318,786
062741208,876,643,1519
062741209,661,753,1414
062741210,662,408,1070
062741211,699,596,1295
062741212,702,774,1476
062741213,325,501,826
062741214,403,422,825
062741215,738,580,1318
062741216,731,450,1181
062741217,586,566,1152
062741301,724,542,1266
062741302,369,248,617
062741303,432,290,722
062741304,440,343,783
062741305,455,385,840
062741306,597,751,1348
062741307,515,384,899
062741308,426,385,811
062741309,528,521,1049
062741310,466,313,779
062741311,504,342,846
062741312,754,438,1192
062741313,328,179,507
062741314,381,151,532
062741315,358,214,572
062741316,493,299,792
062741317,875,508,1383
062741401,768,490,1258
062741402,619,328,947
062741403,334,193,527
062741404,509,272,781
062741405,693,317,1010
062741406,350,143,493
062741407,440,152,592
062741408,598,269,867
062741409,634,383,1017
062741410,526,255,781
062741411,683,317,1000
062741501,474,787,1261
062741502,415,748,1163
062741503,445,499,944
062741504,718,787,1505
062741505,392,330,722
062741506,416,321,737
062741507,498,548,1046
062741508,464,537,1001
062741509,425,470,895
062741510,718,787,1505
062741511,381,461,842
062741512,431,460,891
062741513,468,589,1057
062741514,474,422,896
062741515,414,380,794
062741516,586,544,1130
062741517,622,754,1376
062741518,794,587,1381
062741601,389,1027,1416
062741602,619,953,1572
062741603,533,900,1433
062741604,777,1083,1860
062741605,425,427,852
062741606,609,504,1113
062741607,489,499,988
062741608,489,497,986
062741609,363,464,827
062741610,444,710,1154
062741611,371,446,817
062741612,470,538,1008
062741613,700,647,1347
062741614,442,619,1061
062741701,419,274,693
062741702,510,283,793
062741703,485,502,987
062741704,595,526,1121
062741705,423,589,1012
062741706,482,661,1143
062741707,473,321,794
062741708,437,271,708
062741709,634,435,1069
062741710,546,627,1173
062741711,436,352,788
062741712,424,467,891
062741713,663,483,1146
062741714,736,507,1243
062741801,740,924,1664
062741802,364,697,1061
062741803,474,512,986
062741804,406,540,946
062741805,350,653,1003
062741806,708,985,1693
062741807,674,885,1559
062741808,358,674,1032
062741809,399,821,1220
062741810,390,895,1285
062741811,362,1118,1480
062741812,183,515,698
062741813,372,752,1124
062741814,372,563,935
062741815,354,425,779
062741816,552,929,1481
062741817,659,673,1332
062741818,769,922,1691
062741901,531,545,1076
062741902,569,902,1471
062741903,443,714,1157
062741904,609,876,1485
062741905,610,1261,1871
062741906,530,934,1464
062741907,620,1032,1652
062741908,314,540,854
062741909,365,484,849
062741910,802,886,1688
062741911,673,1076,1749
062741912,526,963,1489
062741913,353,648,1001
062742001,606,1081,1687
062742002,686,812,1498
062742003,581,641,1222
062742004,897,1440,2337
062742005,691,1037,1728
062742006,592,910,1502
062742007,782,1244,2026
062742008,399,739,1138
062742009,433,637,1070
062742010,453,627,1080
062742011,516,640,1156
062742012,638,671,1309
062742013,571,938,1509
062742014,57,172,229
062742015,11,33,44
062742016,290,820,1110
062742101,354,288,642
062742102,393,314,707
062742103,628,811,1439
062742104,459,780,1239
062742105,585,977,1562
062742106,634,1320,1954
062742107,706,1165,1871
062742108,705,1142,1847
062742109,387,641,1028
062742110,419,497,916
062742111,426,487,913
062742112,247,586,833
062742113,695,674,1369
062742114,494,600,1094
062742115,651,846,1497
062742116,356,523,879
062742117,632,777,1409
062742118,634,661,1295
062742119,484,690,1174
062742120,413,371,784
062742121,332,427,759
062742122,474,485,959
062742123,533,551,1084
062742201,238,636,874
062742202,326,639,965
062742203,663,926,1589
062742204,435,516,951
062742205,409,521,930
062742206,414,780,1194
062742207,106,45,151
062742208,108,216,324
062742209,166,342,508
062742210,372,800,1172
062742211,432,984,1416
062742212,241,581,822
063710101,684,553,1237
063710102,453,460,913
063710103,658,793,1451
063710104,450,333,783
063710105,268,400,668
063710106,260,346,606
063710107,126,246,372
063710108,140,312,452
063710109,590,644,1234
063710110,494,1198,1692
063710111,25,46,71
063710201,732,586,1318
063710202,760,538,1298
063710203,736,437,1173
063710204,762,580,1342
063710205,1003,811,1814
063710206,577,462,1039
063710207,453,319,772
063710208,497,351,848
063710209,679,469,1148
063710210,727,499,1226
063710211,468,354,822
063710212,456,303,759
063710301,756,440,1196
063710302,485,306,791
063710303,344,168,512
063710304,927,524,1451
063710305,659,339,998
063710306,618,402,1020
063710307,560,401,961
063710308,720,521,1241
063710309,670,424,1094
063710310,467,347,814
063710311,679,449,1128
063710312,243,170,413
063710313,365,307,672
063710314,357,288,645
063710315,548,436,984
063710401,842,486,1328
063710402,660,391,1051
063710403,467,282,749
063710404,388,215,603
063710405,635,368,1003
063710406,777,460,1237
063710407,657,375,1032
063710408,360,177,537
063710501,562,326,888
063710502,636,345,981
063710503,339,147,486
063710504,414,252,666
063710505,487,225,712
063710506,741,341,1082
063710507,491,269,760
063710508,363,254,617
063710509,713,426,1139
063710510,695,466,1161
063710601,432,236,668
063710602,434,308,742
063710603,522,401,923
063710604,342,333,675
063710605,438,332,770
063710606,547,332,879
063710607,473,439,912
063710608,437,361,798
063710609,586,808,1394
063710610,709,757,1466
063710611,635,900,1535
063710612,549,334,883
063710701,516,385,901
063710702,966,704,1670
063710703,587,590,1177
063710704,593,687,1280
063710705,486,536,1022
063710706,788,683,1471
063710707,774,908,1682
063710708,350,340,690
063710709,667,452,1119
063710710,400,214,614
063710711,408,273,681
063710712,590,330,920
063710713,503,278,781
063710801,680,713,1393
063710802,703,410,1113
063710803,566,320,886
063710804,619,314,933
063710805,531,294,825
063710806,624,620,1244
063710807,498,259,757
063710808,683,324,1007
063710809,686,347,1033
063710810,627,302,929
063710811,534,348,882
063710812,633,374,1007
063710901,782,367,1149
063710902,707,395,1102
063710903,535,240,775
063710904,447,201,648
063710905,627,267,894
063710906,918,464,1382
063710907,576,386,962
063710908,718,341,1059
063710909,698,428,1126
063710910,645,397,1042
063710911,301,186,487
063710912,450,211,661
063710913,448,255,703
063710914,649,335,984
063710915,368,200,568
063710916,394,209,603
063710917,598,390,988
063711001,559,258,817
063711002,749,306,1055
063711003,673,289,962
063711004,390,150,540
063711005,475,176,651
063711006,743,336,1079
063711007,798,397,1195
063711008,567,218,785
063711009,595,236,831
063711010,718,230,948
063711011,567,240,807
063711012,163,184,347
063711013,754,538,1292
063711014,555,254,809
063711015,634,267,901
063711016,421,129,550
063711101,528,165,693
063711102,396,124,520
063711103,523,148,671
063711104,530,155,685
063711105,418,132,550
063711106,367,140,507
063711107,693,245,938
063711108,419,111,530
063711109,357,117,474
063711110,757,353,1110
063711201,681,354,1035
063711202,580,208,788
063711203,420,141,561
063711204,809,244,1053
063711205,382,130,512
063711206,382,112,494
063711207,577,228,805
063711208,866,302,1168
063711209,501,151,652
063711210,497,127,624
063711301,593,378,971
063711302,623,311,934
063711303,864,317,1181
063711304,740,227,967
063711305,657,281,938
063711306,711,375,1086
063711307,677,435,1112
063711308,560,307,867
063711309,770,436,1206
063711310,820,332,1152
063711311,673,224,897
063711312,850,220,1070
063711401,511,658,1169
063711402,523,301,824
063711403,337,246,583
063711404,310,607,917
063711405,327,385,712
063711406,436,930,1366
063711407,235,561,796
063711408,292,634,926
063711409,351,525,876
063711410,362,481,843
063711411,510,355,865
063711412,552,275,827
063711413,473,250,723
063711414,291,805,1096
063711501,92,197,289
063711502,360,555,915
063711503,552,883,1435
063711504,315,250,565
063711505,826,1537,2363
063711506,276,1152,1428
063711507,165,594,759
063711508,187,508,695
063711509,214,411,625
063711510,133,282,415
063711511,599,644,1243
063711512,494,503,997
063711513,389,442,831
063711514,360,562,922
063711601,324,571,895
063711602,258,457,715
063711603,269,404,673
063711604,552,691,1243
063711605,201,179,380
063711606,377,254,631
063711607,408,292,700
063711608,653,387,1040
063711609,637,415,1052
063711610,481,334,815
063711611,505,437,942
063711612,103,191,294
063711613,658,392,1050
063711614,486,362,848
063711701,704,334,1038
063711702,632,291,923
063711703,614,285,899
063711704,656,283,939
063711705,529,224,753
063711706,606,274,880
063711707,558,270,828
063711708,526,300,826
063711709,556,317,873
063711710,768,493,1261
063711711,618,359,977
063711712,532,227,759
063711713,705,386,1091
063711714,583,402,985
063711801,756,345,1101
063711802,426,179,605
063711803,628,271,899
063711804,668,308,976
063711805,721,233,954
063711806,705,330,1035
063711807,729,359,1088
063711808,510,329,839
063711809,459,316,775
063711810,458,227,685
063711811,785,406,1191
063711812,442,254,696
063711813,866,496,1362
063711814,810,560,1370
063711815,770,591,1361
063711901,367,126,493
063711902,529,124,653
063711903,607,147,754
063711904,635,193,828
063711905,688,215,903
063711906,546,231,777
063711907,704,294,998
063711908,639,260,899
063711909,724,259,983
063712001,686,300,986
063712002,741,356,1097
063712003,554,299,853
063712004,726,365,1091
063712005,490,286,776
063712006,700,301,1001
063712007,764,399,1163
063712008,471,157,628
063712101,664,229,893
063712102,807,253,1060
063712103,420,141,561
063712104,336,119,455
063712105,866,339,1205
063712106,268,100,368
063712107,595,247,842
063712108,784,307,1091
063712109,600,205,805
063712110,689,224,913
063712111,703,311,1014
063712112,448,166,614
063712113,549,230,779
063712114,556,262,818
063712115,654,288,942
063712201,558,271,829
063712202,519,187,706
063712203,499,304,803
063712204,591,192,783
063712205,385,170,555
063712206,293,140,433
063712207,524,386,910
063712208,378,154,532
063712209,269,137,406
063712210,318,115,433
063712211,195,74,269
063712212,329,124,453
063712213,407,133,540
063712214,385,151,536
063712301,469,225,694
063712302,770,432,1202
063712303,237,95,332
063712304,405,135,540
063712305,372,110,482
063712306,482,190,672
063712307,473,209,682
063712308,594,254,848
063712309,419,141,560
063712310,292,139,431
063712311,501,203,704
063712312,462,168,630
063712313,500,160,660
063712314,591,276,867
063712315,825,410,1235
063712316,736,460,1196
063712317,499,271,770
063712401,594,472,1066
063712402,435,238,673
063712403,695,434,1129
063712404,296,191,487
063712405,316,281,597
063712406,387,203,590
063712407,371,247,618
063712408,366,219,585
063712501,494,283,777
063712502,515,259,774
063712503,316,196,512
063712504,552,288,840
063712505,642,340,982
063712506,609,286,895
063712507,556,346,902
063712508,559,241,800
063712601,607,421,1028
063712602,436,223,659
063712603,546,333,879
063712604,575,352,927
063712605,406,205,611
063712606,549,398,947
063712607,450,248,698
063712608,460,262,722
063712701,428,234,662
063712702,567,410,977
063712703,894,779,1673
063712704,658,404,1062
063712705,567,303,870
063712706,301,209,510
063712707,314,213,527
063712708,415,200,615
063712801,310,308,618
063712802,64,55,119
063712803,51,35,86
063712804,192,112,304
063712805,112,75,187
063712806,455,494,949
063712807,158,90,248
063712808,554,330,884
063712901,557,195,752
063712902,361,117,478
063712903,362,185,547
063712904,555,317,872
063712905,750,403,1153
063712906,356,160,516
063712907,944,497,1441
063712908,1142,675,1817
063712909,626,288,914
063713001,447,381,828
063713002,659,523,1182
063713003,564,484,1048
063713004,402,328,730
063713005,483,326,809
063713006,516,349,865
063713007,352,241,593
063713008,436,225,661
063713009,467,337,804
063713010,217,257,474
063713011,469,365,834
063713101,584,380,964
063713102,393,232,625
063713103,702,466,1168
063713104,264,199,463
063713105,491,360,851
063713106,801,464,1265
063713107,535,290,825
063713108,506,362,868
063713201,213,22,235
063713202,832,555,1387
063713203,758,490,1248
063713204,714,486,1200
063713205,640,469,1109
063713206,537,407,944
063713207,556,317,873
063713208,742,693,1435
063713209,388,292,680
063713210,798,575,1373
063713211,746,573,1319
063713212,655,495,1150
063713213,592,558,1150
063713214,819,702,1521
063713215,482,392,874
063713301,411,494,905
063713302,658,852,1510
063713303,802,522,1324
063713304,545,387,932
063713305,743,490,1233
063713306,731,551,1282
063713307,574,425,999
063713308,434,324,758
063713309,662,382,1044
063713310,301,185,486
063713401,463,278,741
063713402,663,486,1149
063713403,248,189,437
063713404,425,257,682
063713405,677,841,1518
063713406,518,330,848
063713407,605,389,994
063713408,611,375,986
063713409,451,225,676
063713501,700,461,1161
063713502,395,277,672
063713503,456,356,812
063713504,413,321,734
063713505,451,318,769
063713506,611,491,1102
063713507,75,65,140
063713508,125,97,222
063713509,67,93,160
063713510,458,478,936
063713511,814,686,1500
063713512,643,436,1079
063713513,604,427,1031
063713514,396,328,724
063713601,961,1255,2216
063713602,553,590,1143
063713603,883,650,1533
063713604,878,885,1763
063713605,530,425,955
063713606,572,454,1026
063713607,726,638,1364
063713608,593,407,1000
063713609,868,678,1546
063713610,607,428,1035
063713611,727,432,1159
063713701,329,618,947
063713702,360,880,1240
063713703,268,455,723
063713704,182,286,468
063713705,232,424,656
063713706,339,429,768
063713707,729,789,1518
063713708,776,1358,2134
063713709,791,896,1687
063713710,536,993,1529
063713711,654,970,1624
063713712,461,794,1255
063713713,856,649,1505
063713714,669,589,1258
063713715,676,640,1316
063713716,840,702,1542
064080101,656,408,1064
064080102,602,177,779
064080103,656,388,1044
064080104,755,311,1066
064080105,678,530,1208
064080106,418,171,589
064080107,809,350,1159
064080108,755,577,1332
064080109,873,512,1385
064080110,466,239,705
064080111,1045,657,1702
064080112,801,474,1275
064080113,774,499,1273
064080114,67,45,112
064080115,204,90,294
064080116,477,91,568
064080117,598,251,849
064080201,615,445,1060
064080202,648,487,1135
064080203,739,410,1149
064080204,707,511,1218
064080205,441,230,671
064080206,589,279,868
064080207,764,456,1220
064080208,821,715,1536
064080209,867,667,1534
064080210,845,529,1374
064080211,617,368,985
064080301,116,257,373
064080302,134,182,316
064080303,695,610,1305
064080304,520,450,970
064080305,505,401,906
064080306,680,408,1088
064080307,846,852,1698
064080308,952,1214,2166
064080309,599,376,975
064080310,418,312,730
064080401,707,696,1403
064080402,950,1239,2189
064080403,464,467,931
064080404,782,982,1764
064080405,569,613,1182
064080406,497,452,949
064080407,649,733,1382
064080408,1050,874,1924
064080409,746,562,1308
064080410,1087,722,1809
064080411,525,544,1069
064080412,685,495,1180
064080501,408,456,864
064080502,472,619,1091
064080503,560,591,1151
064080504,561,509,1070
064080505,246,218,464
064080506,384,413,797
064080507,477,426,903
064080508,488,433,921
064080509,537,488,1025
064080510,466,313,779
064080511,576,226,802
064080512,432,306,738
064080601,906,296,1202
064080602,409,115,524
064080603,740,243,983
064080604,618,171,789
064080605,805,239,1044
064080606,215,85,300
064080607,745,249,994
064080608,594,218,812
064080609,669,273,942
064080701,691,271,962
064080702,457,434,891
064080703,396,471,867
064080704,725,487,1212
064080705,688,298,986
064080706,644,221,865
064080707,201,65,266
064080708,639,294,933
064080709,397,248,645
064080710,466,335,801
064080801,535,547,1082
064080802,504,576,1080
064080803,395,261,656
064080804,347,234,581
064080805,404,293,697
064080806,468,492,960
064080807,524,308,832
064080808,565,309,874
064080809,445,296,741
064080810,575,414,989
064080811,664,479,1143
064080812,383,306,689
064080813,428,438,866
064080814,787,663,1450
064080901,718,369,1087
064080902,460,249,709
064080903,498,346,844
064080904,438,272,710
064080905,598,356,954
064080906,609,374,983
064080907,839,536,1375
064080908,710,411,1121
064081001,663,300,963
064081002,533,393,926
064081003,824,499,1323
064081004,697,377,1074
064081005,740,587,1327
064081006,580,394,974
064081007,725,550,1275
064081008,430,295,725
064081101,495,412,907
064081102,619,427,1046
064081103,589,314,903
064081104,617,414,1031
064081105,854,717,1571
064081106,729,272,1001
064081107,122,122,244
064081108,667,536,1203
064081109,132,141,273
064081110,322,329,651
064081111,128,113,241
064081201,1643,1134,2777
064081202,504,422,926
064081203,523,573,1096
064081204,715,539,1254
064081205,960,654,1614
064081206,1137,933,2070
064081207,702,511,1213
064081208,885,643,1528
064081209,646,280,926
064081301,800,602,1402
064081302,524,536,1060
064081303,529,594,1123
064081304,477,475,952
064081305,440,349,789
064081306,723,539,1262
064081307,620,535,1155
064081308,486,559,1045
064081309,513,527,1040
064081310,637,656,1293
064081311,711,511,1222
064081312,681,411,1092
064081313,481,280,761
064081401,692,454,1146
064081402,658,508,1166
064081403,678,565,1243
064081404,794,563,1357
064081405,354,220,574
064081406,447,309,756
064081407,454,277,731
064081408,424,314,738
064081409,430,373,803
064081410,455,391,846
064081411,614,319,933
064081412,629,287,916
064081413,613,335,948
064081501,774,398,1172
064081502,807,589,1396
064081503,97,71,168
064081504,655,488,1143
064081505,982,420,1402
064081506,173,89,262
064081507,710,147,857
064081508,439,290,729
064081509,568,431,999
064081510,382,224,606
064081511,438,318,756
064081512,203,199,402
064081513,588,389,977
064100101,650,669,1319
064100102,676,664,1340
064100103,620,685,1305
064100104,840,626,1466
064100105,512,311,823
064100106,581,115,696
064100107,590,136,726
064100108,1012,346,1358
064100109,606,246,852
064100110,903,279,1182
064100111,1604,1090,2694
064100112,795,314,1109
064100113,478,73,551
064100201,699,191,890
064100202,632,290,922
064100203,586,131,717
064100204,147,44,191
064100205,769,555,1324
064100206,148,153,301
064100207,488,269,757
064100208,826,561,1387
064100209,690,347,1037
064100210,604,250,854
064100301,784,447,1231
064100302,632,446,1078
064100303,575,199,774
064100304,614,534,1148
064100305,680,513,1193
064100306,512,415,927
064100307,505,440,945
064100308,581,336,917
064100309,871,629,1500
064100310,648,394,1042
064100311,498,325,823
064100312,395,90,485
064100401,819,427,1246
064100402,685,412,1097
064100403,716,503,1219
064100404,499,285,784
064100405,461,263,724
064100406,771,336,1107
064100407,490,295,785
064100408,518,371,889
064100409,887,748,1635
064100410,462,329,791
064100411,427,304,731
064100412,791,486,1277
064100413,556,400,956
064100414,750,509,1259
064100415,153,131,284
064100416,437,93,530
064100501,457,338,795
064100502,580,402,982
064100503,772,533,1305
064100504,472,350,822
064100505,518,496,1014
064100506,399,345,744
064100507,355,321,676
064100508,667,530,1197
064100509,650,472,1122
064100510,707,551,1258
064100511,485,482,967
064100512,581,551,1132
064100513,670,572,1242
064100514,540,446,986
064100515,1005,906,1911
064100601,577,668,1245
064100602,616,563,1179
064100603,710,448,1158
064100604,656,353,1009
064100605,710,238,948
064100606,656,218,874
064100607,755,244,999
064100608,856,419,1275
064100609,539,263,802
064100610,514,371,885
064100611,342,350,692
064100612,860,564,1424
064100613,828,471,1299
064100614,768,319,1087
064100615,640,290,930
064100701,446,193,639
064100702,380,158,538
064100703,639,217,856
064100704,815,439,1254
064100705,744,376,1120
064100706,465,310,775
064100707,890,542,1432
064100708,591,368,959
064100709,599,311,910
064100710,700,505,1205
064100711,647,291,938
064100712,557,324,881
064100713,817,393,1210
064100714,574,455,1029
064100715,473,400,873
064100716,913,534,1447
064100801,399,257,656
064100802,500,261,761
064100803,732,448,1180
064100804,501,301,802
064100805,536,382,918
064100806,857,486,1343
064100807,793,340,1133
064100808,687,238,925
064100809,894,504,1398
064100901,823,343,1166
064100902,510,241,751
064100903,858,430,1288
064100904,858,243,1101
064100905,896,317,1213
064100906,611,299,910
064100907,574,265,839
064100908,558,209,767
064100909,581,204,785
064101001,861,338,1199
064101002,838,400,1238
064101003,749,312,1061
064101004,847,305,1152
064101005,651,247,898
064101006,626,251,877
064101007,864,534,1398
064101008,603,318,921
064101009,643,391,1034
064101010,686,319,1005
064101101,720,242,962
064101102,708,239,947
064101103,627,170,797
064101104,610,208,818
064101105,390,134,524
064101106,391,155,546
064101107,635,206,841
064101108,645,202,847
064101109,728,315,1043
064101110,711,255,966
064101111,640,253,893
064101201,642,245,887
064101202,672,273,945
064101203,421,153,574
064101204,473,195,668
064101205,526,233,759
064101206,486,290,776
064101207,474,243,717
064101208,363,136,499
064101209,482,197,679
064101210,465,205,670
064101211,531,318,849
064101212,532,392,924
064101213,816,584,1400
064101301,851,355,1206
064101302,531,218,749
064101303,408,271,679
064101304,448,218,666
064101305,477,280,757
064101306,871,521,1392
064101307,917,605,1522
064101308,524,340,864
064101309,536,292,828
064101310,471,277,748
064101311,553,404,957
064120101,456,224,680
064120102,439,96,535
064120103,199,18,217
064120104,258,308,566
064120105,317,54,371
064120106,679,303,982
064120107,158,155,313
064120108,274,165,439
064120109,701,432,1133
064120110,696,648,1344
064120111,357,372,729
064120112,447,751,1198
064120113,413,755,1168
064120114,480,690,1170
064120115,470,580,1050
064120116,679,1020,1699
064120117,619,1083,1702
064120118,643,1094,1737
064120201,260,171,431
064120202,660,451,1111
064120203,588,561,1149
064120204,646,801,1447
064120205,719,683,1402
064120206,484,455,939
064120207,646,522,1168
064120208,709,507,1216
064120209,693,673,1366
064120210,638,382,1020
064120211,551,390,941
064120301,707,603,1310
064120302,780,760,1540
064120303,809,591,1400
064120304,721,606,1327
064120305,806,492,1298
064120306,549,366,915
064120307,843,476,1319
064120308,614,406,1020
064120309,566,351,917
064120310,740,343,1083
064120311,622,351,973
064120312,323,136,459
064120313,389,235,624
064120401,761,566,1327
064120402,614,577,1191
064120403,681,773,1454
064120404,905,680,1585
064120405,442,439,881
064120406,450,502,952
064120407,484,632,1116
064120408,361,310,671
064120409,367,309,676
064120410,639,625,1264
064120411,629,610,1239
064120412,835,751,1586
064120501,476,246,722
064120502,605,409,1014
064120503,690,383,1073
064120504,469,266,735
064120505,365,261,626
064120506,427,224,651
064120507,652,413,1065
064120508,678,487,1165
064120509,682,754,1436
064120510,774,611,1385
064120511,618,471,1089
064120512,572,414,986
064120513,757,500,1257
064120514,539,368,907
064120601,300,157,457
064120602,498,346,844
064120603,512,305,817
064120604,476,242,718
064120605,452,277,729
064120606,699,466,1165
064120607,662,639,1301
064120608,779,766,1545
064120609,512,457,969
064120610,472,421,893
064120611,781,725,1506
064120612,682,494,1176
064120613,541,512,1053
064120701,575,790,1365
064120702,576,830,1406
064120703,603,851,1454
064120704,421,590,1011
064120705,446,479,925
064120706,413,448,861
064120707,377,420,797
064120708,537,444,981
064120709,368,252,620
064120710,711,657,1368
064120711,626,705,1331
064120712,617,654,1271
064120713,611,694,1305
064120714,510,542,1052
064120715,346,574,920
064120716,431,547,978
064120717,431,554,985
064120801,743,773,1516
064120802,712,584,1296
064120803,442,282,724
064120804,492,336,828
064120805,432,362,794
064120806,554,635,1189
064120807,469,579,1048
064120808,395,537,932
064120809,495,645,1140
064120810,506,649,1155
064120811,398,632,1030
064120812,385,630,1015
064120813,466,939,1405
064120814,425,814,1239
064120815,457,584,1041
064120901,181,651,832
064120902,331,696,1027
064120903,536,834,1370
064120904,508,868,1376
064120905,582,764,1346
064120906,150,115,265
064120907,219,275,494
064120908,574,818,1392
064120909,523,822,1345
064120910,511,861,1372
064120911,516,1018,1534
064120912,291,607,898
064120913,276,661,937
064120914,579,1019,1598
064120915,448,919,1367
064120916,290,533,823
064120917,279,506,785
064120918,533,942,1475
064121001,494,928,1422
064121002,446,870,1316
064121003,509,977,1486
064121004,500,1134,1634
064121005,435,935,1370
064121006,471,757,1228
064121007,463,690,1153
064121008,602,791,1393
064121009,473,491,964
064121010,347,758,1105
064121011,403,762,1165
064121012,344,520,864
064121013,317,614,931
064121014,474,985,1459
064121015,397,735,1132
064121016,449,918,1367
064121017,743,1146,1889
064121018,527,822,1349
064121019,556,1051,1607
064121020,423,1071,1494
064121021,338,916,1254
064121101,438,968,1406
064121102,337,801,1138
064121103,647,1070,1717
064121104,282,654,936
064121105,570,921,1491
064121106,535,716,1251
064121107,406,617,1023
064121108,366,628,994
064121109,344,686,1030
064121110,277,547,824
064121111,432,618,1050
064121112,342,526,868
064121113,433,489,922
064121114,364,518,882
064121115,500,757,1257
064121116,359,710,1069
064121117,267,522,789
064121118,534,740,1274
064121119,613,921,1534
064121120,754,1071,1825
064121201,467,684,1151
064121202,516,750,1266
064121203,568,853,1421
064121204,609,969,1578
064121205,733,944,1677
064121206,497,787,1284
064121207,599,1034,1633
064121208,534,836,1370
064121209,522,942,1464
064121301,564,698,1262
064121302,593,770,1363
064121303,294,503,797
064121304,380,537,917
064121305,522,1199,1721
064121306,531,1091,1622
064121307,360,837,1197
064121308,589,927,1516
064121309,417,555,972
064121310,329,472,801
064121311,498,621,1119
064121312,500,1011,1511
064121401,425,391,816
064121402,463,641,1104
064121403,798,908,1706
064121404,418,573,991
064121405,562,541,1103
064121406,694,669,1363
064121407,680,722,1402
064121408,630,867,1497
064121409,425,717,1142
064121410,460,755,1215
064121411,559,775,1334
064121412,601,861,1462
064121413,413,641,1054
064121501,529,350,879
064121502,909,609,1518
064121503,854,793,1647
064121504,720,598,1318
064121505,454,410,864
064121506,505,536,1041
064121507,450,622,1072
064121508,530,454,984
064121509,468,527,995
064121510,379,628,1007
064121511,526,763,1289
064121512,662,1046,1708
064270101,300,100,400
064270102,245,104,349
064270103,741,258,999
064270104,196,62,258
064270105,173,49,222
064270106,737,245,982
064270107,717,206,923
064270108,509,118,627
064270109,452,114,566
064270110,587,187,774
064270111,563,209,772
064270112,453,161,614
064270113,500,268,768
064270201,517,148,665
064270202,455,102,557
064270203,222,79,301
064270204,494,162,656
064270205,356,119,475
064270206,256,107,363
064270207,416,129,545
064270208,443,154,597
064270209,477,154,631
064270210,426,214,640
064270211,131,54,185
064270212,500,136,636
064270213,388,121,509
064270214,376,95,471
064270215,345,89,434
064270216,261,103,364
064270217,431,123,554
064270218,592,166,758
064270301,456,117,573
064270302,595,221,816
064270303,380,155,535
064270304,448,122,570
064270305,477,207,684
064270306,618,332,950
064270307,524,192,716
064270308,488,211,699
064270309,397,152,549
064270310,561,224,785
064270311,592,272,864
064270312,638,288,926
064270401,563,340,903
064270402,769,341,1110
064270403,928,428,1356
064270404,577,245,822
064270405,703,278,981
064270406,610,339,949
064270407,626,337,963
064270408,684,351,1035
064270409,806,462,1268
064270501,1017,583,1600
064270502,581,270,851
064270503,553,285,838
064270504,859,476,1335
064270505,853,464,1317
064270506,762,450,1212
064270507,850,506,1356
064270508,396,286,682
064270509,447,234,681
064270510,572,289,861
064270511,580,364,944
064270601,729,334,1063
064270602,1052,550,1602
064270603,639,377,1016
064270604,1202,608,1810
064270605,376,203,579
064270606,430,228,658
064270607,431,230,661
064270608,406,166,572
064270609,686,411,1097
064270610,406,299,705
064270611,376,299,675
064270612,483,287,770
064270613,555,243,798
064270614,482,301,783
064270701,687,473,1160
064270702,750,460,1210
064270703,633,347,980
064270704,661,374,1035
064270705,655,477,1132
064270706,518,290,808
064270707,372,231,603
064270708,476,328,804
064270709,527,358,885
064270710,1033,658,1691
064270711,665,373,1038
064270712,832,481,1313
064270713,676,319,995
064270801,728,555,1283
064270802,883,424,1307
064270803,683,412,1095
064270804,883,569,1452
064270805,617,539,1156
064270806,954,579,1533
064270807,736,489,1225
064270808,407,267,674
064270809,349,297,646
064270810,909,636,1545
064270811,793,486,1279
064270812,857,593,1450
064270901,711,725,1436
064270902,727,546,1273
064270903,969,923,1892
064270904,987,962,1949
064270905,824,697,1521
064270906,762,1085,1847
064270907,610,627,1237
064270908,543,505,1048
064270909,239,380,619
064270910,464,640,1104
064270911,443,656,1099
064270912,486,584,1070
064271001,810,618,1428
064271002,480,346,826
064271003,512,284,796
064271004,754,586,1340
064271005,741,557,1298
064271006,657,453,1110
064271007,753,516,1269
064271008,712,517,1229
064271009,840,694,1534
064271010,425,275,700
064271011,348,217,565
064271012,742,512,1254
064271101,751,493,1244
064271102,697,431,1128
064271103,807,639,1446
064271104,613,434,1047
064271105,605,401,1006
064271106,752,477,1229
064271107,637,409,1046
064271108,773,530,1303
064271109,661,549,1210
064271110,527,306,833
064271111,490,308,798
064271201,803,579,1382
064271202,805,469,1274
064271203,290,222,512
064271204,378,272,650
064271205,689,477,1166
064271206,716,524,1240
064271207,448,294,742
064271208,365,265,630
064271209,431,296,727
064271210,412,296,708
064271301,801,518,1319
064271302,761,680,1441
064271303,539,408,947
064271304,959,879,1838
064271305,904,905,1809
064271306,422,415,837
064271307,536,252,788
064271308,477,476,953
064271309,641,359,1000
064271310,704,575,1279
064271311,778,513,1291
064271401,672,486,1158
064271402,616,490,1106
064271403,691,525,1216
064271404,738,540,1278
064271405,931,686,1617
064271406,253,236,489
064271407,1009,949,1958
064271408,1508,1869,3377
064271409,603,662,1265
064271410,1267,1453,2720
064271411,1446,1338,2784
064271412,402,434,836
064271413,1825,583,2408
064271414,302,245,547
064271415,502,386,888
064271416,719,553,1272
064271417,549,291,840
064271418,452,294,746
064271419,684,340,1024
064271420,454,275,729
064271501,467,400,867
064271502,475,328,803
064271503,463,230,693
064271504,832,350,1182
064271505,539,243,782
064271506,600,315,915
064271507,420,359,779
064271508,467,351,818
064271509,455,301,756
064271510,473,322,795
064271511,378,334,712
064271512,744,484,1228
064271513,360,350,710
064271514,596,474,1070
064271515,614,316,930
064271601,834,423,1257
064271602,844,394,1238
064271603,877,374,1251
064271604,661,493,1154
064271605,1012,945,1957
064271606,618,684,1302
064271607,687,604,1291
064271608,431,458,889
064271609,680,646,1326
064271610,420,326,746
064271611,653,392,1045
064271612,584,393,977
064271613,347,105,452
064271701,758,381,1139
064271702,607,234,841
064271703,699,578,1277
064271704,503,369,872
064271705,458,398,856
064271706,521,413,934
064271707,2366,2976,5342
064271708,984,976,1960
064271709,566,462,1028
064271710,1086,1047,2133
064271711,1657,2417,4074
064271801,875,877,1752
064271802,972,988,1960
064271803,593,726,1319
064271804,1285,1413,2698
064271805,1859,2546,4405
064271806,96,117,213
064271807,1111,1192,2303
064271808,984,1240,2224
064271809,1232,1644,2876
064271810,674,1095,1769
064271811,710,984,1694
064271812,141,205,346
064271813,1934,2782,4716
064271901,449,258,707
064271902,411,254,665
064271903,980,482,1462
064271904,606,307,913
064271905,490,248,738
064271906,806,446,1252
064271907,747,389,1136
064271908,782,472,1254
064271909,819,500,1319
064271910,608,402,1010
064272001,478,537,1015
064272002,508,337,845
064272003,564,302,866
064272004,472,220,692
064272005,361,157,518
064272006,674,326,1000
064272007,518,195,713
064272008,551,202,753
064272009,678,237,915
064272010,591,389,980
064272011,750,584,1334
064272012,283,110,393
064272013,450,169,619
064272014,1352,1257,2609
064272015,622,607,1229
064272016,1291,1112,2403
064272101,847,596,1443
064272102,861,659,1520
064272103,1012,634,1646
064272104,909,638,1547
064272105,547,456,1003
064272106,492,677,1169
064272107,564,388,952
064272108,663,565,1228
064272201,536,340,876
064272202,442,294,736
064272203,682,664,1346
064272204,713,574,1287
064272205,568,441,1009
064272206,508,550,1058
064272207,738,538,1276
064272208,496,413,909
064272209,686,471,1157
064272301,259,148,407
064272302,656,392,1048
064272303,989,794,1783
064272304,979,655,1634
064272305,726,427,1153
064272306,711,544,1255
064272307,684,526,1210
064272308,848,602,1450
064272309,1015,829,1844
064272310,947,638,1585
064272311,987,747,1734
064272401,709,498,1207
064272402,486,330,816
064272403,1239,915,2154
064272404,497,496,993
064272405,1115,910,2025
064272406,702,426,1128
064272407,965,808,1773
064272408,636,495,1131
064272409,641,508,1149
064272410,437,441,878
064272501,423,240,663
064272502,532,279,811
064272503,688,434,1122
064272504,645,328,973
064272505,1217,835,2052
064272506,574,335,909
064272507,365,191,556
064272508,282,179,461
064272509,626,447,1073
064272510,1926,1738,3664
064272511,1285,1529,2814
064272512,1364,1738,3102
064272513,353,168,521
064272514,326,198,524
064272515,473,441,914
064272601,438,188,626
064272602,697,310,1007
064272603,927,392,1319
064272604,904,415,1319
064272605,657,362,1019
064272606,447,255,702
064272607,947,578,1525
064272608,634,446,1080
064272609,775,361,1136
064272610,690,285,975
064272611,772,407,1179
064272701,1112,569,1681
064272702,367,196,563
064272703,501,249,750
064272704,506,248,754
064272705,562,229,791
064272706,646,341,987
064272707,776,349,1125
064272708,706,417,1123
064272709,833,498,1331
064272801,729,301,1030
064272802,513,171,684
064272803,543,233,776
064272804,568,233,801
064272805,503,230,733
064272806,832,315,1147
064272807,745,309,1054
064272808,617,232,849
064272809,492,225,717
064272810,871,311,1182
064272811,705,247,952
064272812,764,278,1042
064272901,835,284,1119
064272902,783,260,1043
064272903,488,162,650
064272904,527,158,685
064272905,706,212,918
064272906,731,174,905
064272907,935,330,1265
064272908,895,350,1245
064272909,393,136,529
064272910,393,167,560
064272911,890,404,1294
064272912,892,357,1249
064272913,717,253,970
064272914,786,372,1158
064273001,540,158,698
064273002,772,299,1071
064273003,446,213,659
064273004,458,174,632
064273005,268,134,402
064273006,510,321,831
064273007,548,261,809
064273008,290,108,398
064273009,280,153,433
064273010,536,139,675
064273011,258,94,352
064273012,411,180,591
064273013,612,294,906
064273101,467,152,619
064273102,622,169,791
064273103,810,216,1026
064273104,671,197,868
064273105,909,278,1187
064273106,748,245,993
064273107,524,232,756
064273108,317,137,454
064273109,540,176,716
064273110,537,174,711
064273201,505,172,677
064273202,599,153,752
064273203,510,180,690
064273204,502,193,695
064273205,794,306,1100
064273206,513,226,739
064273207,796,241,1037
064273208,775,482,1257
064273209,412,173,585
064273210,409,194,603
064273211,498,216,714
064273212,473,156,629
064273301,441,225,666
064273302,769,322,1091
064273303,489,151,640
064273304,271,106,377
064273305,422,162,584
064273306,342,130,472
064273307,437,140,577
064273308,582,230,812
064273309,539,196,735
064273310,631,295,926
064273311,667,281,948
064273312,1107,404,1511
064273313,642,252,894
064273314,844,351,1195
064273315,538,290,828
064273401,691,311,1002
064273402,562,250,812
064273403,998,450,1448
064273404,610,302,912
064273405,705,282,987
064273406,1251,567,1818
064273407,729,332,1061
064273408,585,327,912
064273409,801,381,1182
064273410,513,211,724
064273411,490,179,669
064273412,821,562,1383
064273413,635,246,881
064273414,672,245,917
064273415,800,403,1203
064273501,757,382,1139
064273502,405,195,600
064273503,372,193,565
064273504,452,239,691
064273505,603,360,963
064273506,736,465,1201
064273507,478,218,696
064273508,632,462,1094
064273509,875,519,1394
064273510,465,256,721
064273511,810,398,1208
064273512,762,383,1145
064273513,515,286,801
064273601,456,230,686
064273602,652,324,976
064273603,527,226,753
064273604,430,172,602
064273605,439,220,659
064273606,412,320,732
064273607,286,172,458
064273608,173,214,387
064273609,664,319,983
064273610,590,257,847
064273611,605,305,910
064273612,365,155,520
064273701,327,211,538
064273702,349,305,654
064273703,358,289,647
064273704,778,556,1334
064273705,444,414,858
064273706,997,670,1667
064273707,755,633,1388
064273708,567,554,1121
064273709,756,675,1431
064273710,1072,876,1948
064273801,737,592,1329
064273802,760,634,1394
064273803,1193,951,2144
064273804,393,510,903
064273805,584,483,1067
064273806,529,494,1023
064273807,725,592,1317
064273808,698,569,1267
064273809,280,231,511
064273810,653,616,1269
064273901,946,701,1647
064273902,569,590,1159
064273903,459,389,848
064273904,729,646,1375
064273905,686,702,1388
064273906,509,437,946
064273907,540,453,993
064273908,22,55,77
064273909,776,554,1330
064273910,512,547,1059
064273911,725,436,1161
064274001,532,733,1265
064274002,787,841,1628
064274003,431,514,945
064274004,697,899,1596
064274005,700,626,1326
064274006,693,629,1322
064274007,1779,1472,3251
064274008,1374,977,2351
064274009,472,248,720
064274010,932,1044,1976
064274011,876,786,1662
064274012,572,247,819
064274101,1190,916,2106
064274102,1295,1095,2390
064274103,1221,882,2103
064274104,733,580,1313
064274105,708,494,1202
064274106,554,1022,1576
064274107,1525,2186,3711
064274108,919,1537,2456
064274109,865,1334,2199
064274110,251,936,1187
064274201,892,540,1432
064274202,1048,626,1674
064274203,1276,919,2195
064274204,1146,902,2048
064274205,793,639,1432
064274206,509,487,996
064274207,456,418,874
064274208,415,340,755
064274209,880,742,1622
064274210,438,351,789
064274211,587,379,966
064274301,866,445,1311
064274302,823,474,1297
064274303,877,519,1396
064274304,676,424,1100
064274305,881,501,1382
064274306,903,645,1548
064274307,669,468,1137
064274308,622,476,1098
064274309,671,460,1131
064274310,625,326,951
064274311,522,382,904
064274401,1091,723,1814
064274402,567,375,942
064274403,816,603,1419
064274404,718,542,1260
064274405,325,274,599
064274406,449,345,794
064274407,375,259,634
064274408,435,271,706
064274409,447,244,691
064274410,573,389,962
064274411,385,239,624
064274412,866,536,1402
064274501,1045,710,1755
064274502,749,408,1157
064274503,602,320,922
064274504,956,467,1423
064274505,671,285,956
064274506,566,281,847
064274507,1017,685,1702
064274508,968,691,1659
064274509,645,286,931
064274510,655,434,1089
064274511,701,442,1143
064274601,742,476,1218
064274602,314,594,908
064274603,1136,822,1958
064274604,983,930,1913
064274605,939,849,1788
064274606,1010,940,1950
064274607,556,685,1241
064274608,389,356,745
064274609,1937,2187,4124
064274610,619,449,1068
064274611,563,635,1198
064274612,745,600,1345
064274613,900,592,1492
064274701,518,423,941
064274702,654,643,1297
064274703,415,311,726
064274704,381,319,700
064274705,452,387,839
064274706,450,381,831
064274707,650,556,1206
064274708,420,444,864
064274709,434,315,749
064274710,574,492,1066
064274711,475,410,885
064274712,1290,1237,2527
064274801,273,379,652
064274802,907,1084,1991
064274803,790,870,1660
064274804,651,634,1285
064274805,495,386,881
064274806,968,1078,2046
064274807,680,662,1342
064274808,888,843,1731
064274809,783,765,1548
064274810,706,952,1658
064274811,714,965,1679
064274812,974,806,1780
064274813,667,643,1310
064274814,844,805,1649
064274901,1096,1005,2101
064274902,554,539,1093
064274903,755,578,1333
064274904,784,700,1484
064274905,676,655,1331
064274906,851,1653,2504
064274907,561,1141,1702
064274908,506,876,1382
064274909,707,1276,1983
064274910,522,971,1493
064274911,236,624,860
064274912,444,545,989
064275001,860,467,1327
064275002,720,339,1059
064275003,784,395,1179
064275004,822,434,1256
064275005,804,313,1117
064275006,1051,452,1503
064275007,817,444,1261
064275008,701,310,1011
064275009,629,342,971
064275010,782,372,1154
064275011,837,449,1286
064275012,1091,351,1442
064275013,685,202,887
064275101,855,208,1063
064275102,869,259,1128
064275103,711,241,952
064275104,647,323,970
064275105,769,283,1052
064275106,604,280,884
064275107,695,440,1135
064275108,900,717,1617
064275109,802,443,1245
064275110,920,342,1262
064275111,733,410,1143
064275112,663,422,1085
064275113,1026,302,1328
064275114,1104,482,1586
064275115,76,234,310
064275201,803,1071,1874
064275202,981,912,1893
064275203,633,701,1334
064275204,726,769,1495
064275205,562,1054,1616
064275206,596,978,1574
064275207,515,826,1341
064275208,450,986,1436
064275209,605,1339,1944
064275210,444,759,1203
064275211,441,716,1157
064275212,583,920,1503
064275213,729,1073,1802
064275301,954,1128,2082
064275302,429,665,1094
064275303,396,565,961
064275304,867,1068,1935
064275305,912,1343,2255
064275306,1031,1111,2142
064275307,773,957,1730
064275308,728,919,1647
064275309,332,402,734
064275310,904,948,1852
064275401,807,827,1634
064275402,931,1180,2111
064275403,483,757,1240
064275404,520,607,1127
064275405,505,529,1034
064275406,469,517,986
064275407,685,851,1536
064275408,649,717,1366
064275409,716,930,1646
064275410,1498,2091,3589
064275411,514,674,1188
064275412,812,749,1561
064275501,498,352,850
064275502,470,295,765
064275503,504,247,751
064275504,545,317,862
064275505,869,586,1455
064275506,935,570,1505
064275507,483,332,815
064275508,662,441,1103
064275509,588,550,1138
064275510,907,663,1570
064275511,980,743,1723
064275512,1037,821,1858
064275513,875,684,1559
064275601,543,478,1021
064275602,899,785,1684
064275603,2936,2676,5612
064275604,442,454,896
064275605,540,468,1008
064275606,860,727,1587
064275607,427,248,675
064275608,675,436,1111
064275609,669,508,1177
064275610,759,568,1327
064275611,678,426,1104
064275612,757,600,1357
064275613,556,426,982
064275701,643,636,1279
064275702,570,587,1157
064275703,591,449,1040
064275704,658,448,1106
064275705,661,506,1167
064275706,793,672,1465
064275707,762,668,1430
064275708,464,500,964
064275709,379,314,693
064275710,518,541,1059
064275711,487,449,936
064275712,713,695,1408
064275713,733,853,1586
064275714,369,424,793
064275715,358,359,717
064275801,936,734,1670
064275802,739,741,1480
064275803,627,629,1256
064275804,649,675,1324
064275805,376,474,850
064275806,421,419,840
064275807,699,587,1286
064275808,768,840,1608
064275809,183,347,530
064275810,532,539,1071
064275811,386,435,821
064275812,430,493,923
064275813,425,554,979
064275814,406,438,844
064275815,790,1468,2258
064275901,945,924,1869
064275902,337,302,639
064275903,937,1028,1965
064275904,419,545,964
064275905,992,809,1801
064275906,460,377,837
064275907,472,361,833
064275908,648,518,1166
064275909,430,442,872
064275910,517,616,1133
064275911,593,593,1186
064275912,472,506,978
064275913,441,502,943
064276001,949,968,1917
064276002,802,654,1456
064276003,687,637,1324
064276004,618,523,1141
064276005,958,847,1805
064276006,1045,996,2041
064276007,873,1027,1900
064276008,1004,1119,2123
064276009,821,1016,1837
064276010,667,827,1494
064276011,853,824,1677
064276012,644,605,1249
064276013,468,469,937
064276014,428,302,730
064276015,419,441,860
064276016,754,676,1430
064276017,493,507,1000
064276018,551,489,1040
064276101,1051,817,1868
064276102,1007,1054,2061
064276103,865,715,1580
064276104,991,863,1854
064276105,1004,1152,2156
064276106,613,903,1516
064276107,719,898,1617
064276108,799,982,1781
064276109,895,1052,1947
064276110,939,1133,2072
064276111,462,527,989
064276112,478,594,1072
064276113,562,628,1190
064276114,568,713,1281
064276201,661,435,1096
064276202,897,665,1562
064276203,697,472,1169
064276204,597,587,1184
064276205,1368,1095,2463
064276206,666,551,1217
064276207,622,554,1176
064276208,394,402,796
064276209,730,502,1232
064276210,1184,758,1942
064276211,677,630,1307
064276212,579,564,1143
064276213,652,761,1413
064276214,423,397,820
064276215,595,451,1046
064276216,782,607,1389
064276301,889,791,1680
064276302,205,252,457
064276303,581,600,1181
064276304,508,566,1074
064276305,566,523,1089
064276306,733,738,1471
064276307,645,667,1312
064276308,863,717,1580
064276309,898,1098,1996
064276310,1238,1245,2483
064276311,915,1149,2064
064276312,617,795,1412
064276401,449,547,996
064276402,425,543,968
064276403,736,925,1661
064276404,452,556,1008
064276405,560,720,1280
064276406,553,574,1127
064276407,758,977,1735
064276408,535,513,1048
064276409,766,910,1676
064276410,944,871,1815
064276411,473,388,861
064276412,626,726,1352
064276413,360,499,859
064276414,515,550,1065
064276415,727,797,1524
064276416,982,1208,2190
064276417,624,267,891
064276501,846,1164,2010
064276502,872,1022,1894
064276503,634,708,1342
064276504,961,1150,2111
064276505,462,454,916
064276506,658,724,1382
064276507,783,1045,1828
064276508,473,460,933
064276509,405,421,826
064276510,418,660,1078
064276511,950,1118,2068
064276512,516,561,1077
064276513,460,561,1021
064276514,524,600,1124
064276515,772,684,1456
064276516,761,968,1729
064276517,884,962,1846
064276601,701,648,1349
064276602,601,627,1228
064276603,1170,1040,2210
064276604,912,690,1602
064276605,836,839,1675
064276606,508,588,1096
064276607,538,498,1036
064276608,608,563,1171
064276609,530,570,1100
064276610,640,590,1230
064276611,509,651,1160
064276701,458,862,1320
064276702,852,1085,1937
064276703,328,717,1045
064276704,1176,2181,3357
064276705,444,912,1356
064276706,641,941,1582
064276707,528,747,1275
064276708,577,616,1193
064276709,524,567,1091
064276710,467,462,929
064276711,574,555,1129
064276712,739,832,1571
064276713,574,690,1264
064276714,349,815,1164
064276715,470,839,1309
064276716,516,734,1250
064276717,529,802,1331
064276718,733,915,1648
064276801,501,535,1036
064276802,707,592,1299
064276803,384,370,754
064276804,504,420,924
064276805,470,383,853
064276806,726,528,1254
064276807,493,457,950
064276808,573,492,1065
064276809,568,505,1073
064276810,517,355,872
064276901,604,464,1068
064276902,828,632,1460
064276903,756,593,1349
064276904,746,722,1468
064276905,1597,1145,2742
064276906,661,547,1208
064276907,753,653,1406
064276908,617,516,1133
064276909,1045,756,1801
064276910,382,262,644
064276911,421,369,790
064276912,435,464,899
064276913,868,688,1556
064276914,656,717,1373
064276915,661,750,1411
064276916,511,613,1124
064276917,705,682,1387
064277001,1021,954,1975
064277002,671,587,1258
064277003,706,537,1243
064277004,925,871,1796
064277005,770,783,1553
064277006,630,533,1163
064277007,555,457,1012
064277008,802,755,1557
064277009,639,625,1264
064277010,494,528,1022
064277011,555,437,992
064277012,804,735,1539
064277013,404,423,827
064277014,598,523,1121
064277015,426,459,885
064277016,461,443,904
064277017,484,420,904
064277018,423,424,847
064277101,677,553,1230
064277102,693,717,1410
064277103,558,399,957
064277104,431,417,848
064277105,422,394,816
064277106,453,404,857
064277107,777,795,1572
064277108,401,435,836
064277109,396,485,881
064277110,342,414,756
064277111,472,557,1029
064277112,677,1044,1721
064277113,655,869,1524
064277114,649,898,1547
064277115,591,761,1352
064277116,633,888,1521
064277201,1310,1134,2444
064277202,510,524,1034
064277203,357,462,819
064277204,570,655,1225
064277205,686,808,1494
064277206,497,491,988
064277207,476,547,1023
064277208,345,586,931
064277209,479,729,1208
064277210,507,625,1132
064277211,731,982,1713
064277212,540,793,1333
064277301,772,952,1724
064277302,893,1034,1927
064277303,586,723,1309
064277304,460,681,1141
064277305,741,734,1475
064277306,757,757,1514
064277307,1580,1410,2990
064277308,878,996,1874
064277309,882,1009,1891
064277310,684,1186,1870
064277311,464,616,1080
064277312,444,708,1152
064277313,660,993,1653
064277314,557,654,1211
064277315,573,732,1305
064277316,325,881,1206
064277401,844,934,1778
064277402,1037,1032,2069
064277403,745,1026,1771
064277404,777,838,1615
064277405,761,738,1499
064277406,849,1038,1887
064277407,757,832,1589
064277408,632,853,1485
064277409,456,510,966
064277410,650,1000,1650
064277411,1253,1609,2862
064277412,796,797,1593
064277413,525,574,1099
064277414,572,1020,1592
064277415,566,902,1468
064277416,427,664,1091
064277417,508,746,1254
064277418,1573,2749,4322
064277501,581,1462,2043
064277502,857,1631,2488
064277503,470,1026,1496
064277504,649,1413,2062
064277505,579,1346,1925
064277506,446,1164,1610
064277507,453,1088,1541
064277508,490,940,1430
064277509,424,852,1276
064277510,624,1107,1731
064277511,629,1194,1823
064277512,507,881,1388
064277513,409,1023,1432
064277514,348,840,1188
064277515,547,890,1437
064277516,643,847,1490
064277601,565,1110,1675
064277602,858,1271,2129
064277603,900,1514,2414
064277604,688,1197,1885
064277605,715,1056,1771
064277606,778,766,1544
064277607,923,1260,2183
064277608,933,943,1876
064277609,788,1053,1841
064277610,820,990,1810
064277611,938,1235,2173
064277612,946,1271,2217
064277613,473,405,878
064277614,509,562,1071
064277615,849,1084,1933
064277616,897,1049,1946
064277617,545,549,1094
064277618,420,603,1023
064277701,629,721,1350
064277702,690,848,1538
064277703,918,821,1739
064277704,959,893,1852
064277705,448,657,1105
064277706,893,897,1790
064277707,611,718,1329
064277708,541,496,1037
064277709,523,422,945
064277710,806,823,1629
064277711,604,649,1253
064277712,959,849,1808
064277713,498,626,1124
064277714,464,541,1005
064277715,465,487,952
064277716,516,465,981
064277801,1462,1598,3060
064277802,1400,1448,2848
064277803,685,820,1505
064277804,612,597,1209
064277805,657,987,1644
064277806,519,626,1145
064277807,660,868,1528
064277808,437,577,1014
064277809,405,719,1124
064277810,527,829,1356
064277811,475,655,1130
064277812,639,876,1515
064277813,717,952,1669
064277901,1186,1238,2424
064277902,481,500,981
064277903,513,659,1172
064277904,625,679,1304
064277905,810,923,1733
064277906,579,553,1132
064277907,396,495,891
064277908,463,483,946
064277909,438,532,970
064277910,679,890,1569
064277911,732,1024,1756
064278001,1653,1927,3580
064278002,598,1091,1689
064278003,568,1266,1834
064278004,434,572,1006
064278005,607,921,1528
064278006,585,1158,1743
064278007,495,841,1336
064278008,672,976,1648
064278009,455,821,1276
064278010,255,518,773
064278011,362,587,949
064278012,266,703,969
064278013,286,550,836
064278014,355,728,1083
064278015,350,509,859
064278016,358,815,1173
064278101,753,1052,1805
064278102,520,755,1275
064278103,507,927,1434
064278104,504,857,1361
064278105,224,685,909
064278106,191,577,768
064278107,201,559,760
064278108,31,106,137
064278109,141,253,394
064278110,122,352,474
064278111,341,712,1053
064278112,90,161,251
064278201,774,1107,1881
064278202,463,704,1167
064278203,603,867,1470
064278204,549,610,1159
064278205,769,993,1762
064278206,748,1198,1946
064278207,863,1089,1952
064278208,622,1014,1636
064278209,1287,1776,3063
064278210,617,730,1347
064278211,556,692,1248
064278212,436,651,1087
064278213,556,684,1240
064278301,488,778,1266
064278302,548,866,1414
064278303,600,891,1491
064278304,640,1092,1732
064278305,671,1313,1984
064278306,576,920,1496
064278307,388,687,1075
064278308,452,866,1318
064278309,447,849,1296
064278310,571,760,1331
064278311,604,619,1223
064278312,574,744,1318
064278313,731,871,1602
064278314,612,715,1327
064278401,391,484,875
064278402,322,634,956
064278403,376,872,1248
064278404,525,992,1517
064278405,727,1076,1803
064278406,486,681,1167
064278407,491,940,1431
064278408,532,994,1526
064278409,620,1491,2111
064278410,340,973,1313
064278411,487,1289,1776
064278412,360,975,1335
064278413,386,1408,1794
064278414,159,637,796
064278415,657,1501,2158
064278416,494,993,1487
064278417,727,925,1652
064278501,729,1364,2093
064278502,679,1294,1973
064278503,608,896,1504
064278504,467,635,1102
064278505,550,604,1154
064278506,675,710,1385
064278507,702,857,1559
064278508,432,336,768
064278509,833,808,1641
064278510,462,421,883
064278511,755,696,1451
064278512,597,891,1488
064278513,755,977,1732
064278601,672,554,1226
064278602,577,536,1113
064278603,674,569,1243
064278604,650,602,1252
064278605,548,551,1099
064278606,510,525,1035
064278607,774,757,1531
064278608,432,579,1011
064278609,576,575,1151
064278610,517,546,1063
064278611,563,653,1216
064278612,562,524,1086
064278613,634,767,1401
064278614,653,737,1390
064278701,538,655,1193
064278702,467,706,1173
064278703,445,478,923
064278704,640,702,1342
064278705,864,818,1682
064278706,487,540,1027
064278707,519,726,1245
064278708,609,1003,1612
064278709,451,619,1070
064278710,565,674,1239
064278711,51,95,146
064278712,377,530,907
064278713,551,580,1131
064278714,520,533,1053
064278715,411,454,865
064278801,594,720,1314
064278802,885,1051,1936
064278803,956,1035,1991
064278804,912,1050,1962
064278805,887,1538,2425
064278806,504,490,994
064278807,615,569,1184
064278808,702,864,1566
064278809,756,791,1547
064278810,655,646,1301
064278811,342,354,696
064278812,589,506,1095
064278813,762,649,1411
064278901,1296,2235,3531
064278902,799,1556,2355
064278903,844,1308,2152
064278904,858,1361,2219
064278905,844,1064,1908
064278906,724,1154,1878
064278907,746,1550,2296
064278908,717,1270,1987
064278909,380,615,995
064278910,473,839,1312
064278911,896,1074,1970
064278912,820,1267,2087
064278913,753,1279,2032
064278914,612,1609,2221
064279001,850,716,1566
064279002,749,1081,1830
064279003,365,469,834
064279004,462,738,1200
064279005,322,678,1000
064279006,519,702,1221
064279007,496,444,940
064279008,604,742,1346
064279009,863,1567,2430
064279010,1105,1171,2276
064279011,528,505,1033
064279012,503,464,967
064279013,445,458,903
064279014,551,745,1296
064279101,910,1216,2126
064279102,354,690,1044
064279103,579,1064,1643
064279104,603,747,1350
064279105,396,517,913
064279106,442,559,1001
064279107,536,596,1132
064279108,458,811,1269
064279109,311,731,1042
064279110,253,459,712
064279111,275,563,838
064279112,686,1049,1735
064279113,208,227,435
064279114,178,215,393
064279115,186,200,386
064279116,165,114,279
064279201,580,1012,1592
064279202,766,872,1638
064279203,413,521,934
064279204,747,1041,1788
064279205,658,1032,1690
064279206,776,1234,2010
064279207,708,1428,2136
064279208,553,1367,1920
064279209,590,1092,1682
064279210,665,1025,1690
064279211,749,877,1626
064279212,547,662,1209
064279213,613,679,1292
064279214,605,898,1503
064279215,362,565,927
064279216,608,725,1333
064279217,319,625,944
064279218,332,496,828
064279219,470,1010,1480
064279301,512,971,1483
064279302,569,1093,1662
064279303,394,919,1313
064279304,564,978,1542
064279305,445,964,1409
064279306,752,1208,1960
064279307,585,1129,1714
064279308,727,920,1647
064279309,673,819,1492
064279310,649,806,1455
064279311,745,1080,1825
064279312,695,806,1501
064279313,806,883,1689
064279314,689,976,1665
064279315,557,1163,1720
064279401,872,1049,1921
064279402,769,970,1739
064279403,830,980,1810
064279404,856,1054,1910
064279405,858,1359,2217
064279406,1012,1530,2542
064279407,482,773,1255
064279408,278,841,1119
064279409,678,798,1476
064279410,579,808,1387
064279411,741,841,1582
064279412,739,861,1600
064279413,551,891,1442
064279501,467,775,1242
064279502,605,1019,1624
064279503,716,1259,1975
064279504,688,1548,2236
064279505,524,1280,1804
064279506,504,1114,1618
064279507,1880,2523,4403
064279508,922,1200,2122
064279509,605,864,1469
064279510,733,893,1626
064279511,596,995,1591
064279512,777,1292,2069
064279513,604,848,1452
064279514,656,830,1486
064279601,679,1106,1785
064279602,426,1095,1521
064279603,561,997,1558
064279604,984,1666,2650
064279605,753,1210,1963
064279606,836,1048,1884
064279607,341,895,1236
064279608,780,993,1773
064279609,836,1093,1929
064279610,819,1199,2018
064279611,449,749,1198
064279612,501,1055,1556
064279613,34,98,132
064279614,670,1055,1725
064279615,322,513,835
064279616,216,263,479
064279701,390,850,1240
064279702,1718,2554,4272
064279703,842,1225,2067
064279704,622,1098,1720
064279705,313,499,812
064279706,747,1225,1972
064279707,692,1043,1735
064279708,523,984,1507
064279709,463,530,993
064279710,308,492,800
064279711,126,212,338
064279712,173,349,522
064279713,374,533,907
064279714,592,699,1291
064279715,308,417,725
064279716,192,354,546
064279717,314,703,1017
064279718,214,449,663
064279719,318,438,756
064279720,461,856,1317
064279721,306,791,1097
064279722,210,520,730
064279723,470,616,1086
064279724,357,478,835
064340101,824,893,1717
064340102,494,302,796
064340103,475,281,756
064340104,522,350,872
064340105,585,379,964
064340106,611,408,1019
064340107,449,309,758
064340108,486,324,810
064340109,446,237,683
064340110,579,281,860
064340111,576,281,857
064340201,449,283,732
064340202,87,78,165
064340203,457,335,792
064340204,365,258,623
064340205,508,238,746
064340206,517,251,768
064340207,113,47,160
064340208,306,232,538
064340209,86,51,137
064340210,348,183,531
064340211,629,329,958
064340212,538,267,805
064340301,600,353,953
064340302,479,261,740
064340303,907,542,1449
064340304,548,326,874
064340305,538,360,898
064340306,456,244,700
064340307,595,327,922
064340308,817,527,1344
064340309,957,466,1423
064340310,566,336,902
064340401,619,335,954
064340402,502,299,801
064340403,517,211,728
064340404,397,190,587
064340405,429,215,644
064340406,645,325,970
064340407,440,188,628
064340408,266,117,383
064340409,356,172,528
064340410,655,316,971
064340501,717,469,1186
064340502,687,389,1076
064340503,481,251,732
064340504,494,318,812
064340505,651,333,984
064340506,431,281,712
064340507,624,382,1006
064340508,550,315,865
064340601,579,357,936
064340602,495,415,910
064340603,560,482,1042
064340604,644,330,974
064340605,484,291,775
064340606,680,358,1038
064340607,583,360,943
064340608,641,388,1029
064340609,536,590,1126
064340701,276,519,795
064340702,519,333,852
064340703,500,367,867
064340704,404,235,639
064340705,348,597,945
064340706,303,178,481
064340707,2541,1340,3881
064340708,287,216,503
064340709,342,212,554
064340710,379,264,643
064340711,234,279,513
064340801,343,261,604
064340802,789,543,1332
064340803,410,295,705
064340804,599,424,1023
064340805,482,409,891
064340806,884,743,1627
064340807,336,474,810
064340808,121,197,318
064340809,341,637,978
064340810,469,843,1312
064340811,469,702,1171
064340812,588,997,1585
064340813,505,620,1125
064340814,395,303,698
064340815,701,724,1425
064340816,655,636,1291
064340901,351,505,856
064340902,486,796,1282
064340903,530,751,1281
064340904,345,470,815
064340905,311,459,770
064340906,451,569,1020
064340907,482,510,992
064340908,435,517,952
064340909,541,571,1112
064340910,551,440,991
064340911,458,343,801
064340912,439,438,877
064340913,408,523,931
064340914,525,756,1281
064340915,572,568,1140
064340916,488,589,1077
064340917,336,389,725
064340918,468,529,997
064341001,477,474,951
064341002,305,183,488
064341003,357,216,573
064341004,347,329,676
064341005,399,292,691
064341006,569,423,992
064341007,573,433,1006
064341008,547,476,1023
064341009,617,484,1101
064341010,675,452,1127
064341011,831,681,1512
064341012,545,443,988
064341101,614,387,1001
064341102,700,560,1260
064341103,430,341,771
064341104,497,374,871
064341105,434,320,754
064341106,418,416,834
064341107,320,273,593
064341108,385,363,748
064341109,434,386,820
064341110,293,284,577
064341111,495,407,902
064341112,670,474,1144
064341113,640,478,1118
064341114,423,342,765
064341201,552,406,958
064341202,685,399,1084
064341203,572,338,910
064341204,642,376,1018
064341205,526,354,880
064341206,678,394,1072
064341207,705,505,1210
064341208,546,303,849
064341301,629,316,945
064341302,422,201,623
064341303,552,225,777
064341304,366,168,534
064341305,655,379,1034
064341306,484,254,738
064341307,531,272,803
064341308,670,351,1021
064341309,660,326,986
064341310,597,381,978
064341311,770,552,1322
064341312,591,434,1025
064341401,556,214,770
064341402,447,143,590
064341403,439,182,621
064341404,518,278,796
064341405,473,207,680
064341406,539,302,841
064341407,572,347,919
064341408,556,334,890
064341501,297,129,426
064341502,476,155,631
064341503,238,109,347
064341504,396,158,554
064341505,455,154,609
064341506,361,108,469
064341507,416,139,555
064341508,440,122,562
064341509,338,128,466
064341510,300,107,407
064341511,287,93,380
064341512,234,70,304
064341513,634,236,870
064341514,494,170,664
064341515,559,223,782
064341601,539,352,891
064341602,522,246,768
064341603,563,209,772
064341604,391,123,514
064341605,321,140,461
064341606,378,110,488
064341607,477,147,624
064341608,389,146,535
064341609,636,281,917
064341610,740,302,1042
064341611,600,232,832
064341612,756,354,1110
064341613,745,315,1060
064341701,472,250,722
064341702,571,302,873
064341703,588,344,932
064341704,524,261,785
064341705,494,264,758
064341706,404,156,560
064341707,302,123,425
064341708,478,209,687
064341709,441,195,636
064341710,206,116,322
064341711,549,169,718
064341801,586,355,941
064341802,453,215,668
064341803,686,401,1087
064341804,405,185,590
064341805,618,206,824
064341806,629,241,870
064341807,315,115,430
064341808,432,161,593
064341809,329,106,435
064341810,261,79,340
064341811,304,95,399
064341812,355,128,483
064341813,558,187,745
064341814,194,56,250
064341901,594,357,951
064341902,638,369,1007
064341903,611,396,1007
064341904,578,268,846
064341905,654,336,990
064341906,581,349,930
064341907,523,317,840
064341908,415,249,664
064341909,507,201,708
064342001,418,278,696
064342002,595,403,998
064342003,733,369,1102
064342004,337,197,534
064342005,518,304,822
064342006,685,456,1141
064342007,456,257,713
064342008,582,358,940
064342009,514,288,802
064342010,484,323,807
064342101,566,371,937
064342102,448,260,708
064342103,428,274,702
064342104,367,186,553
064342105,448,256,704
064342106,407,223,630
064342107,380,187,567
064342108,437,306,743
064342109,349,241,590
064342110,356,185,541
064342111,366,204,570
064342112,579,323,902
064342113,563,363,926
064342201,479,467,946
064342202,438,493,931
064342203,330,275,605
064342204,598,430,1028
064342205,436,370,806
064342206,551,416,967
064342207,370,348,718
064342208,546,499,1045
064342209,584,689,1273
064342210,816,643,1459
064342211,512,379,891
064342212,500,371,871
064342213,690,416,1106
064342214,502,402,904
064342301,515,609,1124
064342302,430,527,957
064342303,564,707,1271
064342304,657,756,1413
064342305,570,737,1307
064342306,599,802,1401
064342307,268,312,580
064342308,556,706,1262
064342309,427,503,930
064342310,366,501,867
064342311,503,807,1310
064342312,414,499,913
064342313,20,20,40
064342314,332,580,912
064342315,439,596,1035
064342401,420,369,789
064342402,344,227,571
064342403,305,228,533
064342404,381,302,683
064342405,404,324,728
064342406,391,296,687
064342407,346,321,667
064342408,669,614,1283
064342409,526,296,822
064342410,548,249,797
064342501,662,589,1251
064342502,310,295,605
064342503,246,264,510
064342504,314,295,609
064342505,392,339,731
064342506,422,480,902
064342507,435,597,1032
064342508,559,447,1006
064342509,396,295,691
064342510,427,393,820
064342511,441,456,897
064342512,370,316,686
064342513,422,419,841
064342514,375,368,743
064342515,340,324,664
064342516,548,452,1000
064342517,410,361,771
064342518,338,288,626
064342601,331,951,1282
064342602,175,434,609
064342603,280,997,1277
064342604,402,932,1334
064342605,170,317,487
064342606,119,371,490
064342607,213,453,666
064342608,433,617,1050
064342609,273,526,799
064342610,426,816,1242
064342611,294,502,796
064342612,285,480,765
064342613,585,673,1258
064342614,519,681,1200
064342615,345,284,629
064342616,486,444,930
064342617,426,603,1029
064342618,517,722,1239
064342619,561,734,1295
064342701,486,360,846
064342702,531,383,914
064342703,720,480,1200
064342704,443,409,852
064342705,325,231,556
064342706,538,451,989
064342707,476,423,899
064342708,484,345,829
064342709,610,463,1073
064342710,728,704,1432
064342801,670,465,1135
064342802,637,612,1249
064342803,676,757,1433
064342804,539,432,971
064342805,444,374,818
064342806,573,466,1039
064342807,436,358,794
064342808,856,629,1485
064342809,765,466,1231
064342810,694,444,1138
064342811,396,290,686
064342812,379,350,729
064342813,414,261,675
064342814,471,422,893
064342901,581,404,985
064342902,701,425,1126
064342903,541,332,873
064342904,502,342,844
064342905,502,297,799
064342906,482,299,781
064342907,584,369,953
064342908,524,314,838
064342909,595,402,997
064342910,359,231,590
064342911,320,248,568
064343001,493,215,708
064343002,431,194,625
064343003,531,256,787
064343004,593,307,900
064343005,568,291,859
064343006,594,286,880
064343007,611,346,957
064343008,455,175,630
064343009,580,295,875
064343101,729,303,1032
064343102,441,145,586
064343103,490,189,679
064343104,409,184,593
064343105,645,248,893
064343106,481,120,601
064343107,308,124,432
064343108,304,118,422
064343109,356,119,475
064343110,273,110,383
064343111,323,90,413
064343112,395,114,509
064343113,486,124,610
064343114,415,120,535
064343115,271,68,339
064343201,540,223,763
064343202,535,153,688
064343203,341,124,465
064343204,226,78,304
064343205,318,114,432
064343206,313,98,411
064343207,595,234,829
064343208,504,237,741
064343209,670,270,940
064343210,591,308,899
064343211,495,167,662
064343212,448,161,609
064343213,527,184,711
064343301,506,312,818
064343302,597,421,1018
064343303,608,337,945
064343304,419,231,650
064343305,513,341,854
064343306,617,329,946
064343307,593,320,913
064343308,404,251,655
064343401,606,345,951
064343402,661,397,1058
064343403,524,323,847
064343404,391,286,677
064343405,353,316,669
064343406,446,319,765
064343407,458,338,796
064343408,338,298,636
064343409,328,233,561
064343410,586,461,1047
064343411,518,471,989
064343412,825,763,1588
064343413,616,419,1035
064343414,433,671,1104
064343501,680,360,1040
064343502,309,221,530
064343503,321,201,522
064343504,742,666,1408
064343505,270,150,420
064343506,522,310,832
064343507,477,329,806
064343508,556,873,1429
064343509,464,360,824
064343510,460,574,1034
064343511,510,539,1049
064343512,242,336,578
064343513,480,478,958
064343601,544,484,1028
064343602,669,420,1089
064343603,566,379,945
064343604,583,310,893
064343605,537,285,822
064343606,619,383,1002
064343607,435,242,677
064343608,400,265,665
064343701,402,210,612
064343702,509,233,742
064343703,397,236,633
064343704,562,287,849
064343705,606,290,896
064343706,660,228,888
064343707,543,270,813
064343708,456,174,630
064343801,319,127,446
064343802,601,231,832
064343803,548,233,781
064343804,568,202,770
064343805,401,170,571
064343806,595,232,827
064343807,347,122,469
064343808,597,230,827
064343809,466,176,642
064343901,473,208,681
064343902,407,205,612
064343903,484,237,721
064343904,376,223,599
064343905,546,284,830
064343906,539,209,748
064343907,507,257,764
064343908,296,150,446
064343909,410,468,878
064344001,687,346,1033
064344002,627,352,979
064344003,369,212,581
064344004,270,136,406
064344005,370,187,557
064344006,406,228,634
064344007,389,208,597
064344008,588,339,927
064344101,550,201,751
064344102,526,222,748
064344103,693,335,1028
064344104,516,472,988
064344105,576,322,898
064344106,533,502,1035
064344107,342,201,543
064344108,596,353,949
064344201,530,567,1097
064344202,522,499,1021
064344203,334,241,575
064344204,462,371,833
064344205,400,384,784
064344206,476,395,871
064344207,454,307,761
064344208,482,296,778
064344301,678,349,1027
064344302,501,274,775
064344303,677,342,1019
064344304,507,287,794
064344305,401,291,692
064344306,493,330,823
064344307,497,281,778
064344308,449,202,651
064344401,281,246,527
064344402,422,406,828
064344403,424,388,812
064344404,345,239,584
064344405,600,572,1172
064344406,507,1168,1675
064344407,821,525,1346
064344408,414,257,671
064344409,354,230,584
064344410,491,312,803
064344411,445,296,741
064344412,712,378,1090
064344501,574,472,1046
064344502,799,866,1665
064344503,410,661,1071
064344504,500,563,1063
064344505,564,643,1207
064344506,329,447,776
064344507,551,591,1142
064344508,513,686,1199
064344509,435,397,832
064344510,436,388,824
064344511,617,429,1046
064344512,835,707,1542
064900101,267,518,785
064900102,302,727,1029
064900103,209,483,692
064900104,248,594,842
064900105,296,649,945
064900106,237,507,744
064900107,222,531,753
064900108,304,518,822
064900109,398,429,827
064900110,160,403,563
064900111,341,545,886
064900112,423,596,1019
064900113,213,326,539
064900114,331,488,819
064900201,661,992,1653
064900202,767,1155,1922
064900203,508,809,1317
064900204,436,697,1133
064900205,582,667,1249
064900206,590,717,1307
064900207,593,1069,1662
064900208,804,1110,1914
064900209,705,837,1542
064900210,581,732,1313
064900301,564,571,1135
064900302,567,730,1297
064900303,426,499,925
064900304,143,297,440
064900305,204,369,573
064900306,591,800,1391
064900307,442,440,882
064900308,384,402,786
064900309,541,573,1114
064900310,485,1347,1832
064900311,186,281,467
064900312,380,715,1095
064900313,470,569,1039
064900401,637,684,1321
064900402,503,599,1102
064900403,217,774,991
064900404,282,638,920
064900405,388,826,1214
064900406,524,747,1271
064900407,396,1028,1424
064900408,418,794,1212
064900409,235,607,842
064900410,433,614,1047
064900411,665,807,1472
064900412,293,497,790
064900413,464,507,971
064900414,728,912,1640
064900501,462,515,977
064900502,547,693,1240
064900503,378,425,803
064900504,405,390,795
064900505,317,385,702
064900506,460,536,996
064900507,437,436,873
064900508,708,661,1369
064900509,438,440,878
064900510,785,729,1514
064900511,464,581,1045
064900512,603,859,1462
064900513,327,366,693
064900514,535,553,1088
064900515,794,789,1583
064900516,781,879,1660
064900601,410,334,744
064900602,625,415,1040
064900603,412,287,699
064900604,595,402,997
064900605,372,274,646
064900606,321,252,573
064900607,638,380,1018
064900608,771,408,1179
064900609,447,311,758
064900610,405,264,669
064900611,487,264,751
064900612,526,265,791
064900613,620,306,926
064900614,756,311,1067
064900615,691,272,963
064900701,408,362,770
064900702,519,371,890
064900703,702,501,1203
064900704,510,347,857
064900705,698,395,1093
064900706,665,417,1082
064900707,564,537,1101
064900708,337,273,610
064900709,394,286,680
064900710,491,458,949
064900711,311,407,718
064900712,604,450,1054
064900713,380,287,667
064900714,375,407,782
064900715,459,489,948
064900801,458,216,674
064900802,409,257,666
064900803,800,342,1142
064900804,355,129,484
064900805,337,89,426
064900806,400,138,538
064900807,339,100,439
064900808,730,228,958
064900809,705,330,1035
064900901,704,333,1037
064900902,553,246,799
064900903,361,231,592
064900904,360,181,541
064900905,728,348,1076
064900906,668,246,914
064900907,559,151,710
064900908,542,162,704
064900909,430,117,547
064901001,430,239,669
064901002,722,330,1052
064901003,615,189,804
064901004,679,225,904
064901005,705,215,920
064901006,401,126,527
064901007,450,138,588
064901008,571,195,766
064901009,458,337,795
064901010,569,318,887
064901011,739,305,1044
064901012,606,238,844
064901013,690,195,885
064901014,573,135,708
064901015,610,118,728
064901101,337,102,439
064901102,563,199,762
064901103,545,201,746
064901104,629,189,818
064901105,663,177,840
064901106,309,63,372
064901107,268,91,359
064901108,252,66,318
064901109,310,106,416
064901110,326,119,445
064901111,281,113,394
064901112,387,100,487
064901113,590,175,765
064901114,597,246,843
064901115,422,158,580
064901116,682,179,861
064901117,592,156,748
064901118,547,132,679
064901201,517,216,733
064901202,725,293,1018
064901203,590,282,872
064901204,362,140,502
064901205,363,136,499
064901206,655,273,928
064901207,624,255,879
064901208,554,247,801
064901209,603,264,867
064901210,613,290,903
064901301,678,355,1033
064901302,722,288,1010
064901303,564,331,895
064901304,341,257,598
064901305,343,329,672
064901306,565,530,1095
064901307,456,195,651
064901308,567,205,772
064901309,756,451,1207
064901310,684,540,1224
064901311,657,512,1169
064901312,548,420,968
064901313,556,399,955
064901314,591,639,1230
064901315,773,651,1424
064901401,470,508,978
064901402,570,482,1052
064901403,343,357,700
064901404,423,343,766
064901405,536,404,940
064901406,419,279,698
064901407,443,318,761
064901408,421,342,763
064901409,417,337,754
064901410,647,511,1158
064901411,588,498,1086
064901412,619,801,1420
064901501,536,503,1039
064901502,516,491,1007
064901503,392,436,828
064901504,441,486,927
064901505,475,577,1052
064901506,274,356,630
064901507,382,430,812
064901508,383,469,852
064901509,301,351,652
064901510,465,527,992
064901511,553,658,1211
064901601,678,725,1403
064901602,376,232,608
064901603,611,497,1108
064901604,326,231,557
064901605,548,564,1112
064901606,314,485,799
064901607,445,325,770
064901608,557,391,948
064901609,616,453,1069
064901701,533,639,1172
064901702,472,788,1260
064901703,263,694,957
064901704,677,574,1251
064901705,703,613,1316
064901706,681,640,1321
064901707,665,531,1196
064901708,658,769,1427
064901709,480,450,930
064901801,699,449,1148
064901802,576,338,914
064901803,666,352,1018
064901804,670,474,1144
064901805,381,257,638
064901806,389,302,691
064901807,624,479,1103
064901808,633,404,1037
064901809,672,403,1075
064901810,551,423,974
064901811,674,437,1111
064901812,710,567,1277
064901813,832,536,1368
064901814,769,609,1378
064901815,843,733,1576
064901816,552,440,992
064901901,630,309,939
064901902,557,254,811
064901903,505,176,681
064901904,449,154,603
064901905,511,235,746
064901906,510,272,782
064901907,660,381,1041
064901908,535,195,730
064901909,317,140,457
064901910,659,284,943
064901911,417,258,675
064901912,359,201,560
064902001,630,228,858
064902002,578,240,818
064902003,701,294,995
064902004,384,204,588
064902005,553,235,788
064902006,610,236,846
064902007,695,344,1039
064902008,443,229,672
064902009,404,225,629
064902101,810,198,1008
064902102,723,241,964
064902103,736,188,924
064902104,498,177,675
064902105,630,216,846
064902106,600,192,792
064902107,547,187,734
064902108,276,71,347
064902109,422,124,546
064902110,595,197,792
064902201,597,143,740
064902202,417,131,548
064902203,400,123,523
064902204,239,98,337
064902205,317,100,417
064902206,364,84,448
064902207,232,75,307
064902208,154,52,206
064902209,309,68,377
064902210,525,191,716
064902211,338,127,465
064902212,60,29,89
064902301,574,222,796
064902302,458,155,613
064902303,562,218,780
064902304,490,217,707
064902305,496,189,685
064902306,623,172,795
064902307,466,125,591
064902308,177,29,206
064902309,426,126,552
064902310,387,65,452
064902311,331,103,434
064902312,287,124,411
064902313,294,89,383
064902401,528,194,722
064902402,613,210,823
064902403,382,101,483
064902404,601,200,801
064902405,488,204,692
064902406,483,203,686
064902407,340,110,450
064902408,265,65,330
064902409,243,46,289
064902410,367,118,485
064902411,247,100,347
064902501,644,290,934
064902502,518,245,763
064902503,492,256,748
064902504,451,255,706
064902505,434,219,653
064902506,580,226,806
064902507,525,239,764
064902508,639,341,980
064902601,553,301,854
064902602,466,248,714
064902603,598,299,897
064902604,280,152,432
064902605,393,221,614
064902606,596,292,888
064902607,728,365,1093
064902608,420,258,678
064902609,264,160,424
064902610,761,290,1051
064902611,486,267,753
064902612,498,289,787
064902613,525,303,828
064902701,540,283,823
064902702,731,561,1292
064902703,561,343,904
064902704,445,250,695
064902705,808,478,1286
064902706,570,319,889
064902707,556,313,869
064902708,562,341,903
064902709,554,307,861
064902710,837,524,1361
064902711,903,557,1460
064902712,650,640,1290
064902713,293,268,561
064902801,503,444,947
064902802,380,284,664
064902803,670,420,1090
064902804,833,548,1381
064902805,562,312,874
064902806,727,431,1158
064902807,405,261,666
064902808,364,212,576
064902809,362,206,568
064902810,684,584,1268
064902811,469,334,803
064902901,623,666,1289
064902902,783,710,1493
064902903,540,529,1069
064902904,599,627,1226
064902905,471,692,1163
064902906,596,916,1512
064902907,708,692,1400
064902908,649,811,1460
064902909,734,602,1336
064902910,651,483,1134
064902911,770,617,1387
064903001,412,484,896
064903002,800,1056,1856
064903003,470,480,950
064903004,479,438,917
064903005,923,551,1474
064903006,520,514,1034
064903007,501,413,914
064903008,503,462,965
064903009,558,395,953
064903010,616,440,1056
064903101,369,477,846
064903102,383,594,977
064903103,606,820,1426
064903104,522,889,1411
064903105,481,717,1198
064903106,386,982,1368
064903107,487,780,1267
064903108,646,836,1482
064903109,459,610,1069
064903110,482,402,884
064903201,700,981,1681
064903202,764,831,1595
064903203,534,855,1389
064903204,466,670,1136
064903205,409,547,956
064903206,643,1165,1808
064903207,464,712,1176
064903208,533,977,1510
064903209,349,485,834
064903210,474,640,1114
064903301,353,424,777
064903302,468,582,1050
064903303,658,830,1488
064903304,440,640,1080
064903305,710,932,1642
064903306,451,720,1171
064903307,298,556,854
064903308,356,712,1068
064903309,488,846,1334
064903310,561,788,1349
064903401,702,1366,2068
064903402,614,835,1449
064903403,407,687,1094
064903404,344,963,1307
064903405,595,916,1511
064903406,398,618,1016
064903407,416,594,1010
064903408,390,471,861
064903409,384,606,990
064903410,431,844,1275
064903411,470,838,1308
064903412,389,830,1219
064903413,483,910,1393
064903414,431,889,1320
064903415,324,546,870
064903501,306,542,848
064903502,362,502,864
064903503,352,917,1269
064903504,386,885,1271
064903505,268,876,1144
064903506,381,1087,1468
064903507,283,786,1069
064903508,574,1053,1627
064903509,321,572,893
064903510,424,701,1125
064903511,326,617,943
064903512,371,579,950
064903513,701,1048,1749
064903514,603,840,1443
064903515,370,479,849
064903516,291,401,692
064903517,516,588,1104
064903518,532,733,1265
064903601,632,911,1543
064903602,596,990,1586
064903603,399,570,969
064903604,463,783,1246
064903605,428,591,1019
064903606,491,720,1211
064903607,407,690,1097
064903608,383,639,1022
064903609,394,592,986
064903610,624,829,1453
064903611,508,566,1074
064903612,379,765,1144
064903701,495,706,1201
064903702,386,573,959
064903703,302,472,774
064903704,363,497,860
064903705,415,580,995
064903706,561,610,1171
064903707,368,563,931
064903708,272,463,735
064903709,825,1041,1866
064903710,520,815,1335
064903711,728,1076,1804
064903712,460,719,1179
064903713,614,953,1567
064903714,517,987,1504
064903801,305,433,738
064903802,446,820,1266
064903803,189,486,675
064903804,278,539,817
064903805,409,1034,1443
064903806,384,780,1164
064903807,499,777,1276
064903808,660,1128,1788
064903809,411,634,1045
064903810,412,596,1008
064903811,527,755,1282
064903812,411,506,917
064903813,315,433,748
064903814,349,486,835
064903815,325,334,659
064903816,730,1053,1783
064903817,817,1053,1870
064903901,267,816,1083
064903902,156,512,668
064903903,749,2297,3046
064903904,531,1187,1718
064903905,455,1241,1696
064903906,498,1059,1557
064903907,213,493,706
064903908,331,717,1048
064903909,394,851,1245
064903910,327,654,981
064903911,532,1114,1646
064903912,372,697,1069
064903913,271,553,824
064903914,499,877,1376
064903915,670,1522,2192
064903916,418,839,1257
064904001,243,652,895
064904002,365,563,928
064904003,356,832,1188
064904004,496,1220,1716
064904005,348,675,1023
064904006,809,1438,2247
064904007,521,955,1476
064904008,505,1115,1620
064904009,471,1549,2020
064904010,480,1019,1499
064904011,361,816,1177
064904012,450,1280,1730
064904013,488,1220,1708
064904101,21,18,39
064904102,60,48,108
064904201,521,268,789
064904202,604,327,931
064904203,485,285,770
064904204,608,279,887
064904205,484,238,722
064904206,634,274,908
064904207,680,361,1041
064904208,508,293,801
064904301,24,14,38
064904302,376,231,607
064904303,491,293,784
064904304,604,394,998
064904305,5,0,5
064904306,421,546,967
064904307,377,511,888
064904308,364,378,742
064904309,783,607,1390
064904310,635,411,1046
064904311,357,222,579
064904312,470,379,849
064904313,496,380,876
064904314,383,266,649
064904401,508,277,785
064904402,595,403,998
064904403,536,325,861
064904404,670,523,1193
064904405,701,651,1352
064904406,732,498,1230
064904407,703,311,1014
064904408,643,407,1050
064904409,753,750,1503
064904410,422,387,809
064904411,374,350,724
064904412,437,442,879
064904413,510,501,1011
064904501,463,343,806
064904502,666,380,1046
064904503,606,498,1104
064904504,698,518,1216
064904505,726,402,1128
064904506,627,419,1046
064904507,325,170,495
064904508,449,200,649
064904601,605,185,790
064904602,433,193,626
064904603,585,178,763
064904604,495,283,778
064904605,220,83,303
064904606,323,142,465
064904607,590,240,830
064904608,476,253,729
064904609,522,287,809
064904610,31,32,63
064904611,589,405,994
064904612,502,248,750
064904701,164,59,223
064904702,546,275,821
064904703,370,200,570
064904704,388,200,588
064904705,524,234,758
064904706,440,182,622
064904707,646,292,938
064904708,569,262,831
064904709,429,222,651
064904710,550,169,719
064904711,623,195,818
064904712,565,202,767
064904713,487,179,666
064904801,637,158,795
064904802,643,138,781
064904803,551,143,694
064904804,621,229,850
064904805,356,110,466
064904806,294,100,394
064904807,574,193,767
064904808,619,189,808
064904809,409,93,502
064904810,478,183,661
064904811,479,206,685
064904901,561,154,715
064904902,675,195,870
064904903,549,98,647
064904904,761,246,1007
064904905,550,146,696
064904906,711,288,999
064904907,607,181,788
064904908,359,138,497
064904909,414,162,576
064904910,625,232,857
064904911,617,186,803
064905001,678,253,931
064905002,790,258,1048
064905003,535,154,689
064905004,190,147,337
064905005,513,225,738
064905006,760,274,1034
064905007,653,280,933
064905008,630,229,859
064905009,406,174,580
064905010,790,375,1165
064905011,492,190,682
064905101,434,288,722
064905102,568,287,855
064905103,396,261,657
064905104,330,243,573
064905105,788,459,1247
064905106,571,424,995
064905107,644,453,1097
064905108,666,334,1000
064905109,517,256,773
064905110,341,146,487
064905111,289,157,446
065150101,313,324,637
065150102,0,2,2
065150103,770,983,1753
065150104,843,745,1588
065150105,867,838,1705
065150106,629,673,1302
065150107,471,406,877
065150108,796,1039,1835
065150109,398,588,986
065150110,640,984,1624
065150111,657,994,1651
065150112,682,1200,1882
065150113,923,1206,2129
065150201,124,132,256
065150202,563,486,1049
065150203,279,271,550
065150204,57,47,104
065150205,419,264,683
065150206,445,140,585
065150207,736,685,1421
065150208,1019,217,1236
065150209,639,577,1216
065150210,732,1098,1830
065150211,738,469,1207
065150212,556,532,1088
065150213,290,555,845
065150214,664,995,1659
065150215,693,694,1387
065150216,398,712,1110
065150301,618,663,1281
065150302,572,822,1394
065150303,564,826,1390
065150304,628,612,1240
065150305,365,441,806
065150306,559,515,1074
065150307,546,536,1082
065150308,475,360,835
065150309,478,457,935
065150310,503,524,1027
065150311,434,440,874
065150312,576,436,1012
065150313,449,279,728
065150314,566,306,872
065150401,576,569,1145
065150402,536,504,1040
065150403,674,567,1241
065150404,526,170,696
065150405,651,280,931
065150406,752,742,1494
065150407,530,549,1079
065150408,655,671,1326
065150409,517,596,1113
065150410,432,567,999
065150411,306,438,744
065150501,413,472,885
065150502,448,399,847
065150503,897,746,1643
065150504,828,720,1548
065150505,620,288,908
065150506,681,374,1055
065150507,763,316,1079
065150508,425,243,668
065150509,716,410,1126
065150510,160,151,311
065150511,1345,214,1559
065150512,677,739,1416
065150601,500,436,936
065150602,617,448,1065
065150603,423,404,827
065150604,541,424,965
065150605,362,262,624
065150606,767,408,1175
065150607,739,492,1231
065150608,588,307,895
065150609,775,653,1428
065150610,437,445,882
065150611,384,306,690
065150612,452,273,725
065150613,333,263,596
065150614,530,438,968
065150615,440,254,694
065150616,556,348,904
065150701,776,1033,1809
065150702,520,603,1123
065150703,565,477,1042
065150704,885,1089,1974
065150705,500,491,991
065150706,581,538,1119
065150707,678,509,1187
065150708,860,570,1430
065150709,826,739,1565
065150710,461,445,906
065150711,286,344,630
065150712,763,783,1546
065150713,550,291,841
065150714,493,392,885
065150801,777,366,1143
065150802,602,380,982
065150803,548,502,1050
065150804,474,371,845
065150805,451,333,784
065150806,448,390,838
065150807,645,469,1114
065150808,655,465,1120
065150809,628,596,1224
065150810,577,580,1157
065150811,594,643,1237
065150812,650,328,978
065150901,476,325,801
065150902,780,496,1276
065150903,531,379,910
065150904,435,328,763
065150905,743,612,1355
065150906,606,417,1023
065150907,383,250,633
065150908,465,372,837
065150909,773,527,1300
065150910,880,577,1457
065150911,511,422,933
065150912,571,498,1069
065150913,668,798,1466
065150914,663,587,1250
065151001,569,475,1044
065151002,853,767,1620
065151003,721,580,1301
065151004,484,281,765
065151005,570,278,848
065151006,793,355,1148
065151007,227,52,279
065151008,852,476,1328
065151009,632,511,1143
065151010,462,275,737
065151011,379,415,794
065151012,316,250,566
065151013,594,411,1005
065151014,603,522,1125
065151015,531,348,879
065151101,648,411,1059
065151102,802,464,1266
065151103,731,497,1228
065151104,417,327,744
065151105,358,329,687
065151106,454,316,770
065151107,446,313,759
065151108,455,440,895
065151109,669,544,1213
065151110,638,642,1280
065151111,462,382,844
065151112,439,419,858
065151113,561,467,1028
065151201,499,260,759
065151202,560,202,762
065151203,464,661,1125
065151204,451,403,854
065151205,564,540,1104
065151206,482,441,923
065151207,867,690,1557
065151208,465,384,849
065151209,789,660,1449
065151210,493,477,970
065151211,720,469,1189
065151212,601,507,1108
065151213,490,528,1018
065151214,434,542,976
065151215,476,446,922
065151216,509,485,994
065151217,377,393,770
065151301,509,571,1080
065151302,521,614,1135
065151303,467,460,927
065151304,506,526,1032
065151305,757,582,1339
065151306,796,645,1441
065151307,458,302,760
065151308,543,350,893
065151309,838,538,1376
065151310,744,485,1229
065151311,774,569,1343
065151312,705,593,1298
065151313,584,376,960
065151314,436,475,911
065151401,482,659,1141
065151402,401,582,983
065151403,432,879,1311
065151404,756,1117,1873
065151405,263,368,631
065151406,448,586,1034
065151407,334,513,847
065151408,853,830,1683
065151409,385,456,841
065151410,616,664,1280
065151411,499,504,1003
065151501,777,500,1277
065151502,541,400,941
065151503,663,654,1317
065151504,687,563,1250
065151505,703,702,1405
065151506,668,683,1351
065151507,668,718,1386
065151508,619,760,1379
065151509,680,501,1181
065151510,658,718,1376
065151511,638,744,1382
065151512,565,515,1080
065151513,675,626,1301
065151601,595,241,836
065151602,566,428,994
065151603,543,260,803
065151604,412,287,699
065151605,427,271,698
065151606,579,444,1023
065151607,798,438,1236
065151608,877,444,1321
065151609,529,299,828
065151701,660,536,1196
065151702,651,532,1183
065151703,328,227,555
065151704,415,159,574
065151705,487,128,615
065151706,714,737,1451
065151707,696,340,1036
065151708,286,188,474
065151709,208,90,298
065151710,499,665,1164
065151801,681,1018,1699
065151802,486,566,1052
065151803,716,733,1449
065151804,532,964,1496
065151805,470,746,1216
065151806,596,826,1422
065151807,474,858,1332
065151808,441,634,1075
065151809,352,432,784
065151810,468,634,1102
065151811,464,622,1086
065151812,566,862,1428
065151813,752,448,1200
065151901,843,738,1581
065151902,503,577,1080
065151903,607,924,1531
065151904,731,841,1572
065151905,476,662,1138
065151906,386,510,896
065151907,838,976,1814
065151908,645,788,1433
065151909,607,605,1212
065151910,768,810,1578
065151911,849,897,1746
065151912,448,444,892
065151913,299,227,526
065151914,446,403,849
065152001,865,773,1638
065152002,472,440,912
065152003,490,647,1137
065152004,413,525,938
065152005,512,479,991
065152006,367,387,754
065152007,426,407,833
065152008,585,567,1152
065152009,620,600,1220
065152010,780,777,1557
065152011,383,348,731
065152012,333,449,782
065152013,616,780,1396
065152014,839,909,1748
065152015,729,655,1384
065152101,341,68,409
065152102,378,102,480
065152103,499,131,630
065152104,513,288,801
065152105,579,300,879
065152106,552,314,866
065152107,426,259,685
065152108,581,399,980
065152109,723,489,1212
065152110,687,326,1013
065152111,601,341,942
065152112,492,346,838
065152113,648,265,913
065152114,496,243,739
065152115,446,254,700
065390101,590,819,1409
065390102,578,561,1139
065390103,511,446,957
065390104,616,392,1008
065390105,717,572,1289
065390106,708,826,1534
065390107,464,767,1231
065390108,468,716,1184
065390109,344,527,871
065390110,427,445,872
065390111,602,579,1181
065390112,503,396,899
065390113,481,398,879
065390114,650,450,1100
065390201,429,289,718
065390202,387,367,754
065390203,442,520,962
065390204,779,535,1314
065390205,422,398,820
065390206,689,544,1233
065390207,696,480,1176
065390208,783,417,1200
065390209,353,229,582
065390210,389,333,722
065390211,589,303,892
065390212,462,270,732
065390213,470,281,751
065390214,439,225,664
065390301,633,320,953
065390302,577,362,939
065390303,565,319,884
065390304,611,639,1250
065390305,740,161,901
065390306,486,217,703
065390307,604,291,895
065390308,372,146,518
065390309,558,228,786
065390310,803,469,1272
065390311,803,338,1141
065390401,1001,396,1397
065390402,946,360,1306
065390403,816,325,1141
065390404,949,532,1481
065390405,643,320,963
065390406,994,364,1358
065390407,307,110,417
065390408,744,289,1033
065390409,845,392,1237
065390410,496,192,688
065390411,638,266,904
065390412,557,217,774
065390413,444,197,641
065390414,322,159,481
065390501,514,280,794
065390502,774,428,1202
065390503,798,460,1258
065390504,680,380,1060
065390505,488,306,794
065390506,526,289,815
065390507,795,397,1192
065390508,665,303,968
065390509,770,418,1188
065390601,822,457,1279
065390602,545,260,805
065390603,516,284,800
065390604,426,486,912
065390605,405,322,727
065390606,742,617,1359
065390607,744,795,1539
065390608,605,575,1180
065390609,516,358,874
065390701,734,450,1184
065390702,608,431,1039
065390703,749,564,1313
065390704,893,842,1735
065390705,550,627,1177
065390706,614,571,1185
065390707,328,350,678
065390708,516,456,972
065390709,774,503,1277
065390801,377,313,690
065390802,553,335,888
065390803,608,598,1206
065390804,417,447,864
065390805,678,804,1482
065390806,461,536,997
065390807,495,515,1010
065390808,762,1181,1943
065390809,564,742,1306
065390810,533,508,1041
065390811,489,461,950
065390812,1378,1498,2876
065390813,594,599,1193
065390814,510,494,1004
065390815,544,549,1093
065390901,37,55,92
065390902,237,322,559
065390903,463,675,1138
065390904,454,884,1338
065390905,653,715,1368
065390906,749,923,1672
065390907,905,1130,2035
065390908,639,952,1591
065390909,134,187,321
065390910,802,673,1475
065390911,494,376,870
065390912,565,786,1351
065391001,508,823,1331
065391002,616,807,1423
065391003,621,773,1394
065391004,449,623,1072
065391005,307,373,680
065391006,372,514,886
065391007,901,1770,2671
065391008,639,1350,1989
065391009,554,1081,1635
065391010,711,1035,1746
065391011,680,925,1605
065391012,783,987,1770
065391013,762,799,1561
065391014,703,704,1407
065391015,603,513,1116
065391016,703,980,1683
065391017,200,222,422
065391101,543,410,953
065391102,681,676,1357
065391103,402,575,977
065391104,477,688,1165
065391105,366,652,1018
065391106,396,471,867
065391107,816,913,1729
065391108,865,939,1804
065391109,480,773,1253
065391110,575,787,1362
065391111,562,697,1259
065391112,397,426,823
065391113,591,543,1134
065391114,649,915,1564
065391115,620,750,1370
065391116,578,812,1390
065391201,546,712,1258
065391202,484,484,968
065391203,565,661,1226
065391204,796,973,1769
065391205,442,641,1083
065391206,507,552,1059
065391207,536,535,1071
065391208,570,801,1371
065391209,441,919,1360
065391210,545,662,1207
065391211,472,535,1007
065391212,588,770,1358
065391213,480,676,1156
065391214,537,633,1170
065391215,455,517,972
065391301,833,762,1595
065391302,479,476,955
065391303,507,476,983
065391304,631,735,1366
065391305,484,524,1008
065391306,518,666,1184
065391307,526,495,1021
065391308,576,459,1035
065391309,322,469,791
065391401,627,305,932
065391402,419,198,617
065391403,485,310,795
065391404,406,288,694
065391405,404,296,700
065391406,789,543,1332
065391407,881,800,1681
065391408,565,606,1171
065391409,887,676,1563
065391410,496,284,780
065391411,491,322,813
065391412,525,454,979
065391413,538,435,973
065391414,450,470,920
065391415,503,401,904
065391416,464,423,887
065391501,411,173,584
065391502,471,185,656
065391503,349,147,496
065391504,542,650,1192
065391505,240,119,359
065391506,435,151,586
065391507,527,259,786
065391508,457,207,664
065391509,382,304,686
065391510,350,215,565
065391511,552,342,894
065391601,463,268,731
065391602,792,493,1285
065391603,361,176,537
065391604,365,136,501
065391605,337,146,483
065391606,485,172,657
065391607,734,363,1097
065391608,397,258,655
065391609,408,242,650
065391610,590,258,848
065391611,608,249,857
065391701,523,617,1140
065391702,571,518,1089
065391703,500,531,1031
065391704,489,562,1051
065391705,519,629,1148
065391706,472,470,942
065391707,398,453,851
065391708,471,312,783
065391709,307,191,498
065391710,539,361,900
065391711,415,320,735
065391712,439,259,698
065391713,510,270,780
065391714,426,296,722
065391715,393,241,634
065391716,288,163,451
065391717,452,184,636
065391801,767,583,1350
065391802,694,471,1165
065391803,765,680,1445
065391804,553,366,919
065391805,646,625,1271
065391806,642,739,1381
065391807,615,856,1471
065391808,631,757,1388
065391809,691,622,1313
065391901,486,537,1023
065391902,538,612,1150
065391903,490,537,1027
065391904,483,480,963
065391905,654,492,1146
065391906,496,465,961
065391907,467,555,1022
065391908,444,495,939
065391909,472,500,972
065392001,418,343,761
065392002,13,14,27
065392003,503,413,916
065392004,562,410,972
065392005,501,529,1030
065392006,576,682,1258
065392007,332,297,629
065392008,826,687,1513
065392009,798,762,1560
065392010,697,975,1672
065392011,653,712,1365
065392012,673,851,1524
065392013,456,457,913
065392014,416,542,958
065392101,491,338,829
065392102,434,288,722
065392103,768,476,1244
065392104,835,531,1366
065392105,438,369,807
065392106,444,336,780
065392107,510,313,823
065392108,452,293,745
065392201,810,731,1541
065392202,929,757,1686
065392203,885,562,1447
065392204,595,502,1097
065392205,816,510,1326
065392206,758,580,1338
065392207,833,694,1527
065392208,839,733,1572
065392301,441,510,951
065392302,564,696,1260
065392303,529,571,1100
065392304,499,533,1032
065392305,732,757,1489
065392306,686,656,1342
065392307,505,543,1048
065392308,605,619,1224
065392309,574,749,1323
065392310,543,650,1193
065392311,502,774,1276
065392312,634,993,1627
065392313,497,885,1382
065392314,483,713,1196
065392401,765,814,1579
065392402,475,480,955
065392403,419,414,833
065392404,729,742,1471
065392405,467,583,1050
065392406,493,433,926
065392407,405,531,936
065392408,350,475,825
065392409,368,500,868
065392410,354,489,843
065392411,449,579,1028
065392412,350,584,934
065392413,471,555,1026
065392414,664,921,1585
065392415,774,963,1737
065392501,864,679,1543
065392502,581,662,1243
065392503,822,871,1693
065392504,401,421,822
065392505,448,529,977
065392506,475,488,963
065392507,509,625,1134
065392508,630,725,1355
065392509,842,812,1654
065392510,641,653,1294
065392511,385,510,895
065392512,378,452,830
065392601,655,795,1450
065392602,777,861,1638
065392603,430,624,1054
065392604,462,602,1064
065392605,597,681,1278
065392606,515,735,1250
065392607,637,1097,1734
065392608,656,746,1402
065392609,510,798,1308
065392610,536,682,1218
065392611,471,534,1005
065392612,590,818,1408
065392613,326,429,755
065392614,369,581,950
065392701,568,1034,1602
065392702,447,915,1362
065392703,720,755,1475
065392704,540,643,1183
065392705,493,622,1115
065392706,655,833,1488
065392707,559,716,1275
065392708,647,739,1386
065392709,581,724,1305
065392710,496,617,1113
065392711,559,824,1383
065392712,658,870,1528
065392801,371,620,991
065392802,468,672,1140
065392803,466,635,1101
065392804,632,882,1514
065392805,528,811,1339
065392806,708,967,1675
065392807,571,742,1313
065392808,726,796,1522
065392809,444,618,1062
065392810,610,875,1485
065392811,630,794,1424
065392812,457,522,979
065392901,17,125,142
065392902,64,144,208
065392903,143,151,294
065392904,112,145,257
065392905,114,242,356
065392906,207,285,492
065392907,221,253,474
065392908,119,245,364
065392909,173,312,485
065392910,34,112,146
065392911,240,479,719
065392912,113,183,296
065392913,34,160,194
065392914,485,418,903
065392915,235,323,558
065392916,524,864,1388
065392917,28,36,64
065392918,323,669,992
065392919,233,530,763
065392920,569,1052,1621
065392921,502,819,1321
065392922,661,550,1211
065392923,554,412,966
065392924,721,838,1559
065392925,449,622,1071
065393001,501,1053,1554
065393002,664,891,1555
065393003,676,366,1042
065393004,685,737,1422
065393005,335,793,1128
065393006,288,647,935
065393007,256,459,715
065393008,393,475,868
065393009,569,650,1219
065393010,577,474,1051
065393011,518,582,1100
065393012,501,547,1048
065393013,582,734,1316
065393014,744,1056,1800
065393015,537,431,968
065393016,675,437,1112
065393101,565,728,1293
065393102,677,795,1472
065393103,478,906,1384
065393104,818,891,1709
065393105,490,571,1061
065393106,681,832,1513
065393107,652,1049,1701
065393108,491,546,1037
065393109,517,764,1281
065393110,596,798,1394
065393111,653,667,1320
065393112,629,484,1113
065393113,547,656,1203
065393114,406,460,866
065393115,435,675,1110
065393116,626,765,1391
065393117,550,690,1240
065393201,563,920,1483
065393202,553,902,1455
065393203,588,1103,1691
065393204,310,844,1154
065393205,460,1087,1547
065393206,407,1089,1496
065393207,430,1017,1447
065393208,504,895,1399
065393209,397,422,819
065393210,437,495,932
065393211,565,963,1528
065393212,34,111,145
065393213,293,586,879
065393214,262,671,933
065393215,662,963,1625
065393301,486,597,1083
065393302,379,612,991
065393303,468,608,1076
065393304,315,525,840
065393305,179,511,690
065393306,385,701,1086
065393307,531,929,1460
065393308,682,839,1521
065393309,587,1079,1666
065393310,484,624,1108
065393311,249,339,588
065393312,637,449,1086
065393313,747,534,1281
065393314,347,310,657
065393315,213,341,554
065393316,9,30,39
065393401,447,681,1128
065393402,418,952,1370
065393403,374,872,1246
065393404,422,761,1183
065393405,495,828,1323
065393406,399,844,1243
065393407,637,757,1394
065393408,604,816,1420
065393409,512,992,1504
065393410,442,699,1141
065393411,474,614,1088
065393412,525,578,1103
065393413,656,491,1147
065393414,740,736,1476
065393415,442,504,946
065393416,58,89,147
065393417,453,584,1037
065393418,349,395,744
065600101,464,957,1421
065600102,492,930,1422
065600103,563,831,1394
065600104,436,818,1254
065600105,699,1176,1875
065600106,337,685,1022
065600107,374,603,977
065600108,632,776,1408
065600109,460,885,1345
065600110,423,736,1159
065600111,488,733,1221
065600112,552,541,1093
065600113,617,478,1095
065600114,793,1135,1928
065600115,254,675,929
065600201,618,853,1471
065600202,629,889,1518
065600203,591,853,1444
065600204,666,1094,1760
065600205,568,768,1336
065600206,558,1098,1656
065600207,592,803,1395
065600208,602,816,1418
065600209,622,942,1564
065600210,691,827,1518
065600211,650,2400,3050
065600212,453,696,1149
065600213,444,784,1228
065600214,535,811,1346
065600215,456,1037,1493
065600216,589,1480,2069
065600301,1272,2734,4006
065600302,623,1136,1759
065600303,457,646,1103
065600304,389,619,1008
065600305,392,618,1010
065600306,452,576,1028
065600307,768,1098,1866
065600308,318,969,1287
065600309,628,953,1581
065600310,619,751,1370
065600311,612,680,1292
065600312,616,520,1136
065600313,291,366,657
065600314,353,500,853
065600315,579,750,1329
065600316,89,193,282
065600401,454,608,1062
065600402,451,486,937
065600403,857,953,1810
065600404,809,887,1696
065600405,532,767,1299
065600406,370,488,858
065600407,464,466,930
065600408,409,366,775
065600409,493,767,1260
065600410,549,769,1318
065600411,478,610,1088
065600412,493,538,1031
065600413,434,452,886
065600414,430,425,855
065600415,405,398,803
065600416,441,494,935
065600417,626,701,1327
065600418,429,460,889
065600419,687,764,1451
065600420,633,699,1332
065600501,336,359,695
065600502,645,641,1286
065600503,278,388,666
065600504,647,619,1266
065600505,116,183,299
065600506,76,126,202
065600507,527,671,1198
065600508,139,158,297
065600509,152,132,284
065600510,601,737,1338
065600511,548,523,1071
065600512,449,559,1008
065600513,737,755,1492
065600514,635,626,1261
065600515,494,476,970
065600601,656,576,1232
065600602,636,901,1537
065600603,694,785,1479
065600604,370,543,913
065600605,1078,1353,2431
065600606,706,815,1521
065600607,1879,2492,4371
065600608,596,756,1352
065600609,680,779,1459
065600610,472,694,1166
065600611,628,710,1338
065600612,571,773,1344
065600613,333,509,842
065600614,352,385,737
065600615,382,495,877
065600616,462,792,1254
065600617,454,823,1277
065600618,381,619,1000
065600701,401,390,791
065600702,639,461,1100
065600703,707,404,1111
065600704,541,387,928
065600705,704,550,1254
065600706,847,768,1615
065600707,342,484,826
065600708,135,229,364
065600709,423,378,801
065600710,300,421,721
065600711,279,395,674
065600712,324,378,702
065600713,576,798,1374
065600714,635,942,1577
065600715,548,891,1439
065600716,698,1078,1776
065600717,652,778,1430
065600718,510,552,1062
065600801,679,403,1082
065600802,460,595,1055
065600803,529,454,983
065600804,530,395,925
065600805,501,449,950
065600806,575,455,1030
065600807,611,675,1286
065600808,680,671,1351
065600809,432,424,856
065600810,508,405,913
065600811,525,375,900
065600812,347,414,761
065600901,366,405,771
065600902,143,199,342
065600903,84,114,198
065600904,231,274,505
065600905,205,196,401
065600906,200,177,377
065600907,299,188,487
065600908,132,173,305
065600909,201,168,369
065600910,102,79,181
065600911,69,109,178
065600912,160,156,316
065601001,352,149,501
065601002,689,187,876
065601003,506,489,995
065601004,722,584,1306
065601005,644,689,1333
065601006,678,670,1348
065601007,860,740,1600
065601008,548,635,1183
065601009,561,662,1223
065601010,632,742,1374
065601011,644,579,1223
065601012,658,513,1171
065601013,583,484,1067
065601101,514,469,983
065601102,663,602,1265
065601103,378,400,778
065601104,426,441,867
065601105,374,496,870
065601106,437,506,943
065601107,712,693,1405
065601108,789,571,1360
065601109,643,706,1349
065601110,602,885,1487
065601111,780,722,1502
065601112,618,673,1291
065601113,757,634,1391
065601114,592,534,1126
065601115,566,487,1053
065601116,428,295,723
065601117,462,338,800
065601201,513,707,1220
065601202,485,661,1146
065601203,653,910,1563
065601204,385,371,756
065601205,505,602,1107
065601206,466,393,859
065601207,474,455,929
065601208,410,455,865
065601209,849,730,1579
065601210,465,470,935
065601211,439,287,726
065601212,500,443,943
065601213,568,374,942
065601214,850,500,1350
065601215,442,350,792
065601216,460,272,732
065601301,441,777,1218
065601302,591,810,1401
065601303,815,968,1783
065601304,479,593,1072
065601305,572,805,1377
065601306,456,505,961
065601307,736,847,1583
065601308,628,518,1146
065601309,504,542,1046
065601310,866,787,1653
065601311,793,865,1658
065601401,626,1234,1860
065601402,649,856,1505
065601403,408,732,1140
065601404,502,780,1282
065601405,485,1050,1535
065601406,572,987,1559
065601407,321,692,1013
065601408,687,1193,1880
065601409,296,616,912
065601410,415,508,923
065601411,463,619,1082
065601412,551,785,1336
065601413,694,509,1203
065601414,571,683,1254
065601501,367,674,1041
065601502,237,490,727
065601503,460,622,1082
065601504,426,665,1091
065601505,378,615,993
065601506,462,560,1022
065601507,354,471,825
065601508,1097,1917,3014
065601509,697,1137,1834
065601510,362,707,1069
065601511,611,814,1425
065601512,605,938,1543
065601513,555,876,1431
065601514,539,934,1473
065601515,702,843,1545
065601516,532,676,1208
065601601,526,570,1096
065601602,414,538,952
065601603,474,609,1083
065601604,414,720,1134
065601605,558,609,1167
065601606,637,778,1415
065601607,520,691,1211
065601608,588,891,1479
065601609,548,798,1346
065601610,688,567,1255
065601611,722,687,1409
065601612,762,847,1609
065601613,637,734,1371
065601614,741,698,1439
065601615,565,332,897
065601616,450,268,718
065601701,453,931,1384
065601702,327,824,1151
065601703,333,799,1132
065601704,149,524,673
065601705,610,134,744
065601706,426,270,696
065601707,380,162,542
065601708,260,20,280
065601709,172,17,189
065601710,319,40,359
065601711,510,44,554
065601712,278,111,389
065601713,223,706,929
065601714,225,493,718
065601715,273,297,570
065601716,317,548,865
065601717,376,522,898
065601718,337,308,645
065601719,550,844,1394
065601720,353,408,761
065601721,310,411,721
065601722,659,70,729
065601723,637,88,725
065601724,662,73,735
065601801,380,377,757
065601802,587,617,1204
065601803,356,429,785
065601804,417,318,735
065601805,334,277,611
065601806,1496,240,1736
065601807,560,89,649
065601808,348,194,542
065601809,658,786,1444
065601810,846,793,1639
065601811,681,687,1368
065601812,538,247,785
065601813,600,323,923
065601814,738,747,1485
065601815,658,639,1297
065601901,427,448,875
065601902,411,563,974
065601903,504,824,1328
065601904,397,685,1082
065601905,322,338,660
065601906,293,368,661
065601907,561,382,943
065601908,502,346,848
065601909,507,429,936
065601910,519,795,1314
065601911,506,299,805
065601912,399,296,695
065601913,294,312,606
065601914,397,430,827
065601915,601,677,1278
065601916,280,430,710
065601917,196,349,545
065601918,226,168,394
065601919,187,451,638
065601920,227,421,648
065602001,707,1566,2273
065602002,549,827,1376
065602003,547,862,1409
065602004,548,789,1337
065602005,357,740,1097
065602006,515,827,1342
065602007,408,921,1329
065602008,344,845,1189
065602009,493,742,1235
065602010,409,900,1309
065602011,507,470,977
065602012,565,410,975
065602013,813,783,1596
065602014,538,631,1169
065602101,586,647,1233
065602102,319,324,643
065602103,313,559,872
065602104,243,446,689
065602105,362,480,842
065602106,429,486,915
065602107,503,1081,1584
065602108,598,816,1414
065602109,644,654,1298
065602110,424,368,792
065602111,833,681,1514
065602112,354,517,871
065602113,542,553,1095
065602201,410,571,981
065602202,622,406,1028
065602203,801,330,1131
065602204,743,487,1230
065602205,806,527,1333
065602206,416,382,798
065602207,464,309,773
065602208,766,378,1144
065602209,642,399,1041
065602210,689,428,1117
065602301,564,511,1075
065602302,596,450,1046
065602303,483,311,794
065602304,979,324,1303
065602305,694,377,1071
065602306,642,388,1030
065602307,630,309,939
065602308,362,175,537
065602309,311,147,458
065602310,385,194,579
065602311,205,135,340
065602312,358,133,491
065602313,565,260,825
065602314,410,170,580
065602315,439,225,664
065602316,571,237,808
065602317,673,266,939
065602401,372,165,537
065602402,309,159,468
065602403,459,220,679
065602404,509,259,768
065602405,558,285,843
065602406,541,361,902
065602407,617,382,999
065602408,535,328,863
065602409,415,206,621
065602410,379,176,555
065602411,495,193,688
065602412,300,157,457
065602413,396,152,548
065602414,431,181,612
065602415,336,141,477
065602416,519,287,806
065602417,770,610,1380
065602501,470,199,669
065602502,505,230,735
065602503,645,339,984
065602504,893,479,1372
065602505,461,211,672
065602506,543,249,792
065602507,484,296,780
065602508,707,613,1320
065602509,851,548,1399
065602510,992,460,1452
065602511,572,255,827
065602512,535,318,853
065602513,717,776,1493
065602514,560,555,1115
065680101,249,162,411
065680102,752,118,870
065680103,685,323,1008
065680201,553,233,786
065680202,386,132,518
065680203,656,271,927
065680204,536,208,744
065680205,537,266,803
065680206,613,317,930
065680207,599,350,949
065680208,644,422,1066
065680209,820,476,1296
065680210,447,205,652
065680211,644,367,1011
065680212,481,313,794
065680301,584,369,953
065680302,643,412,1055
065680303,618,357,975
065680304,500,315,815
065680305,442,301,743
065680306,448,286,734
065680307,378,289,667
065680308,468,438,906
065680309,531,423,954
065680310,370,517,887
065680311,687,479,1166
065680312,638,326,964
065680313,754,495,1249
065680314,993,1275,2268
065680315,877,1062,1939
065680316,554,799,1353
065680401,423,225,648
065680402,411,210,621
065680403,424,179,603
065680404,566,197,763
065680405,738,188,926
065680406,423,115,538
065680407,507,250,757
065680408,664,242,906
065680409,787,261,1048
065680410,634,171,805
065680411,756,191,947
065680501,585,206,791
065680502,878,340,1218
065680503,507,167,674
065680504,487,143,630
065680505,772,192,964
065680506,639,181,820
065680507,698,168,866
065680508,764,211,975
065680509,445,178,623
065680510,449,164,613
065680601,821,244,1065
065680602,615,207,822
065680603,586,205,791
065680604,626,195,821
065680605,634,206,840
065680606,616,180,796
065680607,767,215,982
065680608,562,197,759
065680609,696,287,983
065680610,383,82,465
065680611,275,78,353
065680701,501,344,845
065680702,551,279,830
065680703,398,223,621
065680704,433,263,696
065680705,518,272,790
065680706,873,193,1066
065680707,497,290,787
065680708,523,251,774
065680801,611,353,964
065680802,604,312,916
065680803,573,255,828
065680804,648,389,1037
065680805,730,351,1081
065680806,629,364,993
065680807,605,349,954
065680808,645,341,986
065680901,356,198,554
065680902,463,230,693
065680903,655,484,1139
065680904,425,244,669
065680905,415,191,606
065680906,502,248,750
065680907,685,359,1044
065680908,295,175,470
065680909,459,235,694
065680910,756,271,1027
065680911,425,170,595
065680912,411,159,570
065681001,595,401,996
065681002,279,211,490
065681003,271,209,480
065681004,513,321,834
065681005,511,326,837
065681006,407,224,631
065681007,326,253,579
065681008,642,372,1014
065681009,592,288,880
065681010,432,203,635
065681011,388,224,612
065681012,625,281,906
065681013,683,295,978
065681014,466,193,659
065681015,503,189,692
065681016,565,198,763
065681017,495,325,820
065681101,568,170,738
065681102,727,298,1025
065681103,516,127,643
065681104,384,93,477
065681105,456,149,605
065681106,589,176,765
065681107,598,196,794
065681108,745,224,969
065681109,433,131,564
065681110,434,127,561
065681111,491,179,670
065681112,634,214,848
065681201,515,190,705
065681202,603,257,860
065681203,645,241,886
065681204,488,193,681
065681205,685,306,991
065681206,723,344,1067
065681207,743,317,1060
065681208,467,124,591
065681209,449,187,636
065681210,548,219,767
065681301,440,144,584
065681302,370,171,541
065681303,534,196,730
065681304,588,242,830
065681305,594,276,870
065681306,746,347,1093
065681307,783,413,1196
065681308,667,388,1055
065681309,725,379,1104
065681310,732,505,1237
065681401,414,308,722
065681402,593,221,814
065681403,788,416,1204
065681404,367,178,545
065681405,377,138,515
065681406,374,166,540
065681407,607,224,831
065681408,472,189,661
065681409,586,238,824
065681410,647,236,883
065681501,487,271,758
065681502,646,339,985
065681503,511,320,831
065681504,779,474,1253
065681505,554,317,871
065681506,575,294,869
065681507,671,292,963
065681508,808,317,1125
065681509,433,139,572
065681510,649,190,839
065681601,659,448,1107
065681602,584,480,1064
065681603,507,281,788
065681604,825,438,1263
065681605,595,305,900
065681606,716,288,1004
065681607,504,199,703
065681608,442,166,608
065681609,797,413,1210
065681610,809,244,1053
065681611,639,233,872
065681612,749,240,989
065681701,737,269,1006
065681702,692,295,987
065681703,484,274,758
065681704,440,204,644
065681705,892,266,1158
065681706,843,364,1207
065681707,803,247,1050
065681708,786,235,1021
065681709,559,149,708
065681710,605,178,783
065681711,647,186,833
065681712,583,193,776
065681801,410,102,512
065681802,233,67,300
065681803,312,95,407
065681804,369,69,438
065681805,462,137,599
065681806,294,104,398
065681807,694,198,892
065681808,537,155,692
065681809,693,269,962
065681810,713,165,878
065681811,630,197,827
065681812,643,188,831
065681813,576,152,728
065681814,485,132,617
065681901,519,181,700
065681902,741,243,984
065681903,795,375,1170
065681904,448,226,674
065681905,550,202,752
065681906,910,294,1204
065681907,694,296,990
065681908,762,313,1075
065681909,707,382,1089
065681910,372,251,623
065681911,789,459,1248
065682001,709,234,943
065682002,435,124,559
065682003,465,152,617
065682004,542,200,742
065682005,441,140,581
065682006,371,131,502
065682007,447,147,594
065682008,711,243,954
065682009,857,237,1094
065682010,564,261,825
065682011,767,395,1162
065682012,633,275,908
065682013,500,222,722
065682014,501,207,708
065682101,254,99,353
065682102,215,93,308
065682103,222,73,295
065682104,374,135,509
065682105,201,67,268
065682106,156,60,216
065682107,43,23,66
065682108,184,73,257
065682109,232,83,315
065682110,237,104,341
065682111,176,90,266
065682112,371,92,463
065682113,563,279,842
065682201,364,139,503
065682202,273,83,356
065682203,295,79,374
065682204,402,128,530
065682205,257,86,343
065682206,476,156,632
065682207,292,107,399
065682208,398,132,530
065682209,363,128,491
065682210,370,125,495
065682211,286,88,374
065682212,359,107,466
065682213,556,178,734
065682214,723,286,1009
065682215,318,119,437
065682216,424,179,603
065682217,417,137,554
065682218,254,80,334
065682301,378,180,558
065682302,433,179,612
065682303,505,224,729
065682304,447,158,605
065682305,399,120,519
065682306,633,362,995
065682307,626,364,990
065682308,727,440,1167
065682309,532,346,878
065682310,516,193,709
065682311,459,251,710
065682401,705,353,1058
065682402,590,308,898
065682403,293,190,483
065682404,697,388,1085
065682405,645,347,992
065682406,455,265,720
065682407,448,307,755
065682408,781,460,1241
065682409,527,193,720
065682410,433,269,702
065682501,282,199,481
065682502,577,294,871
065682503,617,380,997
065682504,734,434,1168
065682505,398,257,655
065682506,849,587,1436
065682507,839,628,1467
065682508,740,515,1255
065682509,501,571,1072
065682510,410,683,1093
065682511,786,593,1379
065682512,731,531,1262
065682601,383,208,591
065682602,664,327,991
065682603,637,387,1024
065682604,396,206,602
065682605,301,183,484
065682606,388,239,627
065682607,753,497,1250
065682608,411,247,658
065682609,370,277,647
065682610,652,488,1140
065682611,678,444,1122
065682612,666,400,1066
065682701,25,24,49
065682702,539,738,1277
065682703,580,450,1030
065682704,604,426,1030
065682705,467,334,801
065682706,496,443,939
065682707,729,413,1142
065682708,544,289,833
065682709,599,386,985
065682710,501,303,804
065682711,624,349,973
065682801,835,549,1384
065682802,685,460,1145
065682803,987,665,1652
065682804,477,360,837
065682805,806,653,1459
065682806,748,513,1261
065682807,445,315,760
065682808,514,460,974
065682809,655,574,1229
065682810,649,710,1359
065682901,569,514,1083
065682902,555,437,992
065682903,454,403,857
065682904,470,510,980
065682905,473,403,876
065682906,466,405,871
065682907,561,532,1093
065682908,546,473,1019
065682909,522,559,1081
065682910,580,473,1053
065682911,999,1030,2029
065682912,566,655,1221
065682913,477,530,1007
065682914,479,496,975
065683001,723,506,1229
065683002,748,609,1357
065683003,805,593,1398
065683004,822,620,1442
065683005,494,382,876
065683006,552,364,916
065683007,743,673,1416
065683008,661,542,1203
065683009,560,457,1017
065683010,825,571,1396
065683011,755,555,1310
065683101,746,521,1267
065683102,752,460,1212
065683103,695,431,1126
065683104,880,661,1541
065683105,656,549,1205
065683106,581,511,1092
065683107,689,504,1193
065683108,399,274,673
065683109,526,552,1078
065683110,563,439,1002
065683111,378,288,666
065683112,669,600,1269
066580101,3,2,5
066580102,743,337,1080
066580103,689,234,923
066580104,502,160,662
066580105,559,243,802
066580106,652,255,907
066580107,488,179,667
066580108,476,196,672
066580109,540,350,890
066580110,982,708,1690
066580111,4,5,9
066580112,26,82,108
066580113,60,17,77
066580201,91,245,336
066580202,399,402,801
066580203,459,449,908
066580204,401,667,1068
066580205,373,366,739
066580206,543,777,1320
066580207,400,685,1085
066580208,566,553,1119
066580209,477,410,887
066580210,501,375,876
066580211,567,888,1455
066580212,567,309,876
066580301,379,721,1100
066580302,360,886,1246
066580303,670,455,1125
066580304,633,265,898
066580305,677,551,1228
066580306,542,369,911
066580307,653,439,1092
066580308,813,581,1394
066580309,757,485,1242
066580310,534,293,827
066580311,451,264,715
066580401,269,229,498
066580402,703,372,1075
066580403,724,387,1111
066580404,458,462,920
066580405,566,313,879
066580406,532,335,867
066580407,558,435,993
066580408,733,460,1193
066580409,544,332,876
066580410,538,326,864
066580411,604,408,1012
066580412,603,547,1150
066580413,403,247,650
066580414,517,90,607
066580415,472,372,844
066580501,458,193,651
066580502,303,178,481
066580503,528,328,856
066580504,379,229,608
066580505,462,242,704
066580506,569,372,941
066580507,771,419,1190
066580508,568,376,944
066580509,682,372,1054
066580510,323,167,490
066580511,612,439,1051
066580512,525,274,799
066580513,542,296,838
066580514,487,344,831
066580601,460,135,595
066580602,540,156,696
066580603,616,176,792
066580604,544,207,751
066580605,618,182,800
066580606,365,155,520
066580607,493,224,717
066580608,297,179,476
066580609,776,379,1155
066580610,685,347,1032
066580611,649,329,978
066580612,474,285,759
066580701,530,167,697
066580702,523,175,698
066580703,579,168,747
066580704,628,169,797
066580705,580,78,658
066580706,552,242,794
066580707,529,351,880
066580708,682,610,1292
066580709,513,598,1111
066580710,777,991,1768
066580711,562,266,828
066580801,318,70,388
066580802,292,74,366
066580803,262,77,339
066580804,587,167,754
066580805,497,153,650
066580806,327,69,396
066580807,386,120,506
066580808,284,101,385
066580809,395,146,541
066580810,254,77,331
066580811,395,163,558
066580812,267,110,377
066580813,180,82,262
066580814,280,87,367
066580815,216,87,303
066580901,744,248,992
066580902,722,206,928
066580903,559,132,691
066580904,82,35,117
066580905,254,114,368
066580906,438,124,562
066580907,287,98,385
066580908,289,73,362
066580909,316,76,392
066580910,487,145,632
066580911,321,79,400
066580912,351,105,456
066580913,398,148,546
066581001,301,805,1106
066581002,458,882,1340
066581003,457,354,811
066581004,423,251,674
066581005,777,196,973
066581006,455,161,616
066581007,722,264,986
066581008,545,181,726
066581009,490,172,662
066581010,493,277,770
066581011,573,424,997
066581012,539,1037,1576
066581013,250,557,807
066581101,559,286,845
066581102,451,195,646
066581103,398,195,593
066581104,381,155,536
066581105,286,123,409
066581106,498,236,734
066581107,581,180,761
066581108,640,132,772
066581109,595,174,769
066581110,599,168,767
066581111,474,160,634
066581112,562,185,747
066581113,432,149,581
066581201,746,517,1263
066581202,670,330,1000
066581203,801,409,1210
066581204,630,334,964
066581205,638,239,877
066581206,543,178,721
066581207,438,152,590
066581208,513,159,672
066581209,603,170,773
066581210,527,159,686
066581211,688,221,909
066581212,653,257,910
066581213,483,161,644
066581301,205,399,604
066581302,136,351,487
066581303,133,228,361
066581304,314,476,790
066581305,151,295,446
066581306,284,473,757
066581307,346,551,897
066581308,332,471,803
066581309,244,606,850
066581310,276,487,763
066581401,185,388,573
066581402,80,166,246
066581403,114,206,320
066581404,294,399,693
066581405,231,257,488
066581406,150,341,491
066581407,271,696,967
066581408,209,592,801
066581409,341,1181,1522
066581410,257,482,739
066581501,400,316,716
066581502,548,322,870
066581503,540,581,1121
066581504,198,319,517
066581505,575,550,1125
066581506,337,193,530
066581507,494,231,725
066581508,495,243,738
066581509,736,275,1011
066581510,445,206,651
066581511,444,120,564
066581512,435,170,605
066581513,445,194,639
066581601,451,207,658
066581602,461,155,616
066581603,450,183,633
066581604,331,143,474
066581605,358,190,548
066581606,500,196,696
066581607,449,173,622
066581608,449,200,649
066581609,463,301,764
066581610,408,165,573
066581611,431,198,629
066581612,457,223,680
066581701,548,237,785
066581702,459,244,703
066581703,425,220,645
066581704,527,238,765
066581705,570,228,798
066581706,755,252,1007
066581707,543,266,809
066581708,665,332,997
066581709,668,284,952
066581710,483,248,731
066581711,672,346,1018
066581712,491,286,777
066581801,245,92,337
066581802,264,121,385
066581803,358,154,512
066581804,493,203,696
066581805,510,208,718
066581806,546,174,720
066581807,410,177,587
066581808,446,209,655
066581809,588,209,797
066581810,400,142,542
066581811,410,191,601
066581812,265,96,361
066581901,356,140,496
066581902,457,220,677
066581903,336,186,522
066581904,301,156,457
066581905,466,99,565
066581906,339,160,499
066581907,353,143,496
066581908,481,269,750
066581909,423,202,625
066581910,595,218,813
066581911,726,277,1003
066582001,576,334,910
066582002,412,304,716
066582003,738,643,1381
066582004,615,593,1208
066582005,634,627,1261
066582006,388,607,995
066582007,452,401,853
066582008,693,776,1469
066582009,972,889,1861
066582010,879,763,1642
066582011,823,645,1468
066582101,950,606,1556
066582102,824,814,1638
066582103,1011,614,1625
066582104,712,557,1269
066582105,669,702,1371
066582106,755,898,1653
066582107,621,1399,2020
066582108,739,1313,2052
066582109,477,825,1302
066582110,523,505,1028
066582111,1028,431,1459
066582112,957,985,1942
066582113,800,941,1741
066582114,563,633,1196
066582115,358,751,1109
066582116,353,738,1091
066582201,608,300,908
066582202,534,312,846
066582203,569,288,857
066582204,480,228,708
066582205,434,217,651
066582206,474,202,676
066582207,518,260,778
066582208,392,256,648
066582209,940,560,1500
066582210,723,410,1133
066582211,689,332,1021
066582301,499,255,754
066582302,610,556,1166
066582303,845,433,1278
066582304,588,502,1090
066582305,611,343,954
066582306,404,237,641
066582307,355,167,522
066582308,376,199,575
066582309,580,709,1289
066582310,647,666,1313
066582311,612,396,1008
066582312,527,227,754
066582401,537,327,864
066582402,598,341,939
066582403,750,524,1274
066582404,464,304,768
066582405,497,364,861
066582406,657,375,1032
066582407,595,337,932
066582408,506,238,744
066582409,500,212,712
066582410,448,210,658
066582411,412,225,637
066582412,454,190,644
066582501,415,187,602
066582502,446,189,635
066582503,571,262,833
066582504,389,214,603
066582505,483,272,755
066582506,509,274,783
066582507,465,253,718
066582508,563,360,923
066582509,367,250,617
066582510,647,325,972
066582511,508,709,1217
066582512,454,698,1152
066582513,694,413,1107
066582514,234,177,411
066582601,890,687,1577
066582602,749,702,1451
066582603,621,368,989
066582604,547,428,975
066582605,466,279,745
066582606,547,355,902
066582607,480,265,745
066582608,459,259,718
066582609,482,196,678
066582610,660,316,976
066582701,613,717,1330
066582702,497,585,1082
066582703,274,419,693
066582704,213,218,431
066582705,258,190,448
066582706,586,769,1355
066582707,431,598,1029
066582708,305,465,770
066582709,795,790,1585
066582710,454,552,1006
066582711,638,814,1452
066582712,588,707,1295
066582713,529,498,1027
066582714,305,542,847
066582715,478,573,1051
066582716,245,471,716
066582801,401,219,620
066582802,660,419,1079
066582803,509,278,787
066582804,646,402,1048
066582805,451,345,796
066582806,581,743,1324
066582807,558,695,1253
066582808,770,634,1404
066582809,663,499,1162
066582810,649,447,1096
066582901,711,533,1244
066582902,431,313,744
066582903,355,242,597
066582904,431,328,759
066582905,552,459,1011
066582906,634,561,1195
066582907,557,693,1250
066582908,641,841,1482
066582909,470,718,1188
066582910,615,768,1383
066582911,585,542,1127
066582912,837,692,1529
066583001,699,398,1097
066583002,594,507,1101
066583003,512,425,937
066583004,470,241,711
066583005,639,466,1105
066583006,605,432,1037
066583007,837,554,1391
066583008,690,686,1376
066583009,754,774,1528
066583010,657,550,1207
066583011,629,704,1333
066583012,408,512,920
066583101,534,267,801
066583102,728,347,1075
066583103,1288,656,1944
066583104,758,505,1263
066583105,688,304,992
066583106,1986,1140,3126
066583107,533,303,836
066583108,417,202,619
066583109,455,295,750
066583110,724,526,1250
066583111,698,547,1245
066583112,395,265,660
066583113,333,220,553
066583201,468,266,734
066583202,753,391,1144
066583203,785,291,1076
066583204,416,193,609
066583205,543,318,861
066583206,188,160,348
066583207,1021,484,1505
066583208,1043,568,1611
066583209,275,186,461
066583210,809,632,1441
066583211,316,361,677
066583212,832,770,1602
066583213,446,600,1046
066583301,923,1011,1934
066583302,628,876,1504
066583303,527,805,1332
066583304,537,881,1418
066583305,1051,1337,2388
066583306,852,783,1635
066583307,738,628,1366
066583308,406,270,676
066583309,695,608,1303
066583310,501,285,786
066583311,761,336,1097
066583312,644,279,923
066583313,676,277,953
066583401,666,522,1188
066583402,656,435,1091
066583403,558,480,1038
066583404,567,462,1029
066583405,637,373,1010
066583406,819,362,1181
066583407,607,264,871
066583408,641,351,992
066583409,651,255,906
066583410,399,306,705
066583411,734,453,1187
066583412,800,364,1164
066583413,712,513,1225
066583501,554,435,989
066583502,755,510,1265
066583503,506,360,866
066583504,757,499,1256
066583505,475,311,786
066583506,699,571,1270
066583507,584,418,1002
066583508,681,648,1329
066583509,569,498,1067
066583510,729,933,1662
066583601,883,1048,1931
066583602,785,1163,1948
066583603,619,457,1076
066583604,417,326,743
066583605,649,430,1079
066583606,397,334,731
066583607,876,788,1664
066583608,475,495,970
066583609,562,578,1140
066583610,583,380,963
066583611,722,837,1559
066583612,669,742,1411
066583613,435,734,1169
066583614,451,614,1065
066583701,743,1072,1815
066583702,514,1492,2006
066583703,466,552,1018
066583704,219,613,832
066583705,206,512,718
066583706,397,790,1187
066583707,715,898,1613
066583708,686,813,1499
066583709,473,568,1041
066583710,514,442,956
066583711,918,889,1807
066583712,838,998,1836
066583713,896,993,1889
066583801,746,1168,1914
066583802,721,1110,1831
066583803,326,545,871
066583804,479,825,1304
066583805,626,953,1579
066583806,624,1030,1654
066583807,170,233,403
066583808,373,595,968
066583809,234,542,776
066583810,244,525,769
066583811,702,1024,1726
066583812,598,493,1091
066583813,549,478,1027
066583814,752,712,1464
066583815,754,750,1504
066583816,926,1114,2040
066583901,706,788,1494
066583902,709,701,1410
066583903,772,637,1409
066583904,351,418,769
066583905,688,720,1408
066583906,538,617,1155
066583907,674,598,1272
066583908,394,575,969
066583909,382,415,797
066583910,855,1042,1897
066584001,501,1116,1617
066584002,336,981,1317
066584003,290,862,1152
066584004,621,1180,1801
066584005,431,923,1354
066584006,173,326,499
066584007,602,888,1490
066584008,479,512,991
066584009,263,467,730
066584010,223,464,687
066584011,410,375,785
066584012,590,823,1413
066584013,504,686,1190
066584014,456,586,1042
066584015,819,1162,1981
066584016,575,578,1153
066584017,747,928,1675
066584101,401,673,1074
066584102,991,1418,2409
066584103,662,711,1373
066584104,756,824,1580
066584105,794,656,1450
066584106,832,692,1524
066584107,931,798,1729
066584108,775,694,1469
066584109,822,786,1608
066584110,748,958,1706
066584111,475,444,919
066584112,482,620,1102
066584113,977,794,1771
066584114,500,580,1080
066584115,473,637,1110
066584201,301,522,823
066584202,492,421,913
066584203,736,591,1327
066584204,552,500,1052
066584205,457,589,1046
066584206,451,449,900
066584207,399,343,742
066584208,679,451,1130
066584209,896,590,1486
066584210,675,525,1200
066584211,496,312,808
066584212,692,544,1236
066584213,799,708,1507
066584301,517,414,931
066584302,714,660,1374
066584303,792,886,1678
066584304,693,1143,1836
066584305,449,735,1184
066584306,546,813,1359
066584307,457,514,971
066584308,737,866,1603
066584309,380,372,752
066584310,400,394,794
066584311,635,605,1240
066584312,620,497,1117
066584401,555,618,1173
066584402,502,730,1232
066584403,631,833,1464
066584404,1023,964,1987
066584405,589,679,1268
066584406,639,501,1140
066584407,422,290,712
066584408,721,643,1364
066584409,930,961,1891
066584410,536,869,1405
066584411,854,1011,1865
066584412,570,848,1418
066584413,168,363,531
066584414,317,394,711
067490101,59,34,93
067490102,660,751,1411
067490103,607,312,919
067490104,230,221,451
067490105,329,154,483
067490201,489,69,558
067490202,844,264,1108
067490203,740,206,946
067490204,743,228,971
067490205,868,168,1036
067490206,280,49,329
067490207,659,129,788
067490208,889,120,1009
067490209,758,224,982
067490210,802,220,1022
067490211,611,173,784
067490212,569,125,694
067490213,535,159,694
067490301,577,248,825
067490302,280,77,357
067490303,401,118,519
067490304,620,242,862
067490305,529,240,769
067490306,399,116,515
067490307,454,161,615
067490308,487,188,675
067490309,428,137,565
067490310,503,109,612
067490311,485,145,630
067490312,681,185,866
067490401,169,127,296
067490402,131,200,331
067490403,399,151,550
067490404,502,142,644
067490405,155,206,361
067490406,565,184,749
067490501,314,101,415
067490502,499,162,661
067490503,513,165,678
067490504,523,173,696
067490505,418,139,557
067490506,406,143,549
067490507,287,100,387
067490508,293,87,380
067490509,420,158,578
067490510,451,124,575
067490511,237,83,320
067490512,291,93,384
067490513,203,71,274
067490601,351,185,536
067490602,497,179,676
067490603,574,295,869
067490604,387,195,582
067490605,574,223,797
067490701,630,546,1176
067490702,451,353,804
067490703,531,296,827
067490704,651,440,1091
067490705,852,486,1338
067490706,570,268,838
067490707,623,355,978
067490708,835,497,1332
067490709,377,499,876
067490801,490,281,771
067490802,311,218,529
067490803,427,288,715
067490804,675,526,1201
067490805,732,584,1316
067490806,525,441,966
067490807,852,517,1369
067490808,597,557,1154
067490809,552,448,1000
067490901,558,332,890
067490902,680,464,1144
067490903,909,636,1545
067490904,781,510,1291
067490905,1022,381,1403
067490906,548,556,1104
067490907,408,258,666
067490908,672,342,1014
067490909,623,304,927
067490910,467,267,734
067490911,822,421,1243
067490912,782,518,1300
067490913,236,267,503
067491001,869,571,1440
067491002,732,432,1164
067491003,783,450,1233
067491004,681,460,1141
067491005,819,399,1218
067491006,697,452,1149
067491007,658,238,896
067491008,548,84,632
067491009,557,391,948
067491010,467,255,722
067491011,711,490,1201
067491012,831,301,1132
067491013,310,260,570
067491101,628,416,1044
067491102,631,825,1456
067491103,525,506,1031
067491104,373,260,633
067491105,540,390,930
067491106,421,244,665
067491107,646,418,1064
067491108,317,375,692
067491109,280,196,476
067491110,712,391,1103
067491111,532,425,957
067491112,402,275,677
067491113,746,495,1241
067491114,715,564,1279
067491201,604,457,1061
067491202,516,541,1057
067491203,754,893,1647
067491204,711,670,1381
067491205,853,381,1234
067491206,415,561,976
067491207,503,475,978
067491208,706,330,1036
067491209,511,312,823
067491210,718,571,1289
067491211,704,663,1367
067491301,511,836,1347
067491302,1011,935,1946
067491303,755,331,1086
067491304,762,864,1626
067491305,739,823,1562
067491306,757,920,1677
067491307,27,21,48
067491308,444,377,821
067491309,536,345,881
067491310,499,347,846
067491311,425,363,788
067491312,569,337,906
067491313,475,423,898
067491314,505,458,963
067491315,427,331,758
067491316,945,758,1703
067491317,553,392,945
067491318,525,506,1031
067491319,570,583,1153
067491320,412,559,971
067491321,349,326,675
067491401,362,274,636
067491402,518,386,904
067491403,523,459,982
067491404,557,447,1004
067491405,549,515,1064
067491406,662,508,1170
067491407,697,587,1284
067491408,622,539,1161
067491409,568,640,1208
067491410,457,545,1002
067491411,146,221,367
067491412,787,447,1234
067491413,810,426,1236
067491414,754,531,1285
067491415,590,528,1118
067491416,632,590,1222
067491417,913,1025,1938
067491418,417,40,457
067491419,678,886,1564
067491420,373,466,839
067491501,6,63,69
067491502,84,157,241
067491503,25,71,96
067491504,109,163,272
067491505,46,165,211
067491506,21,56,77
067491507,18,54,72
067491508,59,101,160
067491509,115,207,322
067491510,105,244,349
067491511,105,263,368
067491512,94,202,296
067491513,78,145,223
067560101,653,74,727
067560102,506,64,570
067560103,728,64,792
067560104,825,142,967
067560105,790,112,902
067560106,651,142,793
067560107,943,179,1122
067560108,369,110,479
067560109,342,158,500
067560110,871,286,1157
067560111,350,131,481
067560112,792,158,950
067560113,736,164,900
067560114,862,263,1125
067560115,406,133,539
067560116,627,306,933
067560117,737,284,1021
067560201,752,127,879
067560202,638,137,775
067560203,973,230,1203
067560204,729,208,937
067560205,675,284,959
067560206,683,142,825
067560207,889,136,1025
067560208,566,110,676
067560209,400,100,500
067560301,325,70,395
067560302,217,46,263
067560303,359,81,440
067560304,387,89,476
067560305,172,80,252
067560306,255,66,321
067560307,630,101,731
067560308,405,129,534
067560309,377,99,476
067560310,497,136,633
067560401,590,151,741
067560402,691,145,836
067560403,849,152,1001
067560404,745,103,848
067560405,917,128,1045
067560406,600,89,689
067560407,826,101,927
067560408,445,62,507
067560501,703,130,833
067560502,776,114,890
067560503,572,75,647
067560504,876,105,981
067560505,605,108,713
067560506,633,73,706
067560507,567,103,670
067560508,560,116,676
067560509,508,101,609
067560510,688,106,794
067560601,719,179,898
067560602,390,119,509
067560603,321,87,408
067560604,198,49,247
067560605,337,124,461
067560606,357,114,471
067560607,465,145,610
067560608,576,91,667
067560609,429,114,543
067560610,505,166,671
067560611,455,97,552
067560612,547,79,626
067560701,555,148,703
067560702,411,106,517
067560703,251,86,337
067560704,651,159,810
067560705,476,136,612
067560706,475,192,667
067560707,553,159,712
067560708,529,154,683
067560709,644,154,798
067560710,718,188,906
067560801,710,189,899
067560802,690,175,865
067560803,671,200,871
067560804,777,248,1025
067560805,763,231,994
067560806,961,247,1208
067560807,691,174,865
067560808,743,231,974
067560809,667,221,888
067560901,469,111,580
067560902,342,98,440
067560903,732,220,952
067560904,737,216,953
067560905,789,267,1056
067560906,799,287,1086
067560907,970,262,1232
067560908,814,257,1071
067560909,749,213,962
067560910,760,226,986
067560911,576,208,784
067560912,681,214,895
067560913,646,218,864
067560914,806,241,1047
067560915,797,227,1024
067560916,667,161,828
067561001,409,116,525
067561002,302,78,380
067561003,495,128,623
067561004,448,123,571
067561005,331,86,417
067561006,532,163,695
067561007,468,96,564
067561008,330,119,449
067561009,180,64,244
067561010,761,153,914
067561011,759,167,926
067561012,795,168,963
067561101,388,127,515
067561102,369,116,485
067561103,495,148,643
067561104,484,150,634
067561105,577,129,706
067561106,592,106,698
067561107,639,82,721
067561108,380,75,455
067561109,287,58,345
067561110,314,98,412
067561111,472,139,611
067561112,672,135,807
067561113,587,148,735
067561201,793,304,1097
067561202,477,114,591
067561203,528,182,710
067561204,1127,397,1524
067561205,628,234,862
067561206,337,60,397
067561207,244,49,293
067561208,651,143,794
067561209,682,252,934
067561210,654,180,834
067561211,806,173,979
067561301,487,90,577
067561302,348,143,491
067561303,905,484,1389
067561304,643,260,903
067561305,670,325,995
067561306,557,237,794
067561307,602,285,887
067561308,650,339,989
067561309,641,549,1190
067561310,403,420,823
067561311,961,399,1360
067561312,741,361,1102
067561313,724,339,1063
067561314,1140,900,2040
067561401,1150,1007,2157
067561402,1322,1193,2515
067561403,394,198,592
067561404,393,298,691
067561405,415,267,682
067561406,475,221,696
067561407,733,380,1113
067561408,692,377,1069
067561409,795,680,1475
067561410,1113,902,2015
067561411,658,562,1220
067561412,473,509,982
067561413,413,389,802
067561414,434,572,1006
067561415,726,234,960
067561501,1154,162,1316
067561502,934,272,1206
067561503,785,280,1065
067561504,1174,274,1448
067561505,858,408,1266
067561506,644,286,930
067561507,504,165,669
067561508,388,149,537
067561509,570,138,708
067561510,798,186,984
067561511,1083,134,1217
067561512,544,127,671
067561601,666,332,998
067561602,499,171,670
067561603,689,245,934
067561604,686,214,900
067561605,602,98,700
067561606,374,153,527
067561607,489,35,524
067561608,631,91,722
067561609,685,199,884
067561610,600,110,710
067561611,976,159,1135
067561612,807,110,917
067561613,721,177,898
067561701,527,206,733
067561702,836,280,1116
067561703,673,296,969
067561704,597,244,841
067561705,387,158,545
067561706,610,289,899
067561707,732,263,995
067561708,868,285,1153
067561709,765,363,1128
067561710,615,65,680
067561801,525,221,746
067561802,869,234,1103
067561803,632,148,780
067561804,801,237,1038
067561805,481,158,639
067561806,496,187,683
067561807,436,149,585
067561808,104,57,161
067561809,439,104,543
067561810,549,145,694
067561811,976,195,1171
067561901,853,327,1180
067561902,850,349,1199
067561903,530,243,773
067561904,437,183,620
067561905,967,323,1290
067561906,885,327,1212
067561907,738,293,1031
067561908,887,371,1258
067561909,809,323,1132
067561910,568,262,830
067562001,676,187,863
067562002,627,247,874
067562003,760,401,1161
067562004,389,183,572
067562005,449,214,663
067562006,406,168,574
067562007,940,464,1404
067562008,747,354,1101
067562009,631,304,935
067562101,1081,310,1391
067562102,726,537,1263
067562103,713,174,887
067562104,1450,191,1641
067562105,786,93,879
067562106,1014,116,1130
067562107,567,76,643
067562108,1072,137,1209
067562109,865,110,975
067562110,179,55,234
067562111,685,194,879
067562201,1236,686,1922
067562202,668,453,1121
067562203,1002,590,1592
067562204,833,744,1577
067562205,609,406,1015
067562206,765,731,1496
067562207,593,315,908
067562208,586,179,765
067562209,560,287,847
067562210,546,317,863
067562211,807,248,1055
067562212,452,133,585
067562213,387,142,529
067562301,1289,1013,2302
067562302,494,461,955
067562303,540,311,851
067562304,780,476,1256
067562305,733,348,1081
067562306,566,253,819
067562307,719,378,1097
067562308,647,377,1024
067562309,783,490,1273
067562310,626,440,1066
067562401,645,347,992
067562402,340,199,539
067562403,445,225,670
067562404,456,220,676
067562405,438,246,684
067562406,685,294,979
067562407,388,131,519
067562408,432,140,572
067562409,497,161,658
067562410,529,209,738
067562411,772,311,1083
067562412,874,339,1213
067562413,609,248,857
067562501,665,516,1181
067562502,608,279,887
067562503,355,166,521
067562504,325,142,467
067562505,417,190,607
067562506,384,239,623
067562507,355,205,560
067562508,303,195,498
067562509,713,344,1057
067562510,643,428,1071
067562511,646,452,1098
067562512,835,418,1253
067562513,562,249,811
067562514,560,219,779
067562515,608,286,894
067562516,653,373,1026
067562517,464,235,699
067562518,768,363,1131
067562519,715,325,1040
067562601,807,363,1170
067562602,501,241,742
067562603,372,160,532
067562604,519,192,711
067562605,485,190,675
067562606,770,306,1076
067562607,763,363,1126
067562608,800,391,1191
067562609,477,209,686
067562610,414,244,658
067562611,826,407,1233
067562701,926,779,1705
067562702,815,751,1566
067562703,643,640,1283
067562704,672,513,1185
067562705,775,653,1428
067562706,820,788,1608
067562707,378,231,609
067562708,527,235,762
067562709,383,280,663
067562710,526,332,858
067562711,910,419,1329
067562712,835,467,1302
067600101,521,517,1038
067600102,702,405,1107
067600103,752,358,1110
067600104,601,324,925
067600105,1003,425,1428
067600106,581,211,792
067600107,882,587,1469
067600108,830,638,1468
067600109,805,830,1635
067600110,701,604,1305
067600111,418,250,668
067600112,456,238,694
067600113,642,278,920
067600114,831,592,1423
067600115,499,288,787
067600116,438,205,643
067600117,454,170,624
067600201,816,395,1211
067600202,841,261,1102
067600203,374,226,600
067600204,476,188,664
067600205,434,164,598
067600206,352,136,488
067600207,445,239,684
067600208,241,97,338
067600209,287,123,410
067600210,951,246,1197
067600211,503,185,688
067600212,639,154,793
067600213,674,273,947
067600214,340,133,473
067600215,302,96,398
067600216,303,56,359
067600217,274,120,394
067600301,435,138,573
067600302,993,400,1393
067600303,585,298,883
067600304,521,248,769
067600305,643,475,1118
067600306,425,253,678
067600307,143,102,245
067600308,527,180,707
067600309,418,171,589
067600310,145,82,227
067600311,702,174,876
067600312,145,73,218
067600313,762,253,1015
067600314,524,91,615
067600315,459,140,599
067600316,250,73,323
067600317,603,189,792
067600401,534,280,814
067600501,1102,580,1682
067600502,654,252,906
067600503,1038,375,1413
067600504,464,307,771
067600505,780,420,1200
067600506,542,308,850
067600507,683,390,1073
067600508,987,629,1616
067600509,865,442,1307
067600510,1170,611,1781
067600511,1604,689,2293
067600512,784,283,1067
067600601,687,325,1012
067600602,731,385,1116
067600603,572,275,847
067600604,611,278,889
067600605,578,273,851
067600606,554,252,806
067600607,647,447,1094
067600608,743,451,1194
067600609,740,786,1526
067600610,542,916,1458
067600701,1156,733,1889
067600702,1126,640,1766
067600703,839,471,1310
067600704,853,327,1180
067600705,1203,276,1479
067600706,640,177,817
067600707,603,143,746
067600708,727,225,952
067600709,910,299,1209
067600710,1119,453,1572
067600801,640,245,885
067600802,980,413,1393
067600803,669,318,987
067600804,730,362,1092
067600805,412,184,596
067600806,775,275,1050
067600807,1346,360,1706
067600808,544,133,677
067600809,737,327,1064
067600810,740,312,1052
067600811,538,274,812
067600812,858,232,1090
067600901,477,226,703
067600902,416,290,706
067600903,625,410,1035
067600904,554,193,747
067600905,460,216,676
067600906,371,178,549
067600907,778,368,1146
067600908,418,199,617
067600909,482,174,656
067600910,876,377,1253
067600911,1116,318,1434
067600912,999,379,1378
067600913,1056,330,1386
067600914,737,439,1176
067600915,346,242,588
067600916,464,357,821
067601001,429,353,782
067601002,478,422,900
067601003,290,317,607
067601004,412,408,820
067601005,377,392,769
067601006,63,85,148
067601007,174,135,309
067601008,183,218,401
067601009,487,407,894
067601010,140,162,302
067601011,237,178,415
067601012,691,874,1565
067601013,656,696,1352
067601014,626,766,1392
067601015,704,711,1415
067601101,470,232,702
067601102,588,421,1009
067601103,1068,688,1756
067601104,686,707,1393
067601105,417,171,588
067601106,1293,901,2194
067601107,674,696,1370
067601108,1162,1033,2195
067601109,465,330,795
067601110,711,764,1475
067601111,972,907,1879
067601112,402,331,733
067601113,452,294,746
067601114,316,191,507
067601115,356,243,599
067601116,370,132,502
067601117,545,233,778
067601201,489,230,719
067601202,465,314,779
067601203,300,71,371
067601204,562,135,697
067601205,798,155,953
067601206,488,84,572
067601207,446,52,498
067601208,725,234,959
067601209,475,298,773
067601210,484,361,845
067601211,775,337,1112
067601212,651,521,1172
067601213,16,0,16
067601214,613,632,1245
067601215,712,530,1242
067601216,498,792,1290
067601217,671,872,1543
067601218,245,654,899
067601219,421,744,1165
067601301,441,172,613
067601302,785,333,1118
067601303,328,213,541
067601304,467,298,765
067601305,521,387,908
067601306,755,913,1668
067601307,419,463,882
067601308,401,525,926
067601309,488,961,1449
067601310,653,929,1582
067601311,521,740,1261
067601312,687,428,1115
067601313,852,148,1000
067601314,540,944,1484
067601315,877,667,1544
067601316,272,405,677
067601401,432,415,847
067601402,524,435,959
067601403,567,456,1023
067601404,870,708,1578
067601405,569,616,1185
067601406,617,1456,2073
067601407,676,1264,1940
067601408,476,555,1031
067601409,606,659,1265
067601410,506,729,1235
067601411,426,686,1112
067601412,591,1015,1606
067601413,617,966,1583
067601414,338,539,877
067601415,240,164,404
067601501,570,468,1038
067601502,402,343,745
067601503,313,300,613
067601504,501,376,877
067601505,615,1000,1615
067601506,339,521,860
067601507,563,555,1118
067601508,729,540,1269
067601509,587,988,1575
067601510,261,506,767
067601511,359,651,1010
067601512,683,476,1159
067601513,614,373,987
067601514,422,414,836
067601515,409,251,660
067601516,383,352,735
067601601,529,438,967
067601602,522,395,917
067601603,656,604,1260
067601604,593,554,1147
067601605,715,590,1305
067601606,649,801,1450
067601607,407,675,1082
067601608,572,712,1284
067601609,405,498,903
067601610,476,546,1022
067601611,369,397,766
067601612,278,263,541
067601613,563,595,1158
067601614,470,648,1118
067601701,711,839,1550
067601702,607,715,1322
067601703,491,475,966
067601704,564,495,1059
067601705,550,791,1341
067601706,587,782,1369
067601707,528,528,1056
067601708,744,713,1457
067601709,551,445,996
067601710,563,462,1025
067601711,468,483,951
067601712,633,467,1100
067601713,570,482,1052
067601714,548,375,923
067601715,571,631,1202
067601716,382,435,817
067601801,484,646,1130
067601802,423,607,1030
067601803,666,692,1358
067601804,590,994,1584
067601805,360,524,884
067601806,469,429,898
067601807,424,638,1062
067601808,588,892,1480
067601809,502,614,1116
067601810,470,564,1034
067601811,486,665,1151
067601812,591,849,1440
067601813,429,560,989
067601814,492,608,1100
067601815,403,617,1020
067601816,380,595,975
068050101,347,316,663
068050102,363,278,641
068050103,332,450,782
068050104,490,453,943
068050105,333,35,368
068050106,453,57,510
068050107,724,111,835
068050108,471,51,522
068050201,155,189,344
068050202,536,92,628
068050203,532,733,1265
068050204,603,709,1312
068050205,883,700,1583
068050301,201,31,232
068050302,259,189,448
068050303,499,580,1079
068050304,1964,232,2196
068050305,874,574,1448
068050306,790,95,885
068050307,1304,123,1427
068050308,797,83,880
068050309,526,54,580
068050310,447,54,501
068050311,1241,132,1373
068050401,596,143,739
068050402,439,360,799
068050403,916,975,1891
068050404,698,854,1552
068050405,853,954,1807
068050406,590,498,1088
068050407,1180,1308,2488
068050408,466,442,908
068050409,840,721,1561
068050410,886,762,1648
068050411,1220,203,1423
068050412,2164,277,2441
068050501,736,262,998
068050502,735,249,984
068050503,858,260,1118
068050504,506,156,662
068050505,428,403,831
068050506,484,435,919
068050507,957,563,1520
068050508,669,417,1086
068050509,505,263,768
068050510,554,239,793
068050511,977,643,1620
068050512,806,731,1537
068050513,888,502,1390
068050601,767,1323,2090
068050602,451,308,759
068050603,669,411,1080
068050604,738,334,1072
068050605,350,217,567
068050606,392,180,572
068050607,211,62,273
068050608,580,141,721
068050609,662,252,914
068050610,589,293,882
068050611,580,281,861
068050612,606,280,886
068050701,312,153,465
068050702,491,266,757
068050703,597,451,1048
068050704,469,341,810
068050705,541,411,952
068050706,254,223,477
068050707,230,195,425
068050708,26,52,78
068050709,109,128,237
068050710,65,35,100
068050711,51,37,88
068050801,283,95,378
068050802,160,47,207
068050803,506,154,660
068050804,437,73,510
068050805,344,159,503
068050806,625,258,883
068050807,964,537,1501
068050808,1045,710,1755
068050809,671,1028,1699
068050810,305,444,749
068050811,803,871,1674
068050812,309,532,841
068050813,879,1055,1934
068050814,761,791,1552
068050901,3,0,3
068050902,447,503,950
068050903,515,479,994
068050904,1074,898,1972
068050905,1951,239,2190
068050906,2010,245,2255
068051001,938,652,1590
068051002,456,482,938
068051003,549,428,977
068051004,903,814,1717
068051005,517,318,835
068051006,827,521,1348
068051007,716,829,1545
068051008,908,1111,2019
068051009,895,928,1823
068051010,472,990,1462
068051011,641,593,1234
068051012,1098,114,1212
068051013,862,98,960
068051101,737,528,1265
068051102,504,294,798
068051103,1816,217,2033
068051104,1142,508,1650
068051105,765,605,1370
068051106,584,581,1165
068051107,680,795,1475
068051108,1002,1187,2189
068051109,601,1021,1622
068051110,793,1018,1811
068051201,493,245,738
068051202,624,338,962
068051203,664,265,929
068051204,535,233,768
068051205,550,290,840
068051206,440,191,631
068051207,561,277,838
068051208,527,223,750
068051209,380,180,560
068051210,1280,490,1770
068051211,751,265,1016
068051212,803,363,1166
068051213,611,201,812
068051214,724,163,887
068051301,1247,149,1396
068051302,1333,133,1466
068051303,1285,348,1633
068051304,805,459,1264
068051305,676,434,1110
068051306,488,464,952
068051307,536,416,952
068051308,972,990,1962
068051309,445,612,1057
068051310,465,356,821
068051311,755,793,1548
068051312,690,650,1340
068051313,688,521,1209
068051314,668,409,1077
068051315,559,296,855
068051316,732,379,1111
068051317,544,280,824
068051318,987,496,1483
068051401,665,729,1394
068051402,457,483,940
068051403,692,513,1205
068051404,760,478,1238
068051405,975,657,1632
068051406,550,494,1044
068051407,536,462,998
068051408,432,581,1013
068051409,516,508,1024
068051410,495,459,954
068051411,594,537,1131
068051412,588,539,1127
068051413,574,746,1320
068051414,634,716,1350
068051415,592,678,1270
068051416,930,881,1811
068051501,509,282,791
068051502,566,241,807
068051503,741,356,1097
068051504,691,371,1062
068051505,793,310,1103
068051506,1084,523,1607
068051507,826,415,1241
068051508,904,545,1449
068051509,803,380,1183
068051510,798,370,1168
068051511,539,422,961
068051512,479,260,739
068051513,753,352,1105
068051601,729,901,1630
068051602,854,945,1799
068051603,621,521,1142
068051604,755,960,1715
068051605,491,337,828
068051606,598,501,1099
068051607,634,518,1152
068051608,569,640,1209
068051609,998,203,1201
068051610,1027,991,2018
068051611,724,451,1175
068051701,713,677,1390
068051702,802,463,1265
068051703,457,229,686
068051704,541,273,814
068051705,771,499,1270
068051706,841,557,1398
068051707,891,605,1496
068051708,850,619,1469
068051709,984,713,1697
068051710,870,623,1493
068051711,786,724,1510
068051801,465,319,784
068051802,442,361,803
068051803,1048,414,1462
068051804,720,535,1255
068051805,877,245,1122
068051806,593,246,839
068051807,553,286,839
068051808,842,459,1301
068051809,832,489,1321
068051810,912,423,1335
068051811,952,364,1316
068051812,687,951,1638
068051901,519,319,838
068051902,803,138,941
068051903,766,159,925
068051904,615,133,748
068051905,640,343,983
068051906,1017,570,1587
068051907,592,195,787
068051908,476,207,683
068051909,701,341,1042
068051910,433,266,699
068051911,966,503,1469
068051912,984,295,1279
068051913,152,20,172
068051914,588,223,811
068052001,284,198,482
068052002,486,412,898
068052003,380,359,739
068052004,929,876,1805
068052005,811,533,1344
068052006,629,637,1266
068052007,1094,1040,2134
068052008,464,444,908
068052009,630,583,1213
068052010,658,485,1143
068052011,754,628,1382
068052012,555,455,1010
068052013,582,583,1165
068052014,631,329,960
068052101,477,609,1086
068052102,456,534,990
068052103,938,877,1815
068052104,980,966,1946
068052105,697,467,1164
068052106,623,545,1168
068052107,362,695,1057
068052108,496,583,1079
068052109,610,514,1124
068052110,597,543,1140
068052111,662,639,1301
068052112,669,568,1237
068052113,653,658,1311
068052114,527,461,988
068052201,788,819,1607
068052202,891,914,1805
068052203,786,863,1649
068052204,859,958,1817
068052205,1021,811,1832
068052206,722,651,1373
068052207,761,545,1306
068052208,747,331,1078
068052209,1094,310,1404
068052210,589,299,888
068052301,578,670,1248
068052302,701,824,1525
068052303,813,799,1612
068052304,953,634,1587
068052305,614,642,1256
068052306,608,426,1034
068052307,852,884,1736
068052308,471,379,850
068052309,354,448,802
068052310,722,715,1437
068052311,432,319,751
068052312,2217,2986,5203
068052313,956,215,1171
068052314,677,1040,1717
068052315,595,796,1391
068052401,816,555,1371
068052402,775,630,1405
068052403,844,164,1008
068052404,728,407,1135
068052405,873,923,1796
068052406,444,304,748
068052407,546,75,621
068052408,578,646,1224
068052409,720,739,1459
068052410,719,749,1468
068052501,653,409,1062
068052502,542,483,1025
068052503,400,94,494
068052504,286,114,400
068052505,638,768,1406
068052506,747,843,1590
068052507,843,1452,2295
068052508,893,98,991
068052509,513,288,801
068052510,516,301,817
068052511,623,532,1155
068052512,766,746,1512
068052601,53,66,119
068052602,80,108,188
068052603,194,171,365
068052604,92,78,170
068052605,52,70,122
068052606,48,63,111
068052607,28,33,61
068052608,137,71,208
068052609,457,351,808
068052610,308,256,564
068052611,168,116,284
068052612,119,101,220
068052613,93,106,199
068052614,49,61,110
068052615,169,162,331
068052616,64,76,140
068052617,26,11,37
068052618,64,158,222
068052619,137,171,308
068052620,254,188,442
068052621,86,107,193
068400101,224,204,428
068400102,675,475,1150
068400103,878,959,1837
068400104,566,423,989
068400105,840,917,1757
068400106,665,753,1418
068400107,713,841,1554
068400108,252,525,777
068400109,578,517,1095
068400110,687,813,1500
068400111,555,507,1062
068400112,679,509,1188
068400113,976,838,1814
068400201,696,627,1323
068400202,729,694,1423
068400203,530,380,910
068400204,527,378,905
068400205,583,401,984
068400206,558,349,907
068400207,434,202,636
068400208,426,248,674
068400209,683,440,1123
068400210,477,353,830
068400211,551,376,927
068400212,678,550,1228
068400301,621,434,1055
068400302,708,576,1284
068400303,575,394,969
068400304,717,553,1270
068400305,666,642,1308
068400306,618,588,1206
068400307,715,617,1332
068400308,807,714,1521
068400309,557,396,953
068400310,526,320,846
068400311,862,646,1508
068400312,826,586,1412
068400401,722,931,1653
068400402,666,1124,1790
068400403,516,433,949
068400404,442,327,769
068400405,480,384,864
068400406,454,383,837
068400407,512,414,926
068400408,280,161,441
068400409,477,375,852
068400410,829,548,1377
068400411,618,399,1017
068400412,417,252,669
068400413,629,543,1172
068400414,793,135,928
068400415,995,185,1180
068400416,863,166,1029
068400417,1110,239,1349
068400501,699,509,1208
068400502,499,375,874
068400503,536,424,960
068400504,487,349,836
068400505,541,346,887
068400506,417,187,604
068400507,534,308,842
068400508,946,268,1214
068400509,506,198,704
068400510,654,266,920
068400511,994,423,1417
068400512,840,454,1294
068400601,732,529,1261
068400602,366,263,629
068400603,486,342,828
068400604,565,407,972
068400605,663,427,1090
068400606,747,449,1196
068400607,507,316,823
068400608,356,209,565
068400609,381,263,644
068400610,421,273,694
068400611,366,214,580
068400612,353,242,595
068400613,566,381,947
068400614,687,443,1130
068400615,572,364,936
068400616,609,370,979
068400701,702,534,1236
068400702,752,381,1133
068400703,550,282,832
068400704,558,281,839
068400705,501,214,715
068400706,573,212,785
068400707,606,302,908
068400708,692,336,1028
068400709,706,251,957
068400710,784,282,1066
068400711,656,281,937
068400801,484,319,803
068400802,401,185,586
068400803,414,131,545
068400804,556,344,900
068400805,632,303,935
068400806,467,205,672
068400807,451,311,762
068400808,437,236,673
068400809,768,368,1136
068400810,480,164,644
068400811,649,224,873
068400812,751,320,1071
068400901,756,159,915
068400902,418,178,596
068400903,640,181,821
068400904,624,71,695
068400905,410,140,550
068400906,541,173,714
068400907,593,143,736
068400908,493,132,625
068400909,461,163,624
068400910,641,174,815
068401001,880,227,1107
068401002,925,267,1192
068401003,427,133,560
068401004,550,151,701
068401005,460,113,573
068401006,537,175,712
068401007,606,130,736
068401008,428,111,539
068401009,299,88,387
068401010,428,124,552
068401011,462,147,609
068401012,344,138,482
068401013,386,162,548
068401101,525,242,767
068401102,487,231,718
068401103,350,151,501
068401104,197,103,300
068401105,532,261,793
068401106,720,354,1074
068401107,498,241,739
068401108,803,359,1162
068401109,542,260,802
068401110,775,356,1131
068401111,693,307,1000
068401112,609,302,911
068401201,733,258,991
068401202,696,340,1036
068401203,695,309,1004
068401204,329,207,536
068401205,550,327,877
068401206,9,8,17
068401207,393,221,614
068401208,484,172,656
068401209,544,219,763
068401210,583,286,869
068401211,779,259,1038
068401301,616,298,914
068401302,361,195,556
068401303,708,360,1068
068401304,591,332,923
068401305,535,228,763
068401306,425,178,603
068401307,347,165,512
068401308,432,146,578
068401309,632,231,863
068401310,738,444,1182
068401311,510,219,729
068401312,626,252,878
068401313,319,110,429
068401314,297,106,403
068401401,623,315,938
068401402,393,232,625
068401403,468,226,694
068401404,860,384,1244
068401405,584,254,838
068401406,453,220,673
068401407,561,220,781
068401408,337,120,457
068401409,543,304,847
068401410,637,258,895
068401501,438,149,587
068401502,722,279,1001
068401503,482,203,685
068401504,493,174,667
068401505,655,293,948
068401506,691,265,956
068401507,360,124,484
068401508,383,149,532
068401509,633,235,868
068401510,696,234,930
068401511,363,110,473
068401512,364,173,537
068401513,594,260,854
068401514,616,265,881
068401601,490,206,696
068401602,513,214,727
068401603,547,237,784
068401604,557,211,768
068401605,596,236,832
068401606,578,231,809
068401607,472,149,621
068401608,643,200,843
068401609,587,194,781
068401610,420,176,596
068401611,331,162,493
068401612,410,139,549
068401613,571,168,739
068401614,319,116,435
068401701,517,190,707
068401702,811,293,1104
068401703,587,294,881
068401704,526,174,700
068401705,595,263,858
068401706,828,324,1152
068401707,436,191,627
068401708,578,257,835
068401709,392,175,567
068401710,457,247,704
068401711,303,244,547
068401712,419,201,620
068401713,360,198,558
068401801,254,174,428
068401802,521,162,683
068401803,296,130,426
068401804,348,130,478
068401805,278,134,412
068401806,665,236,901
068401807,675,315,990
068401808,728,393,1121
068401809,594,411,1005
068401810,642,398,1040
068401811,373,210,583
068401812,422,198,620
068401813,587,377,964
068401814,438,286,724
068401901,295,134,429
068401902,365,141,506
068401903,633,255,888
068401904,861,335,1196
068401905,630,307,937
068401906,753,412,1165
068401907,496,243,739
068401908,612,356,968
068401909,525,216,741
068401910,428,158,586
068401911,632,351,983
068401912,548,334,882
068402001,532,260,792
068402002,517,271,788
068402003,687,400,1087
068402004,663,319,982
068402005,558,360,918
068402006,585,342,927
068402007,536,297,833
068402008,478,265,743
068402009,565,403,968
068402010,473,244,717
068402011,653,416,1069
068402101,452,281,733
068402102,381,221,602
068402103,256,193,449
068402104,423,250,673
068402105,414,273,687
068402106,664,431,1095
068402107,667,385,1052
068402108,569,454,1023
068402109,616,649,1265
068402110,653,631,1284
068402201,713,544,1257
068402202,589,345,934
068402203,613,414,1027
068402204,564,349,913
068402205,506,331,837
068402206,550,379,929
068402207,660,420,1080
068402208,655,536,1191
068402301,410,297,707
068402302,531,285,816
068402303,296,197,493
068402304,406,235,641
068402305,601,426,1027
068402306,283,254,537
068402307,306,251,557
068402308,699,763,1462
068402309,393,289,682
068402310,468,439,907
068402401,590,408,998
068402402,495,304,799
068402403,341,224,565
068402404,381,341,722
068402405,381,484,865
068402406,516,364,880
068402407,561,324,885
068402408,427,266,693
068402409,486,243,729
068402410,331,178,509
068402501,130,299,429
068402502,65,140,205
068402503,146,432,578
068402504,322,523,845
068402505,191,322,513
068402506,288,973,1261
068402507,95,356,451
068402508,123,402,525
068402509,201,350,551
068402510,403,497,900
068402511,353,428,781
068402601,647,1014,1661
068402602,1642,1784,3426
068402603,534,653,1187
068402604,264,219,483
068402605,506,482,988
068402606,1600,1517,3117
068402607,211,335,546
068402608,14,0,14
068402701,466,241,707
068402702,767,411,1178
068402703,547,523,1070
068402704,650,431,1081
068402705,193,63,256
068402706,231,153,384
068402707,473,265,738
068402708,534,302,836
068402709,487,321,808
068402710,557,441,998
068402711,393,282,675
068402712,641,326,967
068402713,510,306,816
068402801,532,459,991
068402802,537,371,908
068402803,274,393,667
068402804,456,376,832
068402805,645,548,1193
068402806,559,337,896
068402807,673,454,1127
068402808,447,226,673
068402809,549,354,903
068402810,381,323,704
068402811,575,455,1030
068402901,611,358,969
068402902,460,275,735
068402903,875,545,1420
068402904,571,329,900
068402905,696,410,1106
068402906,414,247,661
068402907,623,331,954
068402908,518,285,803
068402909,667,320,987
068402910,824,278,1102
068402911,338,169,507
068403001,416,296,712
068403002,289,172,461
068403003,406,236,642
068403004,552,274,826
068403005,306,147,453
068403006,425,219,644
068403007,424,235,659
068403008,573,288,861
068403009,437,179,616
068403010,364,129,493
068403011,541,245,786
068403012,291,135,426
068403013,285,164,449
068403101,144,222,366
068403102,582,353,935
068403103,566,292,858
068403104,389,217,606
068403105,517,344,861
068403106,542,432,974
068403107,491,307,798
068403108,582,299,881
068403109,721,304,1025
068403110,521,252,773
068403201,270,133,403
068403202,542,293,835
068403203,420,237,657
068403204,602,259,861
068403205,477,268,745
068403206,447,274,721
068403207,524,316,840
068403208,599,310,909
068403209,550,312,862
068610101,562,115,677
068610102,375,85,460
068610103,465,95,560
068610104,565,172,737
068610105,598,156,754
068610106,461,80,541
068610107,448,92,540
068610108,603,116,719
068610109,617,77,694
068610110,434,100,534
068610111,384,107,491
068610201,554,239,793
068610202,476,97,573
068610203,305,54,359
068610204,751,146,897
068610205,388,73,461
068610206,339,71,410
068610207,459,73,532
068610208,252,38,290
068610209,732,119,851
068610210,730,144,874
068610211,654,83,737
068610212,401,117,518
068610301,522,140,662
068610302,432,87,519
068610303,600,153,753
068610304,584,163,747
068610305,408,119,527
068610306,357,118,475
068610307,392,113,505
068610308,462,115,577
068610309,246,80,326
068610310,338,105,443
068610311,464,128,592
068610401,400,75,475
068610402,406,74,480
068610403,413,91,504
068610404,258,57,315
068610405,433,87,520
068610406,526,75,601
068610407,691,89,780
068610408,341,47,388
068610409,469,93,562
068610410,584,99,683
068610411,383,85,468
068610501,477,114,591
068610502,332,82,414
068610503,487,61,548
068610504,587,102,689
068610505,517,98,615
068610506,0,0,0
068610507,425,83,508
068610508,866,139,1005
068610509,510,140,650
068610601,176,54,230
068610602,348,63,411
068610603,606,92,698
068610604,449,75,524
068610605,243,35,278
068610606,493,84,577
068610607,428,107,535
068610608,229,56,285
068610609,416,100,516
068610610,709,183,892
068610611,235,83,318
068610701,635,126,761
068610702,383,108,491
068610703,394,111,505
068610704,582,111,693
068610705,577,134,711
068610706,353,107,460
068610707,529,144,673
068610708,533,130,663
068610709,664,124,788
068610801,587,116,703
068610802,646,110,756
068610803,478,80,558
068610804,649,119,768
068610805,351,71,422
068610806,406,143,549
068610807,364,91,455
068610808,435,133,568
068610809,330,75,405
068610810,697,117,814
068610811,405,67,472
068610901,667,148,815
068610902,388,53,441
068610903,451,119,570
068610904,479,132,611
068610905,792,242,1034
068610906,637,211,848
068610907,617,197,814
068610908,438,145,583
068610909,222,74,296
068610910,534,126,660
068610911,918,203,1121
068610912,610,205,815
068611001,758,171,929
068611002,828,201,1029
068611003,797,244,1041
068611004,714,229,943
068611005,720,200,920
068611006,700,184,884
068611007,621,213,834
068611008,688,197,885
068611009,552,204,756
068611010,631,193,824
068611101,743,189,932
068611102,553,134,687
068611103,574,205,779
068611104,445,153,598
068611105,459,111,570
068611106,690,223,913
068611107,825,252,1077
068611108,446,184,630
068611109,540,235,775
068611110,438,134,572
068611201,512,115,627
068611202,602,122,724
068611203,380,90,470
068611204,431,95,526
068611205,704,171,875
068611206,497,152,649
068611207,638,200,838
068611208,688,188,876
068611209,677,147,824
068611301,319,84,403
068611302,390,120,510
068611303,416,101,517
068611304,522,147,669
068611305,559,126,685
068611306,657,146,803
068611307,570,102,672
068611308,534,106,640
068611309,777,146,923
068611401,345,137,482
068611402,362,125,487
068611403,442,166,608
068611404,621,192,813
068611405,373,97,470
068611406,394,87,481
068611407,648,188,836
068611408,527,131,658
068611409,723,203,926
068611410,532,106,638
068611411,239,71,310
068611412,349,85,434
068611501,393,109,502
068611502,431,138,569
068611503,770,167,937
068611504,181,40,221
068611505,301,62,363
068611506,535,148,683
068611507,567,164,731
068611508,667,157,824
068611509,376,126,502
068611510,688,151,839
068611601,477,85,562
068611602,431,77,508
068611603,593,141,734
068611604,707,155,862
068611605,652,190,842
068611606,619,172,791
068611607,693,177,870
068611608,611,115,726
068611609,799,220,1019
068611610,677,175,852
068611611,671,152,823
068611701,723,192,915
068611702,744,139,883
068611703,578,134,712
068611704,475,142,617
068611705,567,151,718
068611706,560,180,740
068611707,743,253,996
068611708,662,256,918
068611709,652,225,877
068611801,720,305,1025
068611802,711,278,989
068611803,602,256,858
068611804,493,186,679
068611805,420,119,539
068611806,667,268,935
068611807,593,222,815
068611808,622,213,835
068611809,654,187,841
068611810,781,219,1000
068611901,598,157,755
068611902,219,56,275
068611903,545,153,698
068611904,613,170,783
068611905,730,217,947
068611906,662,156,818
068611907,722,180,902
068611908,603,137,740
068611909,585,174,759
068611910,601,153,754
068611911,635,237,872
068611912,805,217,1022
068611913,432,181,613
068611914,503,163,666
068611915,378,143,521
068612001,761,173,934
068612002,547,136,683
068612003,708,175,883
068612004,601,169,770
068612005,645,189,834
068612006,711,176,887
068612007,620,151,771
068612008,461,121,582
068612101,757,181,938
068612102,637,127,764
068612103,690,155,845
068612104,683,188,871
068612105,594,186,780
068612106,788,186,974
068612107,698,239,937
068612108,820,253,1073
068612109,562,179,741
068612201,661,195,856
068612202,755,197,952
068612203,715,192,907
068612204,625,182,807
068612205,770,178,948
068612206,668,198,866
068612207,749,217,966
068612208,724,286,1010
068612209,484,138,622
068612210,470,147,617
068612211,395,163,558
068612212,415,137,552
068612301,865,428,1293
068612302,677,441,1118
068612303,813,371,1184
068612304,625,475,1100
068612305,737,653,1390
068612306,265,209,474
068612307,881,342,1223
068612308,474,160,634
068612309,470,203,673
068612401,735,372,1107
068612402,709,413,1122
068612403,504,209,713
068612404,483,186,669
068612405,767,312,1079
068612406,531,250,781
068612407,913,307,1220
068612408,781,282,1063
068612409,653,238,891
068612410,658,257,915
068612411,890,325,1215
068612501,416,226,642
068612502,869,387,1256
068612503,725,338,1063
068612504,414,293,707
068612505,614,261,875
068612506,594,239,833
068612507,564,221,785
068612508,707,288,995
068612509,697,319,1016
068612601,748,321,1069
068612602,555,242,797
068612603,546,170,716
068612604,596,231,827
068612605,571,279,850
068612606,629,199,828
068612607,598,270,868
068612608,836,304,1140
068612609,616,277,893
068612610,629,217,846
068612701,659,243,902
068612702,607,195,802
068612703,609,182,791
068612704,491,178,669
068612705,522,185,707
068612706,592,225,817
068612707,681,200,881
068612708,642,282,924
068612709,478,234,712
068612710,516,286,802
068612801,320,143,463
068612802,621,308,929
068612803,435,235,670
068612804,575,211,786
068612805,428,233,661
068612806,484,224,708
068612807,503,202,705
068612808,345,153,498
068612809,374,272,646
068612810,504,286,790
068612901,978,551,1529
068612902,519,251,770
068612903,622,303,925
068612904,503,223,726
068612905,503,336,839
068612906,349,197,546
068612907,442,362,804
068612908,984,752,1736
068612909,632,82,714
068612910,668,222,890
068612911,518,182,700
068612912,349,126,475
068613001,516,250,766
068613002,590,474,1064
068613003,636,593,1229
068613004,853,888,1741
068613005,460,388,848
068613006,461,404,865
068613007,543,477,1020
068613008,129,79,208
068613009,786,616,1402
068613010,356,225,581
068613011,507,248,755
068613012,620,324,944
068613101,848,357,1205
068613102,1074,438,1512
068613103,611,333,944
068613104,1317,484,1801
068613105,415,244,659
068613106,610,373,983
068613107,830,405,1235
068613108,709,389,1098
068613109,564,356,920
068613110,759,394,1153
068613201,422,86,508
068613202,771,211,982
068613203,139,41,180
068613204,190,35,225
068613205,277,54,331
068613206,528,148,676
068613207,837,198,1035
068613208,472,146,618
068613209,347,132,479
068613210,730,179,909
068613301,715,171,886
068613302,728,195,923
068613303,725,196,921
068613304,456,150,606
068613305,723,182,905
068613306,486,161,647
068613307,682,154,836
068613308,644,175,819
068613309,775,170,945
068613310,815,184,999
060070101,233,230,463
060070102,347,312,659
060070103,8,17,25
060070104,2,0,2
060070105,14,17,31
060070106,12,2,14
060070107,106,101,207
060070108,6,17,23
060070109,3,15,18
060070110,13,6,19
060070111,8,9,17
060070112,4,9,13
060070113,17,18,35
060070114,31,25,56
060070115,197,182,379
060070201,27,5,32
060070202,6,10,16
060070203,19,19,38
060070204,6,9,15
060070205,12,5,17
060070206,14,19,33
060070207,0,3,3
060070208,3,6,9
060070209,5,10,15
060070301,5,8,13
060070302,4,16,20
060070303,23,22,45
060070304,15,16,31
060070305,2,4,6
060070306,26,35,61
060070307,13,3,16
060070308,5,18,23
060070401,9,15,24
060070402,115,64,179
060070403,281,260,541
060070404,383,294,677
060070405,436,359,795
060070406,199,184,383
060070407,214,291,505
060070408,3,17,20
060070409,7,6,13
060070410,2,3,5
060070411,1,10,11
060070412,0,2,2
060070413,5,9,14
060070501,38,65,103
060070502,0,0,0
060070503,2,13,15
060070504,9,14,23
060070505,2,5,7
060070506,3,6,9
060070507,2,8,10
060070508,0,6,6
060070509,10,7,17
060070510,0,8,8
060070511,5,7,12
060070512,7,8,15
060070513,1,2,3
060070514,7,19,26
060070515,11,20,31
060070516,2,8,10
060070601,200,224,424
060070602,6,14,20
060070603,5,11,16
060070604,0,1,1
060070605,7,13,20
060070606,11,24,35
060070607,1,0,1
060070608,3,10,13
060070609,4,16,20
060070610,9,10,19
060070611,4,12,16
060070612,39,79,118
060070613,8,10,18
060070614,0,10,10
060070615,13,9,22
060070701,16,14,30
060070702,304,345,649
060070703,5,10,15
060070704,4,6,10
060070801,28,60,88
060070802,137,202,339
060070803,388,341,729
060070804,279,302,581
060070805,230,235,465
060070806,386,338,724
060070807,402,319,721
060070808,386,196,582
060070809,476,404,880
060070810,449,286,735
060070811,329,267,596
060070812,264,236,500
060070813,264,360,624
060070814,553,449,1002
060070901,0,8,8
060070902,7,18,25
060070903,1,13,14
060070904,2,8,10
060070905,0,4,4
060070906,8,6,14
060071001,5,16,21
060071002,0,5,5
060071003,8,4,12
060071004,5,6,11
060071005,13,21,34
060071006,13,15,28
060071007,6,8,14
060071008,6,0,6
060071009,5,11,16
060071010,16,15,31
060071011,11,13,24
060071012,1,7,8
060071101,10,27,37
060071102,0,0,0
060071103,5,8,13
060071104,10,14,24
060071105,3,11,14
060071106,1,5,6
060071107,5,7,12
060071108,8,11,19
060071109,0,0,0
060071110,4,10,14
060071111,10,8,18
060140101,25,38,63
060140201,14,21,35
060140301,80,122,202
060140302,42,53,95
060140401,42,53,95
060140501,187,166,353
060140502,70,55,125
060140503,39,59,98
060140504,444,343,787
060140505,214,191,405
060140601,16,27,43
060140701,9,28,37
060140801,33,37,70
060140901,25,12,37
060141001,127,237,364
060141002,51,31,82
060141003,197,237,434
060141004,312,217,529
060141005,358,289,647
060141006,302,256,558
060141007,220,245,465
060141008,374,246,620
060141009,456,215,671
060141010,533,351,884
060141011,495,220,715
060141012,318,214,532
060141013,493,268,761
060141014,344,230,574
060141015,614,308,922
060141101,16,35,51
060141201,17,34,51
060141202,14,18,32
060141301,29,34,63
060141401,5,9,14
060141501,3,3,6
060210101,8,7,15
060210102,5,8,13
060210201,178,222,400
060210202,153,228,381
060210203,20,22,42
060210204,12,7,19
060210205,4,7,11
060210206,71,97,168
060210207,17,16,33
060210301,2,14,16
060210302,8,11,19
060210401,15,16,31
060210402,2,10,12
060210501,180,212,392
060210502,16,13,29
060210503,5,6,11
060210601,158,173,331
060210602,622,511,1133
060210603,396,305,701
060210604,566,488,1054
060210605,375,211,586
060210606,444,283,727
060210607,621,492,1113
060210608,223,138,361
060210609,30,47,77
060210610,192,94,286
060210611,471,454,925
060210612,321,314,635
060210701,10,7,17
060210702,3,8,11
060210801,61,121,182
060210802,4,7,11
060210803,23,16,39
060210804,8,31,39
060210901,1,30,31
060210902,4,15,19
060210903,8,23,31
060210904,8,25,33
060211001,17,10,27
060211002,33,76,109
060211003,11,13,24
060420101,540,678,1218
060420102,316,332,648
060420103,344,333,677
060420104,346,207,553
060420105,334,355,689
060420106,361,296,657
060420107,366,286,652
060420108,533,374,907
060420109,599,544,1143
060420201,58,88,146
060420301,40,129,169
060420401,33,81,114
060420501,91,191,282
060420601,37,114,151
060420701,41,115,156
060420801,33,77,110
060420901,65,173,238
060421001,43,101,144
060421101,18,39,57
060421102,165,274,439
060421103,289,605,894
060421201,42,95,137
060421301,35,55,90
060421401,56,102,158
060421501,36,67,103
060421601,19,56,75
060421701,27,78,105
060421801,19,38,57
060421901,406,576,982
060421902,370,457,827
060421903,369,771,1140
060421904,442,310,752
060421905,411,387,798
060421906,464,301,765
060421907,387,311,698
060421908,388,370,758
060421909,474,1086,1560
060490101,369,157,526
060490102,309,150,459
060490103,412,222,634
060490104,427,179,606
060490105,366,175,541
060490106,351,166,517
060490107,435,203,638
060490108,497,224,721
060490109,353,215,568
060490110,443,414,857
060490111,359,402,761
060490112,168,300,468
060490113,358,246,604
060490114,456,354,810
060490115,223,433,656
060490116,243,387,630
060490201,333,241,574
060490202,430,248,678
060490203,383,292,675
060490204,521,489,1010
060490205,587,685,1272
060490206,373,368,741
060490207,373,235,608
060490208,424,364,788
060490209,455,448,903
060490210,225,451,676
060490211,453,354,807
060490212,340,575,915
060490213,298,450,748
060490301,57,71,128
060490302,26,45,71
060490401,156,199,355
060490402,215,58,273
060490403,196,82,278
060490404,226,50,276
060490405,348,86,434
060490406,332,127,459
060490407,182,398,580
060490501,379,249,628
060490502,366,193,559
060490503,347,215,562
060490504,785,355,1140
060490505,454,373,827
060490506,333,317,650
060490507,460,347,807
060490508,566,500,1066
060490601,623,195,818
060490602,355,323,678
060490603,597,537,1134
060490604,441,287,728
060490605,478,211,689
060490606,507,408,915
060490607,503,469,972
060490608,580,664,1244
060490609,496,468,964
060490610,299,157,456
060490611,533,591,1124
060490612,491,486,977
060490613,781,616,1397
060490614,498,432,930
060490615,211,245,456
060490701,2,12,14
060490702,29,60,89
060490801,15,35,50
060490901,27,60,87
060491001,147,151,298
060491002,131,169,300
060491003,203,293,496
060491004,115,158,273
060491005,122,133,255
060491006,144,172,316
060491007,122,239,361
060491008,205,285,490
060491009,56,102,158
060491101,17,60,77
060491102,31,67,98
060491201,21,78,99
060491301,29,58,87
060491401,14,31,45
060491402,7,42,49
060491501,26,61,87
060491601,28,62,90
060491701,32,61,93
060491801,106,123,229
060491901,73,82,155
060492001,465,515,980
060492002,544,438,982
060492003,40,66,106
060492004,26,56,82
060492005,15,34,49
060492006,149,357,506
060492007,298,225,523
060492101,52,74,126
060492102,56,76,132
060492201,89,145,234
060492301,30,121,151
060492401,11,42,53
060492501,408,507,915
060492502,925,638,1563
060492503,276,285,561
060492504,430,440,870
060492505,379,559,938
060492506,509,199,708
060492507,813,456,1269
060492508,681,380,1061
060492509,584,700,1284
060492510,483,494,977
060560101,561,122,683
060560102,559,159,718
060560103,582,118,700
060560104,273,59,332
060560105,314,72,386
060560106,294,56,350
060560107,345,42,387
060560108,785,213,998
060560109,267,88,355
060560110,396,82,478
060560111,487,98,585
060560112,420,120,540
060560113,383,134,517
060560114,326,70,396
060560115,392,118,510
060560116,341,110,451
060560117,367,87,454
060560118,269,63,332
060560119,505,105,610
060560201,386,629,1015
060560202,645,523,1168
060560203,476,70,546
060560204,537,61,598
060560205,477,86,563
060560206,346,86,432
060560207,538,148,686
060560208,628,229,857
060560209,529,153,682
060560210,513,242,755
060560211,725,223,948
060560212,551,336,887
060560213,293,158,451
060560214,423,216,639
060560301,286,74,360
060560302,362,90,452
060560303,452,166,618
060560304,439,237,676
060560305,185,116,301
060560306,521,137,658
060560307,390,178,568
060560308,308,166,474
060560309,386,165,551
060560310,455,249,704
060560311,587,320,907
060560312,374,231,605
060560401,630,368,998
060560402,433,285,718
060560403,696,256,952
060560404,730,452,1182
060560405,639,431,1070
060560406,687,382,1069
060560407,491,298,789
060560408,403,213,616
060560409,326,176,502
060560410,270,136,406
060560501,470,227,697
060560502,588,320,908
060560503,750,587,1337
060560504,697,428,1125
060560505,310,191,501
060560506,589,289,878
060560507,595,319,914
060560508,337,264,601
060560509,653,447,1100
060560601,502,366,868
060560602,554,368,922
060560603,505,294,799
060560604,396,197,593
060560605,804,464,1268
060560606,338,172,510
060560607,834,361,1195
060560608,659,430,1089
060560609,660,478,1138
060560701,666,420,1086
060560702,442,304,746
060560703,649,380,1029
060560704,663,371,1034
060560705,474,188,662
060560706,468,237,705
060560707,589,371,960
060560708,558,208,766
060560709,668,453,1121
060560710,582,352,934
060560711,661,469,1130
060560801,893,703,1596
060560802,975,673,1648
060560803,748,471,1219
060560804,659,777,1436
060560805,801,667,1468
060560806,443,372,815
060560807,375,430,805
060560808,123,169,292
060560809,692,1092,1784
060560810,293,384,677
060560811,16,56,72
060560812,377,539,916
060560813,455,690,1145
060560814,570,864,1434
060560815,283,467,750
060560901,461,153,614
060560902,436,155,591
060560903,418,153,571
060560904,439,154,593
060560905,397,159,556
060560906,570,210,780
060560907,381,133,514
060560908,437,209,646
060560909,276,189,465
060560910,300,193,493
060560911,351,227,578
060561001,177,72,249
060561002,233,102,335
060561003,343,149,492
060561004,410,174,584
060561005,293,92,385
060561006,291,69,360
060561007,380,113,493
060561008,488,168,656
060561009,351,137,488
060561010,362,113,475
060561011,330,138,468
060561101,360,113,473
060561102,274,67,341
060561103,240,67,307
060561104,287,109,396
060561105,290,76,366
060561106,291,87,378
060561107,362,106,468
060561108,325,86,411
060561109,257,78,335
060561110,378,148,526
060561111,345,91,436
060561112,403,156,559
060561113,332,156,488
060561114,262,144,406
060561201,494,87,581
060561202,426,104,530
060561203,282,93,375
060561204,415,125,540
060561205,392,89,481
060561206,354,88,442
060561207,267,95,362
060561208,356,109,465
060561209,379,112,491
060561210,170,74,244
060561211,241,73,314
060561301,791,220,1011
060561302,501,178,679
060561303,497,102,599
060561304,251,66,317
060561305,323,65,388
060561306,454,132,586
060561307,505,115,620
060561308,479,126,605
060561309,274,44,318
060561310,388,92,480
060561401,345,127,472
060561402,390,159,549
060561403,394,140,534
060561404,372,113,485
060561405,329,107,436
060561406,675,253,928
060561407,383,120,503
060561408,423,159,582
060561409,293,61,354
060561410,452,134,586
060561411,342,107,449
060561412,275,88,363
060561413,361,143,504
060561414,510,153,663
060561415,257,61,318
060561416,562,83,645
060561417,407,143,550
060561418,279,117,396
060561419,389,127,516
060561420,129,50,179
060561421,281,74,355
060561501,524,436,960
060561502,840,338,1178
060561503,658,270,928
060561504,426,243,669
060561505,507,332,839
060561506,696,324,1020
060561507,513,346,859
060561508,693,534,1227
060561509,356,212,568
060561510,431,184,615
060561511,459,236,695
060561512,716,456,1172
060561513,510,209,719
060561514,668,464,1132
060561515,857,510,1367
060561516,371,197,568
060561517,355,192,547
060561601,374,183,557
060561602,392,150,542
060561603,368,228,596
060561604,304,143,447
060561605,518,225,743
060561606,286,132,418
060561607,326,124,450
060561608,574,199,773
060561609,565,181,746
060561610,446,176,622
060561611,556,198,754
060561612,445,117,562
060561613,521,146,667
060561614,438,122,560
060561701,561,298,859
060561702,517,297,814
060561703,607,229,836
060561704,389,154,543
060561705,301,108,409
060561706,555,175,730
060561707,546,189,735
060561708,442,166,608
060561709,489,110,599
060561710,440,153,593
060561801,621,443,1064
060561802,648,341,989
060561803,331,223,554
060561804,455,243,698
060561805,468,344,812
060561806,506,268,774
060561807,558,352,910
060561808,511,358,869
060561809,528,299,827
060561810,465,196,661
060561901,509,475,984
060561902,520,409,929
060561903,702,518,1220
060561904,629,469,1098
060561905,673,676,1349
060561906,734,519,1253
060561907,714,582,1296
060561908,389,482,871
060561909,416,367,783
060561910,798,908,1706
060561911,581,385,966
060561912,608,585,1193
060561913,663,572,1235
060561914,437,209,646
060562001,666,323,989
060562002,675,261,936
060562003,547,220,767
060562004,549,186,735
060562005,657,220,877
060562006,402,140,542
060562007,365,151,516
060562008,308,183,491
060562009,338,182,520
060562010,373,196,569
060562101,555,325,880
060562102,490,285,775
060562103,374,211,585
060562104,438,212,650
060562105,605,303,908
060562106,362,173,535
060562107,559,542,1101
060562108,357,126,483
060562109,457,186,643
060562110,445,275,720
060562111,609,437,1046
060562201,542,363,905
060562202,478,436,914
060562203,617,426,1043
060562204,671,514,1185
060562205,458,355,813
060562206,470,592,1062
060562207,426,226,652
060562208,693,428,1121
060562209,323,243,566
060562210,517,260,777
060562211,410,248,658
060562212,225,216,441
060562213,476,520,996
060562214,621,358,979
060562215,616,313,929
060562216,553,347,900
060562217,573,392,965
060562301,260,424,684
060562302,458,442,900
060562303,499,594,1093
060562304,955,662,1617
060562305,487,215,702
060562306,616,375,991
060562307,539,324,863
060562308,553,299,852
060562309,737,477,1214
060562310,458,299,757
060562311,336,198,534
060562312,335,240,575
060562313,364,286,650
060562314,502,414,916
060562315,379,454,833
060562316,454,517,971
060562401,968,261,1229
060562402,832,773,1605
060562403,620,361,981
060562404,884,317,1201
060562405,715,427,1142
060562406,1017,354,1371
060562407,838,427,1265
060562408,944,1498,2442
060562409,583,635,1218
060562410,423,428,851
060562411,264,286,550
060562412,812,673,1485
060562413,587,730,1317
060562414,363,362,725
060562415,358,431,789
060562416,481,705,1186
060562417,210,344,554
060562501,963,191,1154
060562502,893,588,1481
060562503,513,335,848
060562504,858,450,1308
060562505,776,450,1226
060562506,929,463,1392
060562507,952,347,1299
060562508,824,288,1112
060562509,757,371,1128
060562510,689,253,942
060562511,712,228,940
060562512,835,186,1021
060562513,575,146,721
060562514,640,105,745
060562515,495,138,633
060562516,553,237,790
060562601,733,168,901
060562602,629,260,889
060562603,479,512,991
060562604,299,84,383
060562605,674,198,872
060562606,402,142,544
060562607,832,102,934
060562608,834,89,923
060562609,570,54,624
060562610,1372,442,1814
060562611,1187,134,1321
060562612,429,85,514
060562613,871,545,1416
060562614,986,208,1194
060562615,387,512,899
060562616,407,550,957
060562617,774,778,1552
060562618,299,401,700
060562619,335,345,680
060562701,47,73,120
060562702,570,217,787
060562703,469,576,1045
060562704,591,357,948
060562705,267,126,393
060562706,132,186,318
060562707,517,555,1072
060562708,282,219,501
060562801,13,37,50
060562901,5,35,40
060563001,57,71,128
060563002,187,218,405
060563003,338,202,540
060563004,301,229,530
060563005,156,149,305
060563006,96,90,186
060563007,31,44,75
060563101,49,87,136
060563201,14,28,42
060563202,349,261,610
060563203,486,559,1045
060563204,111,197,308
060563205,518,458,976
060563206,675,404,1079
060563207,228,333,561
060563208,357,495,852
060563209,574,564,1138
060563210,528,351,879
060563211,429,477,906
060563212,18,4,22
060630101,360,584,944
060630102,501,356,857
060630103,474,498,972
060630104,433,691,1124
060630105,527,702,1229
060630106,447,313,760
060630107,460,314,774
060630108,521,538,1059
060630109,457,719,1176
060630110,386,257,643
060630111,398,338,736
060630112,352,177,529
060630113,387,259,646
060630114,375,287,662
060630115,408,667,1075
060630116,288,473,761
060630117,322,364,686
060630201,621,718,1339
060630202,448,269,717
060630203,431,316,747
060630204,387,556,943
060630205,509,463,972
060630206,187,304,491
060630207,467,458,925
060630208,606,315,921
060630301,18,13,31
060630302,243,204,447
060630303,71,69,140
060630304,14,34,48
060630305,38,47,85
060630306,22,38,60
060630401,10,12,22
060630402,28,38,66
060630403,16,38,54
060630404,38,58,96
060630405,18,28,46
060630406,26,50,76
060630501,7,22,29
060630502,11,28,39
060630601,36,70,106
060630602,20,38,58
060630603,21,46,67
060630604,40,31,71
060630605,62,16,78
060630606,16,20,36
060630607,15,25,40
060630701,647,864,1511
060630702,260,386,646
060630703,515,517,1032
060630704,518,262,780
060630705,314,233,547
060630706,527,679,1206
060630707,324,334,658
060630708,740,600,1340
060630709,574,260,834
060630801,9,3,12
060630802,38,121,159
060630803,9,11,20
060630804,28,43,71
060630805,38,100,138
060630806,54,122,176
060630901,110,116,226
060630902,4,29,33
060630903,4,33,37
060630904,0,12,12
060630905,4,20,24
060630906,108,145,253
060631001,25,29,54
060631002,183,157,340
060631003,28,61,89
060631004,16,36,52
060631101,46,20,66
060631102,55,85,140
060631103,45,60,105
060631104,51,90,141
060631105,65,48,113
060631106,51,55,106
060631107,26,19,45
060631201,17,29,46
060631202,15,27,42
060631203,9,10,19
060631301,420,198,618
060631302,585,291,876
060631303,646,500,1146
060631304,511,289,800
060631305,547,261,808
060631306,516,243,759
060631307,665,336,1001
060631308,661,382,1043
060700101,254,170,424
060700102,240,115,355
060700103,352,234,586
060700104,221,148,369
060700105,361,189,550
060700106,505,269,774
060700107,493,279,772
060700108,390,310,700
060700109,442,303,745
060700110,477,269,746
060700111,258,143,401
060700112,236,95,331
060700113,231,197,428
060700201,799,592,1391
060700202,503,453,956
060700203,294,221,515
060700204,566,404,970
060700205,575,538,1113
060700206,535,734,1269
060700207,246,230,476
060700208,378,617,995
060700209,396,497,893
060700210,548,1042,1590
060700211,375,425,800
060700212,616,600,1216
060700213,487,392,879
060700214,643,408,1051
060700215,581,328,909
060700216,292,362,654
060700217,211,149,360
060700218,298,167,465
060700301,99,72,171
060700302,132,107,239
060700303,82,154,236
060700304,75,140,215
060700305,692,763,1455
060700306,833,797,1630
060700401,510,646,1156
060700402,14,32,46
060700403,14,38,52
060700404,180,174,354
060700501,40,57,97
060700502,35,35,70
060700601,13,31,44
060700602,34,76,110
060700701,15,35,50
060700702,25,32,57
060700801,153,210,363
060700802,8,11,19
060700803,2,22,24
060700804,19,23,42
060700805,18,20,38
060700806,8,7,15
060700901,5,7,12
060700902,0,9,9
060700903,18,14,32
060700904,7,6,13
060701001,109,81,190
060701002,36,35,71
060701003,17,26,43
060701004,8,14,22
060701101,6,12,18
060701102,7,2,9
060701201,0,58,58
060701202,9,46,55
060770101,319,764,1083
060770102,337,563,900
060770103,375,200,575
060770104,380,211,591
060770105,390,356,746
060770106,554,468,1022
060770107,161,181,342
060770108,324,215,539
060770109,462,280,742
060770201,28,34,62
060770202,17,36,53
060770301,17,25,42
060770302,7,10,17
060770401,370,332,702
060770402,173,276,449
060770403,15,22,37
060770404,7,15,22
060770405,16,30,46
060770501,527,544,1071
060770502,238,379,617
060770503,409,574,983
060770504,223,259,482
060770505,291,583,874
060770506,29,50,79
060770507,10,30,40
060770508,16,41,57
060770509,769,640,1409
060770510,877,1187,2064
060770511,387,506,893
060770512,317,234,551
060770513,247,347,594
060770514,174,132,306
060770601,30,32,62
060770602,26,52,78
060770603,11,38,49
060770701,9,26,35
060770801,10,17,27
060770901,9,21,30
060770902,12,11,23
060770903,19,22,41
060770904,27,32,59
060770905,4,20,24
060771001,1,4,5
060771002,6,19,25
060771003,3,16,19
060771101,4,9,13
060771102,3,20,23
060771103,7,22,29
060771201,25,32,57
060771202,10,31,41
060771302,15,26,41
060771303,10,25,35
060771401,452,777,1229
060771402,528,453,981
060771403,446,380,826
060771404,502,419,921
060771405,389,227,616
060771406,515,317,832
060771407,398,312,710
060771408,634,823,1457
060771409,452,669,1121
060840101,28,28,56
060840102,23,22,45
060840103,26,49,75
060840201,17,30,47
060840202,9,29,38
060840301,53,89,142
060840302,39,26,65
060840303,12,21,33
060840304,24,23,47
060840305,14,21,35
060840401,1,9,10
060840402,19,61,80
060840403,26,29,55
060840501,32,53,85
060840502,15,37,52
060840602,2,15,17
060840603,5,11,16
060840604,7,21,28
060840605,9,12,21
060840701,89,91,180
060840702,234,381,615
060840703,226,397,623
060840704,452,327,779
060840705,239,219,458
060840706,367,307,674
060840707,347,300,647
060840708,417,261,678
060840709,308,242,550
060840710,317,345,662
060840711,533,523,1056
060840801,48,84,132
060840802,12,24,36
060840803,26,47,73
060840804,7,7,14
060840901,250,231,481
060840902,360,297,657
060840903,233,142,375
060840904,210,158,368
060840905,234,327,561
060840906,276,329,605
060840907,23,60,83
060840908,11,8,19
060840909,18,22,40
060841001,11,30,41
060841002,1,10,11
060841003,9,18,27
060841101,2,17,19
060841102,42,51,93
060841201,68,137,205
060841202,178,247,425
060841203,341,246,587
060841204,439,409,848
060841205,363,364,727
060841206,571,680,1251
060841207,272,196,468
060841208,500,367,867
060841209,229,346,575
060841210,525,443,968
060980101,526,282,808
060980102,598,314,912
060980103,569,306,875
060980104,478,283,761
060980105,483,254,737
060980106,531,289,820
060980107,405,199,604
060980108,439,206,645
060980109,424,259,683
060980110,633,287,920
060980111,676,423,1099
060980112,462,211,673
060980201,485,293,778
060980202,612,384,996
060980203,441,311,752
060980204,763,476,1239
060980205,580,315,895
060980206,580,242,822
060980207,679,455,1134
060980208,707,454,1161
060980209,418,269,687
060980210,512,497,1009
060980211,440,362,802
060980212,780,900,1680
060980213,368,212,580
060980214,476,305,781
060980215,410,375,785
060980301,244,123,367
060980302,169,164,333
060980303,605,447,1052
060980304,516,390,906
060980305,425,348,773
060980306,592,567,1159
060980307,434,371,805
060980308,801,509,1310
060980309,842,924,1766
060980310,731,954,1685
060980311,349,312,661
060980312,282,168,450
060980313,277,132,409
060980401,96,86,182
060980402,207,315,522
060980403,261,277,538
060980404,151,133,284
060980405,10,14,24
060980406,196,303,499
060980407,99,111,210
060980408,45,76,121
060980501,580,450,1030
060980502,583,566,1149
060980503,537,457,994
060980504,499,391,890
060980505,482,692,1174
060980506,324,553,877
060980507,373,370,743
060980508,442,385,827
060980509,513,449,962
060980510,534,572,1106
060980601,495,228,723
060980602,644,416,1060
060980603,978,519,1497
060980604,439,307,746
060980605,718,429,1147
060980606,526,278,804
060980607,495,289,784
060980608,622,352,974
060980609,719,601,1320
060980610,460,293,753
060980611,575,446,1021
060980612,313,321,634
060980613,325,509,834
060980614,490,340,830
060980615,471,320,791
060980616,548,492,1040
060980617,483,274,757
060980701,354,423,777
060980702,1106,886,1992
060980703,286,135,421
060980704,483,338,821
060980705,569,323,892
060980706,688,323,1011
060980707,6,18,24
060980801,577,495,1072
060980802,541,781,1322
060980803,307,436,743
060980804,497,424,921
060980805,282,140,422
060980806,456,165,621
060980807,343,90,433
060980808,415,150,565
060980809,378,181,559
060980810,867,737,1604
060980811,414,282,696
060980812,355,279,634
060980813,437,330,767
060980814,516,387,903
060980815,618,384,1002
060980816,505,435,940
060980817,615,680,1295
061050101,524,467,991
061050102,445,435,880
061050103,338,331,669
061050104,528,344,872
061050105,354,192,546
061050106,317,256,573
061050107,388,335,723
061050108,434,412,846
061050109,347,243,590
061050201,400,525,925
061050202,410,422,832
061050203,503,334,837
061050204,200,161,361
061050205,446,229,675
061050206,352,345,697
061050207,538,349,887
061050208,210,145,355
061050209,282,214,496
061050210,406,281,687
061050211,409,428,837
061050301,108,167,275
061050401,35,96,131
061050402,17,37,54
061050403,53,150,203
061050501,27,67,94
061050601,43,115,158
061050602,24,66,90
061050701,32,80,112
061050801,170,246,416
061050802,232,346,578
061050803,331,539,870
061050804,1,13,14
061050805,94,99,193
061050806,49,62,111
061050807,26,74,100
061050808,30,101,131
061050809,15,78,93
061050901,35,68,103
061051001,45,78,123
061051002,32,108,140
061051101,60,83,143
061051102,188,206,394
061051103,187,180,367
061051104,211,221,432
061051105,334,444,778
061051106,93,163,256
061051107,63,229,292
061051201,29,67,96
061051301,162,271,433
061051302,165,172,337
061051303,290,417,707
061051304,85,131,216
061051401,508,898,1406
061051402,354,516,870
061051403,313,244,557
061051404,248,308,556
061051405,336,283,619
061051406,500,410,910
061051407,469,398,867
061051408,86,156,242
061051409,32,53,85
061051410,403,477,880
061051411,200,229,429
061051412,249,268,517
061051413,478,719,1197
061120101,293,317,610
061120102,496,513,1009
061120103,623,514,1137
061120104,224,115,339
061120105,335,198,533
061120106,437,249,686
061120107,385,262,647
061120108,382,243,625
061120109,556,601,1157
061120110,729,735,1464
061120111,482,392,874
061120112,747,572,1319
061120113,436,492,928
061120201,481,559,1040
061120202,520,564,1084
061120203,547,595,1142
061120204,320,181,501
061120205,451,419,870
061120206,486,325,811
061120207,347,319,666
061120208,167,185,352
061120209,250,279,529
061120210,361,391,752
061120211,878,436,1314
061120301,110,101,211
061120302,15,12,27
061120303,28,6,34
061120304,10,8,18
061120305,12,25,37
061120306,18,11,29
061120307,2,21,23
061120308,14,15,29
061120309,11,16,27
061120310,67,105,172
061120401,13,10,23
061120402,3,9,12
061120403,6,6,12
061120501,207,209,416
061120502,8,21,29
061120503,3,5,8
061120504,5,6,11
061120505,14,12,26
061120506,7,9,16
061120601,13,25,38
061120602,3,18,21
061120603,5,34,39
061120604,20,27,47
061120605,15,13,28
061120606,15,6,21
061120701,190,271,461
061120702,496,500,996
061120703,88,163,251
061120704,6,16,22
061120705,9,16,25
061120706,12,12,24
061120707,10,10,20
061120708,16,7,23
061120709,212,234,446
061120710,81,147,228
061120801,4,13,17
061120802,21,37,58
061120803,17,19,36
061120804,10,8,18
061120805,13,28,41
061120901,22,91,113
061120902,4,2,6
061120903,15,12,27
061120904,13,17,30
061120905,4,11,15
061120906,8,70,78
061120907,15,12,27
061120908,3,7,10
061121001,63,55,118
061121002,331,115,446
061121003,660,422,1082
061121004,61,70,131
061121005,425,159,584
061121101,259,239,498
061121102,92,111,203
061121103,237,254,491
061121104,70,82,152
061121105,0,0,0
061121106,56,43,99
061121107,11,6,17
061121108,582,493,1075
061121109,820,569,1389
061121201,8,12,20
061121202,6,4,10
061121203,6,7,13
061121204,2,6,8
061121205,3,10,13
061121301,148,220,368
061121302,9,13,22
061121303,10,45,55
061121304,10,20,30
061121305,97,136,233
061121401,404,509,913
061121402,493,493,986
061121403,379,323,702
061121404,401,372,773
061121405,390,271,661
061121406,402,218,620
061121407,365,244,609
061121408,428,261,689
061121409,427,232,659
061121410,364,245,609
061190101,32,46,78
061190102,17,19,36
061190103,10,25,35
061190104,13,24,37
061190201,5,24,29
061190202,12,34,46
061190203,125,202,327
061190204,42,39,81
061190205,58,53,111
061190206,17,24,41
061190301,469,252,721
061190302,542,275,817
061190303,699,299,998
061190304,794,583,1377
061190305,674,520,1194
061190306,332,236,568
061190307,476,363,839
061190308,509,539,1048
061190309,488,482,970
061190310,59,112,171
061190401,181,265,446
061190402,12,22,34
061190403,201,145,346
061190404,94,56,150
061190405,24,40,64
061190406,56,47,103
061190407,583,312,895
061190408,186,181,367
061190409,491,258,749
061190501,205,25,230
061190502,44,58,102
061190601,16,24,40
061190602,16,34,50
061190603,27,47,74
061190701,398,220,618
061190702,526,609,1135
061190703,20,37,57
061190704,13,17,30
061190705,22,36,58
061190706,7,14,21
061190707,352,273,625
061190801,79,131,210
061190802,12,26,38
061190804,3,15,18
061190805,12,23,35
061190806,26,40,66
061190901,51,125,176
061190902,23,39,62
061190903,20,32,52
061190904,110,152,262
061191001,49,181,230
061191002,452,678,1130
061191003,460,631,1091
061191004,245,514,759
061191005,513,439,952
061191006,733,592,1325
061191007,422,308,730
061191008,654,302,956
061191009,381,451,832
061191010,55,42,97
061260101,454,280,734
061260102,814,390,1204
061260103,548,327,875
061260104,447,222,669
061260105,497,241,738
061260106,508,239,747
061260107,461,235,696
061260108,500,254,754
061260109,676,251,927
061260110,579,218,797
061260111,519,154,673
061260112,727,297,1024
061260113,435,243,678
061260114,443,184,627
061260201,481,1036,1517
061260202,664,724,1388
061260203,811,222,1033
061260204,700,350,1050
061260205,768,275,1043
061260206,404,347,751
061260207,492,271,763
061260208,552,352,904
061260209,615,513,1128
061260210,612,472,1084
061260211,380,179,559
061260301,454,151,605
061260302,466,125,591
061260303,607,235,842
061260304,282,94,376
061260305,376,107,483
061260306,459,174,633
061260307,567,281,848
061260308,390,194,584
061260309,539,273,812
061260310,684,327,1011
061260311,539,285,824
061260401,525,142,667
061260402,430,193,623
061260403,18,34,52
061260404,557,1060,1617
061260405,26,52,78
061260406,12,26,38
061260407,560,1156,1716
061260501,615,457,1072
061260502,671,466,1137
061260503,325,614,939
061260504,395,745,1140
061260505,619,647,1266
061260506,435,438,873
061260507,400,542,942
061260508,1098,223,1321
061260509,744,1189,1933
061260510,369,450,819
061260511,478,380,858
061260512,619,834,1453
061260513,430,405,835
061260514,359,514,873
061260515,420,714,1134
061260516,463,716,1179
061260517,17,33,50
061260601,244,82,326
061260602,19,18,37
061260603,66,32,98
061260604,260,80,340
061260605,268,47,315
061260606,282,80,362
061260607,313,32,345
061260608,231,62,293
061260609,308,22,330
061260701,579,697,1276
061260702,531,467,998
061260703,766,729,1495
061260704,446,684,1130
061260705,469,758,1227
061260706,417,366,783
061260707,525,574,1099
061260708,595,530,1125
061260709,990,474,1464
061260710,798,206,1004
061260801,48,49,97
061260802,301,166,467
061260803,395,169,564
061260804,418,252,670
061260805,624,228,852
061260806,467,220,687
061260807,533,220,753
061260808,561,271,832
061260809,412,198,610
061260901,806,860,1666
061260902,399,513,912
061260903,369,588,957
061260905,171,104,275
061260906,150,140,290
061260907,1262,414,1676
061260908,663,225,888
061260909,737,751,1488
061260910,725,766,1491
061260911,920,339,1259
061260912,1,1,2
061260913,319,62,381
061260914,161,743,904
061260915,158,465,623
061260916,99,68,167
061260917,163,69,232
061260918,309,424,733
061260919,106,142,248
061261001,96,200,296
061261002,29,105,134
061261003,260,319,579
061261004,38,72,110
061261005,23,74,97
061340101,425,545,970
061340102,199,320,519
061340103,218,584,802
061340104,122,189,311
061340105,740,745,1485
061340106,324,539,863
061340107,236,306,542
061340108,85,123,208
061340109,271,309,580
061340110,176,285,461
061340111,184,220,404
061340112,588,78,666
061340113,23,88,111
061340114,61,71,132
061340201,672,422,1094
061340202,492,323,815
061340203,467,567,1034
061340204,874,383,1257
061340205,56,82,138
061340206,334,302,636
061340207,657,631,1288
061340208,564,508,1072
061340209,484,607,1091
061340301,983,816,1799
061340302,556,371,927
061340303,455,302,757
061340304,654,413,1067
061340305,516,269,785
061340306,532,268,800
061340307,880,514,1394
061340308,829,597,1426
061340309,668,400,1068
061340401,40,102,142
061340402,285,298,583
061340403,95,62,157
061340404,56,145,201
061340405,12,24,36
061340406,199,285,484
061340501,156,275,431
061340502,32,70,102
061340601,29,90,119
061340602,30,94,124
061340701,18,45,63
061340702,26,27,53
061340801,133,173,306
061340802,12,23,35
061340803,33,49,82
061340804,11,24,35
061340901,34,125,159
061340902,188,255,443
061340903,127,267,394
061340904,114,346,460
061340905,124,340,464
061340906,173,382,555
061340907,304,475,779
061340908,389,789,1178
061340909,608,732,1340
061340910,486,424,910
061340911,344,605,949
061340912,48,81,129
061340913,392,356,748
061340914,234,236,470
061341001,46,69,115
061341002,823,496,1319
061341003,471,652,1123
061341004,494,550,1044
061341005,455,557,1012
061341006,543,262,805
061341007,318,277,595
061341008,574,347,921
061341009,739,886,1625
061341010,667,561,1228
061341011,86,113,199
061400101,53,59,112
061400102,22,24,46
061400103,34,57,91
061400201,2,20,22
061400202,7,23,30
061400203,30,35,65
061400204,29,15,44
061400301,329,328,657
061400302,625,526,1151
061400303,466,352,818
061400304,445,309,754
061400305,535,337,872
061400306,385,424,809
061400307,536,277,813
061400308,535,288,823
061400309,465,290,755
061400310,385,266,651
061400311,20,30,50
061400312,30,23,53
061400313,17,10,27
061400314,22,14,36
061400315,687,358,1045
061400316,542,576,1118
061400317,461,283,744
061400318,406,374,780
061400319,470,341,811
061400401,89,130,219
061400402,27,40,67
061400403,32,33,65
061400501,30,33,63
061400502,23,19,42
061400503,1,31,32
061400601,4,12,16
061470101,521,432,953
061470102,500,317,817
061470103,340,215,555
061470104,418,373,791
061470105,345,290,635
061470106,422,274,696
061470107,410,339,749
061470108,365,324,689
061470109,705,522,1227
061470201,189,258,447
061470202,21,27,48
061470203,35,93,128
061470204,9,25,34
061470205,1,17,18
061470301,190,266,456
061470302,32,42,74
061470303,1,7,8
061470304,9,21,30
061470305,16,19,35
061470306,4,11,15
061470307,14,26,40
061470401,15,4,19
061470402,12,23,35
061470403,8,27,35
061470501,906,701,1607
061470502,26,15,41
061470503,5,21,26
061470601,3,11,14
061470602,242,153,395
061470603,24,34,58
061470604,6,6,12
061470701,444,228,672
061470702,4,7,11
061470703,83,126,209
061470704,5,36,41
061470705,6,3,9
061470706,0,3,3
061470707,3,1,4
061470708,41,34,75
061470709,14,12,26
061470710,3,10,13
061470711,5,9,14
061470712,4,2,6
061470801,235,282,517
061470802,11,15,26
061470803,10,7,17
061470804,25,16,41
061470805,28,33,61
061470901,82,123,205
061470902,50,92,142
061470903,6,14,20
061470904,10,12,22
061470905,3,19,22
061470906,8,23,31
061470907,22,43,65
061471001,64,133,197
061471002,34,49,83
061471003,15,25,40
061471101,56,109,165
061471102,11,20,31
061471103,17,16,33
061471201,513,319,832
061471202,383,395,778
061471203,477,394,871
061471204,384,270,654
061471205,320,219,539
061471206,410,151,561
061471207,404,267,671
061471208,513,454,967
061471209,444,398,842
061471210,377,310,687
061540101,179,180,359
061540102,159,170,329
061540103,24,25,49
061540104,16,17,33
061540105,29,33,62
061540201,480,452,932
061540202,154,243,397
061540203,20,35,55
061540204,27,50,77
061540205,252,200,452
061540206,8,17,25
061540207,28,16,44
061540208,26,46,72
061540209,442,447,889
061540210,220,186,406
061540301,28,48,76
061540302,34,54,88
061540401,30,89,119
061540402,163,226,389
061540403,7,25,32
061540404,11,19,30
061540405,24,18,42
061540501,16,20,36
061540502,6,24,30
061540601,188,318,506
061540602,225,195,420
061540603,266,184,450
061540604,198,111,309
061540605,202,138,340
061540606,57,69,126
061540607,331,307,638
061540608,322,195,517
061540609,16,33,49
061540610,247,177,424
061540611,357,198,555
061540612,394,305,699
061540701,17,38,55
061540702,24,33,57
061540703,14,31,45
061540801,120,135,255
061540802,80,73,153
061540803,28,31,59
061540804,16,24,40
061540805,37,23,60
061540806,31,65,96
061540901,34,36,70
061540902,17,24,41
061610101,255,340,595
061610102,304,304,608
061610103,296,278,574
061610104,171,186,357
061610105,205,332,537
061610106,422,351,773
061610107,239,201,440
061610108,289,150,439
061610109,428,307,735
061610110,294,279,573
061610111,407,397,804
061610112,181,381,562
061610113,459,377,836
061610114,340,294,634
061610115,242,295,537
061610116,274,348,622
061610117,572,437,1009
061610118,195,139,334
061610201,16,23,39
061610202,3,18,21
061610203,7,9,16
061610204,36,19,55
061610301,47,39,86
061610302,4,13,17
061610401,25,44,69
061610402,19,61,80
061610403,258,295,553
061610404,216,77,293
061610405,56,80,136
061610406,182,208,390
061610501,13,29,42
061610502,5,16,21
061610503,15,11,26
061610504,25,79,104
061610601,157,167,324
061610602,10,15,25
061610603,4,7,11
061610604,18,19,37
061610605,43,34,77
061610606,42,34,76
061610701,40,42,82
061610702,19,40,59
061610703,20,18,38
061610801,34,84,118
061610802,19,29,48
061610803,2,4,6
061610804,19,25,44
061680101,8,40,48
061680102,12,22,34
061680103,16,14,30
061680104,14,14,28
061680201,13,27,40
061680202,24,16,40
061680203,11,18,29
061680204,3,13,16
061680301,20,21,41
061680302,2,4,6
061680303,12,24,36
061680401,9,4,13
061680402,14,18,32
061680403,6,19,25
061680404,1,3,4
061680405,0,1,1
061680406,0,4,4
061680501,53,81,134
061680502,4,16,20
061680503,6,14,20
061680601,7,4,11
061680602,1,13,14
061680603,6,18,24
061680604,11,11,22
061680701,8,11,19
061680702,7,15,22
061680801,15,30,45
061680802,7,29,36
061680803,26,37,63
061680804,5,9,14
061680805,44,69,113
061680806,3,21,24
061680807,227,328,555
061680901,438,395,833
061680902,371,361,732
061680903,303,288,591
061680904,444,519,963
061680905,357,409,766
061680906,327,369,696
061680907,317,236,553
061680908,314,294,608
061681001,151,102,253
061681002,9,23,32
061681003,16,42,58
061681101,26,35,61
061681102,7,27,34
061750101,87,139,226
061750102,40,34,74
061750103,12,21,33
061750104,11,12,23
061750201,58,123,181
061750202,4,13,17
061750203,6,14,20
061750204,2,3,5
061750301,1,14,15
061750302,5,11,16
061750303,9,6,15
061750304,1,0,1
061750401,21,59,80
061750402,525,514,1039
061750403,412,631,1043
061750404,224,277,501
061750405,336,295,631
061750406,372,227,599
061750407,357,235,592
061750408,530,371,901
061750409,550,402,952
061750410,447,409,856
061750411,215,232,447
061750412,346,318,664
061750413,284,209,493
061750414,360,381,741
061750415,348,135,483
061750416,224,195,419
061750417,120,171,291
061750501,17,50,67
061750502,44,51,95
061750503,7,4,11
061750504,3,6,9
061750505,35,73,108
061750601,458,474,932
061750602,284,312,596
061750603,267,474,741
061750604,378,546,924
061750605,428,456,884
061750606,297,221,518
061750607,237,320,557
061750608,331,578,909
061750609,308,650,958
061750610,418,592,1010
061750611,394,351,745
061750612,403,382,785
061750613,1011,1006,2017
061750614,77,170,247
061750615,11,32,43
061820101,586,191,777
061820102,855,392,1247
061820103,898,369,1267
061820104,814,352,1166
061820105,687,337,1024
061820106,540,240,780
061820107,580,235,815
061820108,333,254,587
061820109,759,620,1379
061820110,851,212,1063
061820111,853,293,1146
061820112,788,312,1100
061820113,545,261,806
061820114,870,244,1114
061820201,438,152,590
061820202,481,342,823
061820203,464,251,715
061820204,486,198,684
061820205,485,189,674
061820206,481,203,684
061820207,481,184,665
061820208,520,215,735
061820209,431,145,576
061820210,452,251,703
061820211,375,232,607
061820212,379,208,587
061820213,444,178,622
061820301,92,16,108
061820302,5,3,8
061820303,140,11,151
061820304,173,44,217
061820305,182,43,225
061820306,0,1,1
061820307,0,0,0
061820308,30,14,44
061820309,510,121,631
061820310,36,6,42
061820311,366,123,489
061820312,55,10,65
061820401,31,26,57
061820501,316,83,399
061820502,212,182,394
061820503,251,234,485
061820504,483,366,849
061820505,232,100,332
061820601,23,35,58
061820602,65,94,159
061820603,10,37,47
061820604,781,344,1125
061820605,887,672,1559
061820606,746,535,1281
061820607,769,495,1264
061820608,764,313,1077
061820609,543,246,789
061820701,23,18,41
061820702,410,342,752
061820703,663,422,1085
061820704,413,309,722
061820705,532,396,928
061820706,226,175,401
061820707,0,0,0
061820708,515,310,825
061820709,511,354,865
061820710,663,442,1105
061820801,21,41,62
061820901,122,135,257
061820902,52,46,98
061820903,25,30,55
061820904,124,64,188
061820905,60,34,94
061821001,392,142,534
061821002,289,140,429
061821003,617,231,848
061821004,569,270,839
061821005,491,248,739
061821006,483,208,691
061821007,474,211,685
061821008,582,259,841
061821009,607,323,930
061821010,608,302,910
061821011,486,242,728
061821101,375,244,619
061821102,575,293,868
061821103,572,366,938
061821104,479,220,699
061821105,315,225,540
061821106,422,256,678
061821107,332,251,583
061821108,468,410,878
061821109,654,399,1053
061821110,106,165,271
061890101,16,8,24
061890102,3,19,22
061890103,5,4,9
061890104,14,3,17
061890201,0,2,2
061890202,0,3,3
061890203,5,4,9
061890204,0,2,2
061890205,2,0,2
061890206,4,8,12
061890207,3,17,20
061890301,36,29,65
061890302,11,2,13
061890303,9,12,21
061890304,2,1,3
061890305,3,11,14
061890401,3,4,7
061890402,8,4,12
061890403,11,8,19
061890501,2,6,8
061890502,2,5,7
061890503,4,10,14
061890504,3,12,15
061890505,7,4,11
061890601,8,28,36
061890602,11,23,34
061890603,12,8,20
061890604,5,23,28
061890605,0,1,1
061890606,0,2,2
061890607,3,8,11
061890608,8,12,20
061890701,9,6,15
061890702,5,5,10
061890703,8,19,27
061890704,0,7,7
061890705,1,11,12
061890706,2,1,3
061890707,1,18,19
061890801,2,3,5
061890802,9,21,30
061890803,5,5,10
061890804,0,3,3
061890901,7,7,14
061890902,15,12,27
061891001,307,267,574
061891002,331,362,693
061891003,422,359,781
061891004,335,420,755
061891005,372,368,740
061891006,421,308,729
061891007,413,466,879
061891008,352,286,638
061891009,325,240,565
061891010,11,29,40
061891101,9,3,12
061891102,14,14,28
061891103,5,4,9
061891104,6,3,9
061891105,15,17,32
061891106,1,8,9
061891107,4,3,7
061891201,183,247,430
061891202,3,15,18
061891203,7,11,18
061891204,3,4,7
061891205,9,8,17
061891206,4,14,18
061891207,2,3,5
061891208,2,12,14
061891209,0,5,5
061891210,17,9,26
061891211,108,269,377
061891301,34,42,76
061891302,6,8,14
061891303,12,20,32
061891304,7,5,12
061891305,2,4,6
061891306,2,6,8
061891307,5,8,13
061891308,9,6,15
061891309,1,2,3
061891401,5,8,13
061891402,4,6,10
061891403,10,10,20
061891404,2,2,4
061891405,2,8,10
061891406,8,3,11
061891501,241,164,405
061891502,471,432,903
061891503,71,80,151
061891504,28,27,55
061891505,17,22,39
061891506,1,5,6
061891507,3,6,9
061891508,6,7,13
061891509,184,203,387
061891601,11,19,30
061891602,0,2,2
061891603,15,14,29
061891604,1,5,6
061891605,1,4,5
061891701,25,40,65
061891702,238,285,523
061891703,383,371,754
061891704,305,270,575
061891705,284,280,564
061891706,307,181,488
061891707,473,343,816
061891708,386,425,811
061891709,15,14,29
061960101,346,558,904
061960102,414,433,847
061960103,353,383,736
061960104,319,391,710
061960105,118,225,343
061960106,105,221,326
061960107,200,169,369
061960108,525,376,901
061960109,194,194,388
061960110,164,206,370
061960111,207,163,370
061960112,630,393,1023
061960113,285,325,610
061960114,296,198,494
061960115,299,154,453
061960116,449,351,800
061960117,215,241,456
061960118,199,255,454
061960119,217,243,460
061960201,53,181,234
061960202,95,236,331
061960203,152,181,333
061960204,271,400,671
061960205,513,341,854
061960206,445,257,702
061960207,382,177,559
061960208,384,263,647
061960209,436,310,746
061960210,423,385,808
061960211,231,210,441
061960212,183,238,421
061960213,227,262,489
061960214,271,256,527
061960301,8,17,25
061960302,11,11,22
061960303,12,14,26
061960304,7,4,11
061960305,2,8,10
061960306,7,18,25
061960401,18,24,42
061960402,14,23,37
061960403,5,13,18
061960404,3,12,15
061960501,8,9,17
061960502,1,3,4
061960503,9,17,26
061960504,3,6,9
061960601,10,7,17
061960602,3,19,22
061960603,5,8,13
061960604,3,4,7
061960701,153,245,398
061960702,3,8,11
061960703,2,3,5
061960704,3,11,14
061960705,8,19,27
061960706,0,9,9
061960707,14,31,45
061960708,32,60,92
061960709,29,25,54
061960801,11,10,21
061960802,9,9,18
061960803,8,18,26
061960804,12,18,30
061960805,1,1,2
061960806,17,13,30
061960901,1,1,2
061960902,3,15,18
061960903,14,17,31
061960904,17,21,38
061960905,13,14,27
061961001,9,16,25
061961002,7,9,16
061961003,5,10,15
061961004,6,6,12
061961005,20,13,33
061961101,14,8,22
061961102,31,13,44
061961103,11,10,21
061961104,3,11,14
061961105,6,38,44
061961106,10,12,22
061961107,1,8,9
061961108,12,8,20
061961201,2,9,11
061961202,14,25,39
061961203,10,7,17
061961204,2,5,7
061961205,13,19,32
061961206,4,11,15
061961301,5,6,11
061961302,8,7,15
061961303,10,23,33
061961304,12,17,29
061961305,12,19,31
061961401,1,14,15
061961402,14,16,30
061961403,11,15,26
061961501,52,123,175
061961502,6,22,28
061961503,10,8,18
061961504,8,5,13
061961505,2,3,5
061961506,102,139,241
061961507,169,185,354
061961508,105,141,246
062030101,433,356,789
062030102,368,211,579
062030103,431,224,655
062030104,372,266,638
062030105,376,276,652
062030106,450,259,709
062030107,311,179,490
062030108,411,373,784
062030109,259,282,541
062030110,512,387,899
062030111,413,445,858
062030112,459,418,877
062030113,410,392,802
062030201,233,189,422
062030202,314,210,524
062030203,289,205,494
062030204,212,306,518
062030205,10,29,39
062030206,13,21,34
062030207,28,44,72
062030208,13,11,24
062030209,5,16,21
062030210,332,348,680
062030211,188,188,376
062030212,441,445,886
062030213,138,176,314
062030214,17,41,58
062030215,227,278,505
062030301,16,22,38
062030302,8,22,30
062030303,3,14,17
062030304,14,19,33
062030305,12,16,28
062030306,13,9,22
062030401,58,98,156
062030402,3,8,11
062030403,5,15,20
062030404,8,4,12
062030405,7,7,14
062030406,7,8,15
062030407,5,11,16
062030408,11,16,27
062030501,36,54,90
062030502,3,6,9
062030503,7,19,26
062030504,19,21,40
062030505,5,12,17
062030506,7,9,16
062030507,3,3,6
062030601,11,10,21
062030602,2,10,12
062030603,7,5,12
062030604,18,21,39
062030605,7,3,10
062030701,2,3,5
062030702,2,8,10
062030703,0,12,12
062030704,5,11,16
062030705,0,9,9
062030706,4,3,7
062030707,3,7,10
062030708,3,1,4
062030709,0,4,4
062030710,9,13,22
062030711,7,6,13
062030801,17,16,33
062030802,50,24,74
062030803,428,365,793
062030804,635,401,1036
062030805,648,413,1061
062030806,576,400,976
062030807,547,338,885
062030808,896,521,1417
062030809,490,373,863
062030810,546,295,841
062030811,119,116,235
062030812,269,211,480
062030901,5,13,18
062030902,10,24,34
062030903,0,3,3
062030904,4,12,16
062030905,0,4,4
062030906,0,3,3
062030907,3,6,9
062031001,0,2,2
062031002,8,26,34
062031003,12,11,23
062031004,9,7,16
062031005,8,8,16
062031101,10,14,24
062031102,20,21,41
062031103,0,0,0
062031104,2,9,11
062031105,3,5,8
062031106,2,14,16
062031201,7,9,16
062031202,13,5,18
062031203,9,16,25
062031204,7,19,26
062031205,12,15,27
062031301,2,16,18
062031302,6,10,16
062031303,12,7,19
062031304,24,13,37
062031305,10,18,28
062031306,10,15,25
062031307,10,13,23
062031308,11,2,13
062031401,205,165,370
062031402,18,17,35
062031403,8,9,17
062031404,9,4,13
062031405,31,27,58
062031406,0,6,6
062031407,3,3,6
062031408,0,0,0
062031501,3,6,9
062031502,27,32,59
062031503,13,17,30
062031504,7,9,16
062031601,699,595,1294
062031602,347,587,934
062031603,363,442,805
062031604,745,505,1250
062031605,372,345,717
062031606,203,340,543
062031607,614,371,985
062031608,361,506,867
062031609,503,657,1160
062031610,411,524,935
062031611,188,147,335
062031612,278,425,703
062031613,399,402,801
062100101,251,299,550
062100102,276,240,516
062100103,216,222,438
062100104,224,206,430
062100105,259,192,451
062100106,382,303,685
062100107,467,356,823
062100108,352,234,586
062100109,275,153,428
062100110,276,138,414
062100111,425,219,644
062100112,257,164,421
062100113,284,282,566
062100114,202,239,441
062100115,534,315,849
062100116,457,306,763
062100117,414,357,771
062100118,442,308,750
062100119,411,519,930
062100120,397,475,872
062100121,382,390,772
062100201,479,383,862
062100202,625,518,1143
062100203,604,563,1167
062100204,495,382,877
062100205,308,210,518
062100206,281,267,548
062100207,587,656,1243
062100208,432,254,686
062100209,367,230,597
062100210,561,542,1103
062100301,57,139,196
062100401,49,109,158
062100501,99,230,329
062100601,41,44,85
062100602,8,38,46
062100603,253,236,489
062100604,55,109,164
062100605,152,128,280
062100606,262,253,515
062100607,162,167,329
062100608,122,146,268
062100609,8,23,31
062100610,23,26,49
062100611,62,98,160
062100612,106,214,320
062100613,79,100,179
062100701,47,134,181
062100801,122,249,371
062100802,260,513,773
062100803,396,614,1010
062100804,534,635,1169
062100805,806,981,1787
062100806,149,504,653
062100807,76,167,243
062100808,1171,1573,2744
062100809,345,520,865
062100810,467,769,1236
062100811,63,203,266
062100901,320,257,577
062100902,340,249,589
062100903,57,125,182
062101001,45,95,140
062101101,16,30,46
062101201,72,145,217
062101301,487,342,829
062101302,515,342,857
062101303,249,247,496
062101304,466,379,845
062101305,359,279,638
062101306,469,563,1032
062101307,365,448,813
062101308,542,663,1205
062101309,484,550,1034
062170101,444,235,679
062170102,432,321,753
062170103,403,288,691
062170104,448,460,908
062170105,455,336,791
062170106,304,130,434
062170107,449,207,656
062170108,377,167,544
062170109,454,192,646
062170110,389,181,570
062170111,349,180,529
062170112,419,220,639
062170113,703,395,1098
062170114,226,135,361
062170201,22,65,87
062170202,22,35,57
062170203,5,30,35
062170204,20,37,57
062170205,16,47,63
062170206,6,28,34
062170207,11,35,46
062170301,60,91,151
062170302,74,104,178
062170303,113,154,267
062170304,44,51,95
062170401,147,257,404
062170402,279,409,688
062170403,212,184,396
062170404,222,264,486
062170405,169,180,349
062170406,109,131,240
062170407,118,145,263
062170408,179,112,291
062170409,273,252,525
062170410,358,321,679
062170411,349,329,678
062170412,275,405,680
062170413,571,817,1388
062170414,569,706,1275
062170415,302,400,702
062170416,397,355,752
062170501,19,9,28
062170502,6,2,8
062170503,10,4,14
062170504,9,0,9
062170505,69,53,122
062170506,13,22,35
062170507,9,48,57
062170508,1,44,45
062170509,8,6,14
062170510,23,4,27
062170511,17,19,36
062170512,7,13,20
062170601,4,10,14
062170602,7,12,19
062170603,21,3,24
062170604,13,48,61
062170605,18,23,41
062170701,7,13,20
062170702,12,16,28
062170801,29,48,77
062170802,17,38,55
062170803,16,53,69
062170901,10,41,51
062170902,24,59,83
062170903,22,45,67
062170904,24,44,68
062170905,9,22,31
062170906,14,38,52
062170907,16,35,51
062171001,346,390,736
062171002,645,613,1258
062171003,696,343,1039
062171004,539,277,816
062171005,21,22,43
062171006,28,40,68
062171007,17,26,43
062171008,28,29,57
062171009,18,47,65
062171010,81,113,194
062171011,149,85,234
062171012,7,14,21
062171013,423,211,634
062171101,52,84,136
062171102,11,32,43
062171103,14,35,49
062171104,8,17,25
062171105,27,88,115
062171106,17,18,35
062171201,465,271,736
062171202,1198,894,2092
062171203,604,269,873
062171204,370,375,745
062171205,455,510,965
062171206,329,282,611
062171207,327,292,619
062171208,367,304,671
062171209,327,293,620
062171210,804,423,1227
062171211,351,219,570
062171212,603,435,1038
062171213,588,247,835
062171214,310,158,468
062171215,458,160,618
062240101,247,322,569
062240102,455,336,791
062240103,633,483,1116
062240104,346,341,687
062240105,499,447,946
062240106,511,320,831
062240107,443,349,792
062240108,353,193,546
062240109,494,316,810
062240110,454,260,714
062240111,480,377,857
062240112,419,326,745
062240113,477,402,879
062240114,503,462,965
062240115,220,386,606
062240116,284,264,548
062240117,366,354,720
062240201,354,303,657
062240202,458,284,742
062240203,233,293,526
062240204,594,663,1257
062240205,439,360,799
062240206,377,395,772
062240207,454,327,781
062240208,548,443,991
062240209,357,413,770
062240210,456,238,694
062240211,351,225,576
062240212,151,260,411
062240213,79,280,359
062240214,419,305,724
062240301,405,341,746
062240302,508,403,911
062240303,365,421,786
062240304,472,262,734
062240305,295,315,610
062240306,365,334,699
062240307,435,569,1004
062240308,451,614,1065
062240309,225,275,500
062240310,427,380,807
062240401,370,497,867
062240402,550,583,1133
062240403,555,481,1036
062240404,392,279,671
062240405,510,351,861
062240406,420,260,680
062240407,485,262,747
062240408,367,194,561
062240409,531,469,1000
062240410,375,268,643
062240411,427,430,857
062240412,202,271,473
062240413,459,310,769
062240414,247,252,499
062240415,252,166,418
062240416,198,261,459
062240417,345,521,866
062240501,9,24,33
062240502,10,19,29
062240503,12,53,65
062240504,3,6,9
062240505,13,37,50
062240601,18,33,51
062240602,45,40,85
062240603,50,51,101
062240604,36,64,100
062240701,5,2,7
062240702,11,26,37
062240703,13,24,37
062240801,13,19,32
062240802,18,19,37
062240901,265,144,409
062240902,350,469,819
062240903,155,97,252
062240904,78,100,178
062240905,7,19,26
062240906,98,104,202
062240907,29,68,97
062240908,414,548,962
062240909,50,204,254
062240910,39,120,159
062240911,206,318,524
062240912,224,199,423
062240913,100,80,180
062240914,126,77,203
062240915,260,254,514
062241001,12,16,28
062241002,10,41,51
062241101,27,63,90
062241102,43,79,122
062241103,73,117,190
062241201,31,83,114
062241202,7,21,28
062241203,19,38,57
062241204,193,57,250
062241301,106,98,204
062241302,17,19,36
062241303,13,26,39
062241401,15,19,34
062241402,17,43,60
062241403,56,84,140
062241501,4,16,20
062241502,17,27,44
062241503,20,11,31
062241601,7,16,23
062241602,5,11,16
062241701,49,125,174
062241702,22,27,49
062241703,28,37,65
062241801,6,23,29
062241802,18,26,44
062241901,61,94,155
062241902,6,21,27
062241903,15,28,43
062241904,18,37,55
062242001,166,118,284
062242002,197,139,336
062242003,399,421,820
062242004,6,10,16
062242005,18,42,60
062242006,14,7,21
062242007,15,20,35
062242008,3,18,21
062242009,105,123,228
062242010,130,223,353
062242101,16,15,31
062242102,1,8,9
062242103,7,15,22
062242201,322,171,493
062242202,344,254,598
062242203,461,334,795
062242204,454,257,711
062242205,440,282,722
062242206,483,378,861
062242207,360,339,699
062242208,392,306,698
062242209,262,359,621
062242210,284,433,717
062310101,388,250,638
062310102,231,225,456
062310103,14,25,39
062310104,163,102,265
062310105,35,31,66
062310106,32,35,67
062310107,262,264,526
062310201,19,28,47
062310202,21,37,58
062310203,17,13,30
062310204,7,16,23
062310301,20,8,28
062310302,43,33,76
062310303,43,33,76
062310304,8,14,22
062310401,1,3,4
062310402,9,9,18
062310403,5,13,18
062310404,19,22,41
062310405,9,11,20
062310501,15,20,35
062310502,18,16,34
062310601,2,3,5
062310602,15,14,29
062310603,25,60,85
062310604,5,12,17
062310605,13,9,22
062310606,21,41,62
062310701,20,19,39
062310702,13,11,24
062310703,13,17,30
062310704,18,39,57
062310705,0,3,3
062310706,5,3,8
062310707,2,8,10
062310801,9,22,31
062310802,0,3,3
062310803,233,389,622
062310804,1,4,5
062310805,3,18,21
062310901,20,23,43
062310902,50,46,96
062310903,21,19,40
062311001,706,530,1236
062311002,0,4,4
062311003,10,18,28
062311004,0,2,2
062311005,76,83,159
062311101,1,5,6
062311201,654,425,1079
062311202,438,527,965
062311203,328,264,592
062311204,482,373,855
062311205,419,294,713
062311206,301,152,453
062311207,455,449,904
062311208,630,593,1223
062311209,352,249,601
062311210,464,277,741
062311211,537,663,1200
062311212,227,335,562
062311213,230,392,622
062311214,50,64,114
062380101,270,307,577
062380102,239,291,530
062380103,550,432,982
062380104,545,441,986
062380105,556,376,932
062380106,423,211,634
062380107,685,568,1253
062380108,349,250,599
062380109,452,211,663
062380110,520,383,903
062380111,374,259,633
062380112,461,306,767
062380113,226,256,482
062380114,227,192,419
062380201,456,311,767
062380202,556,490,1046
062380203,513,309,822
062380204,280,131,411
062380205,436,171,607
062380206,466,245,711
062380207,537,603,1140
062380208,483,423,906
062380209,412,407,819
062380210,327,397,724
062380211,137,172,309
062380212,576,499,1075
062380213,241,203,444
062380214,239,330,569
062380215,28,35,63
062380301,141,128,269
062380302,12,47,59
062380401,34,49,83
062380501,51,88,139
062380601,152,257,409
062380602,164,139,303
062380603,358,312,670
062380604,565,274,839
062380605,11,16,27
062380606,10,29,39
062380607,39,76,115
062380608,1,10,11
062380609,236,266,502
062380610,11,23,34
062380611,321,225,546
062380701,85,45,130
062380702,54,58,112
062380801,19,40,59
062380901,28,78,106
062381001,2,12,14
062381101,10,50,60
062450101,712,462,1174
062450102,655,464,1119
062450103,786,402,1188
062450104,483,237,720
062450105,677,337,1014
062450106,757,534,1291
062450107,444,229,673
062450108,544,233,777
062450109,458,217,675
062450110,615,269,884
062450111,546,285,831
062450201,649,598,1247
062450202,438,352,790
062450203,317,269,586
062450204,363,256,619
062450205,620,509,1129
062450206,960,669,1629
062450207,688,386,1074
062450208,594,292,886
062450209,598,487,1085
062450210,339,168,507
062450211,958,715,1673
062450212,799,636,1435
062450213,522,361,883
062450214,521,311,832
062450215,488,384,872
062450301,613,267,880
062450302,646,508,1154
062450303,590,463,1053
062450304,793,854,1647
062450305,657,796,1453
062450306,763,563,1326
062450307,504,254,758
062450308,470,307,777
062450309,669,586,1255
062450310,646,402,1048
062450311,682,430,1112
062450401,243,373,616
062450402,147,292,439
062450403,441,350,791
062450404,402,345,747
062450405,382,277,659
062450406,289,275,564
062450407,390,392,782
062450408,355,56,411
062450409,362,387,749
062450410,345,436,781
062450411,89,41,130
062450412,122,113,235
062450413,377,386,763
062450414,234,43,277
062450415,570,985,1555
062450416,280,64,344
062450417,112,139,251
062450418,182,232,414
062450501,607,319,926
062450502,349,229,578
062450503,361,299,660
062450504,457,387,844
062450505,956,527,1483
062450506,4,1,5
062450507,43,87,130
062520101,189,347,536
062520102,519,424,943
062520103,184,451,635
062520104,793,825,1618
062520105,683,759,1442
062520106,948,810,1758
062520107,1176,607,1783
062520108,752,901,1653
062520109,432,224,656
062520110,284,115,399
062520111,413,188,601
062520112,862,397,1259
062520113,621,268,889
062520114,482,337,819
062520115,623,347,970
062520201,254,21,275
062520202,389,29,418
062520203,503,131,634
062520204,510,140,650
062520205,317,73,390
062520206,323,73,396
062520207,427,167,594
062520208,96,93,189
062520209,559,927,1486
062520210,452,212,664
062520211,510,343,853
062520212,319,279,598
062520213,505,265,770
062520214,501,404,905
062520215,665,846,1511
062520216,451,633,1084
062520217,394,596,990
062520301,60,118,178
062520302,194,53,247
062520303,239,84,323
062520304,414,314,728
062520305,556,1117,1673
062520306,698,595,1293
062520307,144,119,263
062520308,230,37,267
062520309,420,166,586
062520401,492,683,1175
062520402,647,711,1358
062520403,330,235,565
062520404,504,274,778
062520405,581,382,963
062520406,425,238,663
062520407,415,236,651
062520408,1087,377,1464
062520409,859,869,1728
062520410,639,160,799
062520411,66,41,107
062520412,859,1053,1912
062520413,1054,96,1150
062520501,693,350,1043
062520502,410,185,595
062520503,589,288,877
062520504,741,301,1042
062520505,433,215,648
062520506,355,169,524
062520507,834,476,1310
062520508,847,536,1383
062520509,685,502,1187
062520601,368,527,895
062520602,2,3,5
062520603,126,174,300
062520604,352,398,750
062520605,564,580,1144
062520606,706,199,905
062520607,66,67,133
062520608,37,29,66
062520609,48,85,133
062520610,51,49,100
062520611,232,113,345
062520612,345,107,452
062520613,312,256,568
062520614,363,305,668
062520701,645,434,1079
062520702,712,569,1281
062520703,911,545,1456
062520704,801,786,1587
062520705,837,1009,1846
062520706,865,1345,2210
062520707,556,751,1307
062520708,824,680,1504
062520709,461,367,828
062520710,540,325,865
062520711,878,620,1498
062520801,112,122,234
062520802,855,871,1726
062520803,728,771,1499
062520804,699,830,1529
062520805,611,913,1524
062520806,708,518,1226
062520807,558,401,959
062520808,477,458,935
062520809,221,71,292
062520810,410,57,467
062520901,1956,995,2951
062520902,795,1115,1910
062520903,663,967,1630
062520904,653,963,1616
062520905,668,823,1491
062520906,532,712,1244
062520907,543,614,1157
062520908,412,362,774
062520909,507,513,1020
062520910,651,689,1340
062520911,846,891,1737
062520912,708,835,1543
062520913,857,1622,2479
062520914,861,920,1781
062521001,487,46,533
062521002,108,23,131
062521003,692,504,1196
062521004,763,448,1211
062521005,404,325,729
062521006,580,468,1048
062521007,427,618,1045
062521008,511,344,855
062521009,606,456,1062
062521010,830,191,1021
062521011,587,687,1274
062521012,482,994,1476
062521013,955,474,1429
062521014,580,140,720
062521015,470,90,560
062521016,623,522,1145
062521017,480,180,660
062521101,488,278,766
062521102,889,458,1347
062521103,422,200,622
062521104,670,305,975
062521105,836,445,1281
062521106,589,298,887
062521107,650,276,926
062521108,223,59,282
062521109,382,132,514
062521110,717,285,1002
062521201,671,690,1361
062521202,955,857,1812
062521203,755,761,1516
062521204,814,908,1722
062521205,877,823,1700
062521206,589,594,1183
062521207,716,752,1468
062521208,585,766,1351
062521301,402,299,701
062521302,747,629,1376
062521303,670,569,1239
062521304,603,429,1032
062521305,709,485,1194
062521306,687,401,1088
062521307,459,242,701
062521308,527,283,810
062521309,478,191,669
062521310,377,261,638
062521311,576,320,896
062521312,581,537,1118
062521401,701,545,1246
062521402,772,680,1452
062521403,724,1203,1927
062521404,444,710,1154
062521405,423,307,730
062521406,349,458,807
062521407,473,622,1095
062521408,855,848,1703
062521409,570,474,1044
062521410,582,345,927
062521411,573,384,957
062521412,625,912,1537
062521413,1033,1263,2296
062521414,512,708,1220
062521415,491,452,943
062521416,482,523,1005
062521417,549,349,898
062521418,610,383,993
062521419,837,621,1458
062521501,3,8,11
062521502,0,3,3
062521503,758,441,1199
062521504,798,653,1451
062521505,676,533,1209
062521506,676,753,1429
062521507,579,807,1386
062521508,705,893,1598
062521509,1037,405,1442
062521510,543,57,600
062521511,800,561,1361
062521512,988,818,1806
062521513,640,92,732
062521514,856,479,1335
062521515,1332,614,1946
062521601,209,275,484
062660101,6,13,19
062660102,82,89,171
062660103,44,54,98
062660104,59,109,168
062660201,17,24,41
062660202,52,43,95
062660203,36,30,66
062660204,544,691,1235
062660205,228,146,374
062660301,525,484,1009
062660302,475,292,767
062660303,449,397,846
062660304,339,283,622
062660305,176,207,383
062660306,238,189,427
062660307,297,210,507
062660308,259,156,415
062660309,295,181,476
062660310,462,332,794
062660311,355,483,838
062660312,40,22,62
062660401,96,106,202
062660402,9,14,23
062660403,140,145,285
062660501,483,821,1304
062660502,246,333,579
062660503,253,187,440
062660504,130,73,203
062660505,95,35,130
062660506,128,126,254
062660507,60,40,100
062660508,333,337,670
062660509,166,35,201
062660601,165,288,453
062660602,458,180,638
062660603,160,153,313
062660604,139,55,194
062660605,181,105,286
062660606,93,37,130
062660607,133,38,171
062660608,178,66,244
062660609,244,421,665
062660610,302,169,471
062660611,273,70,343
062660612,223,153,376
062660701,368,429,797
062660702,498,361,859
062660703,726,666,1392
062660704,144,140,284
062660705,521,1024,1545
062660706,143,103,246
062660707,426,282,708
062660708,583,578,1161
062660709,679,493,1172
062660710,406,727,1133
062660711,265,285,550
062770101,2,5,7
062770102,128,190,318
062770103,165,157,322
062770104,41,28,69
062770105,6,10,16
062770106,43,70,113
062770107,331,398,729
062770108,436,344,780
062770109,310,353,663
062770110,431,321,752
062770111,640,509,1149
062770112,317,184,501
062770113,384,264,648
062770114,276,336,612
062770115,522,343,865
062770116,22,28,50
062770201,26,66,92
062770202,124,173,297
062770203,28,51,79
062770204,87,92,179
062770205,13,18,31
062770206,30,53,83
062800101,199,404,603
062800102,308,279,587
062800103,269,313,582
062800104,434,308,742
062800105,185,311,496
062800106,229,259,488
062800107,387,542,929
062800108,244,398,642
062800109,152,294,446
062800110,268,302,570
062800201,593,415,1008
062800202,412,259,671
062800203,242,186,428
062800204,379,360,739
062800205,575,444,1019
062800206,431,242,673
062800207,454,233,687
062800208,222,134,356
062800301,94,55,149
062800302,98,48,146
062800303,101,57,158
062800304,101,39,140
062800305,170,52,222
062800306,110,45,155
062800307,144,71,215
062800308,87,37,124
062800309,54,45,99
062800310,68,44,112
062800311,41,31,72
062800312,32,25,57
062800313,50,11,61
062800401,462,189,651
062800402,109,38,147
062800403,48,22,70
062800404,16,7,23
062800405,83,33,116
062800406,211,66,277
062800407,119,86,205
062800408,149,144,293
062800409,232,169,401
062800410,160,109,269
062800501,3,14,17
062800502,16,20,36
062800503,5,11,16
062800504,0,3,3
062800505,7,8,15
062800506,14,15,29
062800507,21,11,32
062800508,22,45,67
062800509,10,8,18
062800601,8,4,12
062800602,9,11,20
062800603,39,54,93
062800604,27,26,53
062800605,23,7,30
062800606,384,150,534
062800607,126,73,199
062800608,198,152,350
062800609,92,19,111
062800610,189,222,411
062800611,121,115,236
062800612,38,48,86
062800613,40,39,79
062800614,50,34,84
062800615,78,74,152
062800616,64,22,86
062800617,43,15,58
062800701,15,14,29
062800702,6,14,20
062800703,32,26,58
062800704,76,83,159
062800705,24,27,51
062800706,10,28,38
062800707,7,13,20
062800708,39,26,65
062800709,24,27,51
062800710,9,24,33
062800711,12,13,25
062800801,115,131,246
062800802,6,8,14
062800803,3,8,11
062800804,7,8,15
062800805,1,7,8
062800806,7,11,18
062800807,11,19,30
062800808,0,9,9
062800809,14,32,46
062800810,2,15,17
062800811,2,14,16
062800812,16,20,36
062800813,11,15,26
062800814,5,10,15
062800815,13,24,37
062800816,46,72,118
062800817,14,13,27
062800818,5,5,10
062800819,326,298,624
062800820,117,173,290
062800901,45,45,90
062800902,11,13,24
062800903,4,7,11
062800904,9,17,26
062800905,23,23,46
062800906,42,22,64
062800907,14,7,21
062800908,14,17,31
062800909,76,41,117
062800910,19,4,23
062800911,12,8,20
062800912,104,47,151
062801001,308,170,478
062801002,355,188,543
062801003,168,50,218
062801004,188,78,266
062801005,139,70,209
062801006,45,22,67
062801007,104,41,145
062801008,221,101,322
062801101,410,340,750
062801102,519,356,875
062801103,621,377,998
062801104,232,147,379
062801105,270,152,422
062801106,298,191,489
062801107,279,131,410
062801108,345,207,552
062801109,369,255,624
062801110,227,192,419
062801111,191,307,498
062801112,223,200,423
062801201,66,48,114
062801202,54,43,97
062801203,1,7,8
062801204,36,40,76
062801205,719,609,1328
062801206,528,471,999
062801207,791,440,1231
062801208,703,825,1528
062801209,285,318,603
062801210,294,299,593
062870101,84,149,233
062870201,50,81,131
062870301,10,9,19
062870302,7,30,37
062870401,68,151,219
062870402,17,11,28
062870403,159,107,266
062870404,272,292,564
062870405,420,337,757
062870406,332,168,500
062870407,333,320,653
062870408,273,372,645
062870409,150,213,363
062870410,178,166,344
062870411,438,273,711
062870412,270,190,460
062870413,429,510,939
062870414,323,276,599
062870415,648,324,972
062870416,29,52,81
062870417,1,10,11
062870501,33,35,68
062870502,51,110,161
062870601,39,174,213
062870701,22,101,123
062870702,24,98,122
062940101,1,16,17
062940102,4,5,9
062940103,0,0,0
062940201,3,7,10
062940202,95,196,291
062940203,599,459,1058
062940204,409,428,837
062940205,30,24,54
062940206,15,12,27
062940207,5,17,22
062940208,2,0,2
062940209,14,15,29
062940210,10,20,30
062940211,106,154,260
062940301,8,15,23
062940302,5,5,10
062940303,7,5,12
062940401,353,309,662
062940402,498,355,853
062940403,547,440,987
062940404,229,196,425
062940405,45,58,103
062940406,76,78,154
062940407,8,12,20
062940408,493,383,876
062940501,22,61,83
062940502,6,7,13
062940503,0,11,11
062940504,0,9,9
062940505,16,30,46
062940506,29,40,69
062940601,331,354,685
062940602,201,160,361
062940603,275,249,524
062940604,151,215,366
062940605,7,4,11
062940606,17,29,46
062940607,15,28,43
062940608,119,94,213
062940609,137,195,332
062940610,139,216,355
062940701,0,11,11
062940702,10,19,29
062940703,8,8,16
062940704,11,16,27
062940705,13,9,22
062940706,0,0,0
062940801,92,76,168
062940802,282,235,517
062940803,227,282,509
062940804,147,155,302
062940805,212,126,338
062940806,204,186,390
062940807,374,278,652
062940808,352,324,676
062940809,79,99,178
062940810,108,236,344
062940811,7,2,9
062940812,4,7,11
062940813,3,0,3
062940814,10,12,22
062940815,9,17,26
063010101,179,357,536
063010201,49,74,123
063010301,38,61,99
063010401,41,112,153
063010501,6,13,19
063010502,74,94,168
063010503,54,38,92
063010504,310,329,639
063010505,220,433,653
063010506,242,359,601
063010507,231,306,537
063010508,383,246,629
063010509,353,343,696
063010510,367,271,638
063010511,398,257,655
063010512,490,386,876
063010513,570,621,1191
063010514,324,280,604
063010601,71,148,219
063010701,66,156,222
063010801,126,164,290
063010802,57,68,125
063010803,65,82,147
063010804,63,61,124
063010805,287,255,542
063010806,367,337,704
063010807,163,161,324
063010808,377,329,706
063010809,368,230,598
063010810,211,198,409
063010811,345,360,705
063010812,434,531,965
063010813,275,419,694
063010814,208,410,618
063010815,3,15,18
063080101,21,31,52
063080201,8,37,45
063080301,13,52,65
063080401,18,51,69
063080501,162,123,285
063080502,106,128,234
063080601,161,151,312
063080602,198,200,398
063080603,44,53,97
063080604,2,6,8
063080701,11,57,68
063080801,4,27,31
063080901,22,57,79
063081001,21,57,78
063081002,298,484,782
063081003,17,56,73
063150101,348,313,661
063150102,642,422,1064
063150103,215,368,583
063150104,493,280,773
063150105,510,297,807
063150106,514,359,873
063150107,283,361,644
063150108,324,416,740
063150109,665,355,1020
063150110,544,419,963
063150111,708,568,1276
063150112,450,530,980
063150113,515,514,1029
063150114,576,630,1206
063150115,400,467,867
063150116,229,380,609
063150117,192,500,692
063150118,505,399,904
063150201,45,109,154
063150301,333,544,877
063150302,158,191,349
063150303,132,295,427
063150401,54,129,183
063150501,58,135,193
063150502,165,162,327
063150601,107,208,315
063150701,23,56,79
063220101,0,6,6
063220102,2,4,6
063220103,9,19,28
063220201,17,27,44
063220202,5,12,17
063220203,2,11,13
063220204,4,15,19
063220301,122,181,303
063220302,10,31,41
063220303,0,8,8
063220304,16,38,54
063220305,20,23,43
063220306,24,14,38
063220307,138,178,316
063220401,4,12,16
063220402,5,10,15
063220403,7,14,21
063220404,4,6,10
063220405,4,7,11
063220501,8,10,18
063220502,2,12,14
063220503,4,15,19
063220504,2,7,9
063220505,7,23,30
063220601,531,576,1107
063220602,408,231,639
063220603,247,162,409
063220604,281,218,499
063220605,286,211,497
063220606,185,166,351
063220607,298,272,570
063220608,31,47,78
063220609,11,4,15
063220610,0,1,1
063220611,91,79,170
063220612,382,364,746
063220613,286,129,415
063220614,371,161,532
063220615,220,173,393
063220616,224,297,521
063220617,501,309,810
063220701,72,97,169
063220702,18,22,40
063220703,26,26,52
063220704,7,9,16
063220705,5,12,17
063220801,4,15,19
063220802,2,21,23
063220803,11,23,34
063220901,31,19,50
063220902,15,18,33
063220903,2,6,8
063221001,144,140,284
063221002,35,31,66
063221003,8,13,21
063221004,19,42,61
063221005,29,30,59
063221006,10,15,25
063221007,47,60,107
063221008,19,15,34
063221101,4,27,31
063221102,10,20,30
063221103,12,14,26
063221201,8,19,27
063221202,3,8,11
063221203,3,9,12
063221301,10,10,20
063221302,6,16,22
063221303,8,24,32
063221304,9,12,21
063290101,8,31,39
063290102,36,76,112
063290103,26,39,65
063290104,8,45,53
063290201,77,106,183
063290202,27,38,65
063290203,35,74,109
063290301,53,65,118
063290302,52,94,146
063290303,108,124,232
063290304,449,311,760
063290305,523,496,1019
063290306,395,356,751
063290307,286,233,519
063290308,549,445,994
063290309,422,328,750
063290310,511,393,904
063290311,540,370,910
063290312,511,311,822
063290313,333,169,502
063290314,402,186,588
063290315,585,335,920
063290316,528,336,864
063290317,287,183,470
063290401,72,51,123
063290402,116,89,205
063290403,97,139,236
063290501,129,125,254
063290502,65,187,252
063290503,35,74,109
063290504,29,52,81
063290505,180,176,356
063290506,222,270,492
063290601,25,55,80
063290602,16,34,50
063360101,32,64,96
063360201,259,272,531
063360202,250,192,442
063360203,183,122,305
063360204,10,36,46
063360205,187,194,381
063360301,29,42,71
063360401,9,23,32
063360501,137,178,315
063360601,19,42,61
063360701,62,111,173
063360801,29,74,103
063360901,12,58,70
063361001,199,233,432
063361002,171,251,422
063430101,239,382,621
063430102,38,37,75
063430103,74,130,204
063430104,23,34,57
063430105,26,55,81
063430201,58,69,127
063430301,20,57,77
063430302,20,26,46
063430303,18,28,46
063430401,33,45,78
063430402,30,57,87
063430501,10,40,50
063430502,18,32,50
063430503,35,51,86
063430601,233,258,491
063430602,89,159,248
063430603,46,38,84
063430604,9,24,33
063430605,16,34,50
063430606,3,9,12
063430701,158,167,325
063430702,257,335,592
063430703,431,342,773
063430704,215,160,375
063430705,354,319,673
063430706,320,432,752
063430707,376,315,691
063430708,222,257,479
063430709,462,304,766
063430710,493,424,917
063430711,286,368,654
063430712,218,319,537
063430713,162,239,401
063430801,11,24,35
063430802,18,37,55
063510101,18,22,40
063510102,219,164,383
063510103,218,182,400
063510104,8,18,26
063510201,100,69,169
063510202,27,44,71
063510301,3,35,38
063510302,6,17,23
063510303,3,8,11
063510304,6,25,31
063510401,259,351,610
063510402,10,25,35
063510403,7,47,54
063510404,17,28,45
063510405,15,38,53
063510406,394,339,733
063510501,25,21,46
063510502,6,14,20
063510601,177,283,460
063510602,148,121,269
063510603,459,380,839
063510604,472,473,945
063510605,406,407,813
063510606,462,439,901
063510607,505,294,799
063510608,126,163,289
063510609,1,3,4
063510610,2,3,5
063510611,9,17,26
063510612,5,10,15
063510613,22,18,40
063510614,16,15,31
063510615,485,470,955
063510701,19,29,48
063510702,27,19,46
063510703,13,8,21
063510801,40,27,67
063510802,12,14,26
063510803,37,39,76
063510901,565,518,1083
063510902,10,11,21
063510903,63,73,136
063511001,5,11,16
063511002,13,12,25
063511003,17,15,32
063570101,547,290,837
063570102,567,410,977
063570103,648,510,1158
063570104,838,284,1122
063570105,768,239,1007
063570106,491,208,699
063570107,482,215,697
063570108,939,145,1084
063570109,654,198,852
063570201,592,312,904
063570202,688,127,815
063570203,671,161,832
063570204,791,245,1036
063570205,658,155,813
063570206,678,149,827
063570207,532,115,647
063570208,441,114,555
063570209,693,164,857
063570210,624,138,762
063570301,261,142,403
063570302,349,155,504
063570303,240,89,329
063570304,444,214,658
063570305,499,189,688
063570306,760,225,985
063570307,582,164,746
063570308,774,195,969
063570309,929,178,1107
063570310,725,165,890
063570311,891,199,1090
063570401,451,162,613
063570402,278,136,414
063570403,303,90,393
063570404,352,90,442
063570405,337,83,420
063570406,403,137,540
063570407,543,172,715
063570408,674,198,872
063570409,528,141,669
063570410,423,118,541
063570501,862,225,1087
063570502,846,186,1032
063570503,513,165,678
063570504,488,169,657
063570505,408,128,536
063570506,527,141,668
063570507,420,102,522
063570508,456,114,570
063570509,751,212,963
063570510,711,165,876
063570511,328,92,420
063570512,396,105,501
063570513,268,111,379
063570514,236,74,310
063570601,589,344,933
063570602,490,287,777
063570603,448,267,715
063570604,753,380,1133
063570605,476,284,760
063570606,443,222,665
063570607,578,272,850
063570608,668,283,951
063570609,827,273,1100
063570610,646,266,912
063570611,576,218,794
063570701,515,243,758
063570702,750,278,1028
063570703,653,170,823
063570704,859,174,1033
063570705,959,262,1221
063570706,702,355,1057
063570707,580,264,844
063570708,517,279,796
063570709,820,475,1295
063570710,559,361,920
063570711,443,350,793
063570801,477,702,1179
063570802,525,360,885
063570803,373,265,638
063570804,527,228,755
063570805,558,373,931
063570806,458,338,796
063570807,607,349,956
063570808,393,328,721
063570809,554,413,967
063570810,600,411,1011
063570811,643,408,1051
063570812,631,422,1053
063570813,389,222,611
063570814,240,190,430
063570901,788,579,1367
063570902,419,712,1131
063570903,464,494,958
063570904,568,597,1165
063570905,554,562,1116
063570906,665,634,1299
063570907,483,646,1129
063570908,427,638,1065
063570909,441,591,1032
063570910,735,571,1306
063570911,646,486,1132
063570912,738,580,1318
063570913,556,444,1000
063571001,536,148,684
063571002,496,125,621
063571003,829,335,1164
063571004,518,490,1008
063571005,534,638,1172
063571006,740,488,1228
063571007,393,677,1070
063571008,601,920,1521
063571009,324,483,807
063571010,384,340,724
063571011,447,517,964
063571012,482,444,926
063571013,378,390,768
063571014,483,461,944
063571015,403,399,802
063571101,405,304,709
063571102,505,621,1126
063571103,426,440,866
063571104,595,883,1478
063571105,493,601,1094
063571106,494,694,1188
063571107,485,625,1110
063571108,408,296,704
063571109,783,509,1292
063571110,452,389,841
063571111,507,349,856
063571112,593,581,1174
063571201,582,447,1029
063571202,312,253,565
063571203,505,389,894
063571204,441,327,768
063571205,633,409,1042
063571206,381,234,615
063571207,483,576,1059
063571208,585,779,1364
063571209,461,680,1141
063571210,548,796,1344
063571211,626,837,1463
063571212,503,598,1101
063571213,446,492,938
063571214,490,279,769
063571215,687,695,1382
063571301,466,377,843
063571302,440,350,790
063571303,665,476,1141
063571304,776,584,1360
063571305,401,378,779
063571306,730,581,1311
063571307,588,519,1107
063571308,513,366,879
063571309,316,211,527
063571401,522,457,979
063571402,514,354,868
063571403,753,464,1217
063571404,579,342,921
063571405,358,233,591
063571406,433,285,718
063571407,597,418,1015
063571408,551,313,864
063571409,525,305,830
063571501,657,246,903
063571502,384,167,551
063571503,503,203,706
063571504,661,316,977
063571505,650,325,975
063571506,398,279,677
063571507,1128,546,1674
063571508,576,306,882
063571509,443,292,735
063571510,476,292,768
063571511,222,166,388
063571601,450,242,692
063571602,437,218,655
063571603,407,244,651
063571604,480,265,745
063571605,442,134,576
063571606,368,166,534
063571607,286,141,427
063571608,379,166,545
063571609,248,113,361
063571610,237,114,351
063571611,247,130,377
063571612,255,105,360
063571613,340,167,507
063571701,560,201,761
063571702,160,73,233
063571703,312,131,443
063571704,469,137,606
063571705,689,430,1119
063571706,394,145,539
063571707,325,129,454
063571708,569,174,743
063571709,455,141,596
063571710,363,132,495
063571801,490,194,684
063571802,344,109,453
063571803,235,96,331
063571804,421,153,574
063571805,583,241,824
063571806,499,176,675
063571807,490,162,652
063571808,536,262,798
063571809,438,179,617
063571810,355,125,480
063571901,493,200,693
063571902,260,108,368
063571903,263,75,338
063571904,105,49,154
063571905,223,81,304
063571906,189,70,259
063571907,351,178,529
063571908,308,108,416
063571909,196,50,246
063571910,150,60,210
063571911,197,89,286
063572001,272,76,348
063572002,440,185,625
063572003,231,80,311
063572004,186,81,267
063572005,133,41,174
063572006,130,69,199
063572007,195,77,272
063572008,59,31,90
063572009,132,48,180
063572101,258,80,338
063572102,433,159,592
063572103,320,130,450
063572104,204,100,304
063572105,490,180,670
063572106,291,110,401
063572107,261,103,364
063572108,293,123,416
063572201,329,67,396
063572202,184,55,239
063572203,271,108,379
063572204,232,96,328
063572205,212,97,309
063572206,339,129,468
063572207,237,100,337
063572208,261,148,409
063572209,316,143,459
063572210,240,100,340
063572211,203,107,310
063572212,212,103,315
063572213,162,91,253
063572214,235,102,337
063572301,265,94,359
063572302,283,114,397
063572303,172,57,229
063572304,189,100,289
063572305,120,57,177
063572306,197,114,311
063572307,149,43,192
063572308,65,30,95
063572401,89,38,127
063572402,45,39,84
063572403,160,95,255
063572404,140,109,249
063572405,300,111,411
063572501,265,151,416
063572502,306,130,436
063572503,150,79,229
063572601,262,154,416
063572602,384,168,552
063572603,305,146,451
063572604,303,145,448
063572701,245,90,335
063572702,211,94,305
063572703,275,127,402
063572704,183,100,283
063572705,259,123,382
063572801,269,165,434
063572802,165,83,248
063572803,192,101,293
063572804,161,84,245
063572805,221,120,341
063572806,220,99,319
063572901,148,108,256
063572902,144,75,219
063572903,160,93,253
063572904,225,124,349
063572905,50,36,86
063572906,306,149,455
063573001,177,100,277
063573002,245,96,341
063573003,115,42,157
063573004,253,84,337
063573005,201,92,293
063573006,307,164,471
063573007,157,70,227
063573008,127,61,188
063573009,264,102,366
063573010,175,102,277
063573011,218,108,326
063573101,314,119,433
063573102,298,121,419
063573103,205,100,305
063573104,124,54,178
063573105,249,119,368
063573106,208,95,303
063573107,305,176,481
063573108,320,136,456
063573109,237,165,402
063573201,354,174,528
063573202,397,155,552
063573203,347,176,523
063573204,393,189,582
063573205,157,65,222
063573206,251,131,382
063573207,299,139,438
063573208,143,78,221
063573209,399,145,544
063573210,324,90,414
063573301,454,177,631
063573302,541,231,772
063573303,539,212,751
063573304,414,215,629
063573305,435,139,574
063573306,321,121,442
063573307,371,171,542
063573308,399,127,526
063573309,308,108,416
063573310,227,76,303
063573311,272,79,351
063573401,243,111,354
063573402,301,96,397
063573403,183,82,265
063573404,410,192,602
063573405,272,107,379
063573406,221,76,297
063573407,310,94,404
063573408,120,68,188
063573501,324,146,470
063573502,353,207,560
063573503,177,83,260
063573504,264,108,372
063573505,363,142,505
063573506,294,107,401
063573507,298,121,419
063573508,306,126,432
063573509,275,128,403
063573510,147,66,213
063573601,334,133,467
063573602,360,121,481
063573603,201,118,319
063573604,304,133,437
063573605,58,31,89
063573701,252,114,366
063573702,227,111,338
063573703,270,111,381
063573704,164,77,241
063573705,256,130,386
063573706,216,91,307
063573707,205,62,267
063573708,174,66,240
063573801,256,120,376
063573802,189,123,312
063573803,248,119,367
063573804,147,51,198
063573901,225,107,332
063573902,192,81,273
063573903,202,104,306
063573904,357,162,519
063573905,168,59,227
063573906,80,59,139
063573907,312,115,427
063573908,211,98,309
063573909,114,46,160
063574001,40,13,53
063574002,306,210,516
063574003,197,102,299
063574004,264,126,390
063574005,168,80,248
063574006,184,89,273
063574007,328,152,480
063574008,219,105,324
063574101,656,144,800
063574102,440,150,590
063574103,359,148,507
063574104,269,105,374
063574105,205,111,316
063574106,106,22,128
063574107,190,48,238
063574201,190,89,279
063574202,197,66,263
063574203,139,36,175
063574204,87,28,115
063574205,153,80,233
063574206,203,83,286
063574207,177,62,239
063574301,121,42,163
063574302,134,36,170
063574303,173,52,225
063574304,331,77,408
063574305,79,21,100
063574306,219,47,266
063574307,335,47,382
063574308,71,23,94
063574309,163,46,209
063574310,151,49,200
063574311,137,25,162
063574312,127,39,166
063574401,59,12,71
063574402,185,39,224
063574403,549,112,661
063574404,642,65,707
063574405,482,81,563
063574406,200,39,239
063574407,334,60,394
063574408,318,48,366
063574409,155,19,174
063574501,248,94,342
063574502,288,109,397
063574503,381,134,515
063574504,476,133,609
063574505,259,93,352
063574506,484,182,666
063574507,568,158,726
063574508,470,125,595
063574509,824,157,981
063574510,715,146,861
063574511,230,56,286
063574512,251,50,301
063574513,110,27,137
063574514,158,32,190
063574515,263,68,331
063574516,531,118,649
063574601,306,102,408
063574602,296,124,420
063574603,382,144,526
063574604,254,93,347
063574605,440,188,628
063574606,541,181,722
063574607,299,107,406
063574608,290,121,411
063574609,515,177,692
063574610,430,158,588
063574611,557,145,702
063574612,563,152,715
063574613,365,107,472
063574701,454,245,699
063574702,457,229,686
063574703,569,194,763
063574704,463,186,649
063574705,589,186,775
063574706,296,117,413
063574707,291,93,384
063574708,503,149,652
063574709,458,221,679
063574710,547,194,741
063574801,639,272,911
063574802,521,354,875
063574803,445,321,766
063574804,246,168,414
063574805,317,192,509
063574806,287,151,438
063574807,351,142,493
063574808,319,159,478
063574809,296,146,442
063574810,546,238,784
063574811,495,223,718
063574812,267,157,424
063574813,349,171,520
063574814,373,208,581
063574815,374,130,504
063574901,355,239,594
063574902,528,288,816
063574903,381,164,545
063574904,363,194,557
063574905,461,252,713
063574906,398,185,583
063574907,480,204,684
063574908,395,195,590
063575001,429,254,683
063575002,512,308,820
063575003,484,312,796
063575004,573,339,912
063575005,567,397,964
063575006,509,391,900
063575007,534,586,1120
063575008,941,759,1700
063575009,1185,790,1975
063575010,308,236,544
063575011,239,167,406
063575012,526,467,993
063575013,330,212,542
063575014,327,209,536
063575101,413,270,683
063575102,521,238,759
063575103,595,374,969
063575104,509,282,791
063575105,551,493,1044
063575106,436,543,979
063575107,539,648,1187
063575108,428,529,957
063575109,734,478,1212
063575201,783,873,1656
063575202,581,741,1322
063575203,643,498,1141
063575204,576,629,1205
063575205,444,398,842
063575206,361,408,769
063575207,614,562,1176
063575208,454,376,830
063575209,422,502,924
063575210,755,868,1623
063575211,654,644,1298
063575212,498,574,1072
063575213,469,697,1166
063575214,540,799,1339
063575215,576,980,1556
063575216,664,949,1613
063575301,601,359,960
063575302,596,428,1024
063575303,776,375,1151
063575304,481,316,797
063575305,508,284,792
063575306,475,341,816
063575307,660,546,1206
063575308,648,470,1118
063575309,842,491,1333
063575310,686,502,1188
063575311,505,561,1066
063575312,573,564,1137
063575313,476,335,811
063575314,416,352,768
063575315,495,554,1049
063575316,259,660,919
063575401,475,379,854
063575402,579,378,957
063575403,650,466,1116
063575404,586,560,1146
063575405,489,288,777
063575406,437,269,706
063575407,443,313,756
063575408,435,217,652
063575501,362,175,537
063575502,410,253,663
063575503,635,320,955
063575504,730,383,1113
063575505,352,171,523
063575506,620,150,770
063575507,527,136,663
063575508,927,326,1253
063575601,579,283,862
063575602,652,272,924
063575603,516,247,763
063575604,700,241,941
063575605,530,188,718
063575606,532,213,745
063575607,661,244,905
063575608,616,248,864
063575609,546,185,731
063575610,281,102,383
063575611,708,304,1012
063575612,519,195,714
063575701,816,529,1345
063575702,582,324,906
063575703,441,273,714
063575704,700,411,1111
063575705,401,196,597
063575706,530,366,896
063575707,396,192,588
063575708,320,208,528
063575709,649,367,1016
063575710,396,243,639
063575801,393,283,676
063575802,397,306,703
063575803,457,217,674
063575804,473,273,746
063575805,558,372,930
063575806,557,355,912
063575807,476,316,792
063575808,767,468,1235
063575901,571,184,755
063575902,541,219,760
063575903,431,188,619
063575904,567,173,740
063575905,602,157,759
063575906,903,248,1151
063575907,497,495,992
063575908,556,223,779
063575909,367,117,484
063575910,337,147,484
063575911,576,266,842
063576001,533,260,793
063576002,354,225,579
063576003,548,200,748
063576004,324,197,521
063576005,433,315,748
063576006,561,337,898
063576007,539,301,840
063576008,422,222,644
063576009,357,245,602
063576010,373,359,732
063576011,378,332,710
063576101,812,149,961
063576102,697,327,1024
063576103,294,125,419
063576104,443,177,620
063576105,780,126,906
063576106,964,179,1143
063576107,345,135,480
063576108,37,2,39
063576109,468,115,583
063576110,669,200,869
063576111,432,138,570
063576112,279,41,320
063576113,474,133,607
063576201,553,407,960
063576202,346,216,562
063576203,300,186,486
063576204,510,288,798
063576205,469,274,743
063576206,461,242,703
063576207,366,304,670
063576208,271,220,491
063576209,470,223,693
063576210,161,84,245
063576211,359,196,555
063576301,13,0,13
063576302,83,50,133
063576303,125,55,180
063576304,260,95,355
063576305,221,118,339
063576306,117,41,158
063576307,107,33,140
063576308,156,44,200
063576309,90,32,122
063576401,899,233,1132
063576402,883,306,1189
063576403,464,187,651
063576404,495,250,745
063576405,441,174,615
063576406,334,122,456
063576407,375,143,518
063576408,294,97,391
063576409,159,55,214
063576410,136,54,190
063576411,205,82,287
063576501,315,222,537
063576502,432,250,682
063576503,4,4,8
063576504,689,281,970
063576505,462,175,637
063576506,392,179,571
063576507,612,182,794
063576508,715,277,992
063576509,575,208,783
063576510,376,156,532
063576511,406,151,557
063576512,410,155,565
063576513,147,45,192
063576514,193,65,258
063576601,447,410,857
063576602,496,347,843
063576603,669,528,1197
063576604,560,451,1011
063576605,475,295,770
063576606,506,326,832
063576607,495,365,860
063576608,394,241,635
063576701,331,230,561
063576702,406,324,730
063576703,603,401,1004
063576704,558,440,998
063576705,547,443,990
063576706,386,337,723
063576707,683,605,1288
063576708,359,441,800
063576709,430,516,946
063576710,535,611,1146
063576711,658,670,1328
063576712,608,532,1140
063576713,338,391,729
063576714,337,343,680
063576715,591,702,1293
063576801,720,562,1282
063576802,662,533,1195
063576803,466,300,766
063576804,294,234,528
063576805,315,227,542
063576806,491,308,799
063576807,486,350,836
063576808,421,280,701
063576809,484,358,842
063576810,628,437,1065
063576901,476,302,778
063576902,393,359,752
063576903,345,291,636
063576904,451,340,791
063576905,416,361,777
063576906,479,409,888
063576907,584,670,1254
063576908,392,531,923
063576909,476,463,939
063576910,551,612,1163
063576911,273,360,633
063577001,407,398,805
063577002,601,368,969
063577003,762,503,1265
063577004,763,434,1197
063577005,316,247,563
063577006,421,328,749
063577007,651,440,1091
063577008,608,423,1031
063577009,371,338,709
063577010,361,359,720
063577011,382,450,832
063577012,360,326,686
063577013,403,476,879
063577014,476,514,990
063577101,333,410,743
063577102,473,385,858
063577103,672,444,1116
063577104,698,452,1150
063577105,466,364,830
063577106,716,613,1329
063577107,622,307,929
063577108,704,446,1150
063577109,910,384,1294
063577110,486,536,1022
063577111,658,727,1385
063577201,420,675,1095
063577202,439,744,1183
063577203,386,563,949
063577204,583,652,1235
063577205,562,626,1188
063577206,496,492,988
063577207,620,521,1141
063577208,422,218,640
063577209,568,672,1240
063577210,760,627,1387
063577211,576,576,1152
063577301,91,183,274
063577302,480,784,1264
063577303,12,22,34
063577304,85,127,212
063577305,819,346,1165
063577306,879,413,1292
063577307,63,180,243
063577308,190,355,545
063577309,183,358,541
063577310,2,6,8
063577311,140,183,323
063577312,124,80,204
063577401,606,340,946
063577402,495,661,1156
063577403,371,343,714
063577404,385,648,1033
063577405,267,530,797
063577406,535,875,1410
063577407,465,256,721
063577408,526,381,907
063577409,320,232,552
063577410,402,162,564
063577411,336,76,412
063577412,429,71,500
063577413,413,198,611
063577414,613,380,993
063577415,438,96,534
063577416,439,68,507
063577417,490,83,573
063577418,432,86,518
063577501,270,131,401
063577502,122,63,185
063577503,43,22,65
063577504,267,70,337
063577505,98,63,161
063577506,279,107,386
063577507,374,190,564
063577508,258,134,392
063577509,133,79,212
063577510,140,65,205
063577511,214,89,303
063577512,351,157,508
063577513,264,170,434
063577514,176,76,252
063577515,121,81,202
063577516,118,45,163
063577601,122,191,313
063577602,193,304,497
063577603,93,58,151
063577604,175,87,262
063577605,147,89,236
063577606,71,43,114
063577607,143,108,251
063577608,184,140,324
063577609,262,153,415
063577610,372,327,699
063577611,219,150,369
063577612,146,100,246
063577613,134,77,211
063577614,86,36,122
063577615,145,66,211
063577616,174,90,264
063577617,104,74,178
063577701,278,400,678
063577702,288,377,665
063577703,78,114,192
063577704,46,75,121
063577705,57,80,137
063577706,42,23,65
063577707,66,69,135
063577708,77,40,117
063577709,183,144,327
063577710,137,56,193
063577711,112,45,157
063577712,93,72,165
063577713,89,97,186
063577714,93,59,152
063577715,67,66,133
063577716,93,62,155
063577717,54,31,85
063577718,59,43,102
063577801,14,25,39
063577802,325,252,577
063577803,164,209,373
063577804,549,450,999
063577805,467,490,957
063577806,31,138,169
063577807,108,221,329
063577808,310,298,608
063577809,394,471,865
063577810,588,548,1136
063577811,486,926,1412
063577812,480,1041,1521
063577813,373,466,839
063577814,467,794,1261
063577815,271,404,675
063577816,301,444,745
063577901,0,5,5
063577902,701,167,868
063577903,97,144,241
063577904,282,472,754
063577905,306,517,823
063577906,347,493,840
063577907,226,531,757
063577908,471,587,1058
063577909,439,760,1199
063577910,264,591,855
063577911,217,303,520
063577912,322,381,703
063577913,633,591,1224
063577914,602,752,1354
063577915,857,1047,1904
063577916,44,141,185
063577917,24,138,162
063578001,617,593,1210
063578002,493,337,830
063578003,470,503,973
063578004,504,521,1025
063578005,666,634,1300
063578006,585,471,1056
063578007,282,311,593
063578008,371,195,566
063578009,172,273,445
063578010,210,163,373
063578011,240,179,419
063578012,131,160,291
063578013,248,278,526
063578014,170,236,406
063578015,3,8,11
063578016,448,280,728
063578017,259,169,428
063578018,204,134,338
063578101,40,247,287
063578102,16,23,39
063578103,18,6,24
063578104,96,154,250
063578105,78,116,194
063578106,183,218,401
063578107,187,201,388
063578108,239,205,444
063578109,256,259,515
063578110,313,210,523
063578111,359,120,479
063578112,266,229,495
063578113,261,249,510
063578114,562,589,1151
063578201,34,62,96
063578202,80,51,131
063578203,221,465,686
063578204,226,339,565
063578205,259,627,886
063578206,296,392,688
063578207,125,75,200
063578208,159,52,211
063578209,145,36,181
063578210,135,47,182
063578211,306,101,407
063578212,306,102,408
063578213,121,281,402
063578301,111,154,265
063578302,209,275,484
063640101,615,464,1079
063640102,366,260,626
063640103,645,370,1015
063640104,508,424,932
063640105,551,340,891
063640106,489,327,816
063640107,369,380,749
063640108,397,484,881
063640109,319,576,895
063640110,397,458,855
063640111,416,396,812
063640112,331,262,593
063640113,370,348,718
063640114,693,600,1293
063640115,349,173,522
063640116,323,203,526
063640117,360,182,542
063640118,319,170,489
063640119,694,367,1061
063640201,298,269,567
063640202,590,347,937
063640203,645,465,1110
063640204,227,481,708
063640205,478,488,966
063640206,346,412,758
063640207,588,540,1128
063640208,393,339,732
063640209,314,457,771
063640210,549,327,876
063640211,153,210,363
063640212,150,140,290
063640213,178,260,438
063640214,191,159,350
063640301,262,402,664
063640302,295,578,873
063640303,291,486,777
063640304,289,381,670
063640305,238,389,627
063640306,597,319,916
063640307,800,762,1562
063640308,493,590,1083
063640309,226,295,521
063640310,238,319,557
063640311,211,222,433
063640312,530,418,948
063640313,186,123,309
063640314,0,0,0
063640315,303,297,600
063640316,0,0,0
063640317,137,145,282
063640318,432,497,929
063640401,546,657,1203
063640402,284,938,1222
063640403,502,730,1232
063640404,133,237,370
063640405,450,673,1123
063640406,326,457,783
063640407,248,352,600
063640408,207,623,830
063640409,292,568,860
063640410,380,474,854
063640411,192,378,570
063640412,197,558,755
063640413,236,470,706
063640414,42,88,130
063640501,363,681,1044
063640502,44,45,89
063640503,11,22,33
063640504,140,183,323
063640601,11,18,29
063640602,9,23,32
063640603,52,23,75
063640604,12,60,72
063640701,445,350,795
063640702,486,312,798
063640703,387,322,709
063640704,737,470,1207
063640705,541,331,872
063640706,482,272,754
063640707,421,284,705
063640708,491,258,749
063640709,733,384,1117
063640710,296,137,433
063640711,378,207,585
063640712,786,430,1216
063640713,530,263,793
063640714,526,354,880
063640715,402,336,738
063640716,292,350,642
063640717,226,329,555
063640801,322,117,439
063640802,171,346,517
063640803,224,408,632
063640804,178,329,507
063640805,375,506,881
063640806,247,456,703
063640807,281,616,897
063640808,321,366,687
063640809,350,540,890
063640810,439,519,958
063640811,173,432,605
063640812,172,407,579
063640813,408,469,877
063640814,329,328,657
063640815,240,362,602
063640816,352,338,690
063640817,250,581,831
063640818,381,462,843
063640819,396,494,890
063640820,318,438,756
063640821,178,351,529
063640822,263,387,650
063640823,435,550,985
063850101,320,337,657
063850102,11,21,32
063850103,29,15,44
063850104,0,2,2
063850105,7,9,16
063850106,212,324,536
063850107,283,341,624
063850201,144,170,314
063850202,8,23,31
063850203,19,27,46
063850204,6,13,19
063850301,5,9,14
063850302,9,17,26
063850303,16,17,33
063850401,62,86,148
063850402,10,37,47
063850403,13,20,33
063850404,18,16,34
063850405,9,5,14
063850501,10,8,18
063850601,38,16,54
063850701,472,419,891
063850702,405,385,790
063850703,259,260,519
063850704,381,516,897
063850705,439,320,759
063850706,297,203,500
063850707,533,286,819
063850708,448,289,737
063850709,355,408,763
063850710,387,440,827
063850711,258,281,539
063850712,59,85,144
063850713,352,323,675
063850714,371,384,755
063850715,404,322,726
063850716,378,187,565
063850717,273,216,489
063850718,66,100,166
063850801,33,66,99
063850802,19,28,47
063850901,34,44,78
063850902,27,37,64
063851001,444,463,907
063851002,817,696,1513
063851101,23,24,47
063851102,28,28,56
063920101,318,489,807
063920102,682,571,1253
063920103,317,203,520
063920104,332,161,493
063920105,536,263,799
063920106,574,310,884
063920107,487,324,811
063920108,479,336,815
063920109,668,383,1051
063920110,478,398,876
063920111,412,278,690
063920112,393,415,808
063920113,460,519,979
063920114,536,403,939
063920115,446,342,788
063920116,320,174,494
063920201,26,25,51
063920202,32,40,72
063920203,14,17,31
063920204,2,14,16
063920301,324,331,655
063920302,12,24,36
063920303,11,33,44
063920304,16,7,23
063920305,24,26,50
063920306,61,35,96
063920401,144,174,318
063920402,11,20,31
063920403,14,36,50
063920404,3,14,17
063920405,20,19,39
063920501,9,6,15
063920502,22,46,68
063920503,14,14,28
063920504,4,20,24
063920505,0,2,2
063920601,103,130,233
063920602,30,39,69
063920603,6,14,20
063920604,48,43,91
063920605,51,110,161
063920701,11,14,25
063920702,263,276,539
063920703,51,114,165
063920704,23,35,58
063920705,111,184,295
063920706,163,146,309
063920707,161,118,279
063920708,222,189,411
063920709,32,49,81
063920710,18,37,55
063920801,393,338,731
063920802,30,60,90
063920803,46,81,127
063920804,13,27,40
063920805,20,30,50
063920806,690,438,1128
063920901,473,398,871
063920902,136,110,246
063920903,100,162,262
063920904,36,57,93
063920905,9,43,52
063920906,194,199,393
063920907,215,304,519
063921001,27,31,58
063921002,14,23,37
063921003,6,12,18
063921004,25,24,49
063921005,56,70,126
063921006,6,11,17
063921101,10,16,26
063921102,20,36,56
063921103,3,3,6
063921201,453,703,1156
063921202,369,551,920
063921203,479,469,948
063921204,63,59,122
063921205,23,14,37
063921206,437,351,788
063921207,170,165,335
063921208,19,35,54
063921209,45,9,54
063921301,25,50,75
063921302,31,42,73
063921303,38,27,65
063921401,10,45,55
063921402,10,14,24
063921403,0,4,4
063921404,6,22,28
063921501,256,365,621
063921502,320,294,614
063921503,60,86,146
063921504,33,44,77
063921505,4,27,31
063921506,199,205,404
063921507,17,14,31
063990101,360,310,670
063990102,251,313,564
063990103,185,121,306
063990104,23,36,59
063990105,374,392,766
063990106,421,343,764
063990107,204,172,376
063990108,247,194,441
063990109,223,284,507
063990201,8,20,28
063990202,62,54,116
063990301,50,65,115
063990302,48,128,176
063990303,226,197,423
063990304,276,278,554
063990401,34,32,66
063990402,25,26,51
063990501,623,490,1113
063990502,168,245,413
063990503,40,60,100
063990504,98,106,204
063990601,70,68,138
063990602,40,71,111
063990701,11,10,21
063990702,127,111,238
063990703,387,381,768
063990704,379,320,699
063990705,310,265,575
063990706,286,252,538
063990801,33,23,56
063990802,23,40,63
063990803,19,31,50
063990804,25,26,51
063990805,19,20,39
064060101,5,5,10
064060102,0,3,3
064060103,13,23,36
064060104,8,11,19
064060105,9,12,21
064060106,11,19,30
064060107,1,1,2
064060201,416,476,892
064060202,418,346,764
064060203,342,406,748
064060204,643,435,1078
064060205,538,309,847
064060206,427,396,823
064060207,348,420,768
064060208,24,42,66
064060209,3,4,7
064060210,179,199,378
064060211,25,37,62
064060212,6,9,15
064060213,22,21,43
064060214,266,297,563
064060215,462,305,767
064060216,254,326,580
064060301,10,16,26
064060302,55,97,152
064060303,12,11,23
064060304,37,21,58
064060305,14,34,48
064060306,5,31,36
064060307,12,10,22
064060308,51,47,98
064060309,0,14,14
064130101,420,482,902
064130102,488,385,873
064130103,482,394,876
064130104,603,516,1119
064130105,513,349,862
064130106,621,536,1157
064130107,547,399,946
064130108,547,288,835
064130109,442,299,741
064130110,551,358,909
064130201,662,707,1369
064130202,571,336,907
064130203,585,406,991
064130204,479,450,929
064130205,502,609,1111
064130206,539,460,999
064130207,550,456,1006
064130208,465,370,835
064130209,506,302,808
064130210,456,311,767
064130211,451,234,685
064130212,456,297,753
064130213,513,340,853
064130301,206,92,298
064130302,440,153,593
064130303,442,210,652
064130304,379,144,523
064130305,404,151,555
064130306,381,260,641
064130307,597,392,989
064130308,436,297,733
064130309,489,494,983
064130310,461,389,850
064130311,484,261,745
064130401,433,208,641
064130402,360,136,496
064130403,494,256,750
064130404,634,357,991
064130405,456,226,682
064130406,441,168,609
064130407,430,174,604
064130408,731,401,1132
064130409,645,304,949
064130410,302,180,482
064130411,623,308,931
064130412,492,201,693
064130413,800,258,1058
064130501,604,272,876
064130502,520,214,734
064130503,588,208,796
064130504,487,248,735
064130505,210,81,291
064130506,377,172,549
064130507,639,313,952
064130508,427,177,604
064130509,547,255,802
064130510,385,177,562
064130511,539,236,775
064130512,585,243,828
064130513,240,119,359
064130601,308,238,546
064130602,435,305,740
064130603,556,325,881
064130604,575,354,929
064130605,558,297,855
064130606,474,252,726
064130607,670,314,984
064130608,483,253,736
064130609,578,423,1001
064130610,419,331,750
064130611,502,359,861
064130612,428,330,758
064130703,102,25,127
064130704,71,43,114
064130901,85,58,143
064130902,8,15,23
064131101,83,91,174
064131106,88,44,132
064131301,156,210,366
064131302,620,468,1088
064131303,293,274,567
064131304,588,362,950
064131305,254,292,546
064131306,45,61,106
064131307,585,537,1122
064131308,202,267,469
064131309,394,336,730
064131401,20,106,126
064131402,52,61,113
064131403,127,131,258
064131404,78,3,81
064131405,0,5,5
064131406,247,263,510
064131407,666,705,1371
064131408,336,391,727
064131409,329,107,436
064131501,126,201,327
064131502,35,50,85
064131503,23,33,56
064131504,2,3,5
064131505,79,23,102
064131506,19,2,21
064131507,105,71,176
064131508,71,18,89
064131509,64,18,82
064131601,16,6,22
064131801,194,196,390
064131802,71,62,133
064131803,33,6,39
064131804,6,2,8
064131805,9,3,12
064131806,28,17,45
064131901,19,31,50
064131902,290,234,524
064131903,67,65,132
064131904,90,37,127
064131905,109,46,155
064131906,39,49,88
064132101,755,547,1302
064132102,499,445,944
064132103,351,216,567
064132104,673,518,1191
064132105,437,300,737
064132106,322,216,538
064132107,391,302,693
064132108,736,548,1284
064132109,731,646,1377
064132110,634,350,984
064132201,192,191,383
064132202,200,178,378
064132203,100,26,126
064132204,110,39,149
064132205,280,323,603
064132206,178,133,311
064132207,104,89,193
064132208,203,120,323
064132209,234,128,362
064132210,375,95,470
064132211,424,111,535
064132212,204,63,267
064200101,17,4,21
064200102,260,274,534
064200103,136,184,320
064200104,431,347,778
064200105,145,83,228
064200106,109,94,203
064200107,92,64,156
064200108,158,64,222
064200109,195,186,381
064200110,358,218,576
064200111,173,114,287
064200112,103,47,150
064200113,77,62,139
064200114,121,47,168
064200115,80,59,139
064200116,256,210,466
064200201,44,18,62
064200202,49,30,79
064200203,42,35,77
064200204,72,46,118
064200205,21,16,37
064200206,43,21,64
064200207,57,44,101
064200208,148,68,216
064200209,98,58,156
064200210,92,53,145
064200211,99,44,143
064200212,184,117,301
064200213,378,241,619
064200214,157,80,237
064200215,198,119,317
064200216,387,295,682
064200301,127,68,195
064200302,104,83,187
064200303,67,70,137
064200304,162,147,309
064200305,154,133,287
064200306,123,83,206
064200307,136,131,267
064200308,226,169,395
064200309,136,157,293
064200310,57,148,205
064200311,142,245,387
064200312,82,155,237
064200313,33,64,97
064200314,57,59,116
064200315,28,26,54
064200316,45,46,91
064200317,58,61,119
064200318,33,73,106
064200319,79,65,144
064200320,163,289,452
064200401,69,42,111
064200402,82,89,171
064200403,183,238,421
064200404,180,150,330
064200405,90,119,209
064200406,166,128,294
064200407,196,124,320
064200408,70,52,122
064200409,74,39,113
064200410,191,124,315
064200411,136,152,288
064200412,151,144,295
064200413,101,61,162
064200414,108,87,195
064200415,95,91,186
064200416,98,53,151
064200417,55,35,90
064200418,66,39,105
064200419,116,72,188
064200501,12,2,14
064200502,51,22,73
064200503,318,112,430
064200504,219,146,365
064200505,266,127,393
064200506,383,205,588
064200507,359,162,521
064200508,401,250,651
064200509,472,417,889
064200510,165,118,283
064200511,97,95,192
064200512,111,88,199
064200601,130,52,182
064200602,21,17,38
064200603,76,57,133
064200604,90,52,142
064200605,46,59,105
064200606,16,15,31
064200607,57,37,94
064200608,116,59,175
064200609,102,61,163
064200610,67,40,107
064200611,9,6,15
064200612,26,29,55
064200701,56,52,108
064200702,36,25,61
064200703,12,14,26
064200704,54,35,89
064200705,64,58,122
064200706,139,80,219
064200707,94,58,152
064200708,72,32,104
064200709,30,17,47
064200710,42,45,87
064200711,46,46,92
064200801,379,445,824
064200802,425,395,820
064200803,214,145,359
064200804,197,124,321
064200805,207,136,343
064200806,130,113,243
064200807,172,100,272
064200808,133,96,229
064200809,71,43,114
064200901,488,579,1067
064200902,223,330,553
064200903,298,326,624
064200904,143,127,270
064200905,108,73,181
064200906,89,66,155
064200907,118,105,223
064200908,142,101,243
064200909,60,67,127
064200910,85,41,126
064200911,113,56,169
064200912,33,23,56
064201001,148,228,376
064201002,57,67,124
064201003,32,26,58
064201004,89,73,162
064201005,169,168,337
064201006,139,173,312
064201007,150,157,307
064201008,62,62,124
064201009,84,59,143
064201010,160,107,267
064201011,151,174,325
064201012,86,91,177
064201013,192,103,295
064201101,103,89,192
064201102,64,54,118
064201103,62,34,96
064201104,82,97,179
064201105,84,94,178
064201106,116,161,277
064201107,88,76,164
064201108,52,41,93
064201109,42,39,81
064201110,190,147,337
064201111,97,92,189
064201112,150,196,346
064201113,141,89,230
064201114,89,72,161
064201115,103,71,174
064201116,146,164,310
064201117,164,256,420
064201201,206,140,346
064201202,17,25,42
064201203,105,129,234
064201204,76,44,120
064201205,80,89,169
064201206,94,71,165
064201207,73,20,93
064201208,141,67,208
064201209,0,0,0
064201210,16,25,41
064201211,68,84,152
064201212,57,60,117
064201213,87,51,138
064201214,209,183,392
064201301,39,20,59
064201302,59,42,101
064201303,88,28,116
064201304,25,11,36
064201305,29,33,62
064201306,94,48,142
064201307,140,95,235
064201308,67,27,94
064201309,78,45,123
064201310,89,90,179
064201311,119,88,207
064201401,83,53,136
064201402,48,28,76
064201403,181,128,309
064201404,241,232,473
064201405,57,37,94
064201406,38,22,60
064201407,35,14,49
064201408,45,26,71
064201409,46,28,74
064201410,31,21,52
064201501,15,13,28
064201502,24,19,43
064201503,46,20,66
064201504,21,17,38
064201505,32,20,52
064201506,101,42,143
064201507,39,28,67
064201508,263,161,424
064201509,160,115,275
064201510,340,149,489
064201601,31,14,45
064201602,31,18,49
064201603,44,24,68
064201604,23,14,37
064201605,17,8,25
064201606,21,20,41
064201607,21,13,34
064201608,32,25,57
064201609,57,26,83
064201610,48,41,89
064201611,297,249,546
064201612,355,234,589
064201701,116,72,188
064201702,10,2,12
064201703,25,25,50
064201704,53,24,77
064201705,48,32,80
064201706,31,22,53
064201707,62,36,98
064201708,245,149,394
064201709,367,259,626
064201710,208,155,363
064201801,29,12,41
064201802,15,16,31
064201803,35,29,64
064201804,33,18,51
064201805,33,23,56
064201806,35,13,48
064201807,24,19,43
064201808,188,113,301
064201809,78,22,100
064201810,32,16,48
064201811,9,7,16
064201812,291,201,492
064201901,10,3,13
064201902,25,12,37
064201903,130,121,251
064201904,187,199,386
064201905,265,202,467
064201906,254,252,506
064201907,243,185,428
064201908,98,82,180
064201909,75,65,140
064201910,180,158,338
064201911,165,142,307
064201912,57,62,119
064202001,466,133,599
064202002,252,85,337
064202003,175,74,249
064202004,64,29,93
064202005,57,31,88
064202006,64,39,103
064202007,27,31,58
064202008,33,18,51
064202009,59,42,101
064202010,109,47,156
064202011,78,39,117
064202012,70,53,123
064202013,105,98,203
064202101,100,82,182
064202102,96,69,165
064202103,225,163,388
064202104,245,151,396
064202105,232,140,372
064202106,382,257,639
064202107,421,258,679
064202108,512,431,943
064202109,619,652,1271
064202110,302,284,586
064202111,334,317,651
064202112,483,423,906
064202201,313,297,610
064202202,444,361,805
064202203,241,217,458
064202204,99,73,172
064202205,122,77,199
064202206,125,203,328
064202207,82,74,156
064202208,108,96,204
064202209,222,234,456
064202210,77,73,150
064202211,70,85,155
064202212,72,61,133
064202213,82,79,161
064202214,46,29,75
064410101,574,238,812
064410102,536,193,729
064410103,378,240,618
064410104,475,213,688
064410105,400,96,496
064410106,335,136,471
064410107,444,142,586
064410108,348,108,456
064410109,555,208,763
064410110,619,155,774
064410111,330,110,440
064410112,524,132,656
064410113,336,114,450
064410201,324,69,393
064410202,348,66,414
064410203,461,101,562
064410204,349,80,429
064410205,378,56,434
064410206,509,85,594
064410207,608,75,683
064410208,72,24,96
064410209,669,140,809
064410210,675,181,856
064410211,425,143,568
064410301,393,163,556
064410302,775,278,1053
064410303,300,118,418
064410304,413,142,555
064410305,440,143,583
064410306,504,129,633
064410307,660,146,806
064410308,452,107,559
064410401,669,172,841
064410402,629,191,820
064410403,689,195,884
064410404,365,78,443
064410405,343,126,469
064410406,441,79,520
064410407,529,115,644
064410408,478,96,574
064410409,477,96,573
064410410,432,77,509
064410411,589,101,690
064410412,517,90,607
064410413,362,81,443
064410414,382,102,484
064410501,541,115,656
064410502,534,82,616
064410503,427,96,523
064410504,441,63,504
064410505,282,44,326
064410506,389,59,448
064410507,263,45,308
064410508,361,74,435
064410509,288,49,337
064410601,394,57,451
064410602,227,36,263
064410603,322,51,373
064410604,313,34,347
064410605,416,50,466
064410606,300,68,368
064410607,385,50,435
064410608,290,44,334
064410609,494,78,572
064410701,231,28,259
064410702,325,42,367
064410703,483,84,567
064410704,374,72,446
064410705,465,67,532
064410706,294,69,363
064410707,398,58,456
064410708,258,54,312
064410709,404,64,468
064410801,487,64,551
064410802,365,49,414
064410803,177,22,199
064410804,235,46,281
064410805,225,52,277
064410806,68,24,92
064410807,263,61,324
064410808,339,69,408
064410809,347,60,407
064410901,258,49,307
064410902,493,60,553
064410903,357,77,434
064410904,504,91,595
064410905,408,51,459
064410906,452,84,536
064410907,411,79,490
064410908,359,53,412
064410909,393,22,415
064410910,109,29,138
064410911,338,43,381
064410912,428,65,493
064410913,372,41,413
064410914,338,55,393
064411001,772,349,1121
064411002,440,112,552
064411003,464,110,574
064411004,372,90,462
064411005,338,81,419
064411006,630,130,760
064411007,376,88,464
064411008,486,93,579
064411009,693,154,847
064411010,372,89,461
064411011,396,78,474
064411012,381,83,464
064411013,447,104,551
064411014,325,66,391
064411015,273,47,320
064411101,358,75,433
064411102,464,118,582
064411103,333,122,455
064411104,335,72,407
064411105,412,101,513
064411106,322,81,403
064411107,306,80,386
064411108,324,79,403
064411109,341,71,412
064411110,305,57,362
064411111,523,112,635
064411112,661,212,873
064411113,573,132,705
064411114,529,114,643
064411115,319,93,412
064411116,347,62,409
064411201,323,47,370
064411202,366,40,406
064411203,259,34,293
064411204,330,78,408
064411205,493,93,586
064411206,304,71,375
064411207,361,78,439
064411208,176,44,220
064411209,226,50,276
064411210,149,31,180
064411211,402,73,475
064411212,243,41,284
064411213,316,50,366
064411214,274,51,325
064411215,237,60,297
064411216,251,38,289
064411301,299,53,352
064411302,398,98,496
064411303,149,25,174
064411304,428,109,537
064411305,222,39,261
064411306,249,69,318
064411307,348,82,430
064411308,314,84,398
064411309,380,77,457
064411401,240,55,295
064411402,253,33,286
064411403,290,47,337
064411404,400,75,475
064411405,465,81,546
064411406,262,54,316
064411407,338,59,397
064411408,383,61,444
064411409,283,67,350
064411501,448,61,509
064411502,457,78,535
064411503,374,71,445
064411504,401,89,490
064411505,445,74,519
064411506,330,76,406
064411507,367,83,450
064411508,299,36,335
064411509,529,74,603
064411510,494,102,596
064411511,364,96,460
064411512,317,66,383
064411601,590,122,712
064411602,406,79,485
064411603,356,93,449
064411604,377,90,467
064411605,340,119,459
064411606,649,209,858
064411607,687,193,880
064411608,391,116,507
064411609,440,127,567
064411610,755,209,964
064411611,651,131,782
064411612,491,107,598
064411613,318,64,382
064411614,579,141,720
064411615,164,23,187
064411701,327,107,434
064411702,380,116,496
064411703,523,147,670
064411704,380,140,520
064411705,603,191,794
064411706,350,105,455
064411707,347,130,477
064411708,428,99,527
064411709,337,106,443
064411710,359,112,471
064411711,405,106,511
064411712,549,213,762
064411713,383,170,553
064411801,240,51,291
064411802,325,58,383
064411803,275,47,322
064411804,320,62,382
064411805,425,84,509
064411806,338,69,407
064411807,407,95,502
064411808,509,88,597
064411809,361,57,418
064411810,439,96,535
064411811,584,195,779
064411812,371,70,441
064411813,331,83,414
064411901,465,96,561
064411902,578,109,687
064411903,399,114,513
064411904,361,106,467
064411905,235,68,303
064411906,490,88,578
064411907,358,95,453
064411908,289,86,375
064411909,335,70,405
064411910,308,76,384
064411911,412,107,519
064412001,530,168,698
064412002,376,117,493
064412003,448,97,545
064412004,260,74,334
064412005,360,62,422
064412006,398,107,505
064412007,323,61,384
064412008,368,80,448
064412009,445,83,528
064412010,296,72,368
064412011,224,30,254
064412012,201,31,232
064412013,229,36,265
064412014,79,12,91
064412015,247,60,307
064412016,221,48,269
064412017,276,64,340
064412101,337,117,454
064412102,375,104,479
064412103,649,229,878
064412104,636,207,843
064412105,594,205,799
064412106,338,115,453
064412107,358,95,453
064412108,329,92,421
064412109,354,103,457
064412110,380,136,516
064412111,332,98,430
064412112,363,105,468
064412113,614,176,790
064412114,407,81,488
064412115,643,180,823
064412201,454,137,591
064412202,567,193,760
064412203,660,178,838
064412204,643,210,853
064412205,572,211,783
064412206,438,120,558
064412207,423,150,573
064412208,523,164,687
064412209,464,190,654
064412301,449,126,575
064412302,325,107,432
064412303,416,127,543
064412304,333,117,450
064412305,446,129,575
064412306,399,117,516
064412307,510,169,679
064412308,429,129,558
064412309,279,102,381
064412401,323,121,444
064412402,400,135,535
064412403,369,131,500
064412404,385,137,522
064412405,754,278,1032
064412406,511,189,700
064412407,351,97,448
064412408,325,112,437
064412409,498,119,617
064412410,306,104,410
064412411,794,218,1012
064412501,357,90,447
064412502,470,126,596
064412503,358,114,472
064412504,285,94,379
064412505,572,179,751
064412506,433,111,544
064412507,359,108,467
064412508,451,114,565
064412509,353,101,454
064412510,467,153,620
064412601,404,132,536
064412602,428,92,520
064412603,404,114,518
064412604,316,82,398
064412605,325,136,461
064412606,567,224,791
064412607,504,152,656
064412608,298,85,383
064412609,377,118,495
064412610,745,251,996
064412611,432,102,534
064412612,431,122,553
064412613,391,123,514
064412614,512,124,636
064412701,595,196,791
064412702,660,209,869
064412703,587,213,800
064412704,654,188,842
064412705,719,273,992
064412706,396,145,541
064412707,424,149,573
064412708,649,275,924
064412709,595,251,846
064412801,429,145,574
064412802,619,165,784
064412803,393,154,547
064412804,299,77,376
064412805,395,135,530
064412806,343,153,496
064412807,317,120,437
064412808,379,173,552
064412809,414,205,619
064412810,463,144,607
064412811,610,197,807
064412812,692,280,972
064412813,596,310,906
064412901,365,132,497
064412902,376,149,525
064412903,386,210,596
064412904,359,123,482
064412905,479,140,619
064412906,373,127,500
064412907,394,164,558
064412908,381,132,513
064412909,559,150,709
064412910,367,148,515
064412911,317,129,446
064412912,336,139,475
064412913,632,213,845
064412914,644,216,860
064413001,635,357,992
064413002,702,416,1118
064413003,594,234,828
064413004,782,251,1033
064413005,527,188,715
064413006,666,334,1000
064413007,325,164,489
064413008,455,190,645
064413009,528,349,877
064413101,735,409,1144
064413102,448,225,673
064413103,437,157,594
064413104,349,127,476
064413105,342,171,513
064413106,519,252,771
064413107,428,193,621
064413108,349,181,530
064413109,418,222,640
064413110,396,192,588
064413111,812,322,1134
064413112,531,269,800
064413113,415,171,586
064413114,495,229,724
064413115,434,224,658
064413116,424,233,657
064413201,355,190,545
064413202,370,155,525
064413203,739,369,1108
064413204,850,383,1233
064413205,721,403,1124
064413206,559,292,851
064413207,592,369,961
064413208,637,303,940
064413209,440,248,688
064413210,477,367,844
064413211,687,471,1158
064413301,574,273,847
064413302,309,138,447
064413303,503,257,760
064413304,437,184,621
064413305,487,308,795
064413306,742,502,1244
064413307,426,249,675
064413308,385,215,600
064413309,738,367,1105
064413310,570,277,847
064413311,834,345,1179
064413401,332,268,600
064413402,451,293,744
064413403,739,484,1223
064413404,514,225,739
064413405,637,312,949
064413406,467,281,748
064413407,497,221,718
064413408,655,281,936
064413409,496,157,653
064413410,453,259,712
064413411,409,328,737
064413412,366,148,514
064413413,504,491,995
064413414,469,521,990
064413415,656,1048,1704
064413501,700,443,1143
064413502,697,337,1034
064413503,370,149,519
064413504,373,158,531
064413505,748,383,1131
064413506,369,324,693
064413507,505,368,873
064413508,851,326,1177
064413509,793,296,1089
064413510,754,390,1144
064413511,935,346,1281
064413512,583,386,969
064413513,581,405,986
064413514,573,337,910
064413515,711,751,1462
064413516,1145,1269,2414
064413601,531,251,782
064413602,505,354,859
064413603,408,248,656
064413604,412,241,653
064413605,624,403,1027
064413606,545,751,1296
064413607,500,358,858
064413608,516,216,732
064413609,556,357,913
064413610,663,437,1100
064413611,525,447,972
064413612,591,538,1129
064413701,521,626,1147
064413702,529,749,1278
064413703,348,456,804
064413704,239,520,759
064413705,463,788,1251
064413706,682,487,1169
064413707,432,278,710
064413708,555,364,919
064413709,677,374,1051
064413710,712,644,1356
064413711,693,692,1385
064413712,581,658,1239
064413713,413,448,861
064413714,442,695,1137
064413801,994,572,1566
064413802,398,453,851
064413803,388,444,832
064413804,329,407,736
064413805,532,360,892
064413806,638,371,1009
064413807,655,428,1083
064413808,269,409,678
064413809,535,553,1088
064413810,523,378,901
064413901,509,280,789
064413902,435,166,601
064413903,447,235,682
064413904,491,298,789
064413905,517,268,785
064413906,555,365,920
064413907,486,337,823
064413908,594,315,909
064413909,482,348,830
064413910,774,659,1433
064414001,576,296,872
064414002,469,364,833
064414003,510,129,639
064414004,467,145,612
064414005,333,196,529
064414006,671,355,1026
064414007,532,407,939
064414008,421,465,886
064414009,366,557,923
064414010,564,704,1268
064414011,645,622,1267
064414012,533,634,1167
064414013,752,762,1514
064414101,795,1304,2099
064414102,453,768,1221
064414103,476,763,1239
064414104,691,643,1334
064414105,804,494,1298
064414106,428,480,908
064414107,460,472,932
064414108,859,615,1474
064414109,465,719,1184
064414110,423,655,1078
064414111,145,232,377
064414112,247,356,603
064414201,696,1149,1845
064414202,257,508,765
064414203,598,675,1273
064414204,511,669,1180
064414205,471,835,1306
064414206,583,973,1556
064414207,595,767,1362
064414208,525,255,780
064414209,524,461,985
064414210,582,1036,1618
064414211,431,524,955
064414212,537,337,874
064414213,227,242,469
064414214,148,327,475
064414215,605,1236,1841
064414216,492,754,1246
064414217,672,681,1353
064414218,764,481,1245
064414219,641,603,1244
064414301,500,284,784
064414302,568,262,830
064414303,492,217,709
064414304,631,338,969
064414305,447,252,699
064414306,616,385,1001
064414307,397,351,748
064414308,554,284,838
064414309,717,397,1114
064414310,739,665,1404
064414311,443,341,784
064414312,385,315,700
064414313,454,334,788
064414314,579,504,1083
064414315,798,753,1551
064414401,472,377,849
064414402,473,307,780
064414403,583,721,1304
064414404,468,362,830
064414405,626,356,982
064414406,588,359,947
064414407,690,618,1308
064414408,381,483,864
064414409,337,575,912
064414410,765,1604,2369
064414501,465,263,728
064414502,478,339,817
064414503,537,365,902
064414504,543,673,1216
064414505,457,429,886
064414506,456,549,1005
064414507,507,549,1056
064414508,459,571,1030
064414509,442,822,1264
064414510,430,806,1236
064414511,558,815,1373
064414601,501,426,927
064414602,512,615,1127
064414603,477,430,907
064414604,609,236,845
064414605,430,349,779
064414606,428,218,646
064414607,577,270,847
064414608,614,401,1015
064414609,582,507,1089
064414701,988,696,1684
064414702,678,516,1194
064414703,471,515,986
064414704,948,431,1379
064414705,687,414,1101
064414706,561,330,891
064414707,953,492,1445
064414708,582,501,1083
064414709,1007,955,1962
064414710,454,529,983
064414801,626,332,958
064414802,371,180,551
064414803,315,338,653
064414804,913,318,1231
064414805,405,164,569
064414806,462,393,855
064414807,566,341,907
064414808,286,301,587
064414809,430,219,649
064414901,665,204,869
064414902,548,151,699
064414903,612,165,777
064414904,415,133,548
064414905,343,112,455
064414906,463,158,621
064414907,532,173,705
064414908,400,105,505
064414909,456,142,598
064414910,363,93,456
064415001,336,192,528
064415002,362,174,536
064415003,785,279,1064
064415004,394,146,540
064415005,406,116,522
064415006,451,144,595
064415007,357,98,455
064415008,446,155,601
064415009,490,178,668
064415010,491,178,669
064415101,965,1220,2185
064415102,405,498,903
064415103,431,160,591
064415104,521,363,884
064415105,748,389,1137
064415106,262,353,615
064415107,428,324,752
064415108,533,220,753
064415109,401,150,551
064415110,341,115,456
064415111,499,128,627
064415112,367,123,490
064415113,362,190,552
064415114,436,175,611
064415115,400,189,589
064415116,262,208,470
064415117,780,382,1162
064415118,640,340,980
064415201,467,654,1121
064415202,444,255,699
064415203,384,174,558
064415204,632,534,1166
064415205,566,354,920
064415206,368,162,530
064415207,608,328,936
064415208,505,289,794
064415209,346,170,516
064415210,461,182,643
064415301,433,151,584
064415302,816,264,1080
064415303,371,158,529
064415304,642,219,861
064415305,627,684,1311
064415306,431,212,643
064415307,391,186,577
064415308,598,229,827
064415309,801,299,1100
064415310,763,762,1525
064415401,758,220,978
064415402,604,301,905
064415403,647,211,858
064415404,520,155,675
064415405,901,236,1137
064415406,328,99,427
064415407,554,135,689
064415408,403,65,468
064415409,463,117,580
064415410,748,146,894
064415411,488,135,623
064415412,743,214,957
064415413,299,96,395
064415414,479,320,799
064415415,249,388,637
064415416,393,338,731
064415417,793,333,1126
064415418,725,201,926
064415501,901,817,1718
064415502,845,925,1770
064415503,349,365,714
064415504,351,387,738
064415505,670,399,1069
064415506,860,167,1027
064415507,564,158,722
064415508,843,187,1030
064415509,532,252,784
064415510,207,218,425
064415511,343,360,703
064415601,733,112,845
064415602,993,140,1133
064415603,475,90,565
064415604,631,115,746
064415605,942,227,1169
064415606,843,305,1148
064415607,706,182,888
064415608,1054,243,1297
064415701,49,49,98
064415702,481,274,755
064415703,514,182,696
064415704,556,149,705
064415705,778,386,1164
064415706,909,381,1290
064415707,851,633,1484
064415708,601,207,808
064415709,554,282,836
064415710,493,322,815
064415711,855,237,1092
064415712,841,176,1017
064415713,610,161,771
064415801,536,138,674
064415802,523,161,684
064415803,613,172,785
064415804,334,123,457
064415805,372,85,457
064415806,431,94,525
064415807,573,156,729
064415808,375,139,514
064415901,521,125,646
064415902,587,132,719
064415903,450,130,580
064415904,660,147,807
064415905,469,164,633
064415906,481,161,642
064415907,703,216,919
064415908,697,332,1029
064415909,650,172,822
064415910,776,366,1142
064416001,781,323,1104
064416002,493,148,641
064416003,557,236,793
064416004,706,483,1189
064416005,820,617,1437
064416006,561,159,720
064416007,567,408,975
064416008,506,193,699
064416009,800,315,1115
064416010,774,107,881
064416101,399,200,599
064416102,432,223,655
064416103,420,272,692
064416104,434,228,662
064416105,565,266,831
064416106,785,397,1182
064416107,639,159,798
064416108,233,96,329
064416109,532,173,705
064416110,453,185,638
064416111,582,199,781
064416112,507,217,724
064416201,214,119,333
064416202,487,343,830
064416203,414,266,680
064416204,540,271,811
064416205,116,54,170
064416206,493,204,697
064416207,397,164,561
064416208,648,346,994
064416209,425,166,591
064416210,369,203,572
064416211,881,596,1477
064416212,370,180,550
064416213,619,622,1241
064416301,455,182,637
064416302,458,181,639
064416303,604,222,826
064416304,582,373,955
064416305,372,152,524
064416306,551,256,807
064416307,474,215,689
064416308,280,252,532
064416309,336,139,475
064416310,437,253,690
064416311,237,188,425
064416401,663,577,1240
064416402,184,240,424
064416403,206,288,494
064416404,203,343,546
064416405,207,258,465
064416406,254,268,522
064416407,272,194,466
064416408,74,69,143
064416409,604,696,1300
064416410,64,56,120
064416411,310,255,565
064416412,216,135,351
064416413,279,38,317
064416414,432,97,529
064416415,787,263,1050
064416416,358,113,471
064416417,301,519,820
064416418,563,65,628
064416419,459,640,1099
064416501,238,353,591
064416502,161,426,587
064416503,140,470,610
064416504,57,76,133
064416505,82,238,320
064416506,82,271,353
064416507,101,87,188
064416508,83,66,149
064416509,213,588,801
064416510,450,1065,1515
064416511,325,770,1095
064416512,150,150,300
064416513,210,318,528
064416514,272,394,666
064416515,530,505,1035
064416516,455,368,823
064416517,518,572,1090
064416518,268,374,642
064416519,301,853,1154
064416520,152,457,609
064416521,210,81,291
064416601,320,452,772
064416602,445,441,886
064416603,622,1025,1647
064416604,623,314,937
064416605,19,51,70
064416606,341,541,882
064416607,726,517,1243
064416608,423,474,897
064416609,621,491,1112
064416610,425,268,693
064416611,695,434,1129
064416612,606,550,1156
064416613,330,453,783
064416614,248,497,745
064416615,354,1041,1395
064416616,428,483,911
064416617,369,765,1134
064416618,452,527,979
064416701,84,312,396
064416702,39,95,134
064416703,197,94,291
064416704,61,297,358
064416801,392,383,775
064416802,910,553,1463
064416803,475,304,779
064416804,473,251,724
064416805,679,390,1069
064416806,233,362,595
064416807,298,187,485
064416808,321,91,412
064416809,284,101,385
064416810,108,77,185
064416811,196,115,311
064416812,197,70,267
064416813,50,57,107
064416814,208,463,671
064416815,214,289,503
064416816,142,338,480
064416817,34,82,116
064416901,536,658,1194
064416902,489,556,1045
064416903,569,442,1011
064416904,568,683,1251
064416905,426,560,986
064416906,746,806,1552
064416907,271,504,775
064416908,552,692,1244
064416909,386,692,1078
064416910,386,289,675
064416911,514,602,1116
064416912,169,200,369
064417001,699,664,1363
064417002,390,517,907
064417003,392,375,767
064417004,845,796,1641
064417005,491,700,1191
064417006,269,761,1030
064417007,255,391,646
064417101,73,39,112
064480101,101,192,293
064480102,5,15,20
064480103,9,19,28
064480201,4,26,30
064480202,3,7,10
064480203,10,28,38
064480301,5,13,18
064480302,8,7,15
064480303,4,9,13
064480401,1,23,24
064480402,4,8,12
064480403,0,0,0
064480501,14,32,46
064480502,8,21,29
064480503,5,7,12
064480601,729,538,1267
064480602,503,441,944
064480603,331,353,684
064480604,334,231,565
064480605,281,227,508
064480606,577,422,999
064480607,411,353,764
064480608,627,458,1085
064480609,441,267,708
064480610,74,109,183
064480611,13,10,23
064480612,41,30,71
064480613,5,2,7
064480614,403,384,787
064480701,6,27,33
064480702,2,3,5
064480703,3,10,13
064480801,5,8,13
064480802,10,15,25
064480803,9,19,28
064480901,0,13,13
064480902,4,9,13
064480903,0,11,11
064480904,13,6,19
064481001,10,9,19
064481002,3,16,19
064481003,3,5,8
064481004,1,5,6
064481101,3,12,15
064481102,16,16,32
064481103,0,9,9
064481201,1,14,15
064481202,2,7,9
064481203,5,14,19
064481204,4,9,13
064481205,17,25,42
064481206,2,7,9
064550101,409,450,859
064550102,295,348,643
064550103,381,208,589
064550104,366,193,559
064550105,331,429,760
064550106,438,393,831
064550107,208,402,610
064550108,279,516,795
064550109,333,349,682
064550110,392,283,675
064550111,115,307,422
064550112,190,341,531
064550113,240,349,589
064550114,303,386,689
064550115,206,259,465
064550201,25,50,75
064550301,25,97,122
064550401,73,143,216
064550501,13,51,64
064550601,55,114,169
064550602,9,24,33
064550603,39,63,102
064550604,35,98,133
064550605,16,36,52
064550606,24,30,54
064550607,48,84,132
064550701,63,103,166
064550801,10,31,41
064550802,23,46,69
064550901,24,70,94
064551001,39,37,76
064551101,47,114,161
064551201,34,142,176
064551301,84,277,361
064551401,567,505,1072
064551402,470,955,1425
064551403,113,333,446
064551404,188,226,414
064551405,310,425,735
064551406,408,384,792
064551407,402,417,819
064551408,366,518,884
064551409,64,153,217
064551410,279,584,863
064551411,269,353,622
064551412,419,494,913
064551413,372,391,763
064551414,358,221,579
064620101,6,22,28
064620201,33,66,99
064620202,15,15,30
064620203,10,11,21
064620301,8,12,20
064620401,138,161,299
064620402,311,373,684
064620403,483,529,1012
064620404,19,86,105
064620405,29,63,92
064620406,123,157,280
064620501,9,13,22
064620502,15,19,34
064620601,179,128,307
064620602,9,16,25
064620603,22,25,47
064620604,4,30,34
064620605,19,24,43
064620701,395,500,895
064620702,399,326,725
064620703,577,457,1034
064620704,458,468,926
064620705,467,255,722
064620706,643,564,1207
064620707,505,603,1108
064620708,327,366,693
064620709,9,15,24
064620710,63,49,112
064620711,9,20,29
064620712,3,6,9
064620801,54,52,106
064620802,620,517,1137
064620901,17,18,35
064621001,8,30,38
064621002,510,560,1070
064621101,18,33,51
064621102,13,14,27
064621201,120,228,348
064621202,589,525,1114
064621203,414,437,851
064621204,5,17,22
064621205,83,262,345
064621206,13,25,38
064621207,14,51,65
064690101,344,392,736
064690102,528,302,830
064690103,376,311,687
064690104,602,515,1117
064690105,357,320,677
064690106,491,316,807
064690107,437,180,617
064690108,528,331,859
064690109,623,605,1228
064690110,294,377,671
064690111,570,241,811
064690112,335,186,521
064690113,366,334,700
064690114,325,416,741
064690201,412,233,645
064690202,505,361,866
064690203,478,474,952
064690204,568,471,1039
064690205,410,230,640
064690206,347,187,534
064690207,472,259,731
064690208,576,456,1032
064690209,320,225,545
064690210,375,424,799
064690211,374,409,783
064690212,359,477,836
064690213,289,169,458
064690214,389,445,834
064690301,29,82,111
064690302,26,14,40
064690303,4,9,13
064690304,22,68,90
064690305,8,15,23
064690306,12,19,31
064690401,252,274,526
064690402,19,35,54
064690403,20,18,38
064690404,20,26,46
064690405,18,20,38
064690406,26,21,47
064690501,16,16,32
064690502,6,8,14
064690503,8,9,17
064690504,7,10,17
064690601,469,299,768
064690602,724,561,1285
064690603,362,372,734
064690604,230,273,503
064690605,714,567,1281
064690606,725,472,1197
064690701,16,11,27
064690702,11,14,25
064690703,14,28,42
064690801,462,262,724
064690802,82,69,151
064690803,36,35,71
064690804,36,48,84
064690805,38,30,68
064690806,45,61,106
064690807,266,262,528
064690901,283,297,580
064690902,11,13,24
064690903,189,166,355
064690904,5,32,37
064690905,6,9,15
064690906,16,28,44
064690907,26,14,40
064690908,23,36,59
064690909,273,381,654
064691001,177,155,332
064691002,147,126,273
064691003,26,56,82
064691004,22,36,58
064691005,3,9,12
064691006,2,7,9
064691007,290,220,510
064691101,103,120,223
064691102,11,20,31
064691103,1,7,8
064691104,15,22,37
064691105,14,17,31
064691106,276,236,512
064691107,46,26,72
064691201,7,16,23
064691202,8,14,22
064691203,20,22,42
064691204,8,20,28
064691301,388,273,661
064691302,599,548,1147
064691303,40,52,92
064691304,19,18,37
064691305,150,219,369
064691306,31,30,61
064691307,402,357,759
064691401,12,34,46
064691402,12,15,27
064691403,24,43,67
064691404,13,27,40
064691501,507,425,932
064691502,14,12,26
064691503,1,10,11
064691504,1,1,2
064691505,3,7,10
064691506,11,35,46
064691507,46,131,177
064691508,301,453,754
064760101,419,369,788
064760102,469,354,823
064760103,233,210,443
064760104,268,168,436
064760105,333,179,512
064760106,385,422,807
064760107,413,322,735
064760108,401,494,895
064760201,567,503,1070
064760202,88,58,146
064760203,51,57,108
064760204,21,37,58
064760205,58,62,120
064760206,38,32,70
064760207,35,31,66
064760208,23,42,65
064760301,34,47,81
064760302,16,23,39
064760303,4,27,31
064760401,10,7,17
064760402,1,8,9
064760403,5,11,16
064760404,8,29,37
064760501,33,41,74
064760502,21,39,60
064760503,5,29,34
064760504,15,33,48
064760505,13,18,31
064760601,12,7,19
064760602,10,24,34
064760603,36,63,99
064760604,3,15,18
064760701,118,185,303
064760702,41,100,141
064760703,91,176,267
064760704,28,87,115
064760705,59,78,137
064760706,3,9,12
064760707,120,331,451
064760708,195,376,571
064760709,20,26,46
064760801,30,18,48
064760802,8,26,34
064760803,9,24,33
064760804,16,24,40
064760901,33,20,53
064760902,15,28,43
064760903,10,23,33
064760904,11,10,21
064760905,16,4,20
064761001,31,63,94
064761002,12,15,27
064761003,7,17,24
064761101,7,25,32
064761102,19,63,82
064761103,26,21,47
064761104,9,13,22
064761105,19,31,50
064761201,11,0,11
064761202,27,35,62
064761203,24,37,61
064761204,29,40,69
064761205,33,34,67
064761206,20,52,72
064761301,47,56,103
064761401,307,501,808
064761402,386,486,872
064761403,466,433,899
064761404,313,417,730
064761405,292,257,549
064761406,303,217,520
064761407,186,159,345
064761408,400,514,914
064830101,699,679,1378
064830102,536,550,1086
064830103,580,475,1055
064830104,365,259,624
064830105,478,245,723
064830106,405,301,706
064830107,292,190,482
064830108,346,201,547
064830109,363,331,694
064830110,429,337,766
064830111,417,286,703
064830112,302,251,553
064830113,300,382,682
064830114,410,554,964
064830115,305,363,668
064830116,305,365,670
064830117,378,420,798
064830118,350,352,702
064830201,16,27,43
064830202,38,65,103
064830203,32,43,75
064830301,130,170,300
064830302,93,196,289
064830303,83,137,220
064830304,62,111,173
064830401,676,989,1665
064830402,226,265,491
064830403,222,241,463
064830404,467,623,1090
064830405,426,390,816
064830406,126,196,322
064830407,555,627,1182
064830408,385,313,698
064830409,451,409,860
064830410,236,310,546
064830411,284,238,522
064830412,369,460,829
064830413,468,844,1312
064830414,436,373,809
064830415,428,620,1048
064830416,282,441,723
064830417,137,247,384
064830501,423,592,1015
064830502,33,87,120
064830503,47,104,151
064830504,72,136,208
064830505,37,85,122
064830506,7,19,26
064830601,37,64,101
064830602,258,112,370
064830701,126,155,281
064830702,34,87,121
064830703,40,49,89
064830704,10,16,26
064830705,34,22,56
064830706,24,60,84
064830801,159,133,292
064830802,50,60,110
064830803,41,50,91
064830804,39,60,99
064830805,13,32,45
064830806,218,200,418
064830901,125,108,233
064830902,49,64,113
064830903,94,121,215
064830904,80,27,107
064830905,52,45,97
064830906,59,30,89
064830907,34,49,83
064830908,126,113,239
064831001,27,45,72
064831002,58,81,139
064970101,632,326,958
064970102,356,151,507
064970103,355,160,515
064970104,542,242,784
064970105,507,236,743
064970106,587,241,828
064970107,434,165,599
064970108,497,195,692
064970109,323,201,524
064970110,435,317,752
064970111,454,385,839
064970112,415,520,935
064970201,263,253,516
064970202,19,40,59
064970203,57,63,120
064970204,25,30,55
064970205,19,9,28
064970206,15,40,55
064970207,81,76,157
064970301,10,11,21
064970302,629,562,1191
064970303,311,330,641
064970304,21,47,68
064970305,513,154,667
064970306,275,422,697
064970307,594,954,1548
064970308,437,845,1282
064970309,256,356,612
064970310,154,242,396
064970311,364,455,819
064970312,697,464,1161
064970401,48,70,118
064970402,117,50,167
064970403,157,139,296
064970404,332,270,602
064970405,272,284,556
064970406,264,284,548
064970407,305,317,622
064970408,157,226,383
064970409,227,517,744
064970410,386,445,831
064970501,471,185,656
064970502,348,213,561
064970503,754,288,1042
064970504,443,729,1172
064970505,561,903,1464
064970506,433,864,1297
064970507,536,594,1130
064970508,524,459,983
064970509,735,389,1124
064970510,766,658,1424
064970511,617,703,1320
064970512,500,481,981
064970513,593,370,963
064970601,624,485,1109
064970602,697,322,1019
064970603,243,311,554
064970604,528,311,839
064970605,570,419,989
064970606,204,170,374
064970607,597,597,1194
064970608,23,64,87
064970609,494,122,616
064970610,332,401,733
064970611,401,126,527
064970612,112,111,223
064970613,339,283,622
064970614,221,226,447
064970701,462,267,729
064970702,206,92,298
064970703,216,101,317
064970704,223,110,333
064970705,500,256,756
064970706,419,195,614
064970707,213,104,317
064970708,447,212,659
064970709,315,203,518
064970710,475,209,684
064970801,397,293,690
064970802,444,514,958
064970803,362,368,730
064970804,113,125,238
064970805,61,80,141
064970806,300,353,653
064970807,322,373,695
064970808,179,73,252
064970809,519,452,971
064970810,484,442,926
064970811,688,516,1204
064970812,824,769,1593
064970813,327,279,606
064970814,334,266,600
064970815,580,427,1007
064970901,34,64,98
064971001,284,359,643
064971002,46,77,123
064971003,21,35,56
064971004,50,35,85
064971005,9,19,28
064971006,36,35,71
064971007,13,26,39
064971008,485,697,1182
064971101,676,310,986
064971102,602,342,944
064971103,541,283,824
064971104,664,326,990
064971105,650,258,908
064971106,717,314,1031
064971107,575,286,861
064971108,468,285,753
064971201,570,478,1048
064971202,719,627,1346
064971203,569,354,923
064971204,550,267,817
064971205,742,366,1108
064971206,679,248,927
064971207,569,436,1005
064971208,350,56,406
064971209,80,49,129
064971210,277,129,406
064971211,239,215,454
064971212,210,58,268
064971301,813,740,1553
064971302,649,615,1264
064971303,311,184,495
064971304,286,129,415
064971305,137,89,226
064971306,552,319,871
064971307,501,242,743
064971308,392,351,743
064971309,257,231,488
064971310,39,64,103
064971311,5,9,14
064971401,713,585,1298
064971402,622,585,1207
064971403,880,611,1491
064971404,59,36,95
064971405,521,586,1107
064971406,646,509,1155
064971407,230,151,381
064971408,422,231,653
064971409,544,458,1002
064971410,474,385,859
065050101,18,51,69
065050102,25,89,114
065050103,63,142,205
065050104,18,9,27
065050105,34,43,77
065050106,8,29,37
065050201,220,208,428
065050202,29,43,72
065050203,7,24,31
065050204,134,198,332
065050205,143,132,275
065050206,44,83,127
065050207,19,30,49
065050208,18,42,60
065050209,41,55,96
065050210,358,236,594
065050211,272,222,494
065050212,174,219,393
065050301,70,74,144
065050302,76,77,153
065050303,99,84,183
065050304,108,82,190
065050305,87,76,163
065050306,582,511,1093
065050307,311,208,519
065050308,506,275,781
065050309,415,250,665
065050310,285,211,496
065050311,441,217,658
065050312,394,231,625
065050313,265,172,437
065050314,541,326,867
065050315,514,329,843
065050316,171,105,276
065050317,187,111,298
065050318,179,186,365
065050319,511,336,847
065050320,291,263,554
065050321,261,233,494
065050322,331,346,677
065050401,122,149,271
065050402,113,150,263
065050403,42,48,90
065050404,29,71,100
065050405,11,50,61
065050406,42,78,120
065050407,53,93,146
065110101,13,35,48
065110102,6,20,26
065110201,14,32,46
065110202,24,46,70
065110301,24,67,91
065110302,14,37,51
065110303,15,40,55
065110304,26,87,113
065110401,39,49,88
065110402,9,7,16
065110501,123,158,281
065110502,399,364,763
065110503,544,545,1089
065110504,410,311,721
065110505,401,460,861
065110506,402,203,605
065110507,450,306,756
065110508,490,390,880
065110509,240,387,627
065110510,8,10,18
065110511,10,36,46
065110512,615,485,1100
065110513,315,350,665
065110601,169,182,351
065110602,20,37,57
065110603,21,30,51
065110701,24,42,66
065110702,20,25,45
065180101,284,242,526
065180102,202,158,360
065180103,344,211,555
065180104,49,85,134
065180105,4,7,11
065180106,4,2,6
065180107,11,13,24
065180108,5,9,14
065180109,9,15,24
065180110,0,8,8
065180111,86,81,167
065180112,41,40,81
065180113,24,20,44
065180114,241,185,426
065180115,366,274,640
065180201,186,202,388
065180202,277,286,563
065180203,398,255,653
065180204,549,371,920
065180205,595,499,1094
065180206,238,378,616
065180207,26,36,62
065180208,26,59,85
065180209,100,176,276
065180210,0,0,0
065180211,318,314,632
065180212,212,275,487
065180301,99,118,217
065180302,153,190,343
065180303,70,88,158
065180304,45,69,114
065180305,33,39,72
065180401,9,24,33
065180402,23,29,52
065180403,2,15,17
065180404,11,27,38
065180405,4,31,35
065180406,7,4,11
065180407,8,14,22
065180408,2,11,13
065180409,5,6,11
065180410,7,10,17
065180411,1,11,12
065180412,13,12,25
065180501,7,36,43
065180502,6,14,20
065180503,13,29,42
065180504,370,348,718
065180505,3,10,13
065180506,95,102,197
065180507,14,15,29
065180508,0,12,12
065180509,0,5,5
065180510,41,28,69
065180511,39,49,88
065180601,77,57,134
065180602,91,88,179
065180603,132,69,201
065180604,285,184,469
065180605,138,90,228
065180606,146,95,241
065180607,104,57,161
065180608,10,1,11
065180609,86,67,153
065180610,61,48,109
065180611,71,68,139
065180612,121,78,199
065180613,94,104,198
065180614,127,134,261
065180615,10,13,23
065180701,47,40,87
065180702,69,43,112
065180703,96,102,198
065180704,114,61,175
065180705,153,100,253
065180706,73,46,119
065180707,71,56,127
065180708,210,127,337
065180709,195,131,326
065180710,160,129,289
065180711,360,270,630
065180712,310,264,574
065180713,218,153,371
065180714,195,118,313
065180715,223,115,338
065180716,156,102,258
065180717,135,92,227
065180801,3,1,4
065180802,72,55,127
065180803,112,82,194
065180804,85,32,117
065180805,0,6,6
065180806,13,7,20
065180807,66,37,103
065180808,139,76,215
065180809,136,137,273
065180810,78,50,128
065180811,11,23,34
065180812,112,50,162
065180813,5,16,21
065180814,9,1,10
065250101,192,342,534
065250102,246,298,544
065250103,250,195,445
065250104,289,336,625
065250105,574,423,997
065250106,580,479,1059
065250107,500,284,784
065250108,569,315,884
065250109,581,399,980
065250110,408,264,672
065250111,735,517,1252
065250112,257,357,614
065250113,295,160,455
065250114,420,451,871
065250201,30,82,112
065250202,19,99,118
065250203,544,484,1028
065250204,376,54,430
065250301,37,71,108
065250302,57,62,119
065250303,542,1251,1793
065250304,344,554,898
065250401,613,823,1436
065250402,578,983,1561
065250403,266,559,825
065250404,404,891,1295
065250405,598,937,1535
065250406,726,1077,1803
065250407,435,533,968
065250408,772,613,1385
065250409,680,482,1162
065250410,13,35,48
065250411,117,195,312
065250412,56,206,262
065250413,151,126,277
065250414,543,788,1331
065250415,392,617,1009
065250416,193,314,507
065250417,744,830,1574
065250418,758,608,1366
065250501,500,1329,1829
065250502,75,54,129
065250503,27,34,61
065250504,180,250,430
065250601,227,301,528
065250602,171,235,406
065250603,219,274,493
065250604,305,258,563
065250605,308,279,587
065250606,833,467,1300
065250607,998,685,1683
065250608,350,396,746
065250609,407,612,1019
065250610,687,519,1206
065250611,818,509,1327
065250612,474,565,1039
065250613,513,354,867
065250614,258,197,455
065320101,1005,761,1766
065320102,597,392,989
065320103,487,252,739
065320104,502,357,859
065320105,458,282,740
065320106,556,241,797
065320107,417,175,592
065320108,476,171,647
065320109,374,199,573
065320110,458,240,698
065320111,452,481,933
065320112,468,296,764
065320201,309,144,453
065320202,517,251,768
065320203,496,287,783
065320204,483,255,738
065320205,275,245,520
065320206,398,235,633
065320207,573,374,947
065320208,457,202,659
065320301,566,415,981
065320302,798,747,1545
065320303,643,220,863
065320304,415,294,709
065320305,358,779,1137
065320306,538,468,1006
065320307,419,630,1049
065320308,519,589,1108
065320309,619,711,1330
065320310,402,499,901
065320311,517,306,823
065320312,336,256,592
065320313,407,255,662
065320401,87,141,228
065320402,18,48,66
065320403,90,172,262
065320501,8,23,31
065320502,32,56,88
065320503,42,88,130
065320504,34,76,110
065320601,7,15,22
065320602,9,15,24
065320603,12,23,35
065320604,5,24,29
065320701,60,78,138
065320801,18,41,59
065320802,28,37,65
065320803,10,31,41
065320804,20,56,76
065320805,53,76,129
065320901,941,690,1631
065320902,408,259,667
065320903,165,210,375
065320904,262,336,598
065320905,420,152,572
065320906,110,173,283
065320907,161,180,341
065320908,216,193,409
065320909,328,128,456
065320910,1132,2012,3144
065320911,449,302,751
065320912,231,102,333
065321001,502,610,1112
065321002,16,33,49
065321003,41,52,93
065321004,33,31,64
065321005,16,63,79
065321101,69,109,178
065321102,61,108,169
065321103,20,36,56
065321104,9,20,29
065321201,9,33,42
065321202,4,21,25
065321203,14,40,54
065321301,8,26,34
065321302,11,31,42
065321303,4,13,17
065321401,413,225,638
065321402,501,308,809
065321403,555,372,927
065321404,512,313,825
065321405,541,200,741
065321406,416,172,588
065321407,333,151,484
065321408,488,231,719
065321501,489,282,771
065321502,588,404,992
065321503,511,321,832
065321504,602,369,971
065321505,428,655,1083
065321506,484,658,1142
065321507,429,314,743
065321508,449,493,942
065321509,730,345,1075
065321510,430,269,699
065321511,731,429,1160
065321512,894,373,1267
065470101,39,53,92
065470102,25,33,58
065470201,261,309,570
065470202,47,48,95
065470203,64,56,120
065470301,40,53,93
065470302,45,74,119
065470303,23,38,61
065470304,27,59,86
065470305,327,451,778
065470306,742,545,1287
065470307,750,604,1354
065470308,146,221,367
065470309,417,489,906
065470310,219,172,391
065470311,181,135,316
065470312,685,434,1119
065470313,75,104,179
065470401,5,15,20
065470402,53,97,150
065470501,28,44,72
065470502,50,58,108
065470503,28,27,55
065470601,103,120,223
065470602,36,51,87
065470603,136,92,228
065470701,15,27,42
065470702,28,26,54
065470703,57,45,102
065470801,54,166,220
065470802,36,73,109
065470901,397,288,685
065470902,412,597,1009
065470903,401,689,1090
065470904,598,655,1253
065470905,625,601,1226
065470906,553,380,933
065470907,622,445,1067
065470908,551,461,1012
065470909,478,318,796
065470910,468,283,751
065530101,409,286,695
065530102,203,169,372
065530103,207,137,344
065530104,67,40,107
065530105,146,73,219
065530106,143,113,256
065530107,98,31,129
065530108,128,61,189
065530109,65,46,111
065530110,49,26,75
065530111,21,10,31
065530201,4,9,13
065530202,48,24,72
065530203,57,77,134
065530204,714,532,1246
065530205,60,55,115
065530301,75,85,160
065530302,116,110,226
065530303,91,84,175
065530304,111,109,220
065530305,151,119,270
065530306,142,78,220
065530307,83,86,169
065530308,66,39,105
065530309,67,27,94
065530310,38,13,51
065530311,34,11,45
065530312,51,27,78
065530313,55,40,95
065530314,54,46,100
065740101,27,44,71
065740102,18,64,82
065740201,11,23,34
065740202,64,110,174
065740301,8,27,35
065740302,30,71,101
065740303,82,115,197
065740401,78,166,244
065740402,485,865,1350
065740403,463,732,1195
065740404,475,451,926
065740405,271,550,821
065740406,292,425,717
065740407,420,340,760
065740408,474,327,801
065740409,441,292,733
065740410,567,438,1005
065740411,399,306,705
065740412,324,447,771
065740413,4,16,20
065740414,476,503,979
065740415,460,482,942
065740416,376,364,740
065740501,43,60,103
065740502,42,92,134
065740503,36,80,116
065740601,49,95,144
065740602,12,44,56
065740701,151,282,433
065740702,79,118,197
065740703,30,41,71
065740704,15,22,37
065740705,35,85,120
065740706,35,58,93
065740707,26,48,74
065740708,34,42,76
065740801,129,144,273
065740802,34,45,79
065740803,34,46,80
065740804,18,50,68
065740805,141,153,294
065740901,24,33,57
065740902,27,55,82
065740903,24,77,101
065810101,528,561,1089
065810102,697,586,1283
065810103,694,511,1205
065810104,674,472,1146
065810105,692,483,1175
065810106,360,220,580
065810107,388,320,708
065810108,423,413,836
065810109,491,377,868
065810110,444,413,857
065810111,391,495,886
065810201,428,271,699
065810202,356,200,556
065810203,195,90,285
065810204,450,172,622
065810205,260,117,377
065810206,389,207,596
065810207,433,327,760
065810208,451,286,737
065810209,380,260,640
065810210,360,329,689
065810211,419,444,863
065810212,385,323,708
065810301,475,291,766
065810302,478,332,810
065810303,503,264,767
065810304,295,208,503
065810305,319,200,519
065810306,336,177,513
065810307,394,230,624
065810308,302,274,576
065810401,558,380,938
065810402,313,197,510
065810403,335,181,516
065810404,401,206,607
065810405,565,484,1049
065810406,242,175,417
065810407,415,194,609
065810408,437,189,626
065810409,436,163,599
065810410,339,117,456
065810411,304,180,484
065810501,106,46,152
065810502,58,27,85
065810503,121,91,212
065810504,109,50,159
065810505,106,43,149
065810506,261,67,328
065810507,120,44,164
065810508,157,41,198
065810601,18,13,31
065810602,54,50,104
065810603,28,48,76
065810604,6,21,27
065810701,233,367,600
065810702,3,15,18
065810703,20,57,77
065810704,22,30,52
065810705,11,29,40
065810706,36,37,73
065810707,30,85,115
065810708,256,286,542
065810709,268,271,539
065810710,251,210,461
065810711,247,212,459
065810712,165,303,468
065810801,297,251,548
065810802,287,196,483
065810803,34,58,92
065810804,43,46,89
065810805,20,34,54
065810806,26,14,40
065810807,2,6,8
065810808,19,37,56
065810809,228,285,513
065810810,218,256,474
065810901,19,9,28
065810902,12,9,21
065810903,1,11,12
065810904,7,10,17
065810905,3,5,8
065810906,12,10,22
065810907,5,5,10
065810908,2,3,5
065810909,2,6,8
065810910,2,8,10
065810911,1,3,4
065810912,7,13,20
065810913,24,5,29
065811001,165,240,405
065811002,29,35,64
065811003,16,22,38
065811004,0,11,11
065811005,6,17,23
065811006,31,14,45
065811101,4,2,6
065811102,7,11,18
065811103,7,25,32
065811104,4,20,24
065811105,31,51,82
065811106,3,5,8
065811107,34,28,62
065811108,6,12,18
065811109,8,8,16
065811201,12,12,24
065811202,3,10,13
065811203,14,20,34
065811204,7,43,50
065811205,31,61,92
065811206,48,88,136
065811207,19,18,37
065811301,486,313,799
065811302,381,415,796
065811303,521,401,922
065811304,584,363,947
065811305,507,339,846
065811306,1150,519,1669
065811307,83,161,244
065811308,351,218,569
065811309,439,119,558
065811310,506,99,605
065811311,666,150,816
065811401,125,196,321
065811402,430,472,902
065811403,493,611,1104
065811404,202,226,428
065811405,227,261,488
065811406,207,287,494
065811407,391,388,779
065811408,407,494,901
065811409,402,360,762
065811410,477,326,803
065811411,379,383,762
065811412,647,536,1183
065811501,191,190,381
065811502,558,476,1034
065811503,318,230,548
065811504,558,378,936
065811505,522,449,971
065811506,444,439,883
065811507,606,783,1389
065811508,406,438,844
065811509,603,369,972
065811510,477,367,844
065811511,390,287,677
065811601,488,272,760
065811602,537,359,896
065811603,468,331,799
065811604,517,359,876
065811605,389,257,646
065811606,691,487,1178
065811607,417,292,709
065811608,530,353,883
065811701,352,154,506
065811702,401,186,587
065811703,449,153,602
065811704,315,151,466
065811705,522,188,710
065811706,513,141,654
065811707,361,150,511
065811708,229,89,318
065811709,117,53,170
065811710,320,95,415
065811711,560,167,727
065811801,548,222,770
065811802,143,69,212
065811803,170,52,222
065811804,146,87,233
065811805,177,52,229
065811806,122,57,179
065811807,207,129,336
065811808,168,92,260
065811809,126,59,185
065811901,84,120,204
065811902,74,42,116
065811903,204,107,311
065811904,245,124,369
065811905,524,462,986
065811906,227,219,446
065811907,234,235,469
065811908,546,462,1008
065811909,317,288,605
065811910,228,229,457
065811911,348,235,583
065811912,360,348,708
065880101,482,301,783
065880102,434,233,667
065880103,511,444,955
065880104,492,351,843
065880105,462,222,684
065880106,491,256,747
065880107,348,223,571
065880108,341,289,630
065880109,383,247,630
065880110,315,201,516
065880111,553,527,1080
065880112,371,341,712
065880113,411,290,701
065880114,354,284,638
065880115,323,214,537
065880116,436,295,731
065880117,336,278,614
065880201,532,394,926
065880202,473,430,903
065880203,382,361,743
065880204,506,457,963
065880205,163,152,315
065880206,301,151,452
065880207,358,165,523
065880208,386,177,563
065880301,133,297,430
065880302,272,216,488
065880303,267,315,582
065880304,115,126,241
065880305,13,20,33
065880306,17,36,53
065880307,11,27,38
065880308,16,23,39
065880309,50,83,133
065880401,30,43,73
065880501,206,289,495
065880502,25,21,46
065880503,10,15,25
065880504,16,10,26
065880505,85,77,162
065880601,54,85,139
065880701,40,66,106
065880702,91,138,229
065880703,101,151,252
065880801,84,114,198
065880802,19,52,71
065880901,557,239,796
065880902,631,371,1002
065880903,275,132,407
065880904,173,169,342
065880905,196,94,290
065880906,219,117,336
065880907,338,250,588
065880908,479,413,892
065880909,456,353,809
065880910,443,388,831
065880911,566,811,1377
065880912,735,631,1366
065880913,605,684,1289
065880914,288,301,589
065880915,377,430,807
065881001,161,177,338
065881002,98,109,207
065881003,14,20,34
065881004,10,5,15
065881005,64,65,129
065881006,21,28,49
065881007,44,46,90
065881008,9,36,45
065881009,2,7,9
065881010,7,18,25
065881011,12,13,25
065881012,169,195,364
065881101,19,13,32
065881102,16,23,39
065881201,45,53,98
065881202,7,16,23
065881203,63,56,119
065881301,236,299,535
065881302,17,36,53
065881303,39,43,82
065881304,22,36,58
065881305,20,48,68
065881401,116,163,279
065881402,193,228,421
065881403,2,10,12
065881404,20,35,55
065881501,162,167,329
065881502,9,19,28
065881503,0,15,15
065881504,11,30,41
065881601,326,398,724
065881602,443,462,905
065881603,310,547,857
065881604,20,14,34
065881605,2,5,7
065881606,15,24,39
065881607,0,0,0
065881608,11,20,31
065881609,0,7,7
065881701,439,333,772
065881702,443,448,891
065881703,401,257,658
065881704,411,476,887
065881705,454,338,792
065881706,474,290,764
065881707,317,208,525
065881708,334,224,558
065950101,462,541,1003
065950102,393,349,742
065950103,747,467,1214
065950104,626,513,1139
065950105,580,313,893
065950106,459,269,728
065950107,515,314,829
065950108,547,431,978
065950109,404,399,803
065950110,597,425,1022
065950201,504,169,673
065950202,478,312,790
065950203,457,213,670
065950204,483,192,675
065950205,306,143,449
065950206,405,207,612
065950207,466,222,688
065950208,578,310,888
065950209,317,208,525
065950210,721,374,1095
065950211,353,157,510
065950212,435,147,582
065950213,273,153,426
065950214,318,180,498
065950215,298,172,470
065950301,464,154,618
065950302,474,231,705
065950303,409,219,628
065950304,503,168,671
065950305,414,212,626
065950306,437,227,664
065950307,387,190,577
065950308,385,159,544
065950309,371,195,566
065950310,713,296,1009
065950311,497,373,870
065950312,358,197,555
065950313,405,165,570
065950401,422,248,670
065950402,561,375,936
065950403,451,364,815
065950404,665,353,1018
065950405,494,527,1021
065950406,363,334,697
065950407,433,279,712
065950408,354,308,662
065950409,512,433,945
065950410,440,410,850
065950411,452,257,709
065950412,576,422,998
065950413,556,453,1009
065950501,45,94,139
065950601,67,123,190
065950602,21,43,64
065950603,80,206,286
065950701,63,112,175
065950801,161,279,440
065950802,72,111,183
065950901,51,96,147
065951001,35,105,140
065951101,24,81,105
065951201,15,80,95
065951301,38,102,140
065951401,88,165,253
065951501,31,94,125
065951601,462,576,1038
065951602,614,525,1139
065951603,538,771,1309
065951604,125,186,311
065951605,88,20,108
065951606,465,238,703
065951607,458,485,943
065951608,998,573,1571
065951609,408,233,641
065951610,317,203,520
065951611,421,164,585
065951612,410,216,626
065951613,362,170,532
065951701,27,95,122
065951801,0,9,9
065951802,3,17,20
065951803,17,42,59
065951804,2,8,10
065951901,280,266,546
065951902,269,308,577
065951903,522,579,1101
065951904,176,200,376
065951905,134,122,256
065951906,93,182,275
065951907,148,143,291
065951908,251,277,528
065951909,156,178,334
065951910,308,270,578
065951911,475,447,922
065951912,299,234,533
065951913,52,76,128
065951914,434,432,866
065952001,375,327,702
065952002,9,24,33
065952101,335,225,560
065952102,354,267,621
065952103,255,166,421
065952104,399,235,634
065952105,481,333,814
065952106,0,2,2
065952107,97,58,155
065952201,92,113,205
065952301,108,140,248
065952401,431,262,693
065952402,462,238,700
065952403,428,240,668
065952404,434,239,673
065952405,453,246,699
065952406,426,257,683
065952407,515,405,920
065952408,658,656,1314
065952409,338,456,794
065952410,378,463,841
065952411,383,350,733
065952412,443,354,797
065952501,551,473,1024
065952502,356,255,611
065952503,521,390,911
065952504,537,401,938
065952505,511,241,752
065952506,447,321,768
065952507,423,270,693
065952508,474,322,796
065952509,382,263,645
065952510,445,340,785
065952511,512,400,912
065952512,378,305,683
065952513,359,377,736
065952601,87,189,276
065952602,669,969,1638
065952603,320,546,866
065952604,379,381,760
065952605,557,630,1187
065952606,334,179,513
065952607,626,388,1014
065952608,591,564,1155
065952609,361,421,782
065952610,561,588,1149
065952611,636,523,1159
065952612,633,574,1207
065952613,371,347,718
065952614,252,269,521
065952701,735,350,1085
065952702,1009,454,1463
065952703,335,329,664
065952704,452,329,781
065952705,9,42,51
065952706,115,58,173
065952707,354,301,655
065952708,197,134,331
065952709,384,383,767
065952710,260,265,525
065952711,343,291,634
065952712,235,262,497
066020101,31,124,155
066020201,209,281,490
066020202,48,102,150
066020203,70,146,216
066020204,11,31,42
066020205,33,63,96
066020206,17,21,38
066020207,21,59,80
066020301,572,577,1149
066020302,196,444,640
066020303,4,22,26
066020304,264,345,609
066020305,7,17,24
066020306,17,53,70
066020307,8,11,19
066020308,584,744,1328
066020309,360,365,725
066020401,9,26,35
066020501,0,17,17
066020601,4,16,20
066020701,2,13,15
066020801,297,320,617
066020802,308,370,678
066020803,117,161,278
066020804,144,164,308
066020805,88,140,228
066020806,16,22,38
066020901,32,55,87
066020902,9,37,46
066020903,5,17,22
066021001,2,16,18
066021002,3,7,10
066021101,500,603,1103
066021102,296,350,646
066021103,459,664,1123
066021104,425,449,874
066021105,341,197,538
066021106,418,256,674
066021107,421,325,746
066021108,717,518,1235
066021109,771,517,1288
066021110,6,11,17
066021111,566,293,859
066021112,468,245,713
066021113,633,185,818
066021201,41,61,102
066021301,57,83,140
066021401,26,60,86
066021402,58,35,93
066021403,92,47,139
066021404,54,31,85
066021405,52,68,120
066021406,64,67,131
066021501,0,1,1
066021601,276,443,719
066021602,212,348,560
066021603,549,881,1430
066021604,319,394,713
066021605,492,241,733
066021606,413,390,803
066021607,394,277,671
066021608,336,215,551
066021609,387,589,976
066021610,517,273,790
066021611,263,529,792
066021612,21,13,34
066090101,662,655,1317
066090102,598,481,1079
066090103,525,328,853
066090104,411,261,672
066090105,418,200,618
066090106,307,270,577
066090107,456,447,903
066090108,292,329,621
066090109,443,515,958
066090110,491,496,987
066090201,438,390,828
066090202,416,223,639
066090203,304,151,455
066090204,405,217,622
066090205,468,319,787
066090206,629,597,1226
066090207,340,260,600
066090208,656,567,1223
066090209,561,468,1029
066090210,380,221,601
066090211,502,454,956
066090212,441,527,968
066090213,646,668,1314
066090214,357,385,742
066090215,404,245,649
066090301,4,10,14
066090302,3,7,10
066090303,6,12,18
066090304,13,37,50
066090401,74,197,271
066090402,20,13,33
066090403,8,24,32
066090404,40,80,120
066090501,13,19,32
066090502,47,58,105
066090503,39,64,103
066090601,26,61,87
066090602,1,10,11
066090603,5,21,26
066090604,2,9,11
066090605,13,38,51
066090606,44,31,75
066090607,176,63,239
066090608,92,107,199
066090609,25,32,57
066090610,53,149,202
066090611,11,26,37
066090612,2,1,3
066090613,156,41,197
066090701,0,11,11
066090702,7,5,12
066090703,3,9,12
066090704,1,8,9
066090705,15,48,63
066090801,5,3,8
066090802,6,1,7
066090803,1,1,2
066090804,3,10,13
066090901,18,42,60
066090902,304,327,631
066090903,226,343,569
066090904,213,224,437
066090905,136,285,421
066090906,20,17,37
066091001,181,338,519
066091002,156,195,351
066091003,3,17,20
066091004,10,16,26
066091005,24,49,73
066091006,5,5,10
066091007,181,256,437
066091101,10,32,42
066091102,13,42,55
066091201,12,20,32
066091202,16,32,48
066091301,73,127,200
066091302,12,20,32
066091303,1,10,11
066091304,34,42,76
066091305,21,9,30
066091306,24,37,61
066091401,20,16,36
066091402,23,27,50
066091501,86,96,182
066091502,16,7,23
066091503,3,4,7
066091601,6,13,19
066091602,14,22,36
066091603,27,14,41
066091604,0,0,0
066091701,408,403,811
066091702,334,449,783
066091703,35,25,60
066091704,13,23,36
066091705,5,2,7
066091706,7,7,14
066091707,41,34,75
066091708,20,21,41
066091709,5,18,23
066091801,11,29,40
066091802,1,3,4
066091901,727,749,1476
066091902,286,277,563
066091903,528,450,978
066091904,337,267,604
066091905,310,154,464
066091906,489,275,764
066091907,585,389,974
066091908,649,482,1131
066091909,458,360,818
066160101,23,37,60
066160102,26,43,69
066160103,48,41,89
066160104,56,74,130
066160105,15,54,69
066160106,1,2,3
066160107,56,59,115
066160108,20,25,45
066160109,10,18,28
066160110,29,42,71
066160201,15,8,23
066160202,0,16,16
066160301,327,338,665
066160302,325,469,794
066160303,317,343,660
066160304,455,286,741
066160305,384,303,687
066160306,211,203,414
066160307,257,209,466
066160308,86,28,114
066160309,187,187,374
066230101,411,384,795
066230102,546,472,1018
066230103,631,472,1103
066230104,559,361,920
066230105,538,345,883
066230106,548,398,946
066230107,528,408,936
066230108,565,474,1039
066230109,440,346,786
066230110,269,294,563
066230111,465,229,694
066230112,378,300,678
066230201,415,248,663
066230202,413,183,596
066230203,528,219,747
066230204,481,224,705
066230205,371,187,558
066230206,463,249,712
066230207,410,293,703
066230208,406,269,675
066230209,529,302,831
066230301,275,202,477
066230302,614,412,1026
066230303,350,184,534
066230304,278,144,422
066230305,441,189,630
066230306,417,185,602
066230307,349,158,507
066230308,381,160,541
066230309,390,169,559
066230310,450,158,608
066230311,375,227,602
066230401,560,251,811
066230402,498,252,750
066230403,472,242,714
066230404,435,208,643
066230405,566,318,884
066230406,673,398,1071
066230407,520,302,822
066230408,750,380,1130
066230409,495,515,1010
066230410,476,383,859
066230501,550,334,884
066230502,412,269,681
066230503,566,361,927
066230504,533,390,923
066230505,694,469,1163
066230506,679,495,1174
066230507,698,544,1242
066230508,616,383,999
066230509,448,329,777
066230510,603,385,988
066230601,3,6,9
066230602,15,14,29
066230603,0,0,0
066230701,234,272,506
066230702,252,353,605
066230703,25,37,62
066230704,7,39,46
066230705,6,16,22
066230801,74,91,165
066230802,6,16,22
066230803,2,19,21
066230901,34,26,60
066230902,259,206,465
066230903,112,167,279
066230904,50,45,95
066231001,2,14,16
066231002,21,20,41
066231003,5,11,16
066231101,12,42,54
066231102,37,47,84
066231103,169,278,447
066231104,203,317,520
066231201,6,24,30
066231202,7,13,20
066231301,2,5,7
066231302,8,17,25
066231401,337,354,691
066231402,343,414,757
066231403,30,43,73
066231404,89,95,184
066231501,84,123,207
066231502,16,25,41
066231503,17,23,40
066231601,162,231,393
066231602,15,24,39
066231603,18,22,40
066231604,22,25,47
066231605,332,308,640
066231701,21,37,58
066231702,1,13,14
066231703,3,24,27
066231801,16,32,48
066231802,189,187,376
066231803,239,340,579
066231804,22,19,41
066231901,8,8,16
066231902,26,24,50
066232001,327,332,659
066232002,521,860,1381
066232003,619,289,908
066232004,220,170,390
066232005,525,543,1068
066232006,505,416,921
066232007,692,580,1272
066232008,686,404,1090
066232009,642,519,1161
066232010,437,401,838
066232011,947,929,1876
066232012,249,259,508
066232101,167,316,483
066232102,134,98,232
066232103,10,6,16
066232104,719,63,782
066232105,40,19,59
066232106,114,142,256
066232107,251,226,477
066232201,437,269,706
066232202,398,261,659
066232203,425,244,669
066232204,488,358,846
066232205,535,327,862
066232206,491,336,827
066232207,583,348,931
066232208,694,502,1196
066232209,174,67,241
066232210,318,209,527
066232211,15,16,31
066232212,28,27,55
066232213,333,237,570
066232214,89,78,167
066232301,265,233,498
066232302,16,18,34
066232303,7,29,36
066232304,155,191,346
066232305,40,44,84
066232306,220,222,442
066232401,10,36,46
066232402,2,12,14
066232403,3,47,50
066232404,8,14,22
066232501,180,162,342
066232502,19,29,48
066232503,14,14,28
066232504,71,152,223
066232505,23,12,35
066232506,164,160,324
066232601,23,44,67
066232602,21,58,79
066232701,150,233,383
066232702,2,6,8
066232703,13,27,40
066232704,11,9,20
066232801,573,953,1526
066232802,639,548,1187
066232803,378,151,529
066232804,534,369,903
066232805,500,365,865
066232806,657,510,1167
066232807,547,479,1026
066232808,654,564,1218
066232809,608,372,980
066232810,399,348,747
066232811,370,157,527
066232812,633,524,1157
066232813,993,492,1485
066232901,743,517,1260
066232902,643,606,1249
066232903,473,592,1065
066232904,335,263,598
066232905,570,241,811
066232906,506,555,1061
066232907,386,754,1140
066232908,235,528,763
066232909,389,466,855
066232910,358,572,930
066232911,352,425,777
066300101,132,161,293
066300201,14,21,35
066300202,500,362,862
066300203,247,256,503
066300204,226,226,452
066300205,317,198,515
066300301,25,96,121
066300401,24,89,113
066300501,33,141,174
066300601,127,214,341
066380101,56,93,149
066380102,833,853,1686
066380103,476,396,872
066380104,222,147,369
066380105,351,244,595
066380106,593,692,1285
066380107,470,740,1210
066380108,716,1103,1819
066380109,802,686,1488
066380110,605,941,1546
066380111,1352,846,2198
066380112,2165,355,2520
066380113,1868,884,2752
066380114,836,158,994
066380201,1144,130,1274
066380202,957,212,1169
066380203,435,508,943
066380204,746,639,1385
066380205,675,495,1170
066380206,457,470,927
066380207,447,465,912
066380208,458,406,864
066380209,579,450,1029
066380210,662,445,1107
066380211,882,559,1441
066380212,451,258,709
066380213,572,375,947
066380214,443,432,875
066380301,670,890,1560
066380302,628,955,1583
066380303,566,757,1323
066380304,738,1227,1965
066380305,430,288,718
066380306,412,330,742
066380307,430,57,487
066380308,410,45,455
066380309,2488,406,2894
066380310,678,113,791
066380311,866,884,1750
066380312,960,755,1715
066380313,834,558,1392
066380401,561,664,1225
066380402,716,840,1556
066380403,536,751,1287
066380404,486,237,723
066380405,907,1193,2100
066380406,784,295,1079
066380407,616,478,1094
066380408,553,526,1079
066380409,517,207,724
066380410,661,200,861
066380411,575,155,730
066380412,898,69,967
066380501,278,28,306
066380502,180,23,203
066380503,254,37,291
066380504,211,24,235
066380505,510,104,614
066380506,487,46,533
066380507,509,223,732
066380508,472,524,996
066380509,445,495,940
066380510,643,599,1242
066380511,583,581,1164
066380512,499,573,1072
066380513,564,678,1242
066380514,571,768,1339
066380601,746,586,1332
066380602,545,366,911
066380603,829,501,1330
066380604,753,828,1581
066380605,808,729,1537
066380606,639,813,1452
066380607,643,739,1382
066380608,494,184,678
066380609,368,87,455
066380610,750,843,1593
066380611,554,721,1275
066380612,614,455,1069
066380613,724,628,1352
066380614,820,829,1649
066380615,732,608,1340
066380701,643,1353,1996
066380702,414,588,1002
066380703,589,551,1140
066380704,603,569,1172
066380705,504,274,778
066380706,339,155,494
066380707,700,437,1137
066380708,501,141,642
066380709,422,319,741
066380710,646,513,1159
066380711,523,245,768
066380712,589,462,1051
066380713,600,462,1062
066380801,614,59,673
066380802,645,57,702
066380803,952,92,1044
066380804,425,58,483
066380805,415,54,469
066380806,318,295,613
066380807,261,181,442
066380808,904,908,1812
066380809,273,180,453
066380810,402,174,576
066380811,445,121,566
066380812,369,85,454
066380813,213,184,397
066380814,156,417,573
066380815,88,21,109
066380816,440,213,653
066380901,397,121,518
066380902,394,139,533
066380903,488,452,940
066380904,411,262,673
066380905,523,443,966
066380906,730,664,1394
066380907,830,1264,2094
066380908,479,902,1381
066380909,547,836,1383
066380910,409,752,1161
066380911,576,816,1392
066380912,536,751,1287
066380913,766,953,1719
066381001,725,626,1351
066381002,452,649,1101
066381003,619,566,1185
066381004,502,495,997
066381005,471,290,761
066381006,757,812,1569
066381007,782,810,1592
066381008,793,1194,1987
066381009,588,704,1292
066381010,672,838,1510
066381011,623,397,1020
066381101,191,402,593
066381102,139,425,564
066381103,789,1366,2155
066381104,767,825,1592
066381105,572,434,1006
066381106,525,408,933
066381107,629,512,1141
066381108,647,785,1432
066381109,634,700,1334
066381110,623,1066,1689
066381111,312,665,977
066381112,241,519,760
066381201,227,92,319
066381202,63,53,116
066381203,655,655,1310
066381204,201,140,341
066381205,1484,252,1736
066381206,793,212,1005
066381207,18,5,23
066381208,34,8,42
066381209,528,65,593
066381210,184,184,368
066381211,217,365,582
066381301,834,253,1087
066381302,524,488,1012
066381303,450,491,941
066381304,571,186,757
066381305,704,585,1289
066381306,952,968,1920
066381307,820,765,1585
066381308,548,492,1040
066381309,413,587,1000
066381310,397,769,1166
066381311,431,781,1212
066381312,762,59,821
066381313,1205,127,1332
066381314,252,65,317
066381315,227,137,364
066381316,298,392,690
066381317,282,66,348
066381318,775,606,1381
066381319,429,215,644
066381401,339,146,485
066381402,493,420,913
066381403,810,853,1663
066381404,376,581,957
066381405,506,646,1152
066381406,483,621,1104
066381407,696,736,1432
066381408,548,809,1357
066381409,604,696,1300
066381501,216,214,430
066381502,314,182,496
066381503,643,433,1076
066381504,659,554,1213
066381505,352,290,642
066381506,883,200,1083
066381507,906,632,1538
066381508,953,594,1547
066381509,719,528,1247
066381510,723,807,1530
066381511,814,281,1095
066381512,818,632,1450
066381513,778,780,1558
066381514,629,581,1210
066381601,682,260,942
066381602,333,147,480
066381603,626,264,890
066381604,438,197,635
066381605,287,211,498
066381606,571,351,922
066381607,662,364,1026
066381608,551,270,821
066381609,607,319,926
066381610,624,505,1129
066381611,600,499,1099
066381701,640,365,1005
066381702,544,141,685
066381703,657,222,879
066381704,568,337,905
066381705,435,219,654
066381706,343,136,479
066381707,476,207,683
066381708,547,231,778
066381709,225,90,315
066381710,315,147,462
066381711,292,97,389
066381712,630,411,1041
066381713,748,270,1018
066381714,598,164,762
066381801,985,2116,3101
066381802,612,987,1599
066381803,698,756,1454
066381804,1068,169,1237
066381805,313,152,465
066381806,546,592,1138
066381807,530,650,1180
066381808,681,563,1244
066381809,519,405,924
066381810,175,457,632
066381901,528,444,972
066381902,873,597,1470
066381903,577,473,1050
066381904,259,371,630
066381905,975,417,1392
066381906,329,103,432
066382001,16,47,63
066382002,712,233,945
066382003,687,240,927
066382004,78,17,95
066382005,269,478,747
066382006,236,396,632
066382007,381,392,773
066382008,302,186,488
066382009,446,338,784
066382101,180,170,350
066382102,144,57,201
066382103,130,77,207
066382104,744,127,871
066382105,185,26,211
066382106,13,36,49
066382107,883,111,994
066382108,1,7,8
066382201,1032,942,1974
066382202,447,457,904
066382203,445,457,902
066382204,555,895,1450
066382205,425,683,1108
066382206,1054,1089,2143
066382207,373,318,691
066382208,497,688,1185
066382209,433,430,863
066382210,333,202,535
066382211,271,322,593
066382212,229,284,513
066382213,306,552,858
066382214,686,803,1489
066382301,239,496,735
066382302,283,649,932
066382303,114,101,215
066382304,524,128,652
066382305,9,7,16
066382306,34,56,90
066382307,120,47,167
066440101,132,44,176
066440102,119,34,153
066440103,231,55,286
066440104,72,22,94
066440105,64,14,78
066440106,110,26,136
066440107,90,34,124
066440108,34,6,40
066440109,25,7,32
066440110,49,18,67
066440111,50,16,66
066440201,451,101,552
066440202,225,43,268
066440203,81,19,100
066440204,52,20,72
066440205,62,19,81
066440206,168,33,201
066440207,215,47,262
066440208,152,34,186
066440301,377,326,703
066440302,295,216,511
066440303,10,1,11
066440304,315,186,501
066440305,202,65,267
066440306,80,46,126
066440307,155,64,219
066440308,61,24,85
066440309,81,17,98
066440310,60,21,81
066440311,125,21,146
066440312,49,14,63
066440313,167,56,223
066440314,37,10,47
066440315,26,6,32
066440316,21,10,31
066440401,126,52,178
066440402,151,30,181
066440403,113,25,138
066440404,81,34,115
066440405,124,21,145
066440406,52,17,69
066440407,78,37,115
066440408,53,19,72
066440501,81,25,106
066440502,352,89,441
066440503,487,202,689
066440504,370,146,516
066440505,830,446,1276
066440506,689,412,1101
066440507,350,172,522
066440508,159,70,229
066440509,173,64,237
066440510,80,19,99
066440511,73,29,102
066440512,98,47,145
066440513,37,15,52
066440601,554,242,796
066440602,329,207,536
066440603,286,146,432
066440604,235,87,322
066440605,148,86,234
066440606,228,146,374
066440607,360,220,580
066440608,493,366,859
066440609,450,347,797
066440610,366,308,674
066440611,137,133,270
066440612,502,488,990
066440613,454,377,831
066440614,289,247,536
066440615,450,296,746
066440616,199,108,307
066440617,118,37,155
066440618,93,56,149
066440619,188,63,251
066440620,201,85,286
066440621,185,72,257
066440622,301,148,449
066480101,609,663,1272
066480102,581,547,1128
066480103,765,657,1422
066480104,628,423,1051
066480105,600,545,1145
066480106,682,398,1080
066480107,518,351,869
066480108,489,419,908
066480109,484,383,867
066480110,725,910,1635
066480111,591,678,1269
066480112,568,843,1411
066480113,492,688,1180
066480114,650,1012,1662
066480115,330,621,951
066480116,354,568,922
066480117,387,520,907
066480118,430,644,1074
066480119,379,724,1103
066480201,489,1001,1490
066480202,276,588,864
066480203,364,115,479
066480204,389,721,1110
066480205,340,733,1073
066480206,321,673,994
066480207,670,800,1470
066480208,591,756,1347
066480209,554,590,1144
066480210,742,731,1473
066480211,357,433,790
066480212,703,531,1234
066480213,776,480,1256
066480301,536,482,1018
066480302,601,641,1242
066480303,126,129,255
066480304,525,672,1197
066480305,330,550,880
066480306,418,586,1004
066480307,413,492,905
066480308,786,923,1709
066480309,723,743,1466
066480310,615,846,1461
066480311,206,708,914
066480312,511,651,1162
066480313,488,75,563
066480314,276,97,373
066480315,449,794,1243
066480316,137,296,433
066480401,493,587,1080
066480402,362,560,922
066480403,497,742,1239
066480404,436,788,1224
066480405,13,27,40
066480406,262,614,876
066480407,75,49,124
066480408,1,14,15
066480409,34,56,90
066480410,59,53,112
066480411,143,14,157
066480501,283,563,846
066480502,511,981,1492
066480503,335,595,930
066480504,407,737,1144
066480505,357,636,993
066480506,650,1143,1793
066480507,773,987,1760
066480508,498,431,929
066480509,741,663,1404
066480510,489,427,916
066480511,572,788,1360
066480512,364,619,983
066480513,798,791,1589
066480514,488,441,929
066510101,10,10,20
066510102,9,9,18
066510103,36,26,62
066510104,402,232,634
066510105,311,343,654
066510106,236,218,454
066510107,267,151,418
066510108,517,306,823
066510109,250,283,533
066510110,317,293,610
066510111,208,198,406
066510112,8,11,19
066510201,8,14,22
066510301,13,15,28
066510302,6,17,23
066510303,4,11,15
066510304,5,14,19
066510401,10,18,28
066510402,3,12,15
066510403,12,25,37
066510404,9,12,21
066510405,3,9,12
066510406,4,4,8
066510407,9,23,32
066510501,2,4,6
066510502,3,5,8
066510503,7,12,19
066510504,247,309,556
066510505,255,255,510
066510506,379,353,732
066510507,286,238,524
066510508,457,333,790
066510509,357,368,725
066510510,306,301,607
066510511,588,282,870
066510601,2,11,13
066510602,3,13,16
066510603,1,15,16
066510604,7,15,22
066510605,1,7,8
066510606,12,21,33
066510607,13,21,34
066510608,1,4,5
066510609,9,10,19
066510610,9,10,19
066510701,181,158,339
066510702,9,17,26
066510703,2,16,18
066510704,9,8,17
066510705,1,7,8
066510706,5,10,15
066510707,8,15,23
066510708,2,11,13
066510709,3,3,6
066510710,7,6,13
066510711,2,9,11
066510712,4,11,15
066510713,4,28,32
066510714,243,308,551
066510715,243,348,591
066510716,121,131,252
066510801,98,118,216
066510802,139,162,301
066510803,0,2,2
066510804,8,5,13
066510805,5,2,7
066510806,3,3,6
066510807,2,5,7
066510808,13,16,29
066510809,10,8,18
066510810,18,12,30
066510811,0,8,8
066510812,0,6,6
066510813,4,9,13
066510814,7,6,13
066510815,5,7,12
066510816,0,4,4
066510817,8,18,26
066510818,189,191,380
066510901,8,16,24
066510902,15,22,37
066511001,57,85,142
066511002,1,5,6
066511003,5,16,21
066511004,5,6,11
066511005,2,6,8
066511101,7,16,23
066511102,2,7,9
066511103,6,11,17
066511104,4,17,21
066511201,0,11,11
066511202,9,20,29
066511203,10,17,27
066511301,5,3,8
066511302,27,49,76
066511303,11,22,33
066511304,20,19,39
066511305,12,11,23
066511306,28,11,39
066511307,15,18,33
066511308,136,158,294
066511309,156,174,330
066511310,65,99,164
066511311,10,24,34
066511312,8,14,22
066550101,17,41,58
066550102,12,32,44
066550103,43,59,102
066550104,22,62,84
066550105,39,96,135
066550106,24,24,48
066550201,36,62,98
066550202,403,270,673
066550203,323,229,552
066550204,528,246,774
066550205,467,250,717
066550206,248,257,505
066550207,35,34,69
066550208,23,39,62
066550209,107,102,209
066550210,169,199,368
066550211,215,249,464
066550301,56,42,98
066550302,30,48,78
066550303,47,64,111
066550304,35,66,101
066550305,58,98,156
066550306,67,80,147
066550307,45,52,97
066550308,153,174,327
066550309,481,309,790
066550310,412,360,772
066550311,666,443,1109
066550312,276,178,454
066650101,339,406,745
066650102,302,369,671
066650103,0,26,26
066650104,10,24,34
066650105,65,118,183
066650201,38,27,65
066650202,476,297,773
066650203,689,401,1090
066650204,495,312,807
066650205,656,673,1329
066650206,266,502,768
066650207,447,465,912
066650208,520,375,895
066650209,41,40,81
066650301,14,32,46
066650302,477,498,975
066650303,238,533,771
066650304,27,35,62
066650305,256,201,457
066650306,402,171,573
066650307,216,222,438
066650308,99,243,342
066650309,555,466,1021
066650310,850,384,1234
066650311,58,55,113
066650401,143,239,382
066650402,50,107,157
066650403,8,51,59
066650404,14,30,44
066650501,14,13,27
066650502,31,44,75
066650503,26,57,83
066650601,14,28,42
066650701,40,58,98
066650801,11,27,38
066650901,37,48,85
066651001,464,475,939
066651002,524,569,1093
066651003,9,28,37
066651004,24,29,53
066651005,16,6,22
066651006,3,24,27
066651007,461,528,989
066651008,574,719,1293
066651101,39,31,70
066651201,0,0,0
066651202,0,2,2
066651301,13,8,21
066651302,0,0,0
066651303,528,504,1032
066651304,463,466,929
066651305,645,612,1257
066651306,641,691,1332
066651307,476,292,768
066651308,466,396,862
066651309,545,800,1345
066651310,479,419,898
066651311,660,439,1099
066651312,769,783,1552
066720101,2,23,25
066720102,6,48,54
066720103,3,15,18
066720104,19,25,44
066720201,12,26,38
066720202,22,22,44
066720301,1,9,10
066720302,14,36,50
066720303,6,19,25
066720401,7,26,33
066720402,7,32,39
066720403,26,86,112
066720404,15,22,37
066720501,0,25,25
066720502,0,13,13
066720503,3,16,19
066720504,5,13,18
066720601,0,17,17
066720602,5,20,25
066720603,6,4,10
066720604,1,13,14
066720701,35,62,97
066720702,17,41,58
066720801,7,26,33
066720802,5,26,31
066720901,19,25,44
066720902,11,18,29
066720903,7,26,33
066721001,7,37,44
066721002,11,34,45
066721101,6,13,19
066721102,2,25,27
066721103,16,26,42
066721104,9,27,36
066721201,596,808,1404
066721202,333,334,667
066721203,416,477,893
066721204,416,528,944
066721205,421,433,854
066721206,394,420,814
066721207,418,507,925
066721208,535,458,993
066721209,385,342,727
066721210,1003,1098,2101
066721211,4,50,54
066721212,33,79,112
066721213,8,30,38
066721214,200,341,541
066721215,337,432,769
066721216,368,483,851
066721301,13,20,33
066721302,5,22,27
066721303,11,41,52
066721401,1,18,19
066721402,36,93,129
066721403,31,147,178
066790101,95,145,240
066790102,9,48,57
066790103,6,38,44
066790104,7,20,27
066790105,88,168,256
066790201,25,15,40
066790202,16,13,29
066790301,27,34,61
066790302,201,256,457
066790303,213,238,451
066790304,165,144,309
066790305,130,176,306
066790306,16,24,40
066790401,5,13,18
066790402,18,22,40
066790403,6,26,32
066790404,9,15,24
066790405,8,9,17
066790501,3,6,9
066790502,28,47,75
066790503,8,21,29
066790601,622,566,1188
066790602,335,507,842
066790603,373,338,711
066790604,388,386,774
066790605,693,502,1195
066790606,497,376,873
066790607,463,373,836
066790608,337,274,611
066790609,413,278,691
066790610,520,273,793
066790611,419,277,696
066790612,331,249,580
066790613,392,219,611
066790701,11,18,29
066790702,13,19,32
066790801,22,27,49
066790802,38,44,82
066790901,233,234,467
066790902,30,56,86
066790903,30,19,49
066790904,106,150,256
066790905,193,257,450
066791001,656,327,983
066791002,11,15,26
066791003,32,35,67
066791101,31,27,58
066791102,50,64,114
066791103,18,24,42
066791201,120,114,234
066791202,12,26,38
066791203,5,39,44
066791204,19,44,63
066791205,2,8,10
066791206,29,45,74
066860101,270,330,600
066860102,791,579,1370
066860103,479,442,921
066860104,451,437,888
066860105,360,273,633
066860106,340,312,652
066860107,335,233,568
066860108,370,219,589
066860109,337,246,583
066860110,397,567,964
066860201,342,354,696
066860202,189,185,374
066860203,33,52,85
066860204,0,5,5
066860205,2,3,5
066860206,5,5,10
066860207,1,4,5
066860208,2,7,9
066860209,17,14,31
066860210,2,0,2
066860301,17,26,43
066860302,16,40,56
066860303,18,22,40
066860304,28,39,67
066860401,3,4,7
066860402,18,12,30
066860403,4,6,10
066860501,14,21,35
066860502,5,25,30
066860601,309,259,568
066860602,85,74,159
066860603,41,33,74
066860604,29,29,58
066860605,8,34,42
066860606,12,22,34
066860607,9,12,21
066860608,275,221,496
066860609,314,275,589
066860701,22,34,56
066860702,3,22,25
066860703,14,21,35
066860704,1,4,5
066860705,11,9,20
066860706,10,17,27
066860707,18,29,47
066860801,8,17,25
066860802,8,7,15
066860803,8,17,25
066860804,8,12,20
066860805,37,54,91
066860901,6,13,19
066860902,5,9,14
066860903,4,27,31
066861001,1,10,11
066861002,56,57,113
066861003,14,30,44
066861101,387,476,863
066861102,7,14,21
066861103,8,19,27
066861201,5,15,20
066861202,4,5,9
066861203,17,32,49
066861204,9,9,18
066861301,204,237,441
066861302,265,427,692
066861303,328,215,543
066861304,422,461,883
066861305,415,536,951
066861306,375,186,561
066861307,346,338,684
066861308,261,214,475
066861309,445,347,792
066861310,403,337,740
066861311,336,297,633
066861312,376,265,641
066861313,422,268,690
066861314,337,209,546
066930101,30,104,134
066930102,16,39,55
066930201,30,51,81
066930202,22,82,104
066930203,18,28,46
066930301,49,104,153
066930302,38,53,91
066930303,76,87,163
066930304,56,82,138
066930305,186,229,415
066930306,226,245,471
066930307,583,503,1086
066930308,326,250,576
066930309,237,203,440
066930310,206,255,461
066930311,608,551,1159
066930312,345,230,575
066930313,404,280,684
066930314,337,245,582
066930315,5,5,10
066930316,561,512,1073
066930317,348,242,590
066930318,309,373,682
066930319,508,493,1001
066930401,65,113,178
066930402,45,68,113
066930501,19,23,42
066930502,40,31,71
066930601,11,33,44
066930602,28,26,54
066930603,13,34,47
066930604,18,38,56
066930701,20,28,48
066930702,26,26,52
066930703,85,154,239
066930704,43,97,140
067000101,171,110,281
067000102,267,207,474
067000103,10,7,17
067000104,11,7,18
067000105,11,9,20
067000106,12,4,16
067000107,11,19,30
067000108,4,7,11
067000109,2,2,4
067000110,260,207,467
067000201,8,19,27
067000202,19,12,31
067000203,4,8,12
067000204,212,41,253
067000205,381,149,530
067000206,372,212,584
067000207,216,130,346
067000208,277,150,427
067000209,565,270,835
067000210,288,197,485
067000211,385,292,677
067000212,367,273,640
067000213,429,286,715
067000214,449,340,789
067000215,595,359,954
067000216,497,399,896
067000301,0,10,10
067000302,7,10,17
067000303,2,7,9
067000401,10,31,41
067000402,10,18,28
067000501,103,78,181
067000502,6,11,17
067000503,6,13,19
067000504,6,12,18
067000505,14,28,42
067000601,1,6,7
067000602,16,12,28
067000603,204,178,382
067000604,328,304,632
067000605,314,295,609
067000606,313,209,522
067000701,252,239,491
067000702,11,9,20
067000703,15,11,26
067000704,5,14,19
067000705,28,12,40
067000706,7,12,19
067000707,10,16,26
067000801,2,13,15
067000802,7,7,14
067000803,2,6,8
067000804,6,13,19
067000805,1,6,7
067000806,4,3,7
067000807,4,11,15
067000808,0,0,0
067000809,1,10,11
067000901,8,6,14
067000902,0,9,9
067000903,3,6,9
067000904,9,9,18
067001001,2,7,9
067001002,11,13,24
067001003,29,90,119
067001004,7,2,9
067001101,14,22,36
067001102,5,7,12
067001201,10,7,17
067001202,20,17,37
067001203,4,14,18
067001204,367,256,623
067001205,395,159,554
067001206,210,153,363
067001207,405,322,727
067001208,1,1,2
067001209,270,224,494
067001210,386,274,660
067001211,534,332,866
067001212,551,344,895
067001213,307,181,488
067070101,627,451,1078
067070102,705,750,1455
067070103,352,275,627
067070104,353,334,687
067070105,542,437,979
067070106,625,430,1055
067070107,399,266,665
067070108,376,165,541
067070109,437,290,727
067070110,357,244,601
067070111,217,188,405
067070112,334,384,718
067070113,349,496,845
067070114,255,160,415
067070115,364,333,697
067070116,235,351,586
067070117,374,521,895
067070201,8,36,44
067070202,22,74,96
067070301,85,143,228
067070401,217,252,469
067070402,147,151,298
067070403,489,334,823
067070404,60,90,150
067070405,723,225,948
067070501,62,142,204
067070502,31,58,89
067070503,31,61,92
067070504,35,88,123
067070601,6,16,22
067070602,35,71,106
067070603,145,222,367
067070604,151,247,398
067070605,154,274,428
067070606,56,97,153
067070607,145,235,380
067070608,24,63,87
067070701,6,1,7
067070702,33,99,132
067070801,68,136,204
067070802,46,100,146
067070803,30,82,112
067070901,52,108,160
067070902,82,102,184
067070903,17,56,73
067071001,19,48,67
067071002,18,75,93
067071101,639,439,1078
067071102,516,534,1050
067071103,369,375,744
067071104,595,495,1090
067071105,372,375,747
067071106,408,284,692
067071107,418,279,697
067071108,499,290,789
067071109,321,205,526
067071110,559,464,1023
067071111,334,312,646
067071112,290,343,633
067071113,479,534,1013
067140101,676,464,1140
067140102,525,442,967
067140103,505,271,776
067140104,482,292,774
067140105,586,361,947
067140106,395,380,775
067140107,512,408,920
067140108,457,314,771
067140109,454,210,664
067140110,578,399,977
067140111,335,239,574
067140112,475,319,794
067140113,272,332,604
067140114,361,661,1022
067140115,329,252,581
067140201,14,11,25
067140202,15,27,42
067140203,14,21,35
067140204,12,6,18
067140205,9,12,21
067140206,15,8,23
067140207,10,24,34
067140301,763,902,1665
067140302,12,12,24
067140303,2,5,7
067140304,6,14,20
067140305,2,19,21
067140306,2,6,8
067140401,12,24,36
067140402,14,27,41
067140403,20,31,51
067140404,1,19,20
067140501,288,336,624
067140502,7,26,33
067140503,26,29,55
067140504,70,147,217
067140505,38,32,70
067140601,614,548,1162
067140602,593,491,1084
067140603,174,201,375
067140604,324,594,918
067140605,422,481,903
067140606,364,266,630
067140607,403,341,744
067140608,429,453,882
067140609,456,403,859
067140610,342,201,543
067140611,465,390,855
067140612,407,456,863
067140613,750,718,1468
067140614,7,19,26
067140615,184,244,428
067140616,312,427,739
067140617,418,573,991
067140701,6,10,16
067140702,88,104,192
067140703,4,26,30
067140801,157,206,363
067140802,5,6,11
067140803,1,16,17
067140804,34,80,114
067140805,7,41,48
067140806,56,129,185
067140807,10,21,31
067140808,0,27,27
067140809,239,276,515
067140901,76,106,182
067140902,19,19,38
067140903,12,11,23
067140904,9,42,51
067140905,3,8,11
067140906,17,17,34
067210101,279,344,623
067210102,15,44,59
067210103,12,28,40
067210104,34,45,79
067210201,326,244,570
067210202,143,80,223
067210203,328,152,480
067210204,476,520,996
067210205,538,360,898
067210206,371,336,707
067210207,439,351,790
067210208,5,13,18
067210209,25,17,42
067210210,5,4,9
067210211,3,36,39
067210212,12,17,29
067210213,15,19,34
067210214,382,340,722
067210215,371,284,655
067210216,266,247,513
067210217,334,255,589
067280101,415,540,955
067280102,83,81,164
067280201,128,174,302
067280202,76,135,211
067280203,31,38,69
067280204,9,27,36
067280301,20,20,40
067280302,7,26,33
067280303,32,45,77
067280304,2,24,26
067280401,22,31,53
067280402,3,10,13
067280403,0,7,7
067280501,20,29,49
067280502,3,21,24
067280503,11,23,34
067280601,7,15,22
067280602,15,37,52
067280603,2,6,8
067280701,11,27,38
067280702,7,15,22
067280703,26,78,104
067280801,51,54,105
067280802,27,38,65
067280803,16,28,44
067280901,146,182,328
067280902,97,179,276
067280903,247,127,374
067280904,454,365,819
067281001,292,445,737
067281002,202,265,467
067281003,433,372,805
067281004,261,197,458
067281005,249,159,408
067281006,230,149,379
067281007,310,154,464
067281008,260,243,503
067281009,269,257,526
067281010,379,338,717
067281011,415,266,681
067281012,222,185,407
067281013,328,289,617
067281014,257,202,459
067281015,288,198,486
067281016,307,211,518
067281017,281,205,486
067281018,393,386,779
067281019,414,497,911
067281020,400,432,832
067281021,415,402,817
067281022,504,459,963
067281023,64,138,202
067281024,386,534,920
067281025,41,114,155
067281026,17,17,34
067281101,2,12,14
067281102,11,96,107
067281103,9,57,66
067281201,14,44,58
067281202,20,34,54
067281301,216,241,457
067281302,45,34,79
067281303,19,37,56
067281401,62,87,149
067281402,210,320,530
067281403,25,91,116
067281404,28,53,81
067281405,38,93,131
067281406,76,83,159
067281407,23,30,53
067281408,24,62,86
067281501,40,112,152
067281502,20,40,60
067281503,16,36,52
067281601,8,14,22
067281602,9,12,21
067281603,6,35,41
067350101,312,165,477
067350102,297,162,459
067350103,511,212,723
067350104,421,194,615
067350105,707,331,1038
067350106,636,408,1044
067350107,519,338,857
067350108,368,243,611
067350109,644,512,1156
067350110,677,469,1146
067350201,245,309,554
067350202,31,36,67
067350203,6,6,12
067350204,57,68,125
067350205,48,71,119
067350206,33,53,86
067350207,34,27,61
067350208,13,21,34
067350301,226,261,487
067350302,22,54,76
067350303,19,25,44
067350304,15,30,45
067350305,39,40,79
067350306,60,50,110
067350307,38,37,75
067350308,261,354,615
067350401,27,22,49
067350402,88,80,168
067350403,46,19,65
067350404,320,79,399
067350501,12,19,31
067350502,5,5,10
067350503,19,18,37
067350504,0,3,3
067350601,14,17,31
067350602,3,15,18
067350603,1,3,4
067350701,453,230,683
067350702,750,468,1218
067350703,825,524,1349
067350704,285,173,458
067350705,665,422,1087
067350706,770,627,1397
067350707,631,466,1097
067350708,577,409,986
067350709,553,398,951
067350710,496,452,948
067420101,15,37,52
067420201,59,69,128
067420301,31,45,76
067420401,536,329,865
067420402,417,413,830
067420403,405,194,599
067420404,387,266,653
067420405,312,266,578
067420406,246,260,506
067420407,389,406,795
067420408,264,224,488
067420409,23,79,102
067420410,128,166,294
067420411,0,2,2
067420412,1,7,8
067420413,435,296,731
067420414,281,278,559
067420501,24,48,72
067420601,8,12,20
067420701,29,20,49
067420702,72,55,127
067420801,29,55,84
067420901,22,82,104
067421001,23,23,46
067421002,77,97,174
067630101,622,401,1023
067630102,544,304,848
067630103,659,479,1138
067630104,613,383,996
067630105,556,375,931
067630106,326,178,504
067630107,342,144,486
067630108,607,210,817
067630109,723,281,1004
067630110,550,281,831
067630111,630,319,949
067630112,403,187,590
067630113,550,274,824
067630114,490,267,757
067630115,684,449,1133
067630201,197,87,284
067630202,88,125,213
067630203,374,281,655
067630204,533,408,941
067630205,770,504,1274
067630206,627,267,894
067630207,551,182,733
067630208,288,109,397
067630209,550,290,840
067630210,565,277,842
067630211,613,253,866
067630212,240,88,328
067630213,154,53,207
067630301,554,197,751
067630302,609,211,820
067630303,386,114,500
067630304,504,214,718
067630305,377,156,533
067630306,511,200,711
067630307,711,223,934
067630308,602,276,878
067630309,718,399,1117
067630310,456,201,657
067630311,460,273,733
067630401,482,466,948
067630402,714,331,1045
067630403,555,356,911
067630404,357,282,639
067630405,549,384,933
067630406,535,312,847
067630407,375,245,620
067630408,765,213,978
067630409,621,259,880
067630410,297,287,584
067630501,382,320,702
067630502,392,612,1004
067630503,522,218,740
067630504,254,194,448
067630505,359,373,732
067630506,704,480,1184
067630507,735,276,1011
067630508,432,338,770
067630509,433,460,893
067630510,478,369,847
067630511,757,581,1338
067630512,256,174,430
067630513,717,425,1142
067630514,718,594,1312
067630515,469,314,783
067630516,370,273,643
067630517,545,369,914
067630518,527,544,1071
067630601,797,791,1588
067630602,330,592,922
067630603,456,814,1270
067630604,553,688,1241
067630605,405,592,997
067630606,398,878,1276
067630607,604,770,1374
067630608,611,870,1481
067630609,561,531,1092
067630610,513,508,1021
067630611,430,537,967
067630612,411,476,887
067630613,563,475,1038
067630614,523,689,1212
067630615,715,720,1435
067630701,22,52,74
067630702,277,668,945
067630703,666,708,1374
067630704,625,375,1000
067630705,570,391,961
067630706,812,675,1487
067630707,686,370,1056
067630708,546,291,837
067630709,485,214,699
067630710,1034,587,1621
067630711,833,1074,1907
067630712,309,255,564
067630801,471,274,745
067630802,535,506,1041
067630803,427,301,728
067630804,712,688,1400
067630805,520,544,1064
067630806,537,492,1029
067630807,485,443,928
067630808,736,510,1246
067630809,554,769,1323
067630810,420,457,877
067630811,428,443,871
067630812,149,366,515
067630813,447,552,999
067630901,448,253,701
067630902,283,402,685
067630903,122,237,359
067630904,153,135,288
067631001,19,26,45
067631002,1,9,10
067631101,584,576,1160
067631102,638,568,1206
067631103,14,31,45
067631201,173,247,420
067631202,10,39,49
067631203,16,38,54
067631301,3,9,12
067631302,9,39,48
067631401,459,354,813
067631402,7,19,26
067631403,22,25,47
067631501,15,37,52
067631601,284,228,512
067631602,309,329,638
067631603,24,28,52
067631701,676,439,1115
067631702,489,242,731
067631703,640,219,859
067631704,694,391,1085
067631705,536,337,873
067631706,568,383,951
067631707,850,629,1479
067631708,397,359,756
067631709,402,433,835
067631801,577,538,1115
067631802,594,356,950
067631803,560,592,1152
067631804,418,325,743
067631805,402,283,685
067631806,408,219,627
067631807,363,252,615
067631808,552,62,614
067631809,475,119,594
067631810,771,238,1009
067631811,618,214,832
067631812,195,299,494
067631813,17,13,30
067631814,441,535,976
067631815,261,323,584
067631816,336,397,733
067631901,18,22,40
067631902,6,20,26
067631903,119,90,209
067631904,28,41,69
067631905,546,555,1101
067631906,251,269,520
067631907,13,45,58
067631908,53,106,159
067631909,510,300,810
067631910,387,347,734
067631911,316,214,530
067632001,228,78,306
067632002,148,126,274
067632003,430,334,764
067632004,112,22,134
067632005,213,54,267
067632006,645,484,1129
067632007,293,172,465
067632008,657,588,1245
067632009,507,390,897
067632010,455,256,711
067632011,278,318,596
067632012,407,337,744
067632013,421,462,883
067632101,1,15,16
067700101,167,209,376
067700102,276,406,682
067700103,735,889,1624
067700104,402,868,1270
067700105,625,700,1325
067700106,610,462,1072
067700107,591,453,1044
067700108,474,220,694
067700109,442,247,689
067700110,472,248,720
067700111,468,553,1021
067700201,4,20,24
067700202,40,116,156
067700203,37,66,103
067700204,20,32,52
067700205,318,764,1082
067700206,200,312,512
067700207,251,610,861
067700208,7,48,55
067700301,7,49,56
067700302,3,10,13
067700303,3,13,16
067700304,4,14,18
067700305,2,6,8
067700401,9,19,28
067700402,9,14,23
067700403,3,15,18
067700404,4,9,13
067700501,2,2,4
067700502,1,0,1
067700503,2,4,6
067700504,4,7,11
067700601,2,5,7
067700602,7,22,29
067700701,11,17,28
067700702,1,2,3
067700703,1,1,2
067700704,5,7,12
067700705,4,19,23
067700801,14,66,80
067700802,5,5,10
067700803,6,26,32
067700804,9,9,18
067700805,0,6,6
067700901,279,321,600
067700902,25,38,63
067700903,18,71,89
067700904,2,2,4
067700905,0,11,11
067700906,53,89,142
067700907,19,19,38
067700908,39,83,122
067701001,414,462,876
067701002,462,425,887
067701003,460,399,859
067701004,359,353,712
067701005,597,458,1055
067701006,537,578,1115
067701007,617,580,1197
067701008,557,555,1112
067701009,614,385,999
067701010,529,331,860
067701011,333,110,443
067701012,91,225,316
067701013,393,1362,1755
067701014,32,81,113
067701101,46,55,101
067701102,16,26,42
067701103,48,97,145
067701104,6,33,39
067701105,39,53,92
067701201,489,999,1488
067701202,23,98,121
067701203,140,331,471
067701204,6,23,29
067701205,6,36,42
067701206,8,15,23
067701301,10,25,35
067701302,19,24,43
067701303,23,32,55
067701304,35,31,66
067701305,12,20,32
067701306,9,20,29
067701307,6,25,31
067701401,7,11,18
067701402,15,24,39
067701403,5,6,11
067701501,3,9,12
067701502,2,12,14
067701503,11,5,16
067701504,4,12,16
067701505,15,13,28
067701601,326,618,944
067701602,291,350,641
067701603,356,310,666
067701604,7,12,19
067701605,48,43,91
067701606,9,11,20
067701607,10,19,29
067701701,8,8,16
067701702,7,14,21
067701703,1,14,15
067701704,3,16,19
067701705,15,26,41
067701801,175,329,504
067701802,9,10,19
067701803,10,14,24
067701804,6,27,33
067701805,24,34,58
067701806,7,16,23
067701901,2,3,5
067701902,2,5,7
067701903,6,16,22
067701904,2,9,11
067702001,6,22,28
067702002,1,6,7
067702101,365,218,583
067702102,525,267,792
067702103,418,186,604
067702104,418,238,656
067702105,496,286,782
067702106,466,231,697
067702107,661,420,1081
067702108,374,265,639
067702109,389,219,608
067702110,421,244,665
067702201,282,726,1008
067702202,287,895,1182
067702203,666,811,1477
067702204,557,1485,2042
067702205,467,701,1168
067702206,603,661,1264
067702207,365,465,830
067702208,353,373,726
067702209,286,366,652
067702210,513,305,818
067702211,424,385,809
067702212,541,499,1040
067702213,310,209,519
067702214,773,397,1170
067702301,12,62,74
067780101,558,320,878
067780102,366,283,649
067780103,371,348,719
067780104,304,467,771
067780105,609,539,1148
067780106,578,599,1177
067780107,344,404,748
067780108,346,497,843
067780109,225,456,681
067780110,53,54,107
067780111,70,80,150
067780201,310,391,701
067780202,214,343,557
067780203,171,373,544
067780204,454,527,981
067780205,665,629,1294
067780206,453,334,787
067780207,651,760,1411
067780208,432,213,645
067780209,614,548,1162
067780210,488,330,818
067780211,352,288,640
067780212,259,435,694
067780213,229,374,603
067780214,442,439,881
067780215,374,738,1112
067780216,172,415,587
067780217,208,369,577
067780218,308,466,774
067780301,65,80,145
067780401,16,31,47
067780402,48,63,111
067780403,65,113,178
067780404,114,289,403
067780405,209,346,555
067780406,160,157,317
067780407,471,489,960
067780501,411,284,695
067780502,102,119,221
067780503,8,35,43
067780504,19,55,74
067780505,11,49,60
067780506,617,555,1172
067780507,408,478,886
067780601,8,5,13
067780602,522,74,596
067780603,207,243,450
067780604,503,711,1214
067780701,9,26,35
067780702,15,36,51
067780703,15,18,33
067780704,10,25,35
067780801,16,33,49
067780802,1,5,6
067780803,23,24,47
067780901,26,3,29
067780902,225,180,405
067780903,412,504,916
067780904,187,252,439
067780905,582,749,1331
067780906,652,519,1171
067780907,279,263,542
067780908,171,212,383
067780909,426,359,785
067780910,357,345,702
067780911,595,354,949
067780912,518,329,847
067780913,539,323,862
067781001,682,701,1383
067781002,348,563,911
067781003,311,630,941
067781004,492,550,1042
067781005,632,380,1012
067781006,341,234,575
067781007,610,506,1116
067781008,469,866,1335
067781009,730,657,1387
067781010,339,201,540
067781011,466,319,785
067781012,494,431,925
067781013,607,857,1464
067781014,300,755,1055
067781015,292,528,820
067840101,10,7,17
067840102,4,19,23
067840201,7,9,16
067840202,211,285,496
067840203,19,26,45
067840204,4,10,14
067840301,5,10,15
067840302,14,25,39
067840303,9,13,22
067840401,8,5,13
067840402,10,26,36
067840403,8,8,16
067840404,10,8,18
067840501,16,15,31
067840502,12,15,27
067840503,12,16,28
067840601,10,16,26
067840701,20,14,34
067840702,11,17,28
067840703,10,15,25
067840704,20,19,39
067840801,37,21,58
067840802,117,145,262
067840803,523,341,864
067840804,584,531,1115
067840805,451,317,768
067840806,366,304,670
067840807,439,272,711
067840808,600,444,1044
067840809,425,369,794
067840810,382,252,634
067840811,571,467,1038
067840812,24,22,46
067840813,38,40,78
067840901,2,16,18
067840902,5,10,15
067841001,18,17,35
067841002,0,6,6
067841003,4,24,28
067841004,8,9,17
067841101,11,12,23
067841102,7,13,20
067841103,13,24,37
067841104,5,6,11
067841201,13,19,32
067841202,7,20,27
067841203,29,61,90
067841204,17,9,26
067910101,676,357,1033
067910102,315,129,444
067910103,348,167,515
067910104,258,113,371
067910105,280,123,403
067910106,468,175,643
067910107,580,206,786
067910108,324,105,429
067910109,315,116,431
067910110,487,174,661
067910111,349,125,474
067910201,301,140,441
067910202,463,307,770
067910203,448,294,742
067910204,372,341,713
067910205,407,229,636
067910206,556,252,808
067910207,433,286,719
067910208,484,275,759
067910209,389,202,591
067910210,577,290,867
067910211,549,240,789
067910212,483,181,664
067910213,582,214,796
067910214,478,319,797
067910215,529,204,733
067910216,380,178,558
067910217,459,190,649
067910218,750,371,1121
067910301,552,289,841
067910302,425,106,531
067910303,564,121,685
067910304,804,223,1027
067910305,253,95,348
067910306,344,123,467
067910307,780,226,1006
067910308,491,161,652
067910309,809,166,975
067910310,900,226,1126
067910401,478,88,566
067910402,417,114,531
067910403,341,124,465
067910404,434,114,548
067910405,247,80,327
067910406,363,124,487
067910407,316,94,410
067910408,374,124,498
067910409,310,96,406
067910410,352,97,449
067910411,348,119,467
067910412,332,88,420
067910501,48,48,96
067910502,16,54,70
067910503,6,5,11
067910601,76,117,193
067910602,41,59,100
067910603,25,33,58
067910701,52,105,157
067910702,33,66,99
067910801,14,19,33
067910802,38,74,112
067910803,26,38,64
067910901,45,57,102
067910902,75,47,122
067910903,50,66,116
067910904,37,54,91
067910905,38,52,90
067910906,63,77,140
067911001,42,54,96
067911002,121,116,237
067911003,136,133,269
067911004,32,66,98
067911005,22,94,116
067911006,404,479,883
067911007,193,206,399
067911008,150,298,448
067911009,30,51,81
067911101,34,29,63
067911102,52,33,85
067911103,26,36,62
067911104,76,102,178
067911105,40,57,97
067911201,370,448,818
067911202,707,452,1159
067911203,685,725,1410
067911204,435,401,836
067911205,371,305,676
067911206,598,575,1173
067911207,535,456,991
067911208,618,507,1125
067911209,549,401,950
067911210,485,380,865
067911211,371,228,599
067911212,362,251,613
067911213,665,454,1119
067911301,768,871,1639
067911302,466,464,930
067911303,382,396,778
067911304,459,512,971
067911305,702,831,1533
067911306,835,724,1559
067911307,360,427,787
067911308,422,368,790
067911309,377,348,725
067911310,352,531,883
067911311,502,403,905
067911312,420,386,806
067911313,576,320,896
067911314,509,309,818
067911401,29,45,74
067911402,44,59,103
067911403,72,106,178
067911404,65,58,123
067911405,61,96,157
067911406,58,57,115
067911501,88,86,174
067911502,126,177,303
067911503,43,57,100
067911504,73,54,127
067911505,32,24,56
067911506,21,19,40
067911601,18,55,73
067911602,45,48,93
067911701,44,76,120
067911702,42,42,84
067911801,310,188,498
067911802,336,173,509
067911803,287,137,424
067911804,460,172,632
067911805,370,152,522
067911806,389,158,547
067911807,496,249,745
067911808,428,307,735
067911809,391,355,746
067911811,391,278,669
067911812,410,258,668
067911813,536,310,846
067911814,703,229,932
067911901,369,157,526
067911902,447,130,577
067911903,458,224,682
067911904,527,174,701
067911905,709,250,959
067911906,480,135,615
067911907,347,106,453
067911908,309,121,430
067911909,228,76,304
067911910,335,83,418
067911911,383,128,511
067912001,574,289,863
067912002,537,423,960
067912003,698,853,1551
067912004,619,499,1118
067912005,541,293,834
067912006,658,243,901
067912007,620,203,823
067912008,400,105,505
067912009,762,171,933
067912101,388,307,695
067912102,568,571,1139
067912103,486,443,929
067912104,449,336,785
067912105,725,534,1259
067912106,686,491,1177
067912107,399,286,685
067912108,315,277,592
067912109,837,507,1344
067912110,707,739,1446
067912111,431,547,978
067912112,509,584,1093
067912113,310,221,531
067912114,142,206,348
067912115,216,168,384
067912116,369,299,668
067912201,240,154,394
067912202,340,84,424
067912203,629,85,714
067912204,414,170,584
067912205,537,306,843
067912206,732,434,1166
067912207,735,678,1413
067912208,750,411,1161
067912209,588,199,787
067912210,697,250,947
067912211,531,149,680
067912212,514,208,722
067912213,540,147,687
067912214,476,162,638
067912215,544,164,708
067912216,799,166,965
067912217,384,103,487
067912218,237,176,413
067980101,21,27,48
067980102,10,46,56
067980103,13,29,42
067980201,11,56,67
067980202,4,12,16
067980203,28,48,76
067980301,11,27,38
067980302,7,39,46
067980401,8,15,23
067980402,14,26,40
067980501,70,79,149
067980502,27,60,87
067980503,6,8,14
067980504,5,19,24
067980505,17,18,35
067980506,10,24,34
067980507,7,27,34
067980601,58,111,169
067980701,284,290,574
067980702,602,469,1071
067980703,496,268,764
067980704,310,267,577
067980705,258,228,486
067980706,30,67,97
067980707,273,303,576
067980708,744,591,1335
067980709,185,299,484
067980710,254,271,525
067980711,379,306,685
067980801,5,22,27
067980901,8,47,55
067980902,2,26,28
067980903,7,24,31
067980904,7,32,39
067980905,4,21,25
067981001,24,31,55
067981002,21,44,65
067981003,7,35,42
067981004,17,35,52
067981005,14,32,46
067981006,2,17,19
068120101,22,46,68
068120102,15,50,65
068120201,8,16,24
068120202,6,24,30
068120301,25,30,55
068120302,9,9,18
068120303,2,4,6
068120401,31,67,98
068120402,11,25,36
068120403,1,19,20
068120501,16,15,31
068120502,319,212,531
068120503,312,342,654
068120504,4,5,9
068120601,0,8,8
068120602,1,8,9
068190101,122,77,199
068190102,41,35,76
068190103,30,39,69
068190104,79,77,156
068190201,55,111,166
068190202,33,48,81
068190301,8,30,38
068190302,21,56,77
068190401,528,341,869
068190402,785,462,1247
068190403,424,253,677
068190404,553,310,863
068190405,448,323,771
068190406,515,387,902
068190407,422,379,801
068190408,99,68,167
068190409,100,72,172
068190501,37,15,52
068190502,62,30,92
068190503,38,25,63
068190504,163,65,228
068190505,239,93,332
068190601,34,48,82
068190602,58,51,109
068190603,18,45,63
068190701,17,31,48
068190801,25,36,61
068190802,52,40,92
068190901,82,79,161
068190902,108,77,185
068190903,272,163,435
068190904,232,180,412
068190905,249,146,395
068190906,133,119,252
068190907,155,42,197
068190908,6,21,27
068190909,68,56,124
068190910,221,201,422
068190911,165,241,406
068190912,219,249,468
068260101,938,1124,2062
068260102,515,386,901
068260103,579,484,1063
068260104,230,238,468
068260105,278,211,489
068260106,373,229,602
068260107,467,374,841
068260108,449,507,956
068260109,260,129,389
068260110,153,116,269
068260111,265,213,478
068260112,272,257,529
068260113,312,384,696
068260114,257,243,500
068260115,379,217,596
068260116,250,188,438
068260117,205,279,484
068260118,383,403,786
068260119,279,318,597
068260120,385,344,729
068260201,377,338,715
068260202,889,340,1229
068260203,478,338,816
068260204,385,219,604
068260205,187,195,382
068260206,232,149,381
068260207,215,140,355
068260208,235,102,337
068260209,382,289,671
068260210,283,117,400
068260211,238,169,407
068260212,400,218,618
068260213,147,64,211
068260214,150,86,236
068260301,18,15,33
068260302,2,7,9
068260303,14,26,40
068260401,29,17,46
068260402,42,53,95
068260403,380,337,717
068260501,104,156,260
068260502,9,20,29
068260503,16,3,19
068260601,41,34,75
068260602,22,32,54
068260701,790,472,1262
068260702,358,162,520
068260703,73,72,145
068260704,375,169,544
068260705,46,21,67
068260706,689,458,1147
068260707,26,23,49
068260708,102,40,142
068260709,96,69,165
068260801,67,112,179
068260802,27,20,47
068260901,30,31,61
068260902,37,43,80
068261001,56,84,140
068261002,39,37,76
068261101,50,48,98
068261102,22,44,66
068261201,21,44,65
068261301,31,44,75
068261302,63,18,81
068261303,79,68,147
068261401,34,18,52
068261402,6,22,28
068261501,55,63,118
068261502,35,30,65
068261601,50,91,141
068261602,51,76,127
068261603,50,38,88
068261604,169,110,279
068261605,255,162,417
068261606,304,437,741
068261607,278,212,490
068261608,625,516,1141
068261609,230,165,395
068261610,289,249,538
068261611,298,247,545
068261701,25,34,59
068261702,20,26,46
068261703,14,33,47
068261704,9,6,15
068261801,78,78,156
068261802,39,26,65
068261803,36,48,84
068261804,53,84,137
068261805,30,35,65
068261901,424,243,667
068261902,453,309,762
068261903,327,190,517
068261904,407,131,538
068261905,332,130,462
068261906,521,205,726
068261907,305,300,605
068261908,278,415,693
068261909,641,343,984
068261910,449,207,656
068261911,316,187,503
068330101,353,175,528
068330102,553,238,791
068330103,405,208,613
068330104,587,330,917
068330105,394,179,573
068330106,550,308,858
068330107,602,255,857
068330108,505,207,712
068330109,468,307,775
068330110,564,342,906
068330111,532,223,755
068330112,708,408,1116
068330113,774,411,1185
068330114,581,364,945
068330115,118,92,210
068330116,346,154,500
068330201,500,197,697
068330202,644,310,954
068330203,567,227,794
068330204,512,197,709
068330205,430,156,586
068330206,335,111,446
068330207,517,201,718
068330208,490,167,657
068330209,484,133,617
068330210,511,185,696
068330211,485,307,792
068330212,662,284,946
068330213,611,306,917
068330301,0,2,2
068330302,10,4,14
068330303,6,4,10
068330304,9,4,13
068330305,7,9,16
068330401,33,30,63
068330402,26,19,45
068330403,21,27,48
068330501,12,8,20
068330502,13,10,23
068330503,5,10,15
068330601,7,11,18
068330602,0,5,5
068330603,15,8,23
068330604,8,12,20
068330701,8,8,16
068330702,12,11,23
068330703,35,26,61
068330704,22,23,45
068330705,34,24,58
068330706,25,28,53
068330801,31,31,62
068330802,35,38,73
068330803,11,9,20
068330901,22,11,33
068330902,11,19,30
068330903,25,37,62
068331001,116,119,235
068331002,447,333,780
068331003,12,17,29
068331004,697,443,1140
068331005,729,426,1155
068331006,590,479,1069
068331007,623,497,1120
068331008,945,803,1748
068331009,544,523,1067
068331010,385,243,628
068331011,553,400,953
068331012,890,754,1644
068331013,52,82,134
068331101,285,261,546
068331102,6,1,7
068331103,9,7,16
068331104,3,10,13
068331105,0,4,4
068331201,12,14,26
068331202,13,18,31
068331203,2,12,14
068331301,2,13,15
068331302,150,102,252
068331303,56,35,91
068331304,98,52,150
068331401,264,314,578
068331402,56,45,101
068331403,2,6,8
068331404,6,8,14
068331405,28,67,95
068331406,0,0,0
068331407,7,7,14
068331408,159,186,345
068331501,99,94,193
068331502,26,19,45
068331503,7,23,30
068331504,23,12,35
068331505,17,9,26
068331506,169,143,312
068331601,20,17,37
068331602,11,8,19
068331603,4,10,14
068331604,0,3,3
068331605,16,46,62
068331701,168,243,411
068331702,341,251,592
068331703,227,248,475
068331704,40,33,73
068331705,96,125,221
068331706,13,9,22
068331707,25,9,34
068331708,22,14,36
068331709,295,185,480
068331801,95,84,179
068331802,247,183,430
068331803,154,104,258
068331804,95,48,143
068331805,118,90,208
068331806,78,30,108
068331807,104,77,181
068331808,42,24,66
068331809,239,140,379
068331810,6,17,23
068331811,95,45,140
068331901,366,527,893
068331902,133,100,233
068331903,692,387,1079
068331904,453,279,732
068331905,762,427,1189
068331906,523,462,985
068331907,448,490,938
068331908,484,411,895
068331909,549,422,971
068331910,518,269,787
068331911,494,471,965
068331912,377,285,662
068331913,669,495,1164
068331914,180,229,409
068331915,70,95,165
068470101,218,197,415
068470102,503,445,948
068470103,439,509,948
068470104,618,469,1087
068470105,354,299,653
068470106,18,18,36
068470107,39,77,116
068470108,4,4,8
068470109,2,26,28
068470110,22,38,60
068470111,483,504,987
068470112,286,236,522
068470113,252,316,568
068470114,491,409,900
068470115,292,254,546
068470201,56,85,141
068470202,3,16,19
068470203,29,57,86
068470204,34,53,87
068470205,5,18,23
068540101,204,300,504
068540102,355,319,674
068540103,433,365,798
068540104,374,289,663
068540105,446,351,797
068540106,364,230,594
068540107,390,207,597
068540108,417,295,712
068540109,436,645,1081
068540110,519,463,982
068540111,1043,925,1968
068540112,402,363,765
068540113,615,611,1226
068540114,351,306,657
068540115,184,292,476
068540201,449,793,1242
068540202,648,846,1494
068540203,397,478,875
068540204,391,262,653
068540205,363,201,564
068540206,380,326,706
068540207,425,517,942
068540208,379,299,678
068540209,497,757,1254
068540210,305,275,580
068540211,358,359,717
068540301,92,163,255
068540302,23,39,62
068540303,34,37,71
068540401,195,310,505
068540402,94,167,261
068540403,72,143,215
068540501,33,62,95
068540502,56,81,137
068540503,13,36,49
068540601,80,88,168
068540602,190,187,377
068540701,30,48,78
068540702,34,60,94
068540801,115,176,291
068540802,77,139,216
068540803,22,49,71
068540901,49,85,134
068541001,256,258,514
068541002,297,317,614
068541003,370,340,710
068541004,442,404,846
068541005,333,318,651
068541006,377,591,968
068541007,127,154,281
068541008,128,161,289
068541009,53,90,143
068541010,47,98,145
068541011,35,88,123
068541012,43,71,114
068541013,86,131,217
068541014,253,231,484
068541015,144,180,324
068541101,24,65,89
068541102,28,41,69
068541103,21,47,68
068541201,73,79,152
068541202,12,44,56
068541203,23,54,77
068541301,49,99,148
068541302,14,75,89
068541401,148,236,384
068541402,95,169,264
068541403,55,94,149
068541404,20,23,43
068541405,38,41,79
068541406,230,240,470
068680101,928,731,1659
068680102,499,282,781
068680103,481,207,688
068680104,378,121,499
068680105,197,64,261
068680106,144,39,183
068680107,115,44,159
068680108,405,129,534
068680109,483,404,887
068680110,498,344,842
068680201,317,160,477
068680202,69,39,108
068680203,143,46,189
068680204,288,193,481
068680205,608,325,933
068680206,408,167,575
068680207,113,39,152
068680208,15,6,21
068680209,31,16,47
068680210,99,34,133
068680211,53,24,77
068680212,173,66,239
068680213,843,612,1455
068680301,628,805,1433
068680302,525,395,920
068680303,348,187,535
068680304,367,174,541
068680305,212,86,298
068680306,396,150,546
068680307,327,113,440
068680308,82,33,115
068680309,36,27,63
068680310,74,28,102
068680311,62,14,76
068680312,58,17,75
068680313,45,23,68
068680401,45,21,66
068680402,43,11,54
068680403,28,18,46
068680404,8,7,15
068680405,51,39,90
068680406,13,7,20
068680407,102,50,152
068680408,159,71,230
068680409,56,18,74
068680410,55,17,72
068680501,15,9,24
068680502,658,573,1231
068680503,623,752,1375
068680504,321,217,538
068680505,120,29,149
068680506,128,27,155
068680507,124,72,196
068680508,265,165,430
068680509,210,115,325
068680510,119,55,174
068680511,2,0,2
068680601,50,19,69
068680602,61,23,84
068680603,120,41,161
068680604,123,51,174
068680605,51,27,78
068680606,23,14,37
068680607,56,24,80
068680608,37,19,56
068680609,113,48,161
068680610,33,15,48
068680701,521,347,868
068680702,492,177,669
068680703,213,107,320
068680704,169,79,248
068680705,124,42,166
068680706,211,80,291
068680707,50,26,76
068680708,61,36,97
068680709,36,20,56
068680710,30,11,41
068680711,68,48,116
068680712,84,60,144
068680801,537,388,925
068680802,413,354,767
068680803,223,156,379
068680804,283,164,447
068680805,23,25,48
068680806,65,34,99
068680807,39,23,62
068680808,19,27,46
068680809,272,232,504
068680810,79,32,111
068750101,16,8,24
068750201,60,87,147
068750301,61,76,137
068750401,45,98,143
068750402,42,63,105
068750403,51,71,122
068750501,9,21,30
068750502,45,69,114
068750601,401,350,751
068750602,255,283,538
068750603,141,166,307
068750604,575,563,1138
068750605,379,534,913
068750606,83,242,325
068750607,28,28,56
068750608,403,508,911
068750609,204,214,418
068750701,42,44,86
068750801,47,100,147
068750802,148,261,409
068750803,194,166,360
068750804,259,235,494
068750805,157,250,407
068750901,84,115,199
068750902,17,82,99
068751001,12,49,61
068751101,9,21,30
068751201,113,211,324
068751301,5,23,28
068751302,47,114,161
068751401,51,73,124
068751402,39,67,106
068751501,335,268,603
068751502,166,151,317
068751503,133,214,347
068751504,166,466,632
068751505,25,59,84
068751506,274,977,1251
068751507,308,684,992
068751508,409,414,823
068751509,253,296,549
068751601,107,316,423
068751602,562,697,1259
068751603,810,978,1788
068751604,345,572,917
068751605,499,555,1054
068751606,422,555,977
068751607,383,277,660
068751608,441,229,670
068751609,289,219,508
068751610,454,768,1222
068751611,291,223,514
068751612,271,404,675
068751613,416,523,939
068751614,265,665,930
068751615,285,1149,1434
068751701,117,284,401
068751801,7,54,61
068820101,602,424,1026
068820102,748,411,1159
068820103,665,489,1154
068820104,727,561,1288
068820105,818,840,1658
068820106,587,431,1018
068820107,627,348,975
068820108,611,307,918
068820109,516,240,756
068820110,600,360,960
068820201,819,267,1086
068820202,504,284,788
068820203,329,160,489
068820204,412,146,558
068820205,523,237,760
068820206,433,168,601
068820207,577,256,833
068820208,623,280,903
068820209,583,288,871
068820210,574,252,826
068820211,783,341,1124
068820212,428,536,964
068820213,680,236,916
068820214,332,407,739
068820301,61,121,182
068820302,633,272,905
068820303,707,438,1145
068820304,716,387,1103
068820305,539,247,786
068820306,624,346,970
068820307,549,285,834
068820308,720,364,1084
068820401,737,421,1158
068820402,52,33,85
068820403,85,101,186
068820501,215,158,373
068820502,681,812,1493
068820503,752,720,1472
068820504,858,782,1640
068820505,129,14,143
068820506,70,100,170
068820507,312,199,511
068820508,547,712,1259
068820509,862,533,1395
068820601,85,55,140
068820701,93,95,188
068820702,189,263,452
068820703,382,375,757
068820801,656,867,1523
068820802,710,632,1342
068820803,715,483,1198
068820804,571,489,1060
068820805,609,314,923
068820806,689,240,929
068820807,541,264,805
068820808,590,201,791
068820809,505,191,696
068820810,532,179,711
068820811,427,151,578
068820812,483,162,645
068820813,732,870,1602
068820901,798,895,1693
068820902,584,596,1180
068820903,654,571,1225
068820904,736,674,1410
068820905,461,380,841
068820906,684,1055,1739
068820907,825,835,1660
068820908,586,434,1020
068820909,478,374,852
068820910,774,492,1266
068820911,583,265,848
068820912,615,820,1435
068820913,438,701,1139
068820914,646,424,1070
068821001,739,135,874
068821002,456,184,640
068821003,599,346,945
068821004,446,311,757
068821005,443,283,726
068821006,720,560,1280
068821007,455,234,689
068821008,452,438,890
068821009,783,607,1390
068821010,866,1171,2037
068821011,666,972,1638
068821101,322,341,663
068821201,169,242,411
068821301,170,305,475
068821401,222,283,505
068821501,45,58,103
068821601,675,328,1003
068821602,716,459,1175
068821603,793,410,1203
068821604,652,511,1163
068821605,888,852,1740
068821606,450,379,829
068821607,511,589,1100
068821608,699,706,1405
068821701,678,541,1219
068821702,608,468,1076
068821703,936,445,1381
068821704,896,946,1842
068821705,741,1228,1969
068821706,141,325,466
068821707,434,71,505
068821708,341,204,545
068821709,120,157,277
068821710,617,656,1273
068821711,497,553,1050
068821801,40,104,144
068821802,6,38,44
068821803,5,61,66
100070101,14,25,39
100070102,46,134,180
100070103,31,49,80
100070104,78,205,283
100070105,151,248,399
100070201,175,396,571
100070202,59,233,292
100070203,24,85,109
100070204,43,225,268
100070301,69,358,427
100070302,19,103,122
100070401,20,51,71
100070402,17,75,92
100070403,0,13,13
100070404,102,165,267
100070405,4,35,39
100070406,134,151,285
100070407,90,190,280
100070408,101,126,227
100070409,57,93,150
100140101,114,213,327
100140102,8,68,76
100140103,10,75,85
100140104,9,63,72
100140201,126,206,332
100140202,18,90,108
100140301,34,100,134
100140302,5,25,30
100140303,5,27,32
100140401,8,79,87
100140402,24,57,81
100140501,21,57,78
100140502,23,97,120
100140503,29,107,136
100140601,24,100,124
100140602,5,91,96
100140701,74,154,228
100140702,9,46,55
100140801,10,88,98
100140802,18,91,109
100140803,20,81,101
100140901,29,58,87
100140902,16,105,121
100210101,112,247,359
100210102,0,16,16
100210103,676,978,1654
100210104,516,611,1127
100210105,512,466,978
100210106,432,405,837
100210107,400,860,1260
100210108,331,423,754
100210109,430,400,830
100210110,466,544,1010
100210111,254,989,1243
100210112,288,547,835
100210113,355,586,941
100210114,104,254,358
100210201,1,13,14
100210202,310,729,1039
100210301,34,197,231
100210401,106,279,385
100210501,11,74,85
100210601,3,30,33
100210701,36,125,161
100210801,23,192,215
100210901,9,78,87
100210902,20,149,169
100211001,180,451,631
100211002,41,244,285
100211003,105,240,345
100211004,90,253,343
100211005,124,279,403
100211006,99,179,278
100280101,40,221,261
100280201,8,115,123
100280202,189,457,646
100280301,8,37,45
100280302,8,56,64
100350101,270,829,1099
100350102,4,83,87
100350103,332,647,979
100350104,376,312,688
100350105,502,654,1156
100350106,481,431,912
100350107,261,343,604
100350108,375,541,916
100350109,313,411,724
100350110,352,419,771
100350111,248,449,697
100350112,661,624,1285
100350113,450,504,954
100350114,345,492,837
100350115,437,501,938
100350201,50,270,320
100350202,2,90,92
100350203,22,96,118
100350204,306,768,1074
100350205,217,400,617
100350206,177,441,618
100350301,50,206,256
100350302,11,129,140
100350303,41,223,264
100350304,19,167,186
100350305,44,205,249
100350306,212,469,681
100350307,68,209,277
100350401,83,319,402
100350402,10,166,176
100350501,148,282,430
100350502,104,447,551
100350503,138,595,733
100350504,4,43,47
100350505,17,159,176
100350506,8,230,238
100350507,0,75,75
100350508,140,980,1120
100350601,70,145,215
100350602,25,146,171
100350603,64,149,213
100350604,28,181,209
100350605,87,323,410
100350606,154,338,492
100350607,34,582,616
100350608,300,599,899
100420101,12,65,77
100420102,40,186,226
100420103,253,467,720
100420104,284,471,755
100420105,291,618,909
100420106,304,710,1014
100420107,355,476,831
100420201,43,94,137
100420202,107,506,613
100420203,3,45,48
100420204,32,162,194
100420205,58,274,332
100420206,333,567,900
100420207,377,1025,1402
100420301,142,478,620
100420302,266,479,745
100420303,402,715,1117
100420304,15,156,171
100420305,216,666,882
100420306,239,702,941
100420307,57,15,72
100420401,85,268,353
100420402,89,297,386
100420501,13,72,85
100420502,42,245,287
100420601,5,34,39
100420602,66,350,416
100420603,9,132,141
100420604,24,230,254
100490101,108,86,194
100490102,758,1064,1822
100490103,839,377,1216
100490104,380,246,626
100490105,769,423,1192
100490106,509,537,1046
100490107,594,287,881
100490108,646,460,1106
100490109,443,349,792
100490110,844,631,1475
100490111,554,959,1513
100490112,946,508,1454
100490113,959,944,1903
100490114,744,920,1664
100490115,743,291,1034
100490201,563,496,1059
100490202,532,417,949
100490203,799,342,1141
100490204,532,344,876
100490205,584,318,902
100490206,497,113,610
100490207,850,294,1144
100490208,766,356,1122
100490209,561,320,881
100490210,586,127,713
100490211,539,103,642
100490212,624,218,842
100490213,459,190,649
100490214,576,166,742
100490215,464,164,628
100490216,761,361,1122
100490217,532,265,797
100490218,487,251,738
100490219,703,244,947
100490220,367,126,493
100490221,460,122,582
100490301,957,382,1339
100490302,704,373,1077
100490303,699,476,1175
100490304,519,484,1003
100490305,514,579,1093
100490306,472,499,971
100490307,425,573,998
100490308,663,690,1353
100490309,820,806,1626
100490310,374,334,708
100490311,709,423,1132
100490312,449,284,733
100490313,433,197,630
100490314,465,457,922
100490315,507,313,820
100490316,394,171,565
100490317,653,342,995
100490318,363,146,509
100490319,540,294,834
100490320,622,302,924
100490321,301,119,420
100490322,260,40,300
100490323,314,92,406
100490324,482,219,701
100490401,483,270,753
100490402,490,212,702
100490403,571,222,793
100490404,772,777,1549
100490405,657,622,1279
100490406,615,709,1324
100490407,704,893,1597
100490408,464,422,886
100490409,991,336,1327
100490410,618,323,941
100490411,523,475,998
100490412,636,248,884
100490413,498,317,815
100490414,576,318,894
100490415,536,578,1114
100490416,752,515,1267
100490417,530,323,853
100490418,696,295,991
100490419,588,519,1107
100490501,428,173,601
100490502,372,166,538
100490503,338,377,715
100490504,372,304,676
100490505,470,528,998
100490506,392,396,788
100490507,409,318,727
100490508,501,331,832
100490509,413,206,619
100490510,645,589,1234
100490511,343,381,724
100490512,688,879,1567
100490513,664,1065,1729
100490514,291,262,553
100490515,714,992,1706
100490516,364,1164,1528
100490517,264,414,678
100490601,522,303,825
100490602,386,135,521
100490603,388,141,529
100490604,312,134,446
100490605,350,208,558
100490606,457,295,752
100490607,564,521,1085
100490608,297,175,472
100490609,521,397,918
100490610,421,343,764
100490611,544,572,1116
100490612,362,513,875
100490613,661,606,1267
100490614,399,333,732
100490615,641,746,1387
100490616,500,680,1180
100490617,342,453,795
100490618,493,621,1114
100490619,407,392,799
100490701,706,302,1008
100490702,515,202,717
100490703,632,192,824
100490704,459,363,822
100490705,359,275,634
100490706,738,687,1425
100490707,784,797,1581
100490708,561,480,1041
100490709,503,582,1085
100490710,505,619,1124
100490711,587,577,1164
100490712,780,652,1432
100490801,369,330,699
100490802,583,469,1052
100490803,761,623,1384
100490804,500,412,912
100490805,430,662,1092
100490806,455,381,836
100490807,583,477,1060
100490808,736,1006,1742
100490809,437,516,953
100490810,626,733,1359
100490811,436,686,1122
100490812,342,484,826
100490813,1093,611,1704
100490901,119,131,250
100490902,100,296,396
100490903,533,298,831
100490904,759,349,1108
100490905,410,204,614
100490906,1054,669,1723
100490907,425,679,1104
100490908,362,640,1002
100490909,488,835,1323
100490910,188,688,876
100490911,550,295,845
100490912,593,582,1175
100490913,508,527,1035
100490914,607,502,1109
100560101,5,24,29
100560102,123,227,350
100560103,20,84,104
100560104,4,30,34
100560201,12,52,64
100560202,11,45,56
100560203,7,66,73
100560204,5,32,37
100560205,267,423,690
100560301,6,42,48
100560302,37,129,166
100560303,29,92,121
100560304,14,71,85
100560401,20,92,112
100560402,10,42,52
100560403,41,108,149
100560501,13,48,61
100560502,85,245,330
100560503,43,226,269
100560504,24,176,200
100560601,17,92,109
100560602,0,11,11
100560603,5,63,68
100560701,23,107,130
100630101,338,383,721
100630102,91,143,234
100630103,76,157,233
100630201,105,252,357
100630202,339,482,821
100630203,234,336,570
100630204,315,518,833
100630205,546,536,1082
100630206,447,342,789
100630207,360,373,733
100630208,361,306,667
100630209,392,348,740
100630210,322,404,726
100630211,360,369,729
100630212,418,388,806
100630213,463,726,1189
100630214,8,10,18
100630215,0,0,0
100630216,0,0,0
100630217,0,0,0
100630218,0,0,0
100700101,19,81,100
100700102,29,112,141
100700103,582,789,1371
100700104,413,550,963
100700105,468,419,887
100700106,355,473,828
100700107,594,623,1217
100700108,632,541,1173
100700109,248,481,729
100700110,459,796,1255
100700111,472,530,1002
100700112,493,527,1020
100700113,262,433,695
100700201,33,441,474
100700202,54,253,307
100700203,163,793,956
100700204,79,657,736
100700205,80,385,465
100700301,151,716,867
100700302,51,198,249
100700303,49,308,357
100700304,12,82,94
100700305,298,638,936
100700306,275,546,821
100700307,267,742,1009
100700308,143,577,720
100700309,37,131,168
100700401,40,143,183
100700402,44,121,165
100700403,53,220,273
100700404,199,881,1080
100770101,1,32,33
100770102,139,164,303
100770103,39,141,180
100770104,270,414,684
100770105,281,418,699
100770201,29,142,171
100770202,49,219,268
100770203,12,76,88
100770301,51,164,215
100770401,29,196,225
100770402,19,92,111
100770501,6,59,65
100770502,56,203,259
100770601,65,229,294
100770602,33,105,138
100770603,76,129,205
100840101,108,521,629
100840102,4,30,34
100840103,356,384,740
100840104,251,379,630
100840105,200,421,621
100840106,239,438,677
100840107,6,8,14
100840201,20,57,77
100840202,126,338,464
100840203,206,355,561
100840204,166,298,464
100840301,4,35,39
100840302,7,119,126
100840303,146,348,494
100840304,286,787,1073
100840305,210,297,507
100840306,366,372,738
100840307,496,461,957
100840401,152,642,794
100840402,8,44,52
100840403,96,313,409
100910101,3,7,10
100910102,139,174,313
100910103,324,517,841
100910104,374,482,856
100910105,451,346,797
100910106,353,240,593
100910107,464,475,939
100910108,613,916,1529
100910109,531,502,1033
100910110,467,423,890
100910111,576,533,1109
100910112,269,496,765
100910113,331,456,787
100910114,238,668,906
100910115,274,260,534
100910201,117,341,458
100910202,46,171,217
100910301,0,3,3
100910302,177,630,807
100910303,258,585,843
100910401,3,27,30
100910402,0,0,0
100910403,397,1063,1460
100910404,81,307,388
100910405,7,20,27
100910501,122,446,568
100910502,205,477,682
100910503,234,342,576
100910504,237,360,597
100910505,286,595,881
100910506,24,92,116
100910507,61,323,384
100910508,31,211,242
100910509,23,192,215
100910510,15,45,60
100910511,0,2,2
100910601,5,172,177
100910602,6,70,76
100910603,6,115,121
100910604,20,63,83
100910701,0,50,50
100910702,6,196,202
100910703,2,66,68
100980101,85,247,332
100980102,166,584,750
100980103,2,14,16
100980104,16,214,230
100980201,18,101,119
100980202,13,76,89
100980203,132,561,693
100980204,11,158,169
100980205,191,330,521
100980206,146,369,515
100980207,28,242,270
100980208,35,118,153
100980301,42,156,198
100980302,19,77,96
100980303,74,381,455
100980401,78,160,238
100980402,283,508,791
100980403,187,601,788
100980404,658,802,1460
100980405,311,865,1176
100980406,0,54,54
100980407,115,565,680
100980408,218,429,647
100980409,250,328,578
100980410,10,37,47
101050101,11,90,101
101050102,192,519,711
101050103,187,346,533
101050104,288,645,933
101050105,424,515,939
101050106,111,553,664
101050107,377,416,793
101050108,238,358,596
101050109,389,399,788
101050110,247,205,452
101050111,409,340,749
101050112,445,536,981
101050113,163,402,565
101050114,454,517,971
101050115,418,639,1057
101050201,76,180,256
101050202,143,522,665
101050301,4,10,14
101050302,194,647,841
101050303,304,567,871
101050304,343,607,950
101050305,198,360,558
101050306,300,366,666
101050307,162,340,502
101050401,125,283,408
101050402,27,199,226
101050501,30,193,223
101050502,2,46,48
101050601,0,7,7
101050602,124,545,669
101050701,54,322,376
101050702,135,814,949
101050703,17,152,169
101050704,16,64,80
101050705,30,79,109
101050706,18,103,121
101050707,36,291,327
101050708,113,308,421
101050709,86,406,492
101050801,13,108,121
101050802,1,23,24
101120101,151,241,392
101120201,19,113,132
101120202,27,142,169
101120301,18,85,103
101120302,39,323,362
101120303,41,125,166
101120401,33,62,95
101120402,358,321,679
101120403,766,774,1540
101120404,618,549,1167
101120405,709,602,1311
101120406,688,687,1375
101120407,608,275,883
101120408,696,661,1357
101120409,646,569,1215
101120410,456,341,797
101120411,385,262,647
101120501,12,42,54
101120502,389,361,750
101120503,550,456,1006
101120504,448,478,926
101120505,348,562,910
101120506,592,558,1150
101120507,447,518,965
101120508,415,351,766
101120509,648,490,1138
101120510,469,624,1093
101120511,548,425,973
101120512,458,353,811
101120513,463,692,1155
101120514,362,404,766
101120515,376,418,794
140070101,21,25,46
140070102,101,245,346
140070103,77,115,192
140070104,25,45,70
140070105,122,117,239
140070106,19,56,75
140070107,12,11,23
140070108,143,187,330
140070110,202,205,407
140070111,270,295,565
140070112,245,203,448
140070113,232,221,453
140070201,153,122,275
140070202,52,43,95
140070203,56,68,124
140070204,173,277,450
140070205,323,123,446
140070206,570,356,926
140070207,435,301,736
140070208,496,372,868
140070209,389,201,590
140070210,213,138,351
140070211,437,416,853
140070212,309,134,443
140070213,293,129,422
140070214,382,150,532
140070215,331,160,491
140070216,151,67,218
140070301,14,36,50
140070302,13,37,50
140070303,7,12,19
140070304,28,30,58
140070305,65,209,274
140070306,43,46,89
140070307,36,52,88
140070308,95,149,244
140070309,468,380,848
140070310,316,271,587
140070311,410,400,810
140070312,367,458,825
140070401,20,30,50
140070402,16,10,26
140070403,29,43,72
140070404,1,6,7
140070405,60,88,148
140070406,89,89,178
140070407,89,142,231
140070408,17,25,42
140070409,2,22,24
140070410,14,13,27
140070411,22,30,52
140070412,15,80,95
140070413,35,27,62
140070414,374,595,969
140070415,65,107,172
140070416,163,239,402
140070501,275,332,607
140070502,160,158,318
140070503,259,194,453
140070504,293,146,439
140070505,320,136,456
140070506,416,300,716
140070507,214,399,613
140070508,253,236,489
140070509,405,235,640
140070510,523,380,903
140070511,480,303,783
140070512,458,310,768
140070513,469,251,720
140070514,260,285,545
140070515,307,311,618
140070516,141,230,371
140070517,373,600,973
140070518,265,614,879
140070601,11,21,32
140070602,101,138,239
140070603,23,103,126
140070604,19,36,55
140070605,110,56,166
140070606,74,88,162
140070607,397,322,719
140070608,328,326,654
140070609,196,256,452
140070610,231,187,418
140070611,357,257,614
140070612,274,190,464
140070613,231,128,359
140070614,376,375,751
140070615,175,211,386
140070616,167,117,284
140070701,11,51,62
140070702,4,61,65
140070703,6,26,32
140070704,9,8,17
140070705,15,67,82
140070706,378,454,832
140070707,14,34,48
140070708,12,33,45
140070709,4,20,24
140070710,7,25,32
140070711,7,30,37
140070712,16,29,45
140070713,14,76,90
140070714,6,10,16
140070715,72,144,216
140070716,21,13,34
140070717,12,10,22
140070718,27,32,59
140070719,228,241,469
140070720,19,33,52
140070801,6,24,30
140070802,59,116,175
140070803,445,335,780
140070804,102,85,187
140070805,524,513,1037
140070806,314,225,539
140070807,402,424,826
140070808,454,276,730
140070809,532,256,788
140070810,37,60,97
140070811,16,21,37
140070812,6,28,34
140070813,17,25,42
140070814,527,491,1018
140070815,422,506,928
140070816,444,279,723
140070817,606,357,963
140070818,407,375,782
140070819,43,66,109
140070820,270,327,597
140070901,8,19,27
140070902,5,60,65
140070903,12,34,46
140070904,274,365,639
140070905,11,25,36
140070906,13,53,66
140070907,7,31,38
140070908,130,156,286
140140101,168,383,551
140140102,504,666,1170
140140103,730,483,1213
140140104,390,371,761
140140105,630,255,885
140140106,656,469,1125
140140107,426,299,725
140140108,425,308,733
140140109,768,631,1399
140140110,673,146,819
140140111,488,115,603
140140112,710,169,879
140140113,710,434,1144
140140201,359,533,892
140140202,1073,144,1217
140140203,902,121,1023
140140204,746,176,922
140140205,592,108,700
140140206,437,95,532
140140207,774,272,1046
140140208,580,236,816
140140209,569,187,756
140140210,614,176,790
140140211,500,137,637
140140212,506,199,705
140140213,793,283,1076
140140214,760,361,1121
140140215,730,441,1171
140140301,197,257,454
140140302,754,1242,1996
140140303,679,772,1451
140140304,552,795,1347
140140305,413,652,1065
140140306,326,501,827
140140307,300,396,696
140140308,387,790,1177
140140309,710,607,1317
140140310,576,277,853
140140311,499,275,774
140140312,746,408,1154
140140313,784,569,1353
140140401,670,830,1500
140140402,423,703,1126
140140403,196,150,346
140140404,442,522,964
140140405,811,1002,1813
140140406,667,947,1614
140140407,674,259,933
140140408,956,535,1491
140140409,634,391,1025
140140410,673,731,1404
140140411,670,814,1484
140140501,379,464,843
140140502,594,808,1402
140140503,385,620,1005
140140504,699,847,1546
140140505,800,836,1636
140140506,346,443,789
140140507,407,731,1138
140140508,597,760,1357
140140509,449,444,893
140140510,696,663,1359
140140511,574,543,1117
140140512,463,686,1149
140140513,488,842,1330
140140514,526,895,1421
140140515,961,419,1380
140140601,353,414,767
140140602,78,87,165
140140603,78,148,226
140140604,236,561,797
140140605,417,463,880
140140606,470,391,861
140140607,901,697,1598
140140608,251,335,586
140140609,617,546,1163
140140610,471,556,1027
140140701,679,559,1238
140140702,535,266,801
140140703,401,223,624
140140704,520,495,1015
140140705,482,651,1133
140140706,3,26,29
140140707,352,473,825
140140708,539,681,1220
140140709,435,966,1401
140140710,70,127,197
140140711,250,528,778
140140712,137,330,467
140140713,417,661,1078
140140714,318,969,1287
140140715,410,639,1049
140140801,6,8,14
140140802,701,116,817
140140803,256,120,376
140140804,328,765,1093
140140805,1119,434,1553
140140806,619,233,852
140140807,657,290,947
140140808,451,358,809
140140809,676,1068,1744
140140810,567,848,1415
140140811,585,776,1361
140140812,613,261,874
140140901,9,31,40
140140902,516,736,1252
140140903,385,701,1086
140140904,465,456,921
140140905,891,588,1479
140140906,575,347,922
140140907,336,176,512
140140908,1027,525,1552
140140909,764,566,1330
140140910,717,535,1252
140140911,920,548,1468
140140912,1003,910,1913
140140913,731,468,1199
140140914,533,444,977
140140915,17,35,52
140141001,450,59,509
140141002,1103,426,1529
140141003,461,172,633
140141004,562,203,765
140141005,510,136,646
140141006,638,408,1046
140141007,269,196,465
140141008,798,732,1530
140141009,785,212,997
140141010,818,234,1052
140141011,793,655,1448
140141012,553,154,707
140141013,541,468,1009
140141014,422,174,596
140141015,721,118,839
140141016,864,136,1000
140141017,632,59,691
140141018,513,77,590
140141101,174,231,405
140141102,454,441,895
140141103,473,482,955
140141104,356,338,694
140141105,487,387,874
140141106,455,370,825
140141107,396,471,867
140141108,404,643,1047
140141109,521,990,1511
140141110,605,421,1026
140141111,479,510,989
140141201,434,509,943
140141202,581,543,1124
140141203,511,808,1319
140141204,792,657,1449
140141205,942,627,1569
140141206,328,579,907
140141207,564,390,954
140141208,618,424,1042
140141209,619,438,1057
140141301,197,229,426
140141302,704,583,1287
140141303,468,516,984
140141304,614,647,1261
140141305,339,485,824
140141306,244,498,742
140141307,682,649,1331
140141308,499,717,1216
140141309,586,1213,1799
140141310,212,386,598
140141401,513,905,1418
140141402,786,1318,2104
140141403,514,775,1289
140141404,330,403,733
140141405,385,454,839
140141406,596,682,1278
140141407,606,666,1272
140141408,79,111,190
140141501,671,67,738
140141502,676,94,770
140141503,535,111,646
140141504,628,355,983
140141505,553,445,998
140141506,789,695,1484
140141507,433,205,638
140141508,534,378,912
140141509,916,341,1257
140141510,822,392,1214
140141511,921,467,1388
140141512,401,203,604
140141513,1544,466,2010
140141514,839,356,1195
140141515,811,160,971
140141516,242,356,598
140141517,498,612,1110
140141518,734,128,862
140141519,724,205,929
140141520,809,633,1442
140141601,638,707,1345
140141602,679,1029,1708
140141603,699,1132,1831
140141604,286,445,731
140141605,395,577,972
140141606,496,760,1256
140141607,457,754,1211
140141608,344,342,686
140141609,333,589,922
140141610,543,422,965
140141611,428,876,1304
140141612,326,642,968
140141613,332,638,970
140141614,355,594,949
140141615,332,473,805
140141616,582,1069,1651
140141617,419,681,1100
140141618,452,1225,1677
140141701,832,504,1336
140141702,681,423,1104
140141703,452,664,1116
140141704,673,648,1321
140141705,880,214,1094
140141706,1108,444,1552
140141707,466,448,914
140141708,599,570,1169
140141709,509,323,832
140141710,741,422,1163
140141711,719,451,1170
140141712,503,452,955
140141713,800,846,1646
140141714,553,355,908
140141715,587,735,1322
140141716,834,994,1828
140141717,821,811,1632
140141718,682,576,1258
140141719,707,305,1012
140141720,486,143,629
140141721,727,512,1239
140141801,760,733,1493
140141802,486,535,1021
140141803,560,439,999
140141804,370,590,960
140141805,957,657,1614
140141806,424,463,887
140141807,452,394,846
140141808,865,741,1606
140141809,814,398,1212
140141810,462,222,684
140141811,685,517,1202
140141812,612,494,1106
140141813,663,377,1040
140141814,764,566,1330
140141815,481,513,994
140141816,757,984,1741
140141817,430,709,1139
140141818,452,854,1306
140141901,772,460,1232
140141902,396,362,758
140141903,465,552,1017
140141904,521,585,1106
140141905,370,676,1046
140141906,486,987,1473
140141907,465,1165,1630
140141908,550,1129,1679
140141909,500,773,1273
140141910,323,466,789
140141911,769,310,1079
140141912,302,640,942
140141913,556,819,1375
140141914,476,979,1455
140141915,1103,415,1518
140141916,871,388,1259
140141917,543,244,787
140141918,519,271,790
140141919,251,608,859
140142001,607,318,925
140142002,593,123,716
140142003,720,127,847
140142004,861,188,1049
140142005,843,411,1254
140142006,557,273,830
140142007,549,248,797
140142008,599,163,762
140142009,469,206,675
140142010,624,240,864
140142011,621,109,730
140142012,720,230,950
140142013,737,210,947
140142014,828,228,1056
140142015,520,71,591
140142016,1027,250,1277
140142101,760,167,927
140142102,936,129,1065
140142103,829,104,933
140142104,1458,81,1539
140142105,696,62,758
140142201,588,52,640
140142202,1088,86,1174
140142203,595,65,660
140142204,700,58,758
140142205,466,60,526
140142206,1050,310,1360
140142207,653,62,715
140142208,754,436,1190
140142209,455,308,763
140142210,655,355,1010
140142211,719,289,1008
140142212,915,101,1016
140142213,3,3,6
140142214,623,170,793
140142215,805,174,979
140142216,672,186,858
140142217,625,487,1112
140142218,714,692,1406
140142301,683,94,777
140142302,748,182,930
140142303,586,92,678
140142304,406,85,491
140142305,382,103,485
140142306,559,171,730
140142307,677,114,791
140142308,1080,147,1227
140142309,510,81,591
140142310,652,126,778
140142311,607,104,711
140142312,724,106,830
140142313,1440,172,1612
140142314,647,191,838
140142315,661,164,825
140142316,507,102,609
140142401,912,155,1067
140142402,720,223,943
140142403,623,200,823
140142404,969,271,1240
140142405,628,171,799
140142406,678,161,839
140142407,540,166,706
140142408,614,111,725
140142409,728,166,894
140142410,313,116,429
140142411,502,120,622
140142412,369,126,495
140142413,458,108,566
140142414,465,104,569
140142501,374,86,460
140142502,487,114,601
140142503,203,46,249
140142504,742,298,1040
140142505,449,337,786
140142506,575,416,991
140142507,652,353,1005
140142508,331,194,525
140142509,407,304,711
140142510,459,168,627
140142511,519,221,740
140142512,506,147,653
140142513,529,142,671
140142514,454,149,603
140142515,779,203,982
140142516,810,200,1010
140142517,475,239,714
140142518,729,171,900
140142601,461,330,791
140142602,281,359,640
140142603,489,358,847
140142604,321,182,503
140142605,254,206,460
140142606,448,285,733
140142607,463,234,697
140142608,763,292,1055
140142609,470,278,748
140142610,354,221,575
140142611,837,325,1162
140142612,552,215,767
140142613,422,215,637
140142614,466,296,762
140142615,562,283,845
140142616,529,207,736
140142701,490,356,846
140142702,593,440,1033
140142703,689,533,1222
140142704,546,365,911
140142705,393,221,614
140142706,491,296,787
140142707,501,368,869
140142708,594,365,959
140142709,362,314,676
140142710,502,393,895
140142711,523,305,828
140142712,385,242,627
140142801,906,316,1222
140142802,732,232,964
140142803,858,300,1158
140142804,911,370,1281
140142805,754,391,1145
140142806,566,241,807
140142807,446,260,706
140142808,893,336,1229
140142809,582,380,962
140142810,700,514,1214
140142811,607,417,1024
140142812,643,254,897
140142813,727,767,1494
140142814,586,1024,1610
140142815,699,201,900
140142816,742,987,1729
140142901,827,292,1119
140142902,767,220,987
140142903,638,508,1146
140142904,499,707,1206
140142905,496,734,1230
140142906,622,418,1040
140142907,425,263,688
140142908,483,364,847
140142909,550,598,1148
140142910,523,523,1046
140142911,349,437,786
140142912,541,491,1032
140142913,409,361,770
140142914,583,333,916
140142915,781,482,1263
140142916,546,330,876
140142917,623,452,1075
140142918,359,494,853
140142919,413,419,832
140143001,503,298,801
140143002,815,543,1358
140143003,544,417,961
140143004,726,655,1381
140143005,381,499,880
140143006,589,577,1166
140143007,316,339,655
140143008,520,682,1202
140143009,811,552,1363
140143010,602,477,1079
140143011,682,293,975
140143012,697,469,1166
140143013,564,472,1036
140143014,557,563,1120
140143015,519,472,991
140143101,563,559,1122
140143102,787,1025,1812
140143103,612,970,1582
140143104,596,535,1131
140143105,608,705,1313
140143106,480,520,1000
140143107,842,598,1440
140143108,651,451,1102
140143109,711,940,1651
140143110,368,543,911
140143111,450,502,952
140143112,633,720,1353
140143113,459,451,910
140143114,447,445,892
140143115,358,458,816
140143116,555,659,1214
140143201,389,387,776
140143202,735,652,1387
140143203,418,328,746
140143204,421,345,766
140143205,606,533,1139
140143206,548,524,1072
140143207,627,551,1178
140143208,460,646,1106
140143209,436,365,801
140143210,721,566,1287
140143211,527,466,993
140143212,440,415,855
140143213,617,358,975
140143301,466,445,911
140143302,412,347,759
140143303,516,445,961
140143304,446,329,775
140143305,401,284,685
140143306,393,289,682
140143307,763,348,1111
140143308,890,405,1295
140143309,473,319,792
140143310,470,328,798
140143311,500,355,855
140143312,492,370,862
140143313,505,415,920
140143314,421,252,673
140143315,478,337,815
140143316,407,250,657
140143317,619,426,1045
140143318,824,388,1212
140143319,565,427,992
140143320,382,326,708
140143401,400,379,779
140143402,541,436,977
140143403,480,278,758
140143404,243,145,388
140143405,340,216,556
140143406,292,260,552
140143407,395,281,676
140143408,405,294,699
140143409,453,294,747
140143410,395,252,647
140143411,375,218,593
140143412,447,270,717
140143413,450,255,705
140143414,438,261,699
140143415,407,257,664
140143416,478,271,749
140143417,351,220,571
140143418,691,444,1135
140143419,369,243,612
140143501,485,378,863
140143502,816,613,1429
140143503,368,293,661
140143504,812,461,1273
140143505,531,137,668
140143506,871,2090,2961
140143507,661,546,1207
140143508,655,315,970
140143509,370,411,781
140143510,369,321,690
140143511,569,503,1072
140143512,509,477,986
140143513,481,414,895
140143514,736,466,1202
140143601,526,206,732
140143602,541,172,713
140143603,637,477,1114
140143604,567,384,951
140143605,600,362,962
140143606,476,284,760
140143607,495,233,728
140143608,531,263,794
140143609,399,231,630
140143610,366,227,593
140143611,496,283,779
140143612,474,239,713
140143613,481,203,684
140143614,450,188,638
140143701,719,601,1320
140143702,350,260,610
140143703,387,394,781
140143704,489,357,846
140143705,441,399,840
140143706,379,665,1044
140143707,552,451,1003
140143708,575,419,994
140143709,354,306,660
140143710,419,351,770
140143711,687,611,1298
140143712,478,297,775
140143713,420,252,672
140143714,359,248,607
140143715,381,210,591
140143716,362,180,542
140143717,371,194,565
140143718,268,166,434
140143719,374,198,572
140143720,356,186,542
140143721,289,196,485
140143801,705,427,1132
140143802,681,295,976
140143803,667,272,939
140143804,554,306,860
140143805,430,257,687
140143806,487,195,682
140143807,479,210,689
140143808,774,358,1132
140143809,457,250,707
140143810,616,188,804
140143811,519,149,668
140143812,510,201,711
140143813,559,237,796
140143814,546,169,715
140143815,495,155,650
140143816,426,180,606
140143901,357,163,520
140143902,606,423,1029
140143903,567,179,746
140143904,446,129,575
140143905,377,131,508
140143906,453,152,605
140143907,456,223,679
140143908,432,175,607
140143909,519,190,709
140143910,421,105,526
140143911,400,117,517
140143912,607,175,782
140143913,334,179,513
140144001,515,105,620
140144002,341,269,610
140144003,446,237,683
140144004,392,202,594
140144005,294,154,448
140144006,292,88,380
140144007,422,299,721
140144008,529,390,919
140144009,377,186,563
140144010,563,269,832
140144011,425,229,654
140144012,435,221,656
140144101,528,131,659
140144102,373,125,498
140144103,617,223,840
140144104,381,136,517
140144105,367,162,529
140144106,487,183,670
140144107,440,157,597
140144108,312,134,446
140144109,402,187,589
140144110,561,177,738
140144111,478,125,603
140144112,671,181,852
140144113,593,201,794
140144114,705,147,852
140144115,509,176,685
140144116,413,166,579
140144117,620,153,773
140144118,477,79,556
140144119,575,79,654
140144201,504,101,605
140144202,337,75,412
140144203,302,75,377
140144204,428,94,522
140144205,429,111,540
140144206,554,114,668
140144207,693,142,835
140144208,1022,125,1147
140144209,429,85,514
140144210,487,106,593
140144211,618,108,726
140144212,653,141,794
140144213,568,114,682
140144214,779,143,922
140144215,524,76,600
140144216,920,103,1023
140144217,604,105,709
140144218,508,511,1019
140144219,926,92,1018
140144220,941,91,1032
140144301,758,279,1037
140144302,791,721,1512
140144303,571,630,1201
140144304,517,827,1344
140144305,214,422,636
140144306,721,845,1566
140144307,503,620,1123
140144308,611,780,1391
140144309,845,471,1316
140144310,595,160,755
140144311,722,151,873
140144401,941,151,1092
140144402,581,301,882
140144403,636,362,998
140144404,367,227,594
140144405,479,203,682
140144406,1141,398,1539
140144407,857,228,1085
140144408,465,131,596
140144409,502,530,1032
140144410,492,294,786
140144411,973,430,1403
140144501,600,723,1323
140144502,888,879,1767
140144503,423,429,852
140144504,628,397,1025
140144505,797,157,954
140144506,575,135,710
140144507,622,422,1044
140144508,668,156,824
140144509,903,187,1090
140144510,761,446,1207
140144511,604,317,921
140144512,538,324,862
140144513,349,215,564
140144601,465,474,939
140144602,681,516,1197
140144603,497,447,944
140144604,346,357,703
140144605,419,381,800
140144606,533,346,879
140144607,491,308,799
140144608,377,308,685
140144609,560,487,1047
140144610,594,487,1081
140144611,771,464,1235
140144612,592,321,913
140144613,248,194,442
140144614,608,503,1111
140144615,535,405,940
140144616,489,493,982
140144701,278,145,423
140144702,361,184,545
140144703,526,287,813
140144704,275,121,396
140144705,321,136,457
140144706,437,151,588
140144707,521,291,812
140144708,554,293,847
140144709,351,169,520
140144710,327,122,449
140144711,460,242,702
140144712,741,279,1020
140144801,271,67,338
140144802,432,108,540
140144803,405,142,547
140144804,367,123,490
140144805,433,127,560
140144806,345,196,541
140144807,518,199,717
140144808,424,99,523
140144809,324,86,410
140144810,643,182,825
140144811,417,127,544
140144812,431,102,533
140144813,434,165,599
140144814,450,170,620
140144815,638,253,891
140144816,517,117,634
140144901,279,130,409
140144902,277,160,437
140144903,267,159,426
140144904,320,227,547
140144905,369,192,561
140144906,224,187,411
140144907,611,266,877
140144908,533,317,850
140144909,512,132,644
140144910,241,53,294
140144911,203,73,276
140144912,346,60,406
140144913,572,131,703
140144914,409,91,500
140144915,419,135,554
140144916,567,117,684
140144917,215,39,254
140144918,249,41,290
140144919,349,53,402
140144920,337,63,400
140144921,448,129,577
140145001,519,196,715
140145002,559,265,824
140145003,404,183,587
140145004,466,220,686
140145005,415,167,582
140145006,381,166,547
140145007,490,195,685
140145008,494,169,663
140145009,690,157,847
140145010,476,226,702
140145011,427,225,652
140145012,407,167,574
140145013,377,143,520
140145014,450,168,618
140145015,517,220,737
140145101,508,239,747
140145102,451,243,694
140145103,336,215,551
140145104,527,315,842
140145105,451,272,723
140145106,571,428,999
140145107,568,454,1022
140145108,467,366,833
140145109,570,401,971
140145110,496,258,754
140145111,431,339,770
140145112,661,412,1073
140145113,492,457,949
140145114,431,436,867
140145115,364,384,748
140145116,244,307,551
140145117,687,612,1299
140145118,522,343,865
140145119,617,592,1209
140145120,672,1231,1903
140145121,284,632,916
140145201,408,145,553
140145202,642,325,967
140145203,405,300,705
140145204,470,987,1457
140145205,270,163,433
140145206,351,155,506
140145207,474,159,633
140145208,424,186,610
140145209,332,194,526
140145210,333,201,534
140145211,333,210,543
140145212,500,594,1094
140145213,441,330,771
140145214,498,196,694
140145215,409,259,668
140145216,494,371,865
140145217,313,528,841
140145218,501,758,1259
140145219,457,618,1075
140145301,423,139,562
140145302,429,124,553
140145303,302,77,379
140145304,367,97,464
140145305,363,86,449
140145306,481,119,600
140145307,404,170,574
140145308,575,289,864
140145309,441,175,616
140145310,525,150,675
140145311,505,138,643
140145312,437,148,585
140145313,375,106,481
140145314,328,114,442
140145315,575,114,689
140145316,365,97,462
140145317,396,108,504
140145318,436,120,556
140145319,467,149,616
140145320,295,86,381
140145401,262,128,390
140145402,334,97,431
140145403,359,101,460
140145404,358,56,414
140145405,231,56,287
140145406,474,95,569
140145407,237,34,271
140145408,307,57,364
140145409,399,85,484
140145410,285,96,381
140145411,197,39,236
140145412,362,71,433
140145413,611,100,711
140145414,375,48,423
140145415,355,48,403
140145416,310,21,331
140145501,342,172,514
140145502,320,128,448
140145503,190,56,246
140145504,170,48,218
140145505,243,53,296
140145506,150,38,188
140145507,225,46,271
140145508,81,23,104
140145509,213,37,250
140145510,245,33,278
140145511,333,82,415
140145512,253,45,298
140145513,184,68,252
140145514,265,55,320
140145515,105,21,126
140145516,295,45,340
140145517,523,56,579
140145518,244,51,295
140145519,461,57,518
140145601,336,68,404
140145602,364,75,439
140145603,291,110,401
140145604,257,67,324
140145605,266,98,364
140145606,231,69,300
140145607,195,37,232
140145608,181,49,230
140145609,240,49,289
140145610,129,33,162
140145611,400,129,529
140145612,143,43,186
140145613,220,53,273
140145614,165,41,206
140145615,197,48,245
140145616,222,63,285
140145617,271,67,338
140145618,322,78,400
140145619,246,63,309
140145701,541,149,690
140145702,349,86,435
140145703,347,117,464
140145704,568,117,685
140145705,213,70,283
140145706,144,52,196
140145707,237,60,297
140145708,97,39,136
140145709,192,75,267
140145710,213,56,269
140145711,280,42,322
140145712,187,40,227
140145713,338,78,416
140145714,365,61,426
140145715,451,71,522
140145716,139,32,171
140145801,201,55,256
140145802,461,101,562
140145803,255,75,330
140145804,336,81,417
140145805,441,126,567
140145806,449,133,582
140145807,300,72,372
140145808,355,103,458
140145809,401,70,471
140145810,183,61,244
140145811,459,82,541
140145812,393,68,461
140145813,167,24,191
140145901,481,279,760
140145902,245,56,301
140145903,442,114,556
140145904,439,114,553
140145905,369,129,498
140145906,334,95,429
140145907,340,100,440
140145908,203,52,255
140145909,357,78,435
140145910,318,84,402
140145911,303,83,386
140145912,689,149,838
140146001,454,324,778
140146002,438,204,642
140146003,355,206,561
140146004,518,258,776
140146005,634,245,879
140146006,440,237,677
140146007,376,176,552
140146008,321,102,423
140146009,412,165,577
140146010,408,124,532
140146011,705,226,931
140146012,295,88,383
140146013,388,139,527
140146014,675,244,919
140146015,625,222,847
140146016,472,270,742
140146017,655,309,964
140146018,597,187,784
140146101,412,690,1102
140146102,371,629,1000
140146103,289,647,936
140146104,311,533,844
140146105,393,792,1185
140146106,524,305,829
140146107,477,564,1041
140146108,549,520,1069
140146109,494,328,822
140146110,534,302,836
140146111,553,481,1034
140146112,831,902,1733
140146113,659,833,1492
140146114,238,683,921
140146115,347,938,1285
140146201,642,236,878
140146202,500,280,780
140146203,537,281,818
140146204,435,220,655
140146205,465,186,651
140146206,619,207,826
140146207,484,355,839
140146208,524,337,861
140146209,634,340,974
140146210,667,332,999
140146211,824,771,1595
140146212,658,501,1159
140146213,583,306,889
140146301,431,180,611
140146302,421,209,630
140146303,404,178,582
140146304,509,200,709
140146305,744,296,1040
140146306,626,294,920
140146307,529,253,782
140146308,541,309,850
140146309,592,275,867
140146310,499,155,654
140146311,511,102,613
140146312,363,168,531
140146313,459,225,684
140146401,422,156,578
140146402,699,255,954
140146403,464,148,612
140146404,559,133,692
140146405,442,140,582
140146406,372,118,490
140146407,669,274,943
140146408,654,189,843
140146409,683,249,932
140146410,676,390,1066
140146411,505,371,876
140146501,395,94,489
140146502,568,145,713
140146503,342,54,396
140146504,257,56,313
140146505,425,106,531
140146506,547,144,691
140146507,334,168,502
140146508,267,63,330
140146509,404,137,541
140146510,377,140,517
140146511,524,382,906
140146512,574,258,832
140146513,377,245,622
140146514,804,470,1274
140146515,306,181,487
140146516,578,322,900
140146601,564,84,648
140146602,665,97,762
140146603,218,34,252
140146604,353,59,412
140146605,287,49,336
140146606,350,41,391
140146607,380,51,431
140146608,127,13,140
140146609,335,74,409
140146610,213,36,249
140146611,203,21,224
140146612,359,62,421
140146613,267,41,308
140146614,594,82,676
140146701,317,66,383
140146702,158,25,183
140146703,522,129,651
140146704,246,45,291
140146705,334,51,385
140146706,485,83,568
140146707,268,49,317
140146708,397,49,446
140146709,395,64,459
140146710,365,31,396
140146711,739,84,823
140146801,261,34,295
140146802,208,57,265
140146803,451,46,497
140146804,664,110,774
140146805,185,20,205
140146806,439,80,519
140146807,256,43,299
140146808,127,23,150
140146809,429,48,477
140146810,304,56,360
140146811,190,59,249
140146812,301,116,417
140146813,229,53,282
140146814,509,130,639
140146901,366,21,387
140146902,199,9,208
140146903,298,87,385
140146904,360,31,391
140146905,458,85,543
140146906,370,232,602
140146907,391,158,549
140146908,406,301,707
140146909,359,27,386
140146910,341,199,540
140146911,692,241,933
140146912,288,55,343
140146913,133,6,139
140146914,536,30,566
140147001,442,43,485
140147002,443,55,498
140147003,586,50,636
140147004,294,53,347
140147005,519,51,570
140147006,552,43,595
140147007,391,27,418
140147008,445,29,474
140147009,380,23,403
140147010,499,35,534
140147011,332,46,378
140147101,275,73,348
140147102,607,41,648
140147103,480,52,532
140147104,580,35,615
140147105,439,22,461
140147106,565,46,611
140147107,678,62,740
140147108,411,35,446
140147109,695,35,730
140147110,634,48,682
140147111,422,61,483
140147201,979,85,1064
140147202,1224,70,1294
140147203,999,78,1077
140147204,969,45,1014
140147205,417,27,444
140147206,909,56,965
140147207,1033,67,1100
140147301,387,306,693
140147302,395,254,649
140147303,370,253,623
140147304,434,233,667
140147305,432,218,650
140147306,432,312,744
140147307,205,342,547
140147308,360,275,635
140147309,554,328,882
140147310,357,188,545
140147311,376,192,568
140147312,346,211,557
140147313,387,242,629
140147401,440,696,1136
140147402,378,554,932
140147403,309,482,791
140147404,337,386,723
140147405,385,426,811
140147406,598,630,1228
140147407,503,477,980
140147408,522,491,1013
140147409,428,348,776
140147410,510,259,769
140147411,533,651,1184
140147412,622,425,1047
140147413,469,206,675
140147414,593,245,838
140147415,540,418,958
140147416,440,233,673
140147417,551,188,739
140147418,488,238,726
140147501,306,1045,1351
140147502,310,634,944
140147503,394,592,986
140147504,334,608,942
140147505,374,648,1022
140147506,493,735,1228
140147507,548,814,1362
140147508,429,541,970
140147509,546,726,1272
140147510,656,562,1218
140147511,523,617,1140
140147512,441,623,1064
140147513,642,963,1605
140147514,766,918,1684
140147515,588,854,1442
140147516,532,434,966
140147517,595,469,1064
140147518,387,918,1305
140147519,663,1172,1835
140147601,795,571,1366
140147602,522,464,986
140147603,511,352,863
140147604,496,461,957
140147605,508,470,978
140147606,1168,1146,2314
140147607,446,530,976
140147608,460,374,834
140147609,618,447,1065
140147610,538,355,893
140147611,541,380,921
140147612,683,509,1192
140147613,303,480,783
140147614,483,518,1001
140147615,453,363,816
140147616,654,803,1457
140147617,684,696,1380
140147701,594,447,1041
140147702,449,328,777
140147703,431,273,704
140147704,529,283,812
140147705,622,324,946
140147706,511,338,849
140147707,660,387,1047
140147708,557,280,837
140147709,515,247,762
140147710,608,256,864
140147711,364,292,656
140147712,563,340,903
140147713,681,697,1378
140147714,466,429,895
140147715,584,484,1068
140147716,396,345,741
140147717,502,599,1101
140147718,460,202,662
140147719,490,705,1195
140147720,647,508,1155
140147721,375,330,705
140147722,463,559,1022
140147801,607,425,1032
140147802,327,249,576
140147803,475,266,741
140147804,439,374,813
140147805,435,328,763
140147806,265,169,434
140147807,529,348,877
140147808,479,322,801
140147809,592,440,1032
140147810,611,247,858
140147811,818,239,1057
140147812,695,173,868
140147813,448,165,613
140147814,729,154,883
140147815,334,139,473
140147816,404,176,580
140147901,687,213,900
140147902,554,232,786
140147903,443,184,627
140147904,455,143,598
140147905,448,169,617
140147906,573,284,857
140147907,672,295,967
140147908,438,213,651
140147909,605,403,1008
140147910,468,284,752
140147911,491,464,955
140147912,307,288,595
140147913,404,525,929
140147914,383,287,670
140147915,613,523,1136
140147916,619,235,854
140147917,508,283,791
140147918,512,242,754
140147919,538,244,782
140147920,464,245,709
140148001,382,40,422
140148002,350,34,384
140148003,314,16,330
140148004,292,19,311
140148005,428,57,485
140148006,605,65,670
140148007,244,37,281
140148008,261,38,299
140148009,341,38,379
140148010,385,14,399
140148011,545,89,634
140148012,442,97,539
140148013,263,109,372
140148014,224,296,520
140148101,414,21,435
140148102,502,44,546
140148103,876,83,959
140148104,872,54,926
140148105,842,56,898
140148106,1075,82,1157
140148107,405,33,438
140148108,425,46,471
140148109,381,72,453
140148110,336,116,452
140148201,497,44,541
140148202,630,36,666
140148203,525,32,557
140148204,871,90,961
140148205,327,17,344
140148206,256,9,265
140148207,531,43,574
140148208,1059,61,1120
140148209,543,45,588
140148210,356,23,379
140148211,372,12,384
140148301,518,280,798
140148302,570,336,906
140148303,487,351,838
140148304,364,327,691
140148305,356,255,611
140148306,285,286,571
140148307,594,343,937
140148308,298,318,616
140148309,566,199,765
140148310,387,75,462
140148311,431,354,785
140148312,473,468,941
140148313,414,359,773
140148314,518,360,878
140148315,474,141,615
140148316,318,155,473
140148401,581,301,882
140148402,555,329,884
140148403,518,282,800
140148404,405,203,608
140148405,621,294,915
140148406,442,118,560
140148407,415,102,517
140148408,473,204,677
140148409,574,193,767
140148410,444,215,659
140148411,475,249,724
140148412,471,226,697
140148501,596,290,886
140148502,401,232,633
140148503,508,158,666
140148504,590,220,810
140148505,633,278,911
140148506,674,285,959
140148507,434,241,675
140148508,785,553,1338
140148509,874,585,1459
140148510,733,483,1216
140148511,682,616,1298
140148512,525,563,1088
140148513,584,609,1193
140148514,708,440,1148
140148515,419,197,616
140148516,582,245,827
140148601,291,623,914
140148602,222,403,625
140148603,410,560,970
140148604,392,855,1247
140148605,609,753,1362
140148606,480,719,1199
140148607,545,677,1222
140148608,502,515,1017
140148609,309,708,1017
140148610,630,767,1397
140148611,403,429,832
140148612,438,452,890
140148701,559,425,984
140148702,480,340,820
140148703,401,290,691
140148704,455,314,769
140148705,770,602,1372
140148706,390,315,705
140148707,488,399,887
140148708,673,787,1460
140148709,465,282,747
140148710,465,438,903
140148711,562,557,1119
140148712,377,660,1037
140148713,275,298,573
140148801,423,290,713
140148802,648,290,938
140148803,552,335,887
140148804,471,285,756
140148805,229,156,385
140148806,545,335,880
140148807,631,294,925
140148808,536,216,752
140148809,547,262,809
140148810,604,253,857
140148811,766,440,1206
140148812,670,321,991
140148813,689,364,1053
140148814,607,764,1371
140148815,803,246,1049
140148901,469,255,724
140148902,414,152,566
140148903,745,323,1068
140148904,840,251,1091
140148905,496,159,655
140148906,689,257,946
140148907,773,100,873
140148908,480,191,671
140148909,548,275,823
140148910,608,204,812
140148911,489,282,771
140148912,562,351,913
140148913,717,146,863
140148914,661,123,784
140148915,838,282,1120
140148916,921,635,1556
140149001,476,162,638
140149002,433,272,705
140149003,347,293,640
140149004,399,165,564
140149005,421,323,744
140149006,560,569,1129
140149007,568,585,1153
140149008,436,123,559
140149009,547,153,700
140149010,395,117,512
140149011,456,217,673
140149012,432,565,997
140149013,469,825,1294
140149014,519,219,738
140149015,681,138,819
140149101,818,357,1175
140149102,768,141,909
140149103,465,286,751
140149104,661,409,1070
140149105,486,396,882
140149106,431,469,900
140149107,639,139,778
140149108,554,147,701
140149109,377,70,447
140149110,592,166,758
140149111,554,237,791
140149112,596,279,875
140149113,541,368,909
140149114,778,444,1222
140149115,517,343,860
140149116,493,228,721
140149117,712,137,849
140149118,665,250,915
140149119,616,285,901
140149120,459,103,562
140149201,591,170,761
140149202,369,93,462
140149203,390,81,471
140149204,485,391,876
140149205,423,379,802
140149206,467,287,754
140149207,314,288,602
140149208,369,248,617
140149209,534,238,772
140149210,502,112,614
140149211,591,167,758
140149212,665,170,835
140149213,346,124,470
140149214,668,192,860
140149215,499,145,644
140149216,568,220,788
140149217,614,244,858
140149218,342,70,412
140149301,406,319,725
140149302,523,215,738
140149303,668,441,1109
140149304,675,653,1328
140149305,519,336,855
140149306,640,535,1175
140149307,613,416,1029
140149308,794,497,1291
140149309,596,203,799
140149310,675,387,1062
140149311,725,641,1366
140149312,971,360,1331
140149313,478,229,707
140149314,329,144,473
140149315,507,321,828
140149316,472,265,737
140149317,849,662,1511
140149318,582,252,834
140149319,628,482,1110
140149320,359,180,539
140149321,684,175,859
140149401,571,468,1039
140149402,438,516,954
140149403,306,431,737
140149404,878,892,1770
140149405,789,471,1260
140149406,531,424,955
140149407,730,816,1546
140149408,967,815,1782
140149409,536,609,1145
140149410,440,499,939
140149411,500,539,1039
140149412,526,601,1127
140149413,477,523,1000
140149414,376,425,801
140149501,428,274,702
140149502,423,252,675
140149503,428,220,648
140149504,415,821,1236
140149505,859,445,1304
140149506,747,417,1164
140149507,373,756,1129
140149508,413,907,1320
140149509,435,447,882
140149510,628,402,1030
140149511,342,544,886
140149512,639,930,1569
140149513,726,685,1411
140149514,706,649,1355
140149601,522,205,727
140149602,478,244,722
140149603,762,342,1104
140149604,671,393,1064
140149605,580,274,854
140149606,403,310,713
140149607,417,248,665
140149608,671,241,912
140149609,700,216,916
140149610,669,403,1072
140149611,476,348,824
140149612,738,329,1067
140149613,972,149,1121
140149614,494,260,754
140149615,448,256,704
140149616,735,544,1279
140149617,806,841,1647
140149701,643,1243,1886
140149702,309,400,709
140149703,600,207,807
140149704,424,247,671
140149705,645,138,783
140149706,817,763,1580
140149707,545,692,1237
140149708,616,842,1458
140149709,635,852,1487
140149710,525,685,1210
140149711,542,851,1393
140149712,434,526,960
140149713,286,482,768
140149714,761,879,1640
140149715,463,679,1142
140149716,493,594,1087
140149717,670,1090,1760
140149801,528,375,903
140149802,596,607,1203
140149803,421,457,878
140149804,394,466,860
140149805,302,303,605
140149806,414,454,868
140149807,677,788,1465
140149808,341,497,838
140149809,507,550,1057
140149810,333,412,745
140149811,339,457,796
140149812,428,468,896
140149813,624,862,1486
140149901,754,384,1138
140149902,723,357,1080
140149903,686,378,1064
140149904,430,309,739
140149905,419,300,719
140149906,478,537,1015
140149907,459,312,771
140149908,730,731,1461
140149909,621,468,1089
140149910,658,493,1151
140149911,403,331,734
140149912,451,430,881
140149913,787,765,1552
140210101,18,42,60
140210102,33,51,84
140210103,55,95,150
140210104,165,192,357
140210105,90,153,243
140210106,303,210,513
140210107,265,175,440
140210108,212,217,429
140210109,245,268,513
140210110,230,113,343
140210201,16,32,48
140210202,26,47,73
140210203,11,32,43
140210204,50,89,139
140210205,91,250,341
140210206,134,108,242
140210207,251,171,422
140210208,169,112,281
140210209,277,247,524
140210210,217,145,362
140210211,148,79,227
140210212,141,203,344
140210213,183,320,503
140210301,108,53,161
140210302,177,186,363
140210303,247,399,646
140210304,372,422,794
140210305,214,183,397
140210306,153,214,367
140210307,52,88,140
140210308,112,227,339
140210309,281,300,581
140210310,124,196,320
140210311,166,242,408
140210312,177,230,407
140210313,86,260,346
140210314,294,739,1033
140210315,265,668,933
140210316,224,640,864
140210401,99,174,273
140210402,43,202,245
140210403,114,329,443
140210404,141,188,329
140210405,64,254,318
140210406,346,516,862
140210407,389,579,968
140210408,69,235,304
140210409,655,569,1224
140210410,405,518,923
140210501,70,92,162
140210502,148,124,272
140210503,14,28,42
140210504,121,74,195
140210505,109,76,185
140210506,391,66,457
140210507,685,85,770
140210508,669,109,778
140210601,108,77,185
140210602,49,37,86
140210603,41,33,74
140210604,96,47,143
140210605,132,197,329
140210606,15,47,62
140210607,45,150,195
140210608,342,542,884
140210609,552,340,892
140210610,315,246,561
140210611,717,771,1488
140210612,653,540,1193
140210613,474,391,865
140210614,786,625,1411
140210615,830,677,1507
140210616,686,402,1088
140210701,68,154,222
140210702,237,355,592
140210703,95,190,285
140210704,329,358,687
140210705,531,904,1435
140210706,444,709,1153
140210707,527,665,1192
140210708,537,588,1125
140210709,218,739,957
140210710,194,554,748
140210711,418,484,902
140210712,387,382,769
140210713,79,111,190
140210714,239,454,693
140210715,422,652,1074
140210716,120,462,582
140210801,36,111,147
140210802,181,391,572
140210803,863,752,1615
140210804,428,690,1118
140210805,441,727,1168
140210806,237,237,474
140210807,498,864,1362
140210808,444,455,899
140210809,546,942,1488
140210810,397,500,897
140210811,344,474,818
140210812,354,495,849
140210813,473,541,1014
140210814,480,656,1136
140210901,445,305,750
140210902,447,334,781
140210903,568,144,712
140210904,482,118,600
140210905,320,176,496
140210906,520,342,862
140210907,351,147,498
140210908,312,125,437
140210909,381,190,571
140210910,374,548,922
140210911,667,531,1198
140210912,349,235,584
140210913,476,357,833
140210914,607,294,901
140211001,826,430,1256
140211002,453,317,770
140211003,546,281,827
140211004,620,443,1063
140211005,308,480,788
140211006,836,222,1058
140211007,413,158,571
140211008,454,437,891
140211009,413,214,627
140211010,501,358,859
140211011,561,747,1308
140211012,828,813,1641
140211013,592,850,1442
140211014,1051,388,1439
140211015,300,185,485
140211016,512,380,892
140211101,372,379,751
140211102,381,587,968
140211103,397,244,641
140211104,497,301,798
140211105,416,285,701
140211106,202,136,338
140211107,521,283,804
140211108,510,333,843
140211109,835,440,1275
140211110,397,192,589
140211111,408,284,692
140211112,686,461,1147
140211113,542,335,877
140211114,477,288,765
140211115,412,245,657
140211116,385,257,642
140211117,463,300,763
140211118,638,431,1069
140211119,436,468,904
140211201,238,319,557
140211202,231,318,549
140211203,492,373,865
140211204,348,306,654
140211205,354,419,773
140211206,422,263,685
140211207,251,363,614
140211208,238,151,389
140211209,255,114,369
140211210,446,252,698
140211211,453,328,781
140211212,269,397,666
140211213,329,273,602
140211214,409,344,753
140211301,406,333,739
140211302,245,240,485
140211303,389,198,587
140211304,360,174,534
140211305,558,344,902
140211306,334,266,600
140211307,253,300,553
140211308,602,492,1094
140211309,305,299,604
140211310,447,210,657
140211311,307,186,493
140211312,352,219,571
140211313,440,204,644
140211314,527,253,780
140211401,399,210,609
140211402,334,105,439
140211403,285,205,490
140211404,529,319,848
140211405,507,376,883
140211406,402,478,880
140211407,695,401,1096
140211408,435,216,651
140211409,405,212,617
140211410,455,282,737
140211411,500,471,971
140211412,431,332,763
140211501,344,232,576
140211502,454,297,751
140211503,426,291,717
140211504,447,290,737
140211505,338,263,601
140211506,551,258,809
140211507,442,294,736
140211508,202,145,347
140211509,335,201,536
140211510,367,263,630
140211511,394,175,569
140211601,474,466,940
140211602,646,521,1167
140211603,397,255,652
140211604,440,498,938
140211605,388,530,918
140211606,407,434,841
140211607,502,307,809
140211608,458,252,710
140211609,405,290,695
140211610,403,348,751
140211611,661,601,1262
140211701,589,153,742
140211702,572,112,684
140211703,512,156,668
140211704,568,183,751
140211705,459,148,607
140211706,649,381,1030
140211707,986,99,1085
140211708,1156,301,1457
140211709,1017,527,1544
140211710,869,180,1049
140211801,461,217,678
140211802,444,393,837
140211803,443,202,645
140211804,507,245,752
140211805,556,325,881
140211806,385,390,775
140211807,438,472,910
140211808,400,648,1048
140211809,372,641,1013
140211810,542,410,952
140211811,490,210,700
140211812,711,423,1134
140211813,824,562,1386
140211814,441,190,631
140211815,753,267,1020
140211816,688,381,1069
140211901,629,187,816
140211902,504,321,825
140211903,439,103,542
140211904,524,55,579
140211905,679,89,768
140211906,439,146,585
140211907,380,149,529
140211908,432,109,541
140211909,835,99,934
140211910,770,274,1044
140211911,564,345,909
140211912,491,224,715
140211913,533,228,761
140212001,270,408,678
140212002,295,353,648
140212003,575,561,1136
140212004,427,481,908
140212005,456,675,1131
140212006,364,478,842
140212007,472,701,1173
140212008,256,552,808
140212009,365,372,737
140212010,347,449,796
140212011,395,172,567
140212012,448,221,669
140212013,550,223,773
140212014,660,619,1279
140212015,614,278,892
140212016,400,225,625
140212017,377,274,651
140212018,306,728,1034
140212101,757,111,868
140212102,308,347,655
140212103,324,366,690
140212104,98,71,169
140212105,372,513,885
140212106,473,514,987
140212107,404,275,679
140212108,389,279,668
140212109,366,322,688
140212110,466,747,1213
140212111,138,164,302
140212112,231,309,540
140212113,364,658,1022
140212114,346,381,727
140212115,288,336,624
140212116,602,394,996
140212117,281,230,511
140212118,651,711,1362
140212119,418,62,480
140212120,471,47,518
140280101,12,71,83
140280102,71,456,527
140280103,59,225,284
140280104,106,742,848
140280105,64,544,608
140280106,30,253,283
140280107,51,43,94
140280108,48,308,356
140280109,76,670,746
140280110,352,1296,1648
140280111,177,702,879
140280201,458,1170,1628
140280202,310,580,890
140280203,411,578,989
140280204,526,1089,1615
140280205,279,490,769
140280206,301,260,561
140280207,362,238,600
140280208,484,710,1194
140280209,541,375,916
140280210,301,499,800
140280211,576,581,1157
140280212,531,497,1028
140280213,376,716,1092
140280214,572,442,1014
140280215,685,636,1321
140280216,742,568,1310
140280301,240,889,1129
140280302,438,740,1178
140280303,534,540,1074
140280304,583,579,1162
140280305,427,664,1091
140280306,386,238,624
140280307,390,302,692
140280308,306,253,559
140280309,475,348,823
140280310,503,505,1008
140280311,442,720,1162
140280312,145,479,624
140280401,0,73,73
140280402,22,299,321
140280403,42,474,516
140280404,48,340,388
140280405,38,274,312
140280406,159,561,720
140280407,127,697,824
140280408,182,581,763
140280409,222,740,962
140280410,206,638,844
140280501,174,532,706
140280502,94,408,502
140280503,26,107,133
140280504,62,270,332
140280505,274,686,960
140280506,302,807,1109
140280507,391,662,1053
140280508,356,581,937
140280509,313,295,608
140280510,331,371,702
140280511,353,580,933
140280512,246,558,804
140280513,250,442,692
140280514,668,579,1247
140280515,101,278,379
140280601,24,46,70
140280602,118,134,252
140280603,179,215,394
140280604,36,162,198
140280605,24,35,59
140280606,267,213,480
140280607,434,354,788
140280701,33,148,181
140280702,46,141,187
140280703,11,76,87
140280704,11,28,39
140280705,4,51,55
140280706,29,208,237
140350101,17,23,40
140350102,10,26,36
140350103,58,87,145
140350104,16,52,68
140350105,15,57,72
140350106,27,94,121
140350107,111,247,358
140350108,396,725,1121
140350109,477,423,900
140350110,279,527,806
140350201,39,43,82
140350202,17,63,80
140350203,18,33,51
140350204,18,37,55
140350205,14,31,45
140350206,129,180,309
140350207,27,34,61
140350208,56,69,125
140350209,15,28,43
140350210,218,389,607
140350211,250,469,719
140350212,575,357,932
140350213,599,378,977
140350214,374,393,767
140350215,413,526,939
140350301,48,64,112
140350302,16,33,49
140350303,129,134,263
140350304,76,131,207
140350305,59,160,219
140350306,70,121,191
140350307,249,256,505
140350308,59,65,124
140350309,65,50,115
140350310,207,270,477
140350311,522,382,904
140350312,460,286,746
140350313,419,348,767
140350314,441,265,706
140350315,511,310,821
140350316,298,387,685
140350317,384,607,991
140350318,542,497,1039
140350401,27,49,76
140350402,50,90,140
140350403,86,115,201
140350404,249,437,686
140350405,336,514,850
140350406,600,509,1109
140350407,438,280,718
140350408,306,171,477
140350409,457,228,685
140350410,350,187,537
140350411,293,157,450
140350412,386,373,759
140350413,374,303,677
140350414,339,580,919
140350415,558,461,1019
140350501,5,19,24
140350502,31,65,96
140350503,27,45,72
140350504,42,74,116
140350505,27,79,106
140350506,24,79,103
140350507,11,31,42
140350508,329,379,708
140350509,223,438,661
140350510,303,385,688
140350511,406,283,689
140350512,556,575,1131
140350513,360,420,780
140350514,398,291,689
140420101,49,82,131
140420102,32,72,104
140420103,53,131,184
140420104,47,76,123
140420105,80,218,298
140420106,48,93,141
140420107,51,166,217
140420108,91,197,288
140420109,553,521,1074
140420110,387,214,601
140420111,381,462,843
140420112,194,180,374
140420201,55,68,123
140420202,78,122,200
140420203,67,88,155
140420204,40,74,114
140420205,81,206,287
140420206,26,75,101
140420207,64,68,132
140420208,153,287,440
140420209,197,226,423
140420210,310,330,640
140420301,116,174,290
140420302,156,142,298
140420303,113,82,195
140420304,73,85,158
140420305,97,77,174
140420306,17,10,27
140420307,330,226,556
140420308,306,284,590
140420309,474,334,808
140420310,455,537,992
140420311,404,328,732
140420312,177,166,343
140420313,585,524,1109
140420314,632,485,1117
140420401,798,293,1091
140420402,371,304,675
140420403,338,358,696
140420404,618,478,1096
140420405,584,416,1000
140420406,702,338,1040
140420407,576,519,1095
140420408,573,436,1009
140420409,408,484,892
140420410,451,408,859
140420411,433,513,946
140420412,418,474,892
140420413,481,643,1124
140420414,309,486,795
140420415,567,816,1383
140420416,307,327,634
140420417,346,445,791
140420418,735,336,1071
140420419,449,197,646
140420501,43,43,86
140420502,35,49,84
140420503,27,30,57
140420504,38,87,125
140420505,41,63,104
140420506,54,49,103
140420507,51,83,134
140420508,83,164,247
140420509,61,135,196
140420510,222,306,528
140420511,237,247,484
140420512,419,290,709
140420513,318,308,626
140420514,434,297,731
140420515,263,308,571
140420516,286,263,549
140420517,423,548,971
140420601,346,519,865
140420602,356,338,694
140420603,562,464,1026
140420604,497,250,747
140420605,447,252,699
140420606,466,352,818
140420607,353,167,520
140420608,624,439,1063
140420609,456,338,794
140420610,282,183,465
140420611,499,166,665
140420612,295,103,398
140420613,468,164,632
140420614,467,204,671
140420615,543,598,1141
140420616,835,331,1166
140420617,465,254,719
140420618,298,249,547
140420619,273,129,402
140420620,272,86,358
140420621,999,291,1290
140420701,520,685,1205
140420702,404,527,931
140420703,603,612,1215
140420704,387,287,674
140420705,583,301,884
140420706,453,184,637
140420707,494,288,782
140420708,504,321,825
140420709,505,478,983
140420710,675,539,1214
140420711,1226,726,1952
140420712,406,361,767
140420713,419,283,702
140420714,278,150,428
140420715,540,741,1281
140420801,369,117,486
140420802,253,91,344
140420803,544,232,776
140420804,264,101,365
140420805,443,242,685
140420806,449,175,624
140420807,437,237,674
140420808,375,159,534
140420809,538,190,728
140420810,517,356,873
140420811,350,175,525
140420812,526,294,820
140420813,241,191,432
140420814,338,270,608
140420815,421,523,944
140420816,428,532,960
140420817,311,164,475
140420818,647,161,808
140420819,805,558,1363
140420820,316,118,434
140420821,292,130,422
140420822,373,211,584
140420823,414,269,683
140420901,414,450,864
140420902,456,367,823
140420903,370,276,646
140420904,432,386,818
140420905,786,190,976
140420906,704,302,1006
140420907,508,128,636
140420908,315,188,503
140420909,606,313,919
140420910,333,217,550
140420911,335,129,464
140420912,199,92,291
140420913,429,206,635
140420914,466,236,702
140420915,469,161,630
140420916,742,155,897
140420917,530,219,749
140420918,453,180,633
140420919,523,371,894
140420920,413,392,805
140420921,478,390,868
140420922,267,179,446
140420923,281,147,428
140420924,362,154,516
140420925,348,159,507
140421001,57,108,165
140421002,53,95,148
140421003,2,4,6
140421004,34,59,93
140421005,45,76,121
140421006,48,40,88
140421007,41,40,81
140421008,322,253,575
140421009,390,427,817
140421010,358,396,754
140421011,214,277,491
140421012,409,292,701
140421013,329,269,598
140421014,394,220,614
140421015,422,292,714
140421016,528,479,1007
140421101,551,179,730
140421102,408,210,618
140421103,583,264,847
140421104,428,351,779
140421105,661,315,976
140421106,351,374,725
140421107,789,809,1598
140421108,656,629,1285
140421109,668,513,1181
140421110,456,335,791
140421111,622,265,887
140421112,587,269,856
140421113,402,167,569
140490101,17,87,104
140490102,23,98,121
140490103,49,167,216
140490104,19,106,125
140490105,6,135,141
140490106,0,78,78
140490107,19,55,74
140490108,63,136,199
140490109,65,256,321
140490110,2,59,61
140490111,244,285,529
140490112,152,263,415
140490113,377,703,1080
140490114,280,444,724
140490115,309,472,781
140490116,258,999,1257
140490201,165,617,782
140490202,25,108,133
140490203,12,67,79
140490204,47,177,224
140490205,17,54,71
140490206,29,40,69
140490207,33,157,190
140490208,6,13,19
140490209,2,50,52
140490210,28,88,116
140490211,133,302,435
140490212,15,86,101
140490213,31,162,193
140490214,67,427,494
140490215,77,192,269
140490301,167,474,641
140490302,280,380,660
140490303,543,537,1080
140490304,271,420,691
140490305,378,534,912
140490306,209,392,601
140490307,603,321,924
140490308,408,420,828
140490309,521,369,890
140490310,449,222,671
140490311,670,508,1178
140490312,284,625,909
140490313,383,369,752
140490314,302,458,760
140490315,224,96,320
140490316,394,251,645
140490317,289,283,572
140490318,339,282,621
140490319,544,519,1063
140490320,487,466,953
140490321,294,442,736
140490322,501,646,1147
140490323,291,496,787
140490324,227,494,721
140490325,485,485,970
140560101,66,114,180
140560102,99,95,194
140560103,81,87,168
140560104,717,504,1221
140560105,786,520,1306
140560106,718,381,1099
140560107,470,281,751
140560108,579,499,1078
140560109,390,538,928
140560110,424,448,872
140560111,350,346,696
140560112,359,247,606
140560113,536,274,810
140560114,397,235,632
140560115,309,198,507
140560116,357,245,602
140560117,566,513,1079
140560118,397,304,701
140560201,52,57,109
140560202,22,31,53
140560203,8,14,22
140560204,301,249,550
140560205,663,422,1085
140560206,516,326,842
140560207,218,135,353
140560208,334,251,585
140560209,491,256,747
140560210,640,329,969
140560211,608,380,988
140560212,635,424,1059
140560213,1327,342,1669
140560214,1144,472,1616
140560301,6,9,15
140560302,31,58,89
140560303,71,155,226
140560304,71,116,187
140560305,56,62,118
140560306,17,21,38
140560307,12,16,28
140560308,45,37,82
140560309,44,66,110
140560310,76,110,186
140560311,465,410,875
140560312,398,349,747
140560313,579,358,937
140560314,342,327,669
140560315,291,217,508
140560316,327,532,859
140560317,310,267,577
140560318,269,302,571
140560319,570,474,1044
140560320,316,276,592
140560401,49,44,93
140560402,24,94,118
140560403,12,13,25
140560404,17,18,35
140560405,49,52,101
140560406,40,37,77
140560407,469,703,1172
140560408,171,291,462
140560409,349,320,669
140560410,315,354,669
140560411,376,211,587
140560412,341,222,563
140560413,442,467,909
140560414,472,328,800
140560415,449,330,779
140560501,32,31,63
140560502,28,30,58
140560503,10,34,44
140560504,56,74,130
140560505,4,23,27
140560506,81,127,208
140560507,44,94,138
140560508,302,250,552
140560509,230,302,532
140560601,58,119,177
140560602,47,54,101
140560603,54,32,86
140560604,21,33,54
140560605,34,46,80
140560606,31,34,65
140560607,45,48,93
140560608,64,75,139
140560609,118,127,245
140560610,34,89,123
140560611,51,102,153
140560612,56,133,189
140560613,67,138,205
140560614,13,38,51
140560615,319,473,792
140560616,365,315,680
140560617,455,358,813
140560618,216,308,524
140560701,377,272,649
140560702,305,306,611
140560703,508,419,927
140560704,447,285,732
140560705,321,220,541
140560706,564,421,985
140560707,384,182,566
140560708,625,331,956
140560709,653,465,1118
140560710,459,269,728
140560711,547,484,1031
140560712,646,742,1388
140560713,457,575,1032
140560714,340,205,545
140630101,15,82,97
140630102,25,51,76
140630103,25,25,50
140630104,12,28,40
140630105,7,39,46
140630106,42,58,100
140630107,20,33,53
140630108,19,41,60
140630109,370,351,721
140630201,33,59,92
140630202,94,130,224
140630203,43,50,93
140630204,53,43,96
140630205,13,36,49
140630206,54,42,96
140630207,32,57,89
140630208,40,52,92
140630209,25,46,71
140630210,40,63,103
140630211,48,38,86
140630212,507,437,944
140630213,373,335,708
140630214,308,256,564
140630215,219,210,429
140630301,13,27,40
140630302,67,43,110
140630303,135,164,299
140630304,400,413,813
140630305,485,357,842
140630306,548,285,833
140630307,394,219,613
140630308,449,315,764
140630309,340,203,543
140630310,347,216,563
140630311,502,426,928
140630401,11,23,34
140630402,31,27,58
140630403,17,16,33
140630404,31,32,63
140630405,47,69,116
140630406,16,19,35
140630407,485,445,930
140630408,383,329,712
140630409,294,204,498
140630410,278,213,491
140630411,286,220,506
140630412,261,193,454
140630413,460,412,872
140630414,438,262,700
140630415,365,322,687
140630501,75,101,176
140630502,50,77,127
140630503,21,30,51
140630504,264,248,512
140630505,437,297,734
140630506,491,316,807
140630507,339,230,569
140630508,395,369,764
140630509,288,204,492
140630510,548,594,1142
140630511,322,323,645
140630512,268,219,487
140630513,454,232,686
140630514,377,278,655
140630515,499,359,858
140630516,483,290,773
140630517,198,176,374
140630601,11,5,16
140630602,11,2,13
140630603,50,68,118
140630604,35,64,99
140630605,30,36,66
140630606,44,40,84
140630607,354,362,716
140630608,329,230,559
140630609,420,431,851
140630610,381,230,611
140630611,479,344,823
140630612,325,229,554
140630613,463,364,827
140630614,191,257,448
140630615,385,311,696
140630701,84,181,265
140630702,44,90,134
140630703,33,63,96
140630704,14,68,82
140630705,47,66,113
140630706,479,298,777
140630707,355,331,686
140630708,450,298,748
140630709,491,294,785
140630710,184,231,415
140630711,259,481,740
140630801,35,40,75
140630802,42,42,84
140630803,29,79,108
140630804,90,80,170
140630805,21,31,52
140630806,19,34,53
140630807,204,270,474
140630808,378,274,652
140630809,299,267,566
140630810,346,281,627
140630811,277,269,546
140630812,230,319,549
140630901,18,44,62
140630902,52,60,112
140630903,74,120,194
140630904,97,70,167
140630905,59,66,125
140630906,24,33,57
140630907,42,54,96
140630908,65,52,117
140630909,60,81,141
140630910,252,250,502
140630911,328,186,514
140630912,372,233,605
140630913,287,273,560
140630914,518,440,958
140630915,557,389,946
140630916,462,364,826
140630917,236,183,419
140630918,395,297,692
140630919,326,195,521
140630920,462,333,795
140630921,515,372,887
140630922,449,593,1042
140630923,304,285,589
140631001,220,366,586
140631002,489,406,895
140631003,599,376,975
140631004,436,224,660
140631005,284,172,456
140631006,374,260,634
140631007,645,413,1058
140631008,384,185,569
140631009,382,251,633
140631010,300,310,610
140631011,349,197,546
140631012,518,432,950
140631013,574,636,1210
140631101,785,491,1276
140631102,561,445,1006
140631103,483,183,666
140631104,371,454,825
140631105,636,323,959
140631106,317,170,487
140631107,532,156,688
140631108,432,288,720
140631109,496,143,639
140631110,688,333,1021
140631111,369,231,600
140631112,177,142,319
140631113,491,231,722
140631114,359,184,543
140631115,364,204,568
140631116,643,404,1047
140631201,432,239,671
140631202,320,201,521
140631203,442,225,667
140631204,243,119,362
140631205,730,231,961
140631206,512,387,899
140631207,438,307,745
140631208,398,281,679
140631209,534,565,1099
140631210,481,759,1240
140631211,472,408,880
140631212,473,381,854
140631213,432,320,752
140631214,526,505,1031
140631215,514,582,1096
140631216,618,387,1005
140631301,495,558,1053
140631302,299,318,617
140631303,477,434,911
140631304,410,259,669
140631305,703,484,1187
140631306,448,244,692
140631307,275,143,418
140631308,399,206,605
140631309,512,297,809
140631310,303,113,416
140631311,366,222,588
140631312,344,213,557
140631313,339,210,549
140631314,541,266,807
140700101,59,221,280
140700102,6,120,126
140700103,64,264,328
140700104,5,109,114
140700105,47,267,314
140700201,30,108,138
140700202,3,134,137
140700203,33,246,279
140700204,8,87,95
140700205,25,153,178
140700206,31,235,266
140700207,52,178,230
140700208,16,111,127
140700209,19,110,129
140700210,38,193,231
140700211,94,176,270
140700212,199,218,417
140700213,370,458,828
140770101,1,39,40
140770102,0,23,23
140770103,9,121,130
140770104,5,77,82
140770105,25,153,178
140770106,17,141,158
140770107,6,122,128
140770108,4,87,91
140770109,7,107,114
140770110,73,329,402
140770201,24,133,157
140770202,54,208,262
140770203,89,381,470
140770204,133,553,686
140770205,34,108,142
140770206,5,42,47
140770207,15,166,181
140770208,9,147,156
140770209,4,71,75
140770210,258,399,657
140770211,263,302,565
140770212,60,113,173
140770213,32,129,161
140840101,47,74,121
140840102,68,82,150
140840103,44,80,124
140840104,30,26,56
140840105,16,37,53
140840106,639,352,991
140840107,371,251,622
140840108,652,418,1070
140840109,509,387,896
140840110,478,326,804
140840111,479,527,1006
140840201,16,48,64
140840202,29,38,67
140840203,18,36,54
140840204,65,75,140
140840205,12,62,74
140840206,80,89,169
140840207,43,96,139
140840208,49,65,114
140840209,178,176,354
140840210,416,375,791
140840301,28,48,76
140840302,83,83,166
140840303,46,39,85
140840304,37,36,73
140840305,53,68,121
140840306,42,34,76
140840307,25,62,87
140840308,28,51,79
140840309,30,36,66
140840310,16,45,61
140840311,7,45,52
140840312,26,49,75
140840313,276,294,570
140840314,398,276,674
140840315,229,274,503
140840316,235,248,483
140840401,37,56,93
140840402,55,105,160
140840403,13,30,43
140840404,77,148,225
140840405,121,151,272
140840406,316,242,558
140840407,342,263,605
140840408,496,415,911
140840409,504,419,923
140840501,420,483,903
140840502,239,373,612
140840503,247,434,681
140840504,477,596,1073
140840505,397,438,835
140840506,353,375,728
140840507,385,344,729
140840508,521,403,924
140840509,329,295,624
140840510,287,222,509
140840511,445,233,678
140840512,473,466,939
140840513,463,225,688
140840514,615,416,1031
140840515,368,254,622
140840516,433,268,701
140840517,335,213,548
140840518,368,298,666
140840519,344,344,688
140840520,290,165,455
140840521,508,360,868
140840522,440,221,661
140840523,445,346,791
140840524,450,282,732
140840525,286,267,553
140840526,438,210,648
140840527,341,179,520
140910101,333,451,784
140910102,169,200,369
140910103,286,285,571
140910104,369,196,565
140910105,146,98,244
140910106,383,222,605
140910107,354,213,567
140910108,360,233,593
140910109,260,159,419
140910110,300,190,490
140910111,285,193,478
140910112,310,209,519
140910113,350,384,734
140910114,375,455,830
140910115,152,163,315
140910116,315,304,619
140910117,245,182,427
140910118,407,213,620
140910119,262,141,403
140910201,99,203,302
140910202,27,109,136
140910203,88,98,186
140910204,43,57,100
140910205,3,13,16
140910206,22,39,61
140910207,2,4,6
140910208,16,9,25
140910209,433,348,781
140910210,381,335,716
140910211,161,108,269
140910212,0,5,5
140910301,5,16,21
140910302,28,27,55
140910303,295,341,636
140910304,388,556,944
140910305,413,223,636
140910306,252,270,522
140910307,313,314,627
140910308,246,455,701
140910309,391,393,784
140910310,296,241,537
140910311,285,250,535
140910401,301,551,852
140910402,387,510,897
140910403,312,369,681
140910404,372,407,779
140910405,391,292,683
140910406,350,259,609
140910407,579,263,842
140910408,452,205,657
140910409,530,311,841
140910410,203,135,338
140910411,472,404,876
140910412,174,114,288
140910413,532,427,959
140910414,341,213,554
140910415,282,535,817
140910416,258,251,509
140910417,494,545,1039
140910418,448,254,702
140910419,222,413,635
140910420,337,654,991
140910501,4,12,16
140910502,239,269,508
140910503,363,364,727
140910504,460,441,901
140910505,373,555,928
140910506,329,254,583
140910507,240,201,441
140910508,142,133,275
140910509,235,331,566
140910510,297,354,651
140910601,0,4,4
140910602,144,224,368
140910603,24,41,65
140910604,16,39,55
140910605,15,42,57
140910606,308,514,822
140910607,443,489,932
140910608,426,443,869
140910609,279,193,472
140910610,546,390,936
140910611,290,354,644
140910612,269,337,606
140910613,387,339,726
140910614,269,275,544
140910615,282,219,501
140910616,267,227,494
140910617,264,275,539
140910618,199,272,471
140910701,24,10,34
140910702,329,290,619
140910703,434,495,929
140910704,479,183,662
140910705,347,194,541
140910706,235,201,436
140910707,543,234,777
140910708,458,261,719
140910709,510,381,891
140910710,293,147,440
140910711,474,320,794
140910712,480,216,696
140910713,674,599,1273
140910714,463,345,808
140910715,587,404,991
140910716,417,332,749
140910717,237,325,562
140910718,456,388,844
140910719,305,219,524
140910720,626,588,1214
140910721,623,760,1383
140910722,546,515,1061
140910723,389,481,870
140910801,1,14,15
140910802,108,106,214
140910803,11,5,16
140910804,172,146,318
140910805,262,173,435
140910806,385,207,592
140910807,319,193,512
140910808,193,222,415
140910809,334,271,605
140910810,353,373,726
140910811,300,198,498
140910812,379,405,784
140910813,496,504,1000
140910901,569,202,771
140910902,377,118,495
140910903,282,99,381
140910904,673,355,1028
140910905,669,464,1133
140910906,507,357,864
140910907,380,393,773
140910908,379,292,671
140910909,410,188,598
140910910,262,126,388
140910911,151,99,250
140910912,423,177,600
140910913,384,323,707
140910914,469,520,989
140910915,479,603,1082
140910916,719,434,1153
140910917,513,201,714
140910918,223,79,302
140910919,455,184,639
140910920,476,338,814
140910921,596,959,1555
140910922,591,831,1422
140910923,0,0,0
140911001,494,177,671
140911002,474,157,631
140911003,495,153,648
140911004,712,235,947
140911005,563,100,663
140911006,656,196,852
140911007,320,111,431
140911008,480,159,639
140911009,435,133,568
140911010,529,148,677
140911011,451,182,633
140911012,355,192,547
140911013,579,180,759
140911014,316,136,452
140911015,436,164,600
140911016,348,134,482
140911017,359,135,494
140911018,393,184,577
140911019,371,129,500
140911020,243,60,303
140911101,295,144,439
140911102,207,109,316
140911103,405,142,547
140911104,358,142,500
140911105,563,227,790
140911106,159,62,221
140911107,199,88,287
140911108,337,131,468
140911109,300,152,452
140911110,549,228,777
140911111,204,103,307
140911112,539,180,719
140911113,333,152,485
140911114,337,136,473
140911115,381,161,542
140911116,307,140,447
140911117,189,81,270
140911118,343,171,514
140911201,579,281,860
140911202,424,191,615
140911203,465,235,700
140911204,520,327,847
140911205,529,395,924
140911206,336,209,545
140911207,427,453,880
140911208,563,629,1192
140911209,402,260,662
140911210,511,391,902
140911211,508,414,922
140911212,387,168,555
140911213,417,243,660
140911214,469,392,861
140911215,542,340,882
140911216,241,141,382
140911217,373,175,548
140911218,352,190,542
140911219,545,263,808
140911220,355,304,659
140911221,456,293,749
140911222,355,345,700
140911223,249,344,593
140911301,0,11,11
140911302,4,21,25
140911303,47,27,74
140911304,3,10,13
140911305,12,3,15
140911306,8,15,23
140911307,9,7,16
140911308,5,7,12
140911309,170,127,297
140911310,169,104,273
140911311,470,449,919
140911312,324,184,508
140911313,434,349,783
140911314,236,159,395
140911315,510,276,786
140911316,181,111,292
140911317,191,134,325
140911318,233,131,364
140911319,199,104,303
140911320,183,111,294
140911321,204,79,283
140911322,155,87,242
140911323,315,267,582
140911401,6,29,35
140911402,15,57,72
140911403,11,18,29
140911404,16,46,62
140911405,42,49,91
140911406,213,186,399
140911407,479,335,814
140911408,365,300,665
140911409,360,521,881
140911410,419,701,1120
140911411,301,278,579
140911412,312,327,639
140911413,350,350,700
140911414,447,186,633
140911415,326,232,558
140911501,9,9,18
140911502,164,275,439
140911503,341,330,671
140911504,253,310,563
140911505,212,235,447
140911506,265,289,554
140911507,291,437,728
140911508,296,350,646
140911509,335,281,616
140911510,334,396,730
140911601,3,15,18
140911602,11,32,43
140911603,0,8,8
140911604,6,12,18
140911605,63,122,185
140911606,43,39,82
140911607,5,14,19
140911608,210,182,392
140911609,217,161,378
140911610,101,132,233
140911701,0,3,3
140911702,1,6,7
140911703,13,15,28
140911704,2,0,2
140911705,2,15,17
140911706,431,338,769
140911707,274,263,537
140911708,283,208,491
140911709,367,260,627
140911710,245,190,435
140911711,223,213,436
140911712,256,159,415
140911713,462,274,736
140911714,284,163,447
140911715,137,151,288
140911801,2,13,15
140911802,0,15,15
140911803,7,30,37
140911804,84,142,226
140911805,49,101,150
140911806,171,127,298
140911807,106,149,255
140911808,293,305,598
140911809,283,172,455
140911810,58,22,80
140911901,60,76,136
140911902,42,47,89
140911903,2,0,2
140911904,27,17,44
140911905,23,8,31
140911906,312,240,552
140911907,211,153,364
140911908,386,249,635
140911909,356,283,639
140911910,350,277,627
140911911,503,375,878
140911912,72,25,97
140911913,441,182,623
140911914,210,229,439
140980101,6,7,13
140980102,34,23,57
140980103,49,49,98
140980104,31,44,75
140980105,10,25,35
140980106,39,24,63
140980107,7,31,38
140980108,271,223,494
140980109,444,260,704
140980110,365,459,824
140980111,238,325,563
140980112,255,272,527
140980113,341,243,584
140980114,341,294,635
140980115,443,297,740
140980116,360,249,609
140980117,439,444,883
140980201,13,15,28
140980202,47,56,103
140980203,135,99,234
140980204,77,55,132
140980205,51,45,96
140980206,17,35,52
140980207,22,31,53
140980208,370,269,639
140980209,204,331,535
140980210,393,322,715
140980211,587,368,955
140980301,26,25,51
140980302,46,40,86
140980303,16,18,34
140980304,312,342,654
140980305,545,380,925
140980306,396,414,810
140980307,300,225,525
140980308,428,327,755
140980309,284,313,597
140980310,319,267,586
140980311,489,316,805
140980401,29,35,64
140980402,91,76,167
140980403,36,40,76
140980404,25,29,54
140980405,28,34,62
140980406,73,63,136
140980407,274,419,693
140980408,320,380,700
140980409,158,128,286
140980501,20,31,51
140980502,64,108,172
140980503,24,45,69
140980504,6,23,29
140980505,210,132,342
140980506,263,144,407
140980507,64,52,116
140980508,28,31,59
140980509,76,74,150
140980510,474,387,861
140980511,444,262,706
140980512,545,327,872
140980513,353,288,641
140980514,303,240,543
140980515,443,241,684
140980516,332,54,386
140980517,592,157,749
140980601,24,37,61
140980602,85,89,174
140980603,46,90,136
140980604,28,75,103
140980605,43,56,99
140980606,55,98,153
140980607,86,110,196
140980608,128,133,261
140980609,56,32,88
140980701,22,50,72
140980702,28,115,143
140980703,37,99,136
140980704,84,145,229
140980705,18,32,50
140980706,28,40,68
140980707,50,89,139
140980708,34,98,132
140980801,70,72,142
140980802,66,89,155
140980803,93,97,190
140980804,77,125,202
140980805,15,33,48
140980806,107,104,211
140980807,194,249,443
140980808,363,372,735
140980809,249,324,573
140980810,165,264,429
140980811,124,156,280
140980901,40,94,134
140980902,183,249,432
140980903,77,103,180
140980904,237,394,631
140980905,350,275,625
140980906,441,291,732
140980907,379,224,603
140980908,315,292,607
140980909,338,421,759
140980910,315,302,617
140980911,173,143,316
140980912,492,542,1034
140980913,350,312,662
140980914,330,384,714
140981001,15,24,39
140981002,14,43,57
140981003,189,383,572
140981004,54,95,149
140981005,68,74,142
140981006,45,54,99
140981007,88,90,178
140981008,91,113,204
140981009,255,260,515
140981010,317,254,571
140981011,539,464,1003
140981012,272,361,633
140981013,409,483,892
140981014,366,376,742
140981101,144,98,242
140981102,116,155,271
140981103,23,39,62
140981104,22,31,53
140981105,22,76,98
140981106,123,155,278
140981107,79,107,186
140981108,33,77,110
140981109,354,442,796
140981110,286,271,557
140981111,376,355,731
140981201,107,127,234
140981202,119,144,263
140981203,158,218,376
140981204,156,236,392
140981205,44,65,109
140981206,155,178,333
140981207,475,367,842
140981208,300,329,629
140981209,221,281,502
140981210,285,253,538
140981211,311,183,494
140981212,338,307,645
140981301,47,85,132
140981302,55,74,129
140981303,42,93,135
140981304,47,78,125
140981305,22,59,81
140981306,26,49,75
140981307,13,13,26
140981308,19,66,85
140981309,53,84,137
140981310,46,99,145
140981311,315,395,710
140981312,467,531,998
140981313,200,368,568
140981401,95,92,187
140981402,34,82,116
140981403,42,64,106
140981404,68,89,157
140981405,64,93,157
140981406,47,72,119
140981407,37,63,100
140981408,35,73,108
140981409,178,215,393
140981410,427,493,920
140981501,536,467,1003
140981502,483,509,992
140981503,526,668,1194
140981504,697,243,940
140981505,399,349,748
140981506,429,260,689
140981507,427,355,782
140981508,441,257,698
140981509,571,453,1024
140981510,575,491,1066
140981511,823,97,920
140981512,526,61,587
140981513,518,525,1043
140981514,596,333,929
140981515,407,195,602
140981601,470,445,915
140981602,710,514,1224
140981603,284,303,587
140981604,348,294,642
140981605,734,336,1070
140981606,228,305,533
140981607,364,347,711
140981608,574,108,682
140981609,698,535,1233
140981610,659,483,1142
140981611,508,230,738
140981612,507,202,709
140981613,296,102,398
140981614,308,86,394
140981615,261,91,352
140981701,485,944,1429
140981702,480,526,1006
140981703,664,250,914
140981704,422,159,581
140981705,708,423,1131
140981706,454,268,722
140981707,360,256,616
140981708,519,486,1005
140981709,450,386,836
140981710,457,278,735
140981711,595,296,891
140981712,806,538,1344
140981713,457,345,802
140981801,821,398,1219
140981802,766,402,1168
140981803,867,567,1434
140981804,799,542,1341
140981805,808,445,1253
140981806,526,325,851
140981807,635,284,919
140981808,645,402,1047
140981809,997,423,1420
140981810,793,448,1241
140981811,627,252,879
140981812,522,365,887
140981813,584,412,996
140981901,382,264,646
140981902,736,1383,2119
140981903,466,646,1112
140981904,296,537,833
140981905,331,407,738
140981906,339,449,788
140981907,336,443,779
140981908,385,489,874
140981909,372,267,639
140981910,374,264,638
140981911,474,409,883
140981912,548,438,986
140982001,164,143,307
140982002,396,166,562
140982003,477,169,646
140982004,279,100,379
140982005,212,72,284
140982006,484,257,741
140982007,385,138,523
140982008,559,337,896
140982009,320,334,654
140982010,477,253,730
140982011,270,75,345
140982012,340,111,451
140982013,326,104,430
140982014,324,124,448
140982015,265,80,345
140982016,418,148,566
140982017,518,184,702
140982018,573,152,725
140982019,174,39,213
140982020,261,113,374
140982021,332,110,442
140982022,305,112,417
140982101,479,448,927
140982102,352,258,610
140982103,651,494,1145
140982104,497,171,668
140982105,440,197,637
140982106,332,147,479
140982107,342,168,510
140982108,578,301,879
140982109,577,232,809
140982110,648,319,967
140982111,534,437,971
140982112,439,443,882
140982113,448,517,965
140982114,614,475,1089
140982201,882,360,1242
140982202,865,252,1117
140982203,775,274,1049
140982204,341,337,678
140982205,802,333,1135
140982206,751,282,1033
140982207,706,408,1114
140982208,608,481,1089
140982209,390,475,865
140982210,426,753,1179
140982211,356,678,1034
140982212,298,446,744
140982301,638,309,947
140982302,496,243,739
140982303,394,253,647
140982304,779,438,1217
140982305,311,164,475
140982306,441,268,709
140982307,346,221,567
140982308,633,356,989
140982309,457,371,828
140982310,508,314,822
140982311,397,423,820
140982312,833,471,1304
140982313,558,452,1010
140982314,527,259,786
140982401,459,177,636
140982402,318,108,426
140982403,238,112,350
140982404,586,222,808
140982405,498,258,756
140982406,609,239,848
140982407,287,88,375
140982408,302,90,392
140982409,507,192,699
140982410,475,214,689
140982411,563,206,769
140982412,529,255,784
140982413,493,296,789
140982414,602,252,854
140982415,391,134,525
140982416,496,192,688
140982417,513,237,750
140982418,385,181,566
140982419,286,93,379
140982420,605,295,900
140982421,426,241,667
140982501,451,383,834
140982502,591,431,1022
140982503,508,310,818
140982504,471,381,852
140982505,608,582,1190
140982506,553,669,1222
140982507,407,856,1263
140982508,647,505,1152
140982509,404,336,740
140982510,402,321,723
140982511,670,781,1451
140982512,569,892,1461
140982601,451,386,837
140982602,499,355,854
140982603,893,513,1406
140982604,611,456,1067
140982605,567,429,996
140982606,379,408,787
140982607,482,448,930
140982608,589,452,1041
140982609,487,394,881
140982610,479,434,913
140982611,380,514,894
140982612,563,477,1040
140982613,383,243,626
140982701,455,732,1187
140982702,680,553,1233
140982703,571,402,973
140982704,294,229,523
140982705,405,340,745
140982706,432,257,689
140982707,492,402,894
140982708,589,340,929
140982801,632,479,1111
140982802,611,320,931
140982803,249,216,465
140982804,319,184,503
140982805,228,402,630
140982806,331,470,801
140982807,278,487,765
140982808,285,191,476
140982809,393,362,755
140982810,364,351,715
140982811,226,354,580
140982812,407,390,797
140982901,445,344,789
140982902,462,431,893
140982903,259,177,436
140982904,380,226,606
140982905,274,349,623
140982906,292,354,646
140982907,212,149,361
140982908,263,155,418
140982909,291,253,544
140982910,481,314,795
140982911,405,341,746
140982912,336,442,778
140982913,517,377,894
140982914,644,343,987
141050101,67,176,243
141050102,33,77,110
141050103,77,274,351
141050104,17,98,115
141050105,12,37,49
141050106,62,182,244
141050107,18,123,141
141050108,63,202,265
141050109,89,271,360
141050110,75,178,253
141050111,60,160,220
141050112,356,275,631
141050113,290,406,696
141050114,420,490,910
141050201,14,60,74
141050202,23,31,54
141050203,46,172,218
141050204,25,74,99
141050205,74,191,265
141050206,55,142,197
141050207,16,51,67
141050208,57,156,213
141050209,19,111,130
141050210,188,248,436
141050211,317,464,781
141050212,292,375,667
141050213,274,304,578
141050214,331,459,790
141050215,377,524,901
141050216,552,512,1064
141050217,309,691,1000
141050301,18,39,57
141050302,34,109,143
141050303,70,108,178
141050304,25,40,65
141050305,106,252,358
141050306,71,95,166
141050307,34,77,111
141050308,191,286,477
141050309,572,549,1121
141050310,401,519,920
141050311,224,284,508
141050312,404,381,785
141050313,495,653,1148
141050314,475,534,1009
141050315,521,520,1041
141050316,473,327,800
141050401,1,35,36
141050402,54,97,151
141050403,27,47,74
141050404,25,135,160
141050405,51,108,159
141050406,51,139,190
141050407,52,179,231
141050408,24,68,92
141050409,21,112,133
141050410,95,192,287
141050411,31,43,74
141050412,65,87,152
141050413,33,58,91
141050414,265,265,530
141050415,395,351,746
141050416,64,211,275
141050501,29,108,137
141050502,83,265,348
141050503,193,521,714
141050504,92,434,526
141050505,557,679,1236
141050506,535,212,747
141050507,416,341,757
141050508,507,535,1042
141050509,529,259,788
141050510,500,449,949
141050511,370,279,649
141050512,442,295,737
141050513,275,160,435
141050514,541,804,1345
141050515,269,492,761
141050601,49,150,199
141050602,63,208,271
141050603,22,173,195
141050604,105,294,399
141050605,84,238,322
141050606,265,323,588
141050607,319,290,609
141050608,469,454,923
141050609,561,339,900
141050610,659,537,1196
141050611,561,596,1157
141050612,683,625,1308
141050613,122,227,349
141120101,13,59,72
141120102,25,100,125
141120103,10,124,134
141120104,54,260,314
141120105,39,112,151
141120106,22,209,231
141120107,9,80,89
141120108,68,93,161
141120109,256,407,663
141120110,290,364,654
141120111,198,176,374
141120112,376,747,1123
141120113,297,307,604
141120114,149,202,351
141120115,327,279,606
141120201,77,496,573
141120202,5,51,56
141120203,0,78,78
141120204,11,53,64
141120205,0,63,63
141120206,8,162,170
141120207,67,432,499
141120301,12,87,99
141120302,53,215,268
141120303,9,117,126
141120304,179,408,587
141120305,26,206,232
141120306,24,301,325
141120307,10,178,188
141120308,8,89,97
141120309,20,204,224
141120310,174,463,637
141120311,234,438,672
141120312,367,486,853
141120313,293,502,795
141120314,75,130,205
141190101,241,720,961
141190102,82,155,237
141190103,63,108,171
141190104,19,36,55
141190105,40,44,84
141190106,281,282,563
141190107,320,267,587
141190108,522,470,992
141190109,653,491,1144
141190110,276,152,428
141190111,460,271,731
141190112,472,466,938
141190113,378,303,681
141190114,527,460,987
141190115,467,445,912
141190201,18,24,42
141190202,20,56,76
141190203,5,28,33
141190204,6,31,37
141190205,49,107,156
141190206,2,19,21
141190207,0,6,6
141190208,8,8,16
141190209,45,38,83
141190210,16,27,43
141190211,47,43,90
141190212,186,301,487
141190213,473,460,933
141190214,397,387,784
141190215,268,375,643
141190301,162,195,357
141190302,112,199,311
141190303,55,173,228
141190304,43,83,126
141190305,52,69,121
141190306,458,423,881
141190307,465,427,892
141190308,411,448,859
141190309,124,178,302
141190310,403,318,721
141190311,408,330,738
141190312,364,281,645
141190313,447,270,717
141190314,806,374,1180
141190315,541,352,893
141190316,652,414,1066
141190401,14,33,47
141190402,58,31,89
141190403,15,32,47
141190404,49,44,93
141190405,26,31,57
141190406,49,94,143
141190407,63,145,208
141190408,48,151,199
141190409,135,287,422
141190410,633,526,1159
141190411,643,516,1159
141190412,415,293,708
141190413,411,562,973
141190414,473,401,874
141190415,340,297,637
141190416,327,342,669
141190417,334,315,649
141190418,697,336,1033
141190419,360,311,671
141190420,445,431,876
141190501,52,182,234
141190502,32,20,52
141190503,120,87,207
141190504,81,120,201
141190505,53,57,110
141190506,51,61,112
141190507,10,14,24
141190508,37,76,113
141190509,19,26,45
141190510,22,38,60
141190511,455,409,864
141190512,436,366,802
141190513,290,328,618
141190514,341,562,903
141190515,368,354,722
141190601,449,793,1242
141190602,526,556,1082
141190603,626,326,952
141190604,362,329,691
141190605,626,648,1274
141190606,646,699,1345
141190607,447,419,866
141190608,386,215,601
141190609,399,342,741
141190610,393,463,856
141190611,342,576,918
141190612,466,425,891
141190613,336,249,585
141190614,219,213,432
141190615,353,326,679
141190616,544,278,822
141190617,484,225,709
141190618,438,391,829
141190619,616,440,1056
141190620,388,641,1029
141190621,374,672,1046
141190701,498,571,1069
141190702,494,483,977
141190703,628,822,1450
141190704,675,493,1168
141190705,566,509,1075
141190706,678,400,1078
141190707,522,305,827
141190708,381,662,1043
141190709,581,444,1025
141190710,571,405,976
141190711,445,273,718
141190712,458,379,837
141190713,535,387,922
141190714,330,367,697
141190801,515,576,1091
141190802,379,370,749
141190803,403,186,589
141190804,422,231,653
141190805,419,278,697
141190806,327,381,708
141190807,374,410,784
141190808,655,418,1073
141190809,631,306,937
141190810,586,325,911
141190811,464,347,811
141190812,537,490,1027
141190813,557,294,851
141190814,516,345,861
141190815,659,541,1200
141190816,348,368,716
141190817,340,478,818
141190901,432,369,801
141190902,373,515,888
141190903,259,255,514
141190904,461,257,718
141190905,401,323,724
141190906,349,293,642
141190907,343,256,599
141190908,402,230,632
141190909,456,263,719
141190910,259,164,423
141190911,484,369,853
141190912,714,370,1084
141190913,283,178,461
141190914,502,418,920
141190915,429,257,686
141190916,613,391,1004
141190917,620,328,948
141260101,26,106,132
141260102,33,113,146
141260103,21,136,157
141260104,12,144,156
141260105,0,33,33
141260106,7,93,100
141260107,25,86,111
141260108,35,153,188
141260109,92,278,370
141260201,8,144,152
141260202,3,22,25
141260203,2,108,110
141260204,20,209,229
141260205,12,59,71
141260206,59,710,769
141260207,12,97,109
141260208,140,480,620
141260301,9,41,50
141260302,0,5,5
141260303,106,270,376
141260304,302,614,916
141260305,26,120,146
141260306,14,113,127
141260307,258,428,686
141260308,409,453,862
141260309,271,227,498
141260310,212,142,354
141260311,356,382,738
141260312,405,316,721
141260313,365,418,783
141260314,402,690,1092
141260401,83,200,283
141260402,12,99,111
141260403,18,82,100
141260404,122,227,349
141260405,55,76,131
141260406,210,245,455
141260501,1,34,35
141260502,23,316,339
141260503,3,9,12
141260504,83,324,407
141260505,39,304,343
141260506,69,182,251
141260507,87,356,443
141260508,379,480,859
141260509,452,813,1265
141260510,362,439,801
141260511,299,561,860
141260512,462,728,1190
141260513,156,404,560
141260514,243,548,791
141260515,148,255,403
141260516,312,485,797
141260517,316,293,609
141260518,109,349,458
141260601,23,181,204
141260602,2,82,84
141260603,136,223,359
141260604,131,220,351
141260605,125,264,389
141260606,4,25,29
141260607,154,249,403
141260608,328,234,562
141260609,269,214,483
141260610,200,335,535
141260611,46,59,105
141260701,185,226,411
141260702,325,368,693
141260703,242,165,407
141260704,297,412,709
141260705,381,289,670
141260706,369,193,562
141260707,346,275,621
141260708,479,355,834
141260709,337,230,567
141260710,215,245,460
141260711,328,347,675
141260712,470,332,802
141260713,131,119,250
141330101,9,59,68
141330102,58,295,353
141330103,108,376,484
141330104,96,317,413
141330105,227,746,973
141330106,12,58,70
141330107,31,87,118
141330108,159,647,806
141330109,97,273,370
141330110,264,664,928
141330111,225,950,1175
141330112,165,810,975
141330201,209,300,509
141330202,87,141,228
141330203,77,119,196
141330204,216,640,856
141330205,38,245,283
141330206,58,212,270
141330207,133,239,372
141330208,301,285,586
141330209,154,128,282
141330210,81,133,214
141330211,281,249,530
141330212,235,250,485
141330213,528,449,977
141330214,344,374,718
141330215,101,76,177
141330216,215,398,613
141330301,71,209,280
141330302,74,319,393
141330303,29,205,234
141330304,58,409,467
141330305,64,347,411
141330306,69,275,344
141330307,428,642,1070
141330308,105,346,451
141330309,154,524,678
141330401,12,58,70
141330402,11,154,165
141330403,22,144,166
141330404,74,123,197
141330405,98,289,387
141330406,31,140,171
141330407,57,193,250
141330408,113,265,378
141330409,410,723,1133
141330410,130,248,378
141330411,189,315,504
141330501,386,675,1061
141330502,291,257,548
141330503,324,336,660
141330504,270,527,797
141330505,277,718,995
141330506,476,544,1020
141330507,431,265,696
141330508,353,276,629
141330509,347,251,598
141330510,625,375,1000
141330511,412,480,892
141330512,412,810,1222
141330513,542,303,845
141330514,177,230,407
141330515,642,747,1389
141330516,364,458,822
141330517,308,491,799
141330601,472,301,773
141330602,658,493,1151
141330603,415,425,840
141330604,407,351,758
141330605,365,553,918
141330606,188,349,537
141330607,285,799,1084
141330608,373,368,741
141330609,382,249,631
141330610,428,294,722
141330611,335,304,639
141330612,198,350,548
141330613,540,607,1147
141330614,520,591,1111
141330615,334,359,693
141330616,283,459,742
141330617,426,201,627
141400101,75,90,165
141400102,59,84,143
141400103,133,236,369
141400104,32,79,111
141400105,29,58,87
141400106,22,40,62
141400107,24,63,87
141400108,46,107,153
141400109,382,389,771
141400110,251,294,545
141400111,307,405,712
141400112,343,363,706
141400113,58,157,215
141400201,20,113,133
141400202,118,175,293
141400203,79,122,201
141400204,156,155,311
141400205,46,76,122
141400206,117,156,273
141400207,20,60,80
141400208,52,169,221
141400209,35,107,142
141400210,25,74,99
141400211,225,266,491
141400212,340,372,712
141400213,174,92,266
141400301,751,538,1289
141400302,653,579,1232
141400303,422,157,579
141400304,413,241,654
141400305,646,343,989
141400306,376,390,766
141400307,453,423,876
141400308,515,528,1043
141400309,363,291,654
141400310,369,354,723
141400311,339,295,634
141400312,603,179,782
141400313,251,113,364
141400401,343,230,573
141400402,415,225,640
141400403,315,175,490
141400404,313,190,503
141400405,340,187,527
141400406,429,214,643
141400407,679,293,972
141400408,657,550,1207
141400409,646,513,1159
141400410,410,327,737
141400411,280,297,577
141400412,504,484,988
141400413,570,729,1299
141400501,84,117,201
141400502,114,179,293
141400503,24,88,112
141400504,39,108,147
141400505,74,152,226
141400506,66,129,195
141400507,10,29,39
141400508,400,406,806
141400509,426,333,759
141400510,160,133,293
141400511,482,537,1019
141400512,390,293,683
141400513,267,283,550
141400514,446,318,764
141400515,492,312,804
141400516,420,374,794
141400517,316,267,583
141400518,238,317,555
141400519,328,254,582
141400520,554,575,1129
141400601,7,33,40
141400602,27,73,100
141400603,10,49,59
141400604,78,220,298
141400605,90,166,256
141400606,54,100,154
141400607,45,115,160
141400608,56,95,151
141400609,34,71,105
141400610,581,560,1141
141400611,345,329,674
141400612,244,372,616
141400613,144,269,413
141400614,325,381,706
141400615,225,244,469
141400616,561,589,1150
141400617,251,235,486
141400618,247,179,426
141400619,433,532,965
141400701,331,420,751
141400702,490,349,839
141400703,386,242,628
141400704,336,167,503
141400705,528,738,1266
141400706,469,706,1175
141400707,248,223,471
141400708,235,155,390
141400709,366,348,714
141400710,648,624,1272
141400711,531,332,863
141400712,307,195,502
141400713,457,501,958
141400714,464,523,987
141400715,387,435,822
141400716,413,333,746
141400717,178,192,370
141400718,500,410,910
141400719,522,376,898
141400720,452,490,942
141400801,198,429,627
141400802,93,297,390
141400803,206,383,589
141400804,275,403,678
141400805,95,208,303
141400806,63,75,138
141400807,124,203,327
141400808,105,182,287
141400809,418,488,906
141400810,335,715,1050
141400811,281,412,693
141400812,574,476,1050
141400813,397,349,746
141400814,401,372,773
141400815,387,328,715
141400816,327,258,585
141400817,486,309,795
141400818,512,499,1011
141400819,531,340,871
141400820,586,395,981
141400821,270,262,532
141400901,81,170,251
141400902,36,77,113
141400903,98,170,268
141400904,183,300,483
141400905,68,145,213
141400906,133,205,338
141400907,38,93,131
141400908,325,475,800
141400909,437,400,837
141400910,485,393,878
141400911,650,341,991
141400912,348,194,542
141400913,460,231,691
141400914,446,523,969
141400915,626,379,1005
141400916,209,352,561
141401001,88,193,281
141401002,67,199,266
141401003,77,209,286
141401004,64,97,161
141401005,77,82,159
141401006,159,252,411
141401007,178,235,413
141401008,207,286,493
141401009,312,298,610
141401010,369,440,809
141401011,413,424,837
141401012,527,450,977
141401013,223,172,395
141401014,299,292,591
141401015,388,386,774
141401016,558,361,919
141401017,418,548,966
141401101,353,77,430
141401102,441,218,659
141401103,695,277,972
141401104,367,202,569
141401105,463,288,751
141401106,356,170,526
141401107,297,220,517
141401108,897,499,1396
141401109,572,191,763
141401110,538,258,796
141401111,381,215,596
141401112,291,210,501
141401113,436,257,693
141401114,409,262,671
141401115,319,149,468
141401116,328,127,455
141401117,300,156,456
141401118,487,239,726
141401119,443,284,727
141401120,636,297,933
141401121,716,203,919
141401201,462,153,615
141401202,335,158,493
141401203,316,585,901
141401204,340,379,719
141401205,687,524,1211
141401206,645,705,1350
141401207,517,280,797
141401208,482,265,747
141401209,403,269,672
141401210,540,552,1092
141401211,529,561,1090
141401212,503,474,977
141401213,372,343,715
141401214,312,230,542
141401215,345,190,535
141401216,344,156,500
141401217,352,174,526
141401218,332,141,473
141401219,345,335,680
141401301,358,157,515
141401302,357,155,512
141401303,318,166,484
141401304,410,261,671
141401305,421,319,740
141401306,370,231,601
141401307,350,173,523
141401308,294,136,430
141401309,353,216,569
141401310,399,186,585
141401311,354,216,570
141401312,297,292,589
141401313,389,352,741
141401314,291,237,528
141401315,573,586,1159
141401316,470,324,794
141401317,547,627,1174
141401318,372,374,746
141401401,648,344,992
141401402,477,291,768
141401403,451,208,659
141401404,400,209,609
141401405,410,268,678
141401406,324,150,474
141401407,342,166,508
141401408,310,135,445
141401409,252,185,437
141401410,301,159,460
141401411,358,244,602
141401412,500,420,920
141401413,790,334,1124
141401414,883,377,1260
141401415,497,426,923
141401416,524,346,870
141401417,371,310,681
141401418,472,368,840
141401419,517,480,997
141401420,310,268,578
141401421,354,303,657
141401422,359,243,602
141401423,575,250,825
141401501,107,144,251
141401502,84,97,181
141401503,71,145,216
141401504,125,203,328
141401505,93,210,303
141401506,46,116,162
141401507,414,311,725
141401508,307,237,544
141401509,355,303,658
141401510,524,337,861
141401511,406,354,760
141401512,580,319,899
141401513,684,668,1352
141401514,147,196,343
141401515,143,158,301
141401601,35,92,127
141401602,44,152,196
141401603,26,134,160
141401604,10,24,34
141401605,112,193,305
141401606,115,169,284
141401607,308,282,590
141401608,388,668,1056
141401609,345,370,715
141401610,498,584,1082
141401611,443,458,901
141401612,331,298,629
141401613,278,243,521
141401614,437,354,791
141401615,298,296,594
141401701,62,140,202
141401702,65,190,255
141401703,32,88,120
141401704,26,53,79
141401705,88,203,291
141401706,59,112,171
141401707,11,52,63
141401708,90,176,266
141401709,147,188,335
141401710,99,135,234
141401711,550,654,1204
141401712,367,212,579
141401713,247,189,436
141401714,510,463,973
141401715,415,554,969
141401716,333,278,611
141401717,370,394,764
141401718,93,174,267
141401719,376,359,735
141401720,263,252,515
141401801,297,309,606
141401802,422,385,807
141401803,389,256,645
141401804,395,290,685
141401805,247,436,683
141401806,461,415,876
141401807,282,290,572
141401808,470,317,787
141401809,413,252,665
141401810,318,161,479
141401811,385,258,643
141401812,356,322,678
141401901,674,407,1081
141401902,321,246,567
141401903,241,149,390
141401904,253,197,450
141401905,289,178,467
141401906,334,239,573
141401907,358,193,551
141401908,325,208,533
141401909,486,355,841
141401910,824,345,1169
141401911,371,270,641
141470101,44,40,84
141470102,340,276,616
141470103,160,418,578
141470104,439,629,1068
141470105,650,533,1183
141470106,389,465,854
141470107,565,561,1126
141470108,330,324,654
141470109,844,661,1505
141470110,553,658,1211
141470111,495,485,980
141470112,396,305,701
141470113,391,326,717
141470114,448,562,1010
141470201,260,274,534
141470202,817,900,1717
141470203,43,140,183
141470204,236,495,731
141470205,252,781,1033
141470206,66,101,167
141470207,511,586,1097
141470208,419,468,887
141470209,373,423,796
141470210,673,670,1343
141470211,373,371,744
141470212,310,395,705
141470213,303,528,831
141470301,33,81,114
141470302,109,193,302
141470303,185,199,384
141470304,202,206,408
141470305,77,152,229
141470306,23,41,64
141470307,176,292,468
141470308,425,814,1239
141470309,466,333,799
141470310,457,473,930
141470311,297,306,603
141470312,252,232,484
141470313,298,95,393
141470314,232,144,376
141470401,78,107,185
141470402,38,71,109
141470403,62,143,205
141470404,19,10,29
141470405,210,311,521
141470406,169,282,451
141470407,545,419,964
141470408,563,406,969
141470409,304,210,514
141470410,294,460,754
141470411,327,337,664
141470412,536,638,1174
141470413,192,305,497
141470501,18,67,85
141470502,26,54,80
141470503,31,86,117
141470504,46,98,144
141470505,24,33,57
141470506,16,22,38
141470507,139,186,325
141470508,293,350,643
141470601,228,183,411
141470602,75,136,211
141470603,204,143,347
141470604,257,80,337
141470605,147,113,260
141470606,256,203,459
141470607,233,110,343
141470608,258,204,462
141470609,185,218,403
141470610,212,245,457
141470701,41,50,91
141470702,10,27,37
141470703,3,39,42
141470704,38,103,141
141470705,1,3,4
141470706,21,69,90
141470707,27,62,89
141470708,36,75,111
141470709,71,109,180
141470710,131,175,306
141470711,132,133,265
141470712,115,69,184
141470713,58,70,128
141470714,229,254,483
141470801,643,164,807
141470802,642,480,1122
141470803,655,598,1253
141470804,441,431,872
141470805,893,780,1673
141470806,768,553,1321
141470807,568,427,995
141470808,520,317,837
141470809,439,228,667
141470810,322,123,445
141470811,474,173,647
141470812,596,533,1129
141470813,437,228,665
141470814,431,242,673
141470815,405,235,640
141470816,305,160,465
141470817,169,92,261
141470901,497,635,1132
141470902,732,785,1517
141470903,681,703,1384
141470904,333,359,692
141470905,384,342,726
141470906,586,480,1066
141470907,283,201,484
141470908,537,381,918
141470909,347,215,562
141470910,347,265,612
141470911,340,269,609
141470912,553,616,1169
141470913,690,457,1147
141470914,424,242,666
141470915,465,301,766
141470916,437,271,708
141470917,369,252,621
141470918,274,484,758
141470919,429,513,942
141471001,446,176,622
141471002,559,296,855
141471003,333,157,490
141471004,411,206,617
141471005,532,305,837
141471006,396,176,572
141471007,383,287,670
141471008,576,586,1162
141471009,375,361,736
141471010,745,460,1205
141471011,524,943,1467
141471012,363,629,992
141471013,416,575,991
141471014,844,651,1495
141471015,550,1135,1685
141540101,13,75,88
141540102,22,118,140
141540103,25,293,318
141540104,43,298,341
141540105,7,51,58
141540106,0,19,19
141540107,11,94,105
141540201,5,166,171
141540202,5,16,21
141540203,6,80,86
141540204,31,116,147
141540205,10,66,76
141540206,14,58,72
141540207,16,80,96
141540208,12,98,110
141540209,113,426,539
141540210,230,470,700
141540211,396,496,892
141540212,75,177,252
141610101,28,50,78
141610102,69,53,122
141610103,61,87,148
141610104,108,118,226
141610105,80,134,214
141610106,42,33,75
141610107,48,49,97
141610108,55,49,104
141610109,64,63,127
141610110,62,116,178
141610111,35,61,96
141610112,355,466,821
141610113,469,375,844
141610114,260,216,476
141610115,262,263,525
141610116,389,343,732
141610117,416,482,898
141610201,52,72,124
141610202,39,81,120
141610203,25,30,55
141610204,37,33,70
141610205,22,29,51
141610206,41,60,101
141610207,334,308,642
141610208,395,288,683
141610209,423,290,713
141610210,334,238,572
141610211,308,300,608
141610212,294,265,559
141610213,323,319,642
141610214,305,346,651
141610215,208,326,534
141610216,246,389,635
141610301,117,143,260
141610302,42,64,106
141610303,56,79,135
141610304,68,142,210
141610305,123,300,423
141610306,337,493,830
141610307,474,509,983
141610308,275,263,538
141610309,273,337,610
141610310,512,386,898
141610311,294,237,531
141610312,186,240,426
141610313,246,233,479
141610401,63,102,165
141610402,61,62,123
141610403,45,31,76
141610404,45,62,107
141610405,113,117,230
141610406,89,72,161
141610407,115,122,237
141610408,29,20,49
141610409,75,85,160
141610410,62,129,191
141610411,155,141,296
141610412,351,376,727
141610413,365,319,684
141610501,40,31,71
141610502,28,45,73
141610503,120,154,274
141610504,32,44,76
141610505,45,86,131
141610506,291,453,744
141610507,570,456,1026
141610508,287,261,548
141610509,436,283,719
141610510,293,195,488
141610511,377,296,673
141610512,271,355,626
141610601,360,364,724
141610602,487,444,931
141610603,759,335,1094
141610604,630,265,895
141610605,368,195,563
141610606,557,391,948
141610607,545,348,893
141610608,299,247,546
141610609,327,294,621
141610610,408,329,737
141610611,380,205,585
141610612,372,271,643
141610613,453,386,839
141610614,289,418,707
141610701,454,214,668
141610702,342,181,523
141610703,481,335,816
141610704,237,152,389
141610705,267,148,415
141610706,380,381,761
141610707,320,322,642
141610708,331,506,837
141610709,516,300,816
141610710,400,257,657
141610711,336,195,531
141610712,492,545,1037
141610713,549,342,891
141610714,376,414,790
141610715,721,516,1237
141610801,387,298,685
141610802,203,187,390
141610803,300,210,510
141610804,265,181,446
141610805,228,147,375
141610806,287,213,500
141610807,438,358,796
141610808,369,238,607
141610809,317,171,488
141610810,435,299,734
141610811,230,221,451
141610812,283,165,448
141610813,262,174,436
141610814,404,221,625
141610815,362,306,668
141610816,331,216,547
141610817,533,382,915
141610901,323,434,757
141610902,426,623,1049
141610903,449,387,836
141610904,341,429,770
141610905,358,397,755
141610906,516,517,1033
141610907,530,247,777
141610908,483,169,652
141610909,357,272,629
141610910,330,225,555
141610911,531,201,732
141610912,519,230,749
141610913,537,197,734
141610914,310,218,528
141610915,477,311,788
141610916,321,182,503
141610917,390,194,584
141610918,504,288,792
141610919,410,208,618
141610920,323,232,555
141610921,613,385,998
141610922,747,235,982
141610923,303,320,623
141611001,321,181,502
141611002,455,272,727
141611003,359,253,612
141611004,359,158,517
141611005,339,187,526
141611006,449,237,686
141611007,526,394,920
141611008,399,299,698
141611009,335,198,533
141611010,281,148,429
141611011,343,154,497
141611012,580,254,834
141611013,342,185,527
141611014,361,145,506
141611015,310,193,503
141611016,370,251,621
141611017,565,358,923
141611018,758,169,927
141611019,771,232,1003
141611020,387,328,715
141611021,468,319,787
141611101,647,539,1186
141611102,357,381,738
141611103,298,250,548
141611104,476,401,877
141611105,457,202,659
141611106,484,206,690
141611107,415,161,576
141611108,241,231,472
141611109,255,226,481
141611110,350,440,790
141611111,659,522,1181
141611112,609,275,884
141611113,402,269,671
141611114,428,292,720
141611115,534,170,704
141611116,643,419,1062
141611117,330,389,719
141680101,23,111,134
141680102,12,121,133
141680103,21,64,85
141680104,8,27,35
141680105,12,44,56
141680106,26,92,118
141680107,36,73,109
141680108,84,169,253
141680109,12,68,80
141680110,99,215,314
141680111,275,422,697
141680112,357,436,793
141680113,161,353,514
141680114,433,661,1094
141680201,45,107,152
141680202,116,158,274
141680203,19,56,75
141680204,324,160,484
141680205,283,209,492
141680206,283,243,526
141680207,408,478,886
141680208,471,425,896
141680209,376,386,762
141680210,346,289,635
141680211,542,313,855
141680212,385,495,880
141680213,378,318,696
141680214,342,307,649
141680301,9,65,74
141680302,40,151,191
141680303,75,209,284
141680304,39,98,137
141680305,65,149,214
141680306,27,47,74
141680307,50,113,163
141680308,18,39,57
141680309,23,124,147
141680310,19,134,153
141680311,555,650,1205
141680312,275,457,732
141680313,665,553,1218
141750101,9,101,110
141750102,3,69,72
141750103,9,150,159
141750104,12,57,69
141750105,25,117,142
141750106,10,68,78
141750107,26,168,194
141750108,27,83,110
141750109,25,107,132
141750110,94,636,730
141750111,176,444,620
141750112,82,220,302
141750113,260,391,651
141750114,323,411,734
141750201,48,361,409
141750202,58,386,444
141750203,32,125,157
141750204,27,170,197
141750205,8,98,106
141750206,49,151,200
141750207,24,95,119
141750208,19,186,205
141750209,109,319,428
141750210,19,171,190
141750211,21,161,182
141750212,287,465,752
141750213,295,491,786
141750214,281,488,769
141750215,286,452,738
141750216,274,249,523
141750217,290,365,655
141750218,343,695,1038
141750219,0,1,1
141820101,50,122,172
141820102,69,124,193
141820103,44,98,142
141820104,53,101,154
141820105,66,144,210
141820106,83,243,326
141820107,61,153,214
141820108,70,173,243
141820109,61,86,147
141820110,114,178,292
141820111,265,235,500
141820112,393,294,687
141820113,351,346,697
141820114,184,225,409
141820115,237,317,554
141820116,472,490,962
141820117,258,389,647
141820118,400,295,695
141820119,424,315,739
141820120,501,392,893
141820121,323,247,570
141820201,90,131,221
141820202,163,230,393
141820203,94,214,308
141820204,29,80,109
141820205,31,71,102
141820206,335,413,748
141820207,418,361,779
141820208,278,276,554
141820209,414,410,824
141820210,319,456,775
141820211,357,462,819
141820212,213,286,499
141820213,584,417,1001
141820214,218,228,446
141820301,60,118,178
141820302,19,43,62
141820303,97,107,204
141820304,48,87,135
141820305,37,63,100
141820306,94,83,177
141820307,519,393,912
141820308,315,374,689
141820309,246,196,442
141820310,517,658,1175
141820401,62,60,122
141820402,177,165,342
141820403,105,143,248
141820404,37,62,99
141820405,55,47,102
141820406,92,91,183
141820407,57,61,118
141820408,167,198,365
141820409,346,326,672
141820410,397,254,651
141820411,460,413,873
141820412,247,438,685
141820413,449,481,930
141820414,373,271,644
141820415,441,435,876
141820501,43,43,86
141820502,37,44,81
141820503,9,11,20
141820504,21,42,63
141820505,95,116,211
141820506,31,31,62
141820507,25,26,51
141820508,34,50,84
141820509,391,196,587
141820510,271,181,452
141820511,525,326,851
141820512,322,402,724
141820513,333,361,694
141820514,278,235,513
141820515,394,279,673
141820516,279,476,755
141820517,234,235,469
141820518,562,387,949
141820519,229,147,376
141820520,297,286,583
141820521,299,341,640
141820601,42,29,71
141820602,71,57,128
141820603,34,34,68
141820604,54,90,144
141820605,60,48,108
141820606,3,15,18
141820607,459,440,899
141820608,244,288,532
141820609,963,462,1425
141820610,370,350,720
141820611,317,209,526
141820612,455,503,958
141820613,396,210,606
141820614,206,148,354
141820615,441,360,801
141820616,377,275,652
141820617,298,257,555
141820618,218,131,349
141820619,152,203,355
141820701,15,52,67
141820702,52,163,215
141820703,47,90,137
141820704,17,49,66
141820705,39,97,136
141820706,30,66,96
141820707,148,258,406
141820708,59,103,162
141820709,40,86,126
141820710,50,52,102
141820711,233,435,668
141820712,196,178,374
141820713,226,279,505
141820714,318,311,629
141820715,453,429,882
141820716,334,349,683
141820801,311,406,717
141820802,500,275,775
141820803,571,337,908
141820804,393,230,623
141820805,599,297,896
141820806,748,275,1023
141820807,401,166,567
141820808,303,135,438
141820809,599,251,850
141820810,511,280,791
141820811,357,152,509
141820812,193,83,276
141820901,606,284,890
141820902,635,531,1166
141820903,502,533,1035
141820904,324,310,634
141820905,405,351,756
141820906,363,254,617
141820907,368,310,678
141820908,545,647,1192
141820909,499,509,1008
141820910,529,464,993
141820911,407,287,694
141821001,363,156,519
141821002,514,267,781
141821003,334,231,565
141821004,430,546,976
141821005,232,339,571
141821006,349,309,658
141821007,399,325,724
141821008,266,184,450
141821009,392,391,783
141821010,456,589,1045
141821101,286,122,408
141821102,395,190,585
141821103,296,112,408
141821104,351,150,501
141821105,286,153,439
141821106,431,385,816
141821107,379,172,551
141821108,446,388,834
141821109,599,782,1381
141821110,566,431,997
141821201,420,251,671
141821202,282,176,458
141821203,452,238,690
141821204,561,502,1063
141821205,358,317,675
141821206,560,519,1079
141821207,465,275,740
141821208,420,181,601
141821209,367,245,612
141821210,456,147,603
141821211,597,254,851
141821301,460,444,904
141821302,489,381,870
141821303,361,234,595
141821304,445,306,751
141821305,309,192,501
141821306,380,324,704
141821307,391,505,896
141821308,168,250,418
141821309,225,219,444
141821310,201,274,475
141821311,321,470,791
141821312,321,484,805
180070101,397,822,1219
180070102,187,412,599
180070103,440,542,982
180070104,371,363,734
180070105,432,484,916
180070106,562,460,1022
180070107,357,169,526
180070108,498,336,834
180070109,457,550,1007
180070110,295,460,755
180070111,285,499,784
180070112,391,433,824
180070113,585,374,959
180070114,329,515,844
180070115,410,699,1109
180070116,366,614,980
180070117,445,455,900
180070118,462,343,805
180070119,389,545,934
180070120,374,403,777
180070121,343,469,812
180070122,337,605,942
180070123,390,438,828
180070124,507,430,937
180070125,540,474,1014
180070201,50,235,285
180070202,30,159,189
180070203,71,284,355
180070204,39,308,347
180070205,23,201,224
180070206,58,207,265
180070207,25,240,265
180070208,68,223,291
180070209,16,268,284
180070210,5,74,79
180070211,31,194,225
180070212,51,209,260
180070213,516,495,1011
180070214,763,882,1645
180070215,587,497,1084
180070216,218,493,711
180070217,171,441,612
180070218,206,424,630
180070301,116,651,767
180070302,13,141,154
180070303,11,141,152
180070304,34,392,426
180070305,78,330,408
180070401,21,78,99
180070501,12,104,116
180070502,6,63,69
180070503,6,16,22
180070504,19,87,106
180070505,13,78,91
180070506,17,156,173
180070601,56,439,495
180070602,44,346,390
180070701,38,199,237
180070702,60,369,429
180070801,0,9,9
180070802,2,34,36
180140101,109,289,398
180140102,166,258,424
180140103,133,387,520
180140201,15,131,146
180140202,2,29,31
180140203,3,17,20
180140301,24,256,280
180140302,9,69,78
180140303,20,153,173
180140401,33,166,199
180140402,5,37,42
180140501,0,0,0
180140502,0,0,0
180210101,847,289,1136
180210102,647,173,820
180210103,865,218,1083
180210104,617,164,781
180210105,538,136,674
180210106,676,143,819
180210107,475,105,580
180210108,446,107,553
180210109,533,125,658
180210110,377,77,454
180210111,460,109,569
180210112,302,109,411
180210113,962,275,1237
180210114,798,213,1011
180210115,968,259,1227
180210116,451,115,566
180210117,854,262,1116
180210118,746,179,925
180210201,823,187,1010
180210202,501,183,684
180210203,668,164,832
180210204,433,107,540
180210205,544,103,647
180210206,573,124,697
180210207,686,186,872
180210208,628,162,790
180210209,530,119,649
180210210,627,169,796
180210211,507,123,630
180210212,481,113,594
180210213,429,138,567
180210214,787,163,950
180210215,504,133,637
180210216,539,125,664
180210217,690,137,827
180210218,340,89,429
180210301,388,752,1140
180210302,538,486,1024
180210303,773,634,1407
180210304,803,1227,2030
180210305,624,914,1538
180210306,536,499,1035
180210307,376,649,1025
180210308,530,634,1164
180210309,471,779,1250
180210310,503,571,1074
180210311,454,358,812
180210312,556,507,1063
180210313,382,358,740
180210314,428,907,1335
180210315,520,761,1281
180210316,600,574,1174
180210317,890,754,1644
180210318,445,245,690
180210319,571,222,793
180210320,643,266,909
180210321,444,224,668
180210401,913,791,1704
180210402,657,103,760
180210403,1182,689,1871
180210404,802,762,1564
180210405,504,486,990
180210406,609,941,1550
180210407,797,876,1673
180210408,488,438,926
180210409,630,627,1257
180210410,656,562,1218
180210411,1081,696,1777
180210412,450,350,800
180210413,598,421,1019
180210414,742,396,1138
180210415,497,416,913
180210416,511,204,715
180210417,643,303,946
180210418,406,284,690
180210419,286,78,364
180210420,248,134,382
180210421,559,368,927
180210422,470,340,810
180210501,487,94,581
180210502,558,182,740
180210503,735,208,943
180210504,663,311,974
180210505,371,223,594
180210506,608,439,1047
180210507,668,532,1200
180210508,404,254,658
180210509,585,388,973
180210510,566,288,854
180210511,629,388,1017
180210512,883,433,1316
180210513,642,435,1077
180210514,529,348,877
180210515,428,281,709
180210516,378,286,664
180210601,438,333,771
180210602,463,397,860
180210603,603,453,1056
180210604,794,636,1430
180210605,760,444,1204
180210606,1157,958,2115
180210607,630,358,988
180210608,602,344,946
180210609,802,501,1303
180210610,637,360,997
180210611,523,190,713
180210612,769,525,1294
180210613,643,532,1175
180210614,684,692,1376
180210615,582,563,1145
180210616,649,525,1174
180210701,498,928,1426
180210702,471,560,1031
180210703,914,988,1902
180210704,798,422,1220
180210705,725,375,1100
180210706,487,334,821
180210707,1132,407,1539
180210708,1080,1063,2143
180210709,798,494,1292
180210710,685,822,1507
180210711,592,1095,1687
180210712,879,567,1446
180210713,789,424,1213
180210714,681,373,1054
180210715,443,710,1153
180210716,540,316,856
180210801,340,247,587
180210802,540,505,1045
180210803,561,262,823
180210804,449,159,608
180210805,440,216,656
180210806,608,233,841
180210807,436,147,583
180210808,451,152,603
180210809,759,424,1183
180210810,765,417,1182
180210811,1031,753,1784
180210812,403,398,801
180210813,423,456,879
180210901,401,82,483
180210902,444,91,535
180210903,615,175,790
180210904,488,128,616
180210905,532,344,876
180210906,937,422,1359
180210907,901,469,1370
180210908,851,304,1155
180210909,636,135,771
180210910,505,153,658
180210911,412,78,490
180210912,750,389,1139
180210913,430,173,603
180210914,618,226,844
180210915,525,205,730
180211001,474,524,998
180211002,608,530,1138
180211003,471,644,1115
180211004,513,687,1200
180211005,381,568,949
180211006,930,929,1859
180211007,690,551,1241
180211101,383,799,1182
180211102,11,63,74
180211103,192,390,582
180211104,142,197,339
180211105,216,354,570
180211106,482,831,1313
180211107,572,685,1257
180211108,406,516,922
180211109,442,623,1065
180211110,320,414,734
180211201,32,63,95
180211202,48,115,163
180211203,11,112,123
180211204,24,118,142
180211205,189,500,689
180211206,190,359,549
180211207,120,336,456
180211208,500,806,1306
180211209,708,1106,1814
180211210,333,968,1301
180211211,344,848,1192
180211212,410,872,1282
180211213,49,341,390
180211301,416,863,1279
180211302,171,409,580
180211303,60,130,190
180211304,17,27,44
180211305,179,256,435
180211306,269,463,732
180211307,254,484,738
180211401,0,6,6
180211402,7,29,36
180211501,602,548,1150
180211502,616,146,762
180211503,330,84,414
180211504,376,69,445
180211505,590,259,849
180211506,450,310,760
180211507,462,341,803
180211508,507,390,897
180211509,496,208,704
180211510,464,130,594
180211511,1022,398,1420
180211512,585,252,837
180211513,587,269,856
180211514,595,302,897
180211515,509,235,744
180211516,931,753,1684
180211601,327,403,730
180211602,350,424,774
180211603,769,686,1455
180211604,1052,804,1856
180211605,410,245,655
180211606,395,300,695
180211607,512,251,763
180211608,570,309,879
180211609,630,307,937
180211610,380,330,710
180211611,591,347,938
180211612,463,388,851
180211613,502,530,1032
180211614,536,469,1005
180211615,707,570,1277
180211616,712,642,1354
180211701,459,435,894
180211702,721,619,1340
180211703,698,967,1665
180211704,577,560,1137
180211705,569,287,856
180211706,835,703,1538
180211707,531,241,772
180211708,670,392,1062
180211709,576,527,1103
180211710,701,418,1119
180211711,690,315,1005
180211712,492,243,735
180211713,745,484,1229
180211714,542,248,790
180211715,612,363,975
180211716,540,263,803
180211717,528,451,979
180211718,848,832,1680
180211801,873,817,1690
180211802,740,387,1127
180211803,1048,559,1607
180211804,809,1040,1849
180211805,593,426,1019
180211806,469,545,1014
180211807,825,731,1556
180211808,886,763,1649
180211809,1061,1169,2230
180211810,588,338,926
180211811,798,538,1336
180211812,1184,767,1951
180211813,955,674,1629
180211901,550,257,807
180211902,641,336,977
180211903,489,156,645
180211904,406,90,496
180211905,587,663,1250
180211906,466,504,970
180211907,440,517,957
180211908,780,736,1516
180211909,712,243,955
180211910,232,67,299
180211911,612,315,927
180211912,1002,562,1564
180211913,392,380,772
180211914,446,456,902
180211915,565,507,1072
180211916,439,295,734
180211917,346,313,659
180211918,523,546,1069
180212001,754,550,1304
180212002,792,748,1540
180212003,853,656,1509
180212004,540,580,1120
180212005,501,507,1008
180212006,816,519,1335
180212007,773,282,1055
180212008,741,167,908
180212009,649,434,1083
180212010,643,606,1249
180212011,869,735,1604
180212012,618,465,1083
180212013,666,609,1275
180212101,670,496,1166
180212102,571,235,806
180212103,785,751,1536
180212104,779,303,1082
180212105,397,111,508
180212106,935,1094,2029
180212107,726,594,1320
180212108,678,838,1516
180212109,492,469,961
180212110,801,681,1482
180212111,852,645,1497
180212112,641,1009,1650
180212201,280,291,571
180212202,492,517,1009
180212203,527,904,1431
180212204,693,1205,1898
180212205,415,928,1343
180212206,402,881,1283
180212207,716,1251,1967
180212208,497,590,1087
180212209,720,791,1511
180212210,632,609,1241
180212211,767,747,1514
180212212,1035,822,1857
180212301,746,1197,1943
180212302,932,589,1521
180212303,853,742,1595
180212304,725,555,1280
180212305,911,898,1809
180212306,624,496,1120
180212307,814,713,1527
180212308,718,511,1229
180212309,827,614,1441
180212310,858,766,1624
180212311,862,751,1613
180212312,734,927,1661
180212313,1020,532,1552
180212314,172,308,480
180280101,478,1020,1498
180280102,139,449,588
180280103,347,685,1032
180280201,4,77,81
180280202,9,98,107
180280301,438,1717,2155
180280302,7,32,39
180280303,59,252,311
180280304,0,16,16
180280305,2,59,61
180280306,1,189,190
180280307,16,146,162
180280308,22,668,690
180280309,331,1143,1474
180280310,357,622,979
180280311,361,875,1236
180280312,535,1608,2143
180280401,311,541,852
180280402,15,68,83
180280403,33,168,201
180280404,6,22,28
180280405,90,473,563
180280406,92,490,582
180280407,50,424,474
180280408,55,219,274
180280409,79,300,379
180280410,9,132,141
180280411,43,182,225
180280412,163,504,667
180280413,64,455,519
180280501,5,56,61
180280502,10,41,51
180280503,9,40,49
180280601,5,79,84
180280602,1,21,22
180280603,7,49,56
180280604,37,271,308
180280605,2,36,38
180280606,4,56,60
180280701,18,178,196
180280702,257,370,627
180280703,1,63,64
180280704,2,52,54
180280705,4,70,74
180280706,8,47,55
180280707,0,46,46
180350101,337,652,989
180350102,156,574,730
180350103,311,925,1236
180350104,346,539,885
180350105,542,285,827
180350106,298,117,415
180350107,285,244,529
180350108,276,194,470
180350109,286,448,734
180350110,184,469,653
180350111,235,901,1136
180350112,238,536,774
180350113,260,417,677
180350114,3,9,12
180350115,227,627,854
180350116,169,583,752
180350201,25,75,100
180350301,29,131,160
180350302,27,98,125
180350303,15,104,119
180350401,25,59,84
180350402,8,91,99
180350501,30,285,315
180350502,44,200,244
180350503,11,40,51
180350601,5,55,60
180350602,5,67,72
180350603,32,378,410
180350701,16,135,151
180350702,11,58,69
180350801,10,60,70
180350802,27,192,219
180350901,8,62,70
180350902,7,90,97
180351001,11,34,45
180351002,3,20,23
180351101,69,454,523
180351102,18,80,98
180351201,10,134,144
180351202,2,51,53
180351203,7,77,84
180351301,30,157,187
180351302,5,51,56
180351303,9,255,264
180351401,20,490,510
180351402,9,140,149
180351501,308,787,1095
180351502,180,924,1104
180351503,4,97,101
180351504,18,92,110
180351505,20,57,77
180351506,27,371,398
180351507,1,23,24
180351508,2,72,74
180351509,6,92,98
180351510,294,456,750
180351511,332,398,730
180351601,6,60,66
180351602,11,74,85
180351701,0,34,34
180351702,3,34,37
180351801,666,743,1409
180351802,601,725,1326
180351803,304,314,618
180351804,190,516,706
180351805,431,550,981
180351806,211,312,523
180351807,388,570,958
180351808,534,733,1267
180351809,487,581,1068
180351810,370,816,1186
180351811,160,519,679
180351901,121,324,445
180351902,246,553,799
180351903,425,862,1287
180351904,409,773,1182
180351905,374,653,1027
180351906,277,228,505
180351907,306,186,492
180351908,191,232,423
180351909,259,308,567
180351910,254,484,738
180351911,302,156,458
180351912,443,310,753
180351913,363,722,1085
180420101,369,502,871
180420102,629,541,1170
180420103,341,410,751
180420104,570,709,1279
180420105,297,473,770
180420106,205,669,874
180420107,475,553,1028
180420108,494,461,955
180420109,343,476,819
180420201,2,35,37
180420202,30,189,219
180420203,9,21,30
180420204,10,103,113
180420301,61,344,405
180420302,5,64,69
180420303,17,55,72
180420304,112,345,457
180420305,33,136,169
180420306,10,200,210
180420307,189,378,567
180420308,1,78,79
180420401,8,156,164
180420402,5,38,43
180420403,4,171,175
180420404,0,83,83
180420405,5,100,105
180420501,26,301,327
180420502,70,160,230
180420503,17,228,245
180420504,27,468,495
180420505,20,86,106
180420506,62,602,664
180420507,223,345,568
180420601,0,4,4
180420602,0,52,52
180420603,0,0,0
180490101,271,622,893
180490102,230,696,926
180490103,551,940,1491
180490104,545,868,1413
180490105,278,331,609
180490106,251,254,505
180490107,409,288,697
180490108,351,203,554
180490109,445,567,1012
180490110,535,386,921
180490111,298,316,614
180490112,328,323,651
180490113,523,1025,1548
180490114,265,548,813
180490115,234,546,780
180490116,613,700,1313
180490117,415,657,1072
180490118,261,371,632
180490201,7,128,135
180490202,51,403,454
180490203,15,243,258
180490204,9,71,80
180490205,0,53,53
180490206,3,21,24
180490207,324,465,789
180490301,210,828,1038
180490302,8,13,21
180490303,11,67,78
180490304,9,129,138
180490305,17,145,162
180490306,53,689,742
180490307,52,284,336
180490308,316,560,876
180490401,12,238,250
180490402,12,228,240
180490403,10,96,106
180490404,0,124,124
180490405,6,162,168
180490501,54,247,301
180490502,0,54,54
180490503,0,4,4
180490601,14,38,52
180490602,0,29,29
180490603,1,65,66
180490701,705,1737,2442
180490702,30,424,454
180490703,59,494,553
180490704,72,718,790
180490705,4,48,52
180490801,0,153,153
180490802,7,252,259
180490901,0,41,41
180490902,8,205,213
180490903,4,76,80
180490904,6,78,84
180491001,18,467,485
180491002,33,134,167
180491003,4,51,55
180491101,0,57,57
180560101,229,580,809
180560102,250,444,694
180560103,336,762,1098
180560104,419,599,1018
180560105,239,274,513
180560106,223,192,415
180560107,237,194,431
180560108,155,269,424
180560109,213,225,438
180560110,88,312,400
180560201,70,239,309
180560202,3,104,107
180560301,55,224,279
180560302,3,35,38
180560303,6,43,49
180560401,4,106,110
180560402,7,28,35
180560403,2,29,31
180560404,0,11,11
180560501,0,32,32
180560502,4,18,22
180560503,2,51,53
180560504,4,9,13
180560601,0,15,15
180560602,0,7,7
180560603,0,5,5
180560604,8,23,31
180560605,0,4,4
180630101,615,945,1560
180630102,496,671,1167
180630103,214,577,791
180630104,319,669,988
180630201,256,332,588
180630202,515,588,1103
180630203,16,93,109
180630204,114,364,478
180630205,213,475,688
180630206,279,585,864
180630301,39,433,472
180630302,4,75,79
180630303,32,190,222
180630304,11,111,122
180630401,84,261,345
180630402,8,98,106
180630403,3,26,29
180630404,11,48,59
180630405,2,9,11
180630406,23,104,127
180630407,4,28,32
180630408,11,18,29
180630501,18,115,133
180630502,29,121,150
180630503,4,218,222
180630504,0,63,63
180630601,2,74,76
180630602,6,93,99
180630603,0,17,17
180630701,53,413,466
180630702,17,88,105
180630703,24,182,206
180630704,37,298,335
180630705,17,308,325
180630706,10,138,148
180630801,20,77,97
180630802,26,270,296
180630803,19,151,170
180630804,22,345,367
180630805,20,264,284
180630806,119,360,479
180630901,0,1,1
180700101,461,311,772
180700102,455,197,652
180700103,477,308,785
180700104,326,338,664
180700105,351,363,714
180700106,416,402,818
180700107,452,271,723
180700108,394,290,684
180700109,363,337,700
180700110,420,439,859
180700111,543,551,1094
180700112,318,491,809
180700113,311,486,797
180700114,427,297,724
180700115,460,516,976
180700116,269,439,708
180700117,267,474,741
180700118,110,234,344
180700201,217,327,544
180700202,116,592,708
180700203,150,418,568
180700204,83,212,295
180700205,7,87,94
180700206,23,115,138
180700207,15,88,103
180700208,1,9,10
180700209,27,178,205
180700210,0,12,12
180700301,112,503,615
180700302,31,330,361
180700303,12,99,111
180700401,5,88,93
180700402,20,121,141
180700403,1,73,74
180700404,3,86,89
180700501,20,234,254
180700502,10,128,138
180700503,0,24,24
180700601,0,106,106
180700602,2,32,34
180700603,2,116,118
180700701,4,94,98
180700702,3,21,24
180700703,0,66,66
180700801,20,212,232
180700802,6,188,194
180700803,19,225,244
180700804,30,296,326
180700901,3,166,169
180700902,22,200,222
180701001,6,93,99
180701002,22,170,192
180701003,36,403,439
180701004,15,190,205
180701005,24,474,498
180701101,21,356,377
180701102,15,424,439
180701201,163,497,660
180701202,26,271,297
180701203,33,144,177
180701204,13,329,342
180701301,35,368,403
180701302,11,141,152
180701303,153,502,655
180701304,1,43,44
180701401,47,390,437
180701402,28,362,390
180701403,26,463,489
180701404,20,262,282
180701501,13,231,244
180701502,45,204,249
180701503,27,380,407
180701504,1,38,39
180701505,11,127,138
180701506,746,581,1327
180701507,570,567,1137
180701508,813,702,1515
180701509,611,695,1306
180701601,58,229,287
180701602,10,114,124
180701603,14,154,168
180701604,20,205,225
180701605,39,171,210
180701606,13,199,212
180701607,46,273,319
180701701,22,193,215
180701702,8,43,51
180701703,43,164,207
180701704,10,53,63
180701801,54,167,221
180701802,62,199,261
180701803,75,192,267
180701901,0,17,17
180701902,51,531,582
180701903,1,25,26
180701904,2,52,54
180701905,6,53,59
180701906,0,0,0
180701907,3,10,13
180701908,0,10,10
180701909,4,63,67
180702001,445,363,808
180702002,429,311,740
180702003,370,323,693
180702004,701,461,1162
180702005,552,356,908
180702006,436,469,905
180702007,396,410,806
180702008,521,498,1019
180702009,476,290,766
180702010,371,347,718
180702011,386,196,582
180702012,440,219,659
180702013,412,373,785
180702014,335,210,545
180702015,349,150,499
180702016,527,148,675
180702101,361,313,674
180702102,28,35,63
180702103,760,628,1388
180702104,441,818,1259
180702105,455,563,1018
180702106,332,427,759
180702107,136,199,335
180702108,193,507,700
180702109,396,723,1119
180702110,393,489,882
180702111,295,527,822
180702112,355,710,1065
180702113,305,1078,1383
180702114,368,426,794
180702115,519,939,1458
180702116,408,714,1122
180702117,296,746,1042
180702201,564,998,1562
180702202,338,955,1293
180702203,423,537,960
180702204,571,882,1453
180702205,211,581,792
180702206,462,677,1139
180702207,358,319,677
180702208,304,601,905
180702209,403,333,736
180702210,821,791,1612
180702211,2,98,100
180702212,628,653,1281
180702213,552,621,1173
180702214,320,745,1065
180702215,563,1066,1629
180702216,400,795,1195
180702217,544,488,1032
180702218,352,825,1177
180770101,225,504,729
180770102,186,312,498
180770103,394,657,1051
180770104,442,584,1026
180770105,246,462,708
180770106,280,536,816
180770201,200,434,634
180770202,63,201,264
180770203,27,183,210
180770204,99,244,343
180770205,83,162,245
180770206,1,35,36
180770207,8,47,55
180770208,266,344,610
180770301,106,451,557
180770302,11,204,215
180770401,13,65,78
180770402,37,230,267
180770501,3,78,81
180770502,14,88,102
180770503,4,10,14
180770601,0,0,0
180770602,0,1,1
180770603,0,0,0
180840101,446,858,1304
180840102,384,400,784
180840103,361,478,839
180840104,303,317,620
180840105,372,352,724
180840106,416,483,899
180840107,532,836,1368
180840108,434,596,1030
180840109,385,289,674
180840110,412,293,705
180840111,400,270,670
180840112,598,400,998
180840113,658,88,746
180840114,729,266,995
180840115,778,254,1032
180840116,809,321,1130
180840117,210,156,366
180840118,851,865,1716
180840201,247,913,1160
180840202,18,45,63
180840203,63,175,238
180840204,166,382,548
180840205,228,678,906
180840206,6,15,21
180840301,49,218,267
180840302,13,42,55
180840303,0,11,11
180840304,3,18,21
180840305,2,10,12
180840306,2,69,71
180840401,0,4,4
180840402,10,8,18
180840403,27,44,71
180840404,11,19,30
180840501,14,74,88
180840502,12,81,93
180840503,16,79,95
180840601,6,58,64
180840602,3,26,29
180840603,7,37,44
180840701,7,105,112
180840702,5,29,34
180840703,14,24,38
180840801,1,9,10
180840802,11,48,59
180840901,10,63,73
180840902,8,56,64
180840903,25,66,91
180841001,226,380,606
180841002,205,560,765
180841003,180,473,653
180841004,114,280,394
180841005,38,94,132
180841006,7,29,36
180841007,42,207,249
180841008,7,25,32
180841009,6,14,20
180841101,390,504,894
180841102,106,161,267
180841103,14,85,99
180841104,32,256,288
180841105,60,458,518
180841106,5,58,63
180841107,11,32,43
180841108,8,111,119
180841109,508,712,1220
180841201,349,600,949
180841202,16,100,116
180841203,62,453,515
180841204,7,99,106
180841205,1,7,8
180841206,0,0,0
180841207,0,0,0
180910101,498,663,1161
180910102,323,391,714
180910103,240,278,518
180910104,210,699,909
180910105,237,911,1148
180910106,431,705,1136
180910107,325,683,1008
180910108,351,481,832
180910109,323,442,765
180910110,320,1404,1724
180910201,165,466,631
180910202,31,380,411
180910203,115,812,927
180910204,37,427,464
180910205,11,45,56
180910206,29,465,494
180910207,101,523,624
180910208,206,441,647
180910209,268,716,984
180910210,92,403,495
180910211,50,359,409
180910212,12,226,238
180910301,107,448,555
180910302,36,294,330
180910303,27,379,406
180910304,4,115,119
180910305,31,205,236
180910401,82,427,509
180910402,24,303,327
180910403,44,209,253
180910404,28,235,263
180910405,25,418,443
180910406,26,147,173
180910407,0,80,80
180910501,1,80,81
180910502,1,55,56
180910503,11,258,269
180910504,14,143,157
180910505,1,39,40
180910506,0,50,50
180910601,2,36,38
180910602,4,23,27
180910603,3,30,33
180910701,210,404,614
180910702,18,195,213
180910703,52,361,413
180910704,62,482,544
180910705,9,143,152
180910706,264,751,1015
180910801,10,125,135
180910802,104,669,773
180910803,71,892,963
180910804,46,547,593
180910805,15,174,189
180910806,38,387,425
180910901,0,7,7
180910902,0,1,1
180910903,0,0,0
180980101,357,499,856
180980102,407,514,921
180980103,313,1007,1320
180980104,267,358,625
180980105,214,339,553
180980106,278,545,823
180980107,184,615,799
180980201,23,336,359
180980202,27,201,228
180980203,118,565,683
180980301,37,206,243
180980302,23,421,444
180980303,9,149,158
180980304,17,213,230
180980401,2,7,9
180980402,13,62,75
180980403,8,179,187
180980501,15,40,55
180980502,9,58,67
180980503,2,39,41
181050101,271,734,1005
181050102,305,706,1011
181050103,324,879,1203
181050104,368,668,1036
181050105,219,525,744
181050106,442,873,1315
181050107,517,1153,1670
181050108,200,250,450
181050109,460,461,921
181050110,527,285,812
181050111,259,181,440
181050112,390,538,928
181050113,525,856,1381
181050114,681,689,1370
181050115,357,143,500
181050201,21,28,49
181050202,69,173,242
181050203,47,77,124
181050204,612,552,1164
181050301,15,31,46
181050302,54,72,126
181050401,17,50,67
181050402,1,22,23
181050501,9,29,38
181050502,4,46,50
181050503,10,27,37
181050601,1,79,80
181050602,11,45,56
181050603,5,27,32
181050701,5,15,20
181050702,1,15,16
181050801,30,84,114
181050802,29,54,83
181050803,49,30,79
181050804,6,27,33
181050805,459,305,764
181050806,4,14,18
181050901,287,542,829
181050902,2,34,36
181050903,20,45,65
181050904,304,617,921
181051001,0,5,5
181051002,0,3,3
181051003,38,256,294
181051101,492,878,1370
181051102,6,33,39
181051103,3,51,54
181051104,5,20,25
181051201,14,128,142
181051202,10,147,157
181051203,5,66,71
181051204,20,240,260
181051301,53,237,290
181051302,3,68,71
181051303,0,13,13
181051304,7,102,109
181051305,12,70,82
181051306,0,5,5
181051401,2,12,14
181051402,0,15,15
181051403,2,12,14
181051404,4,7,11
181051501,1,26,27
181051502,0,1,1
181051503,1,14,15
181051601,15,294,309
181051602,2,74,76
181051603,4,54,58
181051604,2,39,41
181051605,13,76,89
181051701,0,24,24
181051702,4,20,24
181051801,2,106,108
181051802,5,8,13
181051901,2,47,49
181051902,6,32,38
181052001,6,22,28
181052002,19,22,41
181052003,4,30,34
181052101,403,269,672
181052102,699,804,1503
181052103,335,706,1041
181052104,335,528,863
181052105,486,233,719
181052106,539,364,903
181052107,506,914,1420
181052108,522,296,818
181052109,317,403,720
181052110,240,442,682
181052111,432,708,1140
181052112,777,813,1590
181052113,480,878,1358
181052114,490,462,952
181120101,648,417,1065
181120102,148,140,288
181120103,156,51,207
181120104,613,427,1040
181120105,317,363,680
181120106,763,467,1230
181120107,434,560,994
181120108,510,724,1234
181120109,256,420,676
181120110,239,319,558
181120111,274,192,466
181120112,287,423,710
181120113,261,140,401
181120114,597,476,1073
181120201,21,70,91
181120202,73,159,232
181120203,37,145,182
181120204,29,68,97
181120205,40,56,96
181120206,49,72,121
181120207,16,53,69
181120208,13,38,51
181120209,18,63,81
181120210,55,118,173
181120211,3,14,17
181120212,81,391,472
181120301,14,37,51
181120302,9,19,28
181120303,17,40,57
181120304,4,9,13
181120401,13,136,149
181120402,5,48,53
181120403,48,148,196
181120404,231,357,588
181120405,24,90,114
181120406,1,34,35
181120407,31,66,97
181120408,1,17,18
181120409,12,47,59
181120410,20,63,83
181120411,3,16,19
181120501,1,10,11
181120502,16,62,78
181120503,12,37,49
181120504,1,9,10
181120601,38,30,68
181120602,49,112,161
181120603,3,17,20
181120604,8,38,46
181120701,252,878,1130
181120702,80,261,341
181120703,11,42,53
181120704,58,85,143
181120705,31,47,78
181120706,11,29,40
181120707,7,28,35
181120708,4,32,36
181120709,0,0,0
181120710,39,83,122
181120801,55,105,160
181120802,72,100,172
181120803,68,164,232
181120804,68,175,243
181120805,24,36,60
181120806,431,433,864
181120807,421,380,801
181120808,599,963,1562
181120809,268,653,921
181120810,760,705,1465
181120901,340,363,703
181120902,367,421,788
181120903,318,292,610
181120904,278,172,450
181120905,368,218,586
181120906,295,185,480
181120907,532,346,878
181120908,510,489,999
181120909,319,433,752
181120910,404,473,877
181120911,444,441,885
181120912,270,357,627
181120913,674,1107,1781
181120914,305,621,926
181190101,312,545,857
181190102,547,377,924
181190103,599,552,1151
181190104,947,787,1734
181190105,541,493,1034
181190106,263,251,514
181190107,362,390,752
181190108,509,401,910
181190109,595,999,1594
181190110,418,613,1031
181190111,331,536,867
181190112,125,106,231
181190113,188,376,564
181190114,461,285,746
181190115,583,903,1486
181190116,549,477,1026
181190117,313,513,826
181190201,4,20,24
181190202,5,37,42
181190301,83,231,314
181190302,55,201,256
181190303,3,22,25
181190401,345,619,964
181190402,2,43,45
181190403,15,60,75
181190404,10,67,77
181190501,0,85,85
181190502,9,53,62
181190601,180,542,722
181190602,7,29,36
181190701,6,26,32
181190702,3,122,125
181190703,5,17,22
181190801,6,11,17
181190802,2,58,60
181190901,140,344,484
181190902,1,14,15
181190903,7,24,31
181190904,0,3,3
181190905,15,39,54
181191001,8,119,127
181191002,13,87,100
181191003,9,65,74
181191101,0,18,18
181191102,1,20,21
181191103,7,33,40
181191201,14,46,60
181191202,7,15,22
181191203,9,27,36
181191301,0,1,1
181191401,129,343,472
181191402,407,460,867
181191403,586,981,1567
181191404,210,371,581
181191405,853,653,1506
181191406,317,517,834
181191407,635,546,1181
181191501,409,578,987
181191502,238,350,588
181191503,571,566,1137
181191504,527,441,968
181191505,584,391,975
181191506,343,134,477
181191507,482,370,852
181191508,428,610,1038
181191509,361,462,823
181191510,452,270,722
181191511,594,203,797
181191512,395,168,563
181191513,456,200,656
181191514,200,38,238
181191515,471,640,1111
181191516,334,148,482
181191517,192,97,289
181191518,301,100,401
181191519,629,593,1222
181191520,792,424,1216
181191521,447,432,879
181191522,389,487,876
181191523,456,163,619
181260101,379,789,1168
181260102,442,667,1109
181260103,445,375,820
181260104,576,651,1227
181260105,570,849,1419
181260106,631,701,1332
181260107,554,863,1417
181260108,597,877,1474
181260109,338,624,962
181260201,22,161,183
181260202,332,872,1204
181260203,2,21,23
181260301,120,443,563
181260302,12,94,106
181260401,15,135,150
181260402,5,124,129
181260501,67,1088,1155
181260502,24,330,354
181260601,42,435,477
181260602,8,67,75
181260603,0,24,24
181260701,500,918,1418
181260702,10,277,287
181260703,56,425,481
181260801,28,152,180
181260802,11,95,106
181260901,401,660,1061
181260902,543,799,1342
181260903,74,285,359
181260904,30,165,195
181330101,396,385,781
181330102,205,239,444
181330103,186,256,442
181330104,51,78,129
181330201,61,61,122
181330202,109,97,206
181330203,89,119,208
181330204,77,341,418
181330205,38,189,227
181330206,284,241,525
181330207,288,239,527
181330208,351,302,653
181330209,128,128,256
181330210,156,163,319
181330211,57,21,78
181330212,135,222,357
181330213,125,201,326
181330214,629,852,1481
181330215,69,136,205
181330216,10,64,74
181330301,446,568,1014
181330302,142,381,523
181330303,16,63,79
181330304,17,42,59
181330305,1,4,5
181330401,125,514,639
181330402,36,61,97
181330403,44,239,283
181330501,467,491,958
181330502,382,513,895
181330503,80,162,242
181330504,49,172,221
181330505,47,158,205
181330506,39,235,274
181330507,136,97,233
181330601,0,2,2
181330602,0,0,0
181330603,0,1,1
181400101,212,834,1046
181400102,247,526,773
181400103,301,656,957
181400104,443,418,861
181400105,452,622,1074
181400106,727,636,1363
181400107,401,632,1033
181400108,373,512,885
181400109,374,693,1067
181400110,380,791,1171
181400201,9,295,304
181400202,21,291,312
181400203,352,1327,1679
181400204,10,146,156
181400205,0,24,24
181400206,271,458,729
181400301,7,97,104
181400302,4,130,134
181400303,2,48,50
181400401,0,37,37
181400402,2,73,75
181400403,2,68,70
181400404,4,91,95
181400405,4,215,219
181400501,0,91,91
181400502,2,50,52
181400503,0,41,41
181400504,5,61,66
181400601,8,232,240
181400602,26,281,307
181400603,0,6,6
181400604,3,17,20
181400701,1,146,147
181400702,6,58,64
181400703,45,219,264
181400704,4,48,52
181400801,0,22,22
181400802,12,82,94
181400803,26,245,271
181400804,0,79,79
181400805,6,138,144
181400806,0,59,59
181400807,0,17,17
181400808,0,2,2
181400809,0,46,46
181400901,0,17,17
181400902,5,109,114
181400903,1,142,143
181470101,343,627,970
181470102,355,585,940
181470103,300,600,900
181470104,322,340,662
181470105,469,397,866
181470106,371,845,1216
181470107,275,476,751
181470201,55,137,192
181470202,19,192,211
181470203,28,85,113
181470204,4,70,74
181470205,143,498,641
181470206,320,503,823
181470207,253,364,617
181470301,7,33,40
181470302,2,35,37
181470303,4,31,35
181470304,7,45,52
181470401,4,56,60
181470402,1,38,39
181470403,4,50,54
181470501,2,23,25
181470502,6,100,106
181470503,0,11,11
181470601,1,3,4
181470602,1,41,42
181470603,2,26,28
181470604,1,10,11
181470701,3,41,44
181470702,0,9,9
181470703,0,10,10
181470801,90,496,586
181470802,62,527,589
181470803,1,54,55
181470804,3,38,41
181470901,0,23,23
181470902,5,81,86
181470903,10,79,89
181471001,3,37,40
181471002,0,23,23
181471003,3,29,32
181471004,2,5,7
181471101,0,21,21
181471102,0,34,34
181471103,0,3,3
181471201,85,270,355
181471202,10,53,63
181471203,1,29,30
181471204,97,303,400
181540101,448,1234,1682
181540102,539,854,1393
181540103,335,606,941
181540201,9,219,228
181540202,136,1157,1293
181540203,53,904,957
181540204,1,17,18
181540301,1,4,5
181540302,1,6,7
181540401,0,254,254
181540402,13,136,149
181540501,3,10,13
181540502,0,17,17
181540601,15,65,80
181540602,2,17,19
181540603,4,54,58
181540701,233,537,770
181540702,45,402,447
181540703,110,420,530
181540704,219,626,845
181540801,5,24,29
181540802,10,32,42
181540901,0,0,0
181610101,253,509,762
181610102,197,739,936
181610103,289,456,745
181610104,378,393,771
181610105,296,736,1032
181610106,520,765,1285
181610107,182,524,706
181610108,290,391,681
181610201,37,347,384
181610202,45,418,463
181610203,24,283,307
181610204,38,216,254
181610205,6,93,99
181610206,80,343,423
181610301,56,353,409
181610302,0,4,4
181610303,2,134,136
181610304,3,13,16
181610401,159,380,539
181610402,16,302,318
181610403,3,32,35
181610404,49,189,238
181610405,319,524,843
181610501,14,89,103
181610502,10,49,59
181610503,11,99,110
181610504,437,610,1047
181610505,411,821,1232
181610601,312,707,1019
181610602,37,254,291
181610603,52,277,329
181610604,8,30,38
181610605,63,425,488
181610606,19,205,224
181610607,344,619,963
181680101,38,143,181
181680102,391,462,853
181680103,457,334,791
181680104,531,333,864
181680105,356,275,631
181680106,343,720,1063
181680107,294,887,1181
181680108,415,629,1044
181680109,368,776,1144
181680110,523,395,918
181680201,58,294,352
181680202,37,180,217
181680301,20,84,104
181680302,9,66,75
181680303,3,42,45
181680401,4,43,47
181680402,2,32,34
181680403,10,32,42
181680501,12,156,168
181680502,11,20,31
181680601,1,24,25
181680602,3,22,25
181680603,9,196,205
181680604,7,20,27
181680701,285,781,1066
181680702,604,1059,1663
181680703,620,898,1518
181680704,322,530,852
181680705,536,1883,2419
181680706,504,1016,1520
181680707,398,407,805
181680708,0,1,1
181680709,0,0,0
181680710,3,21,24
181680711,181,455,636
181680712,562,994,1556
181680713,631,381,1012
181680714,339,268,607
181680715,503,378,881
181680716,450,450,900
181680717,435,409,844
181680718,821,642,1463
181680719,656,606,1262
181680720,489,656,1145
181680721,352,476,828
181680722,660,943,1603
181680723,398,285,683
181680724,372,291,663
181680725,877,926,1803
181680726,0,13,13
181680727,254,728,982
181680801,18,143,161
181680802,6,31,37
181680803,1,3,4
181680804,3,42,45
181680901,2,18,20
181680902,3,3,6
181680903,0,18,18
181680904,2,12,14
181681001,1,5,6
181681002,22,181,203
181681003,20,60,80
181681101,3,5,8
181681102,0,10,10
181681103,54,222,276
181681201,47,301,348
181681202,3,12,15
181681203,13,32,45
181681204,7,27,34
181681301,13,23,36
181681302,14,95,109
181681303,134,418,552
181681304,5,16,21
181681305,49,199,248
181681306,73,551,624
181681307,1151,876,2027
181681401,218,500,718
181681402,25,169,194
181681403,13,51,64
181681404,26,180,206
181681501,24,157,181
181681502,3,7,10
181681601,109,509,618
181681602,66,102,168
181681603,12,60,72
181681604,9,9,18
181681701,410,779,1189
181681702,499,229,728
181681703,605,220,825
181681704,421,374,795
181681705,310,259,569
181681706,366,145,511
181681707,501,457,958
181681708,535,719,1254
181681709,326,741,1067
181681710,256,1067,1323
181681711,314,399,713
181681712,650,621,1271
181681713,461,367,828
181681714,563,415,978
181750101,235,564,799
181750102,259,406,665
181750103,382,250,632
181750104,386,641,1027
181750105,482,706,1188
181750106,381,554,935
181750107,431,614,1045
181750108,61,221,282
181750201,7,34,41
181750202,14,41,55
181750203,2,38,40
181750204,15,74,89
181750301,2,46,48
181750302,5,60,65
181750303,17,102,119
181750401,10,89,99
181750402,8,151,159
181750403,20,169,189
181750501,65,255,320
181750502,5,19,24
181750503,20,61,81
181750601,72,139,211
181750602,45,100,145
181750603,6,12,18
181750604,0,12,12
181750605,20,35,55
181750701,4,18,22
181750702,9,15,24
181750801,4,22,26
181750802,1,20,21
220070101,410,1031,1441
220070102,398,1358,1756
220070103,366,688,1054
220070104,149,601,750
220070201,27,244,271
220070202,11,86,97
220070203,10,126,136
220070204,16,348,364
220070205,4,128,132
220070206,1,249,250
220070207,12,320,332
220070208,150,1516,1666
220070209,49,535,584
220070301,14,94,108
220070302,20,139,159
220070303,3,92,95
220070304,36,282,318
220070401,10,118,128
220070402,0,72,72
220070403,2,45,47
220070404,6,71,77
220070501,36,318,354
220070502,121,668,789
220070503,237,330,567
220070504,29,157,186
220070505,34,157,191
220070506,129,952,1081
220070507,233,442,675
220070508,211,1206,1417
220070509,176,1121,1297
220070601,74,240,314
220070602,52,240,292
220070603,104,381,485
220070604,9,178,187
220070701,125,893,1018
220070702,227,982,1209
220070703,138,338,476
220070704,333,294,627
220070705,567,769,1336
220070706,288,651,939
220070707,254,643,897
220070708,449,1041,1490
220070801,28,222,250
220070802,22,192,214
220070803,53,187,240
220070804,16,139,155
220070805,11,52,63
220070806,10,82,92
220070807,162,798,960
220070901,322,655,977
220070902,229,580,809
220070903,50,247,297
220070904,233,489,722
220070905,200,993,1193
220140101,0,25,25
220140102,33,236,269
220140103,147,452,599
220140201,4,9,13
220140202,10,43,53
220140203,13,49,62
220140301,1,21,22
220140302,0,5,5
220140303,4,17,21
220140304,2,7,9
220140305,7,73,80
220140306,24,42,66
220140307,336,517,853
220140308,361,433,794
220140401,296,646,942
220140402,246,471,717
220140403,45,183,228
220140404,40,183,223
220140405,268,961,1229
220140406,100,216,316
220140407,87,164,251
220140408,424,390,814
220140409,131,507,638
220140410,462,509,971
220140411,296,340,636
220140412,195,1075,1270
220140501,340,605,945
220140502,457,723,1180
220140503,367,518,885
220140504,336,679,1015
220140505,123,487,610
220140601,449,556,1005
220140602,303,320,623
220140603,323,390,713
220140604,392,1035,1427
220140605,172,313,485
220140701,8,75,83
220140702,15,388,403
220140703,19,114,133
220140704,403,447,850
220140705,332,420,752
220140801,29,243,272
220140802,24,202,226
220140803,22,324,346
220140804,6,68,74
220140805,49,286,335
220140901,6,28,34
220140902,4,81,85
220210101,7,111,118
220210102,30,122,152
220210201,24,115,139
220210202,8,113,121
220210301,0,63,63
220210302,9,195,204
220210303,9,116,125
220210401,31,226,257
220210402,4,17,21
220210403,125,501,626
220210501,11,150,161
220210502,61,355,416
220210503,167,418,585
220210504,445,167,612
220210505,253,751,1004
220210506,250,600,850
220210507,468,725,1193
220210508,513,787,1300
220210601,66,436,502
220210602,23,159,182
220210603,29,307,336
220210604,60,408,468
220210605,188,860,1048
220210606,112,463,575
220210607,180,817,997
220210608,272,899,1171
220210701,563,628,1191
220210702,303,274,577
220210703,247,198,445
220210704,970,1167,2137
220210705,397,338,735
220210706,284,258,542
220210707,352,272,624
220210708,601,384,985
220210709,656,371,1027
220210710,333,363,696
220210711,337,247,584
220210712,245,163,408
220210713,573,325,898
220210714,389,303,692
220210715,333,336,669
220210716,242,185,427
220210717,250,125,375
220210718,424,288,712
220210719,772,601,1373
220210720,366,195,561
220210721,350,565,915
220210722,309,95,404
220210723,427,122,549
220210801,462,855,1317
220210802,196,984,1180
220210803,240,1000,1240
220210804,372,554,926
220210805,251,128,379
220210806,347,603,950
220210807,398,250,648
220210808,370,765,1135
220210809,279,623,902
220210810,280,298,578
220210811,153,847,1000
220210812,227,598,825
220210813,341,582,923
220210814,246,980,1226
220210815,185,766,951
220210816,144,599,743
220210901,5,56,61
220210902,7,140,147
220210903,17,143,160
220211001,19,134,153
220211002,18,151,169
220211003,8,103,111
220211101,44,144,188
220211102,4,59,63
220211103,5,129,134
220211201,15,98,113
220211202,17,236,253
220211301,23,114,137
220211302,16,156,172
220211401,20,83,103
220211402,22,88,110
220211501,282,221,503
220211502,338,156,494
220211503,298,123,421
220211504,501,391,892
220211505,363,505,868
220211506,579,2295,2874
220211507,313,383,696
220211508,483,816,1299
220211509,266,693,959
220211510,435,562,997
220211511,632,701,1333
220211512,283,709,992
220211513,203,98,301
220211601,300,851,1151
220211602,404,444,848
220211603,247,128,375
220211604,237,411,648
220211605,348,1070,1418
220211606,184,358,542
220211607,374,222,596
220211608,320,435,755
220211609,191,528,719
220211610,258,812,1070
220211611,494,655,1149
220211612,335,321,656
220211613,417,341,758
220211614,249,731,980
220211615,204,739,943
220211616,405,217,622
220211617,163,646,809
220211618,362,867,1229
220211701,346,163,509
220211702,272,131,403
220211703,296,418,714
220211704,226,122,348
220211705,316,226,542
220211706,433,364,797
220211707,456,533,989
220211708,335,391,726
220211709,449,751,1200
220211710,359,632,991
220211711,388,298,686
220211712,299,872,1171
220211713,256,722,978
220211714,232,1162,1394
220211715,265,276,541
220211716,291,558,849
220211717,150,670,820
220211718,213,734,947
220280101,343,615,958
220280102,526,968,1494
220280103,409,387,796
220280104,530,390,920
220280105,589,576,1165
220280106,389,673,1062
220280107,441,315,756
220280108,290,362,652
220280109,253,722,975
220280110,341,652,993
220280111,261,198,459
220280112,355,377,732
220280113,402,812,1214
220280114,633,348,981
220280115,406,761,1167
220280116,370,1038,1408
220280117,613,603,1216
220280118,370,759,1129
220280201,59,609,668
220280202,46,209,255
220280203,130,506,636
220280301,187,463,650
220280302,106,373,479
220280303,17,133,150
220280304,32,176,208
220280305,9,219,228
220280306,520,226,746
220280307,542,345,887
220280308,389,410,799
220280309,570,796,1366
220280310,353,932,1285
220280311,523,833,1356
220280401,15,110,125
220280402,8,99,107
220280403,26,94,120
220280501,32,411,443
220280502,11,45,56
220280503,1,146,147
220360101,185,834,1019
220360102,357,698,1055
220360103,125,198,323
220360104,223,342,565
220360105,452,569,1021
220360106,450,754,1204
220360107,357,266,623
220360108,365,492,857
220360109,239,374,613
220360110,261,880,1141
220360111,234,554,788
220360112,312,660,972
220360113,337,824,1161
220360114,258,611,869
220360201,37,177,214
220360202,31,305,336
220360203,10,245,255
220360204,3,79,82
220360301,0,3,3
220360302,101,512,613
220360303,15,117,132
220360304,15,578,593
220360305,34,182,216
220360401,9,74,83
220360402,14,55,69
220360403,44,276,320
220360404,3,88,91
220360405,131,279,410
220360406,8,73,81
220360501,5,36,41
220360502,40,56,96
220360601,11,93,104
220360602,5,61,66
220360603,59,369,428
220360604,2,82,84
220360701,14,83,97
220360702,4,52,56
220360801,10,12,22
220360802,1,4,5
220360803,0,14,14
220360804,1,14,15
220360805,4,3,7
220360901,509,1000,1509
220360902,110,496,606
220360903,2,8,10
220360904,5,91,96
220360905,4,55,59
220360906,202,478,680
220360907,336,863,1199
220390101,65,355,420
220390102,11,159,170
220390103,2,38,40
220390104,5,29,34
220390105,133,341,474
220390106,318,701,1019
220390107,280,329,609
220390108,236,572,808
220390109,392,647,1039
220390110,301,320,621
220390111,269,443,712
220390201,16,103,119
220390202,15,93,108
220390203,24,87,111
220390204,8,153,161
220390301,4,65,69
220390302,0,16,16
220390303,20,127,147
220390304,14,104,118
220390305,36,252,288
220430101,346,410,756
220430102,278,284,562
220430103,385,777,1162
220430104,293,629,922
220430105,290,481,771
220430106,290,510,800
220430201,166,371,537
220430202,18,256,274
220430203,40,345,385
220430204,27,118,145
220430205,360,1029,1389
220430301,1,46,47
220430302,48,454,502
220430303,86,486,572
220430304,66,556,622
220430305,166,736,902
220430401,2,48,50
220430402,17,244,261
220430403,14,111,125
220430501,11,85,96
220430502,34,161,195
220430503,15,42,57
220490101,264,535,799
220490102,174,828,1002
220490103,215,871,1086
220490104,225,637,862
220490201,9,60,69
220490202,11,50,61
220490203,1,10,11
220490301,13,152,165
220490302,18,144,162
220490303,8,123,131
220490304,323,1545,1868
220490305,11,72,83
220490306,11,73,84
220490307,90,649,739
220490308,45,408,453
220490309,260,793,1053
220490310,53,639,692
220490311,310,1341,1651
220490401,14,87,101
220490402,0,39,39
220490403,8,129,137
220560101,576,714,1290
220560102,544,1061,1605
220560201,420,744,1164
220560202,14,63,77
220560203,36,90,126
220560204,3,9,12
220560301,38,130,168
220560302,5,196,201
220560303,84,243,327
220560304,32,183,215
220560305,231,611,842
220560306,327,522,849
220560307,7,51,58
220560308,4,31,35
220560309,281,582,863
220560310,472,452,924
220560311,476,696,1172
220560312,52,309,361
220560313,492,859,1351
220560314,380,654,1034
220560401,0,41,41
220560402,1,37,38
220630101,289,538,827
220630102,386,441,827
220630103,242,369,611
220630104,351,289,640
220630105,329,370,699
220630106,304,482,786
220630107,442,445,887
220630108,348,586,934
220630109,377,283,660
220630202,192,1031,1223
220630203,110,946,1056
220630204,9,540,549
220630205,7,71,78
220630206,22,296,318
220630207,9,237,246
220630208,67,963,1030
220630209,21,371,392
220630210,125,748,873
220630211,26,244,270
220630212,96,698,794
220630213,22,291,313
220630214,311,1074,1385
220630215,294,673,967
220630216,115,124,239
220630301,87,677,764
220630302,92,608,700
220630303,35,349,384
220630304,45,766,811
220630305,43,844,887
220630306,99,923,1022
220630307,16,468,484
220630308,55,386,441
220630309,306,1164,1470
220630310,296,1324,1620
220630311,523,815,1338
220630401,158,1221,1379
220630402,11,128,139
220630403,20,213,233
220630404,206,1068,1274
220630501,17,266,283
220630502,24,217,241
220630503,25,708,733
220630504,26,397,423
220630505,93,745,838
220630506,107,544,651
220630507,72,610,682
220630508,330,1317,1647
220630509,392,1084,1476
220630601,1,88,89
220630602,71,1025,1096
220630603,51,791,842
220630604,0,10,10
220630605,230,934,1164
220630701,84,426,510
220630702,132,1614,1746
220630703,54,424,478
220630704,2,39,41
220630705,410,1125,1535
220630801,364,1286,1650
220630814,412,317,729
220630816,458,828,1286
220630817,355,810,1165
220630818,203,308,511
220630824,117,659,776
220630825,158,395,553
220630826,209,192,401
220630827,210,309,519
220630915,173,1155,1328
220630919,105,1340,1445
220630920,251,1116,1367
220630921,373,1059,1432
220630922,231,330,561
220630923,108,825,933
220630928,199,414,613
220630929,118,549,667
220630930,111,647,758
220630931,374,607,981
220630932,137,704,841
220700101,192,813,1005
220700102,242,588,830
220700103,172,1326,1498
220700104,335,999,1334
220700105,242,701,943
220700201,2,186,188
220700202,188,1208,1396
220700203,4,94,98
220700204,10,72,82
220700205,65,538,603
220700206,208,1521,1729
220700301,163,1086,1249
220700302,70,158,228
220700303,28,149,177
220700304,24,156,180
220700305,17,222,239
220700306,20,260,280
220700307,292,1064,1356
220700308,187,714,901
220700309,198,556,754
220700310,55,500,555
220700311,107,723,830
220700401,193,1036,1229
220700402,30,203,233
220700403,35,208,243
220700404,17,79,96
220700405,32,219,251
220700406,190,1058,1248
220700501,25,226,251
220700502,4,110,114
220700503,5,52,57
220700504,3,36,39
220700601,26,195,221
220700602,11,130,141
220700603,39,226,265
220770101,487,513,1000
220770102,237,336,573
220770103,728,743,1471
220770104,432,495,927
220770105,441,416,857
220770106,318,451,769
220770107,490,666,1156
220770201,78,146,224
220770202,245,501,746
220770203,46,115,161
220770204,23,58,81
220770205,19,74,93
220770206,54,352,406
220770207,31,79,110
220770208,70,182,252
220770301,104,134,238
220770302,478,558,1036
220770303,166,462,628
220770304,70,297,367
220770305,18,89,107
220770306,0,30,30
220770307,15,67,82
220770308,5,24,29
220770401,2,23,25
220770402,0,39,39
220770403,1,39,40
220840101,495,1083,1578
220840102,151,783,934
220840103,284,692,976
220840104,282,566,848
220840105,92,1430,1522
220840201,0,63,63
220840202,11,428,439
220840203,124,973,1097
220840204,19,582,601
220840205,180,2389,2569
220840206,38,545,583
220840207,32,319,351
220840208,313,481,794
220840209,212,1173,1385
220840301,3,39,42
220840302,2,96,98
220840303,138,325,463
220840401,34,296,330
220840402,45,277,322
220840403,10,131,141
220840404,3,133,136
220840501,261,602,863
220840502,229,815,1044
220840503,169,837,1006
220840504,248,785,1033
220840601,429,706,1135
220840602,18,82,100
220840603,27,180,207
220840604,21,302,323
220840605,186,547,733
220840606,3,53,56
220840607,0,12,12
220840701,75,378,453
220840702,3,24,27
220840703,7,59,66
220840704,12,47,59
220840705,22,51,73
220840706,43,99,142
220840707,31,190,221
220840801,76,432,508
220840802,47,202,249
220840803,44,324,368
220840804,115,750,865
220840805,47,411,458
220840901,1,44,45
220840902,4,27,31
220840903,27,184,211
220840904,19,113,132
220841001,45,247,292
220841002,208,758,966
220841003,6,26,32
220841004,86,379,465
220841005,247,796,1043
220841006,131,439,570
220841101,442,881,1323
220841102,286,182,468
220841103,164,257,421
220841104,303,646,949
220841105,424,588,1012
220841106,341,520,861
220841107,388,237,625
220841108,362,433,795
220841109,181,332,513
220841110,731,586,1317
220841111,219,833,1052
220841112,335,591,926
220841201,579,891,1470
220841202,514,544,1058
220841203,195,549,744
220841204,342,607,949
220841205,360,252,612
220841206,329,252,581
220841207,374,534,908
220841208,192,431,623
220841209,194,539,733
220841210,119,1010,1129
220841211,317,1056,1373
220841212,149,838,987
220841213,257,610,867
220841214,147,824,971
220841215,409,507,916
220841216,304,1241,1545
220841217,140,610,750
220910101,455,670,1125
220910102,283,444,727
220910103,413,855,1268
220910104,368,404,772
220910105,275,481,756
220910201,10,159,169
220910202,21,332,353
220910203,61,278,339
220910204,54,252,306
220910301,61,381,442
220910302,97,532,629
220910303,115,713,828
220910304,20,174,194
220910401,34,323,357
220910402,18,483,501
220910403,49,502,551
220910404,22,190,212
220910501,490,1402,1892
220910502,228,773,1001
220910503,27,314,341
220910504,43,328,371
220910505,28,187,215
220910506,43,341,384
220910507,391,630,1021
220910508,540,1094,1634
220910509,372,1130,1502
220910510,261,1036,1297
220910511,316,555,871
220910512,362,665,1027
220910513,394,624,1018
220910601,23,118,141
220910602,82,321,403
220910701,24,127,151
220910702,14,162,176
220910703,36,423,459
220910704,34,323,357
220980101,508,432,940
220980102,111,535,646
220980103,801,910,1711
220980104,361,758,1119
220980105,359,626,985
220980106,301,549,850
220980107,397,436,833
220980108,261,390,651
220980109,351,342,693
220980110,376,712,1088
220980111,418,699,1117
220980112,267,186,453
220980113,214,113,327
220980114,168,132,300
220980115,253,161,414
220980116,237,161,398
220980117,270,269,539
220980118,219,407,626
220980119,439,695,1134
220980120,534,315,849
220980121,317,914,1231
220980122,344,511,855
220980123,382,486,868
220980201,49,125,174
220980202,83,420,503
220980203,8,42,50
220980204,9,83,92
220980205,37,126,163
220980206,21,103,124
220980207,42,232,274
220980208,25,120,145
220980209,33,194,227
220980210,17,69,86
220980211,42,201,243
220980212,38,129,167
220980213,42,157,199
220980214,102,737,839
220980301,156,381,537
220980302,303,632,935
220980303,258,636,894
220980304,243,368,611
220980305,311,483,794
220980306,201,572,773
220980307,169,669,838
220980401,316,494,810
220980402,12,110,122
220980403,15,108,123
220980404,18,61,79
220980405,7,78,85
220980406,84,1088,1172
220980407,108,229,337
220980408,367,722,1089
220980501,14,223,237
220980502,7,142,149
220980503,10,116,126
220980601,127,355,482
220980602,46,175,221
220980603,27,173,200
220980604,7,46,53
220980605,35,116,151
220980701,436,1048,1484
220980702,409,1042,1451
220980703,204,413,617
220980704,243,344,587
220980705,289,190,479
220980706,307,658,965
220980707,499,1102,1601
220980708,294,1307,1601
220980709,509,598,1107
220980710,369,438,807
220980711,116,157,273
220980712,147,436,583
220980713,160,360,520
220980714,197,615,812
220980715,263,1189,1452
220980716,5,102,107
220980717,345,739,1084
220980718,711,1273,1984
220980719,62,312,374
220980720,210,934,1144
221050101,171,458,629
221050102,236,458,694
221050103,218,337,555
221050104,268,220,488
221050105,254,203,457
221050106,386,365,751
221050107,422,556,978
221050108,380,802,1182
221050109,438,511,949
221050110,274,281,555
221050111,282,349,631
221050112,358,363,721
221050113,223,308,531
221050114,199,685,884
221050115,108,472,580
221050201,32,374,406
221050202,25,326,351
221050203,67,515,582
221050204,26,185,211
221050205,34,347,381
221050301,624,1426,2050
221050302,26,103,129
221050303,208,1246,1454
221050304,43,329,372
221050305,29,226,255
221050306,77,506,583
221050307,50,204,254
221050308,21,120,141
221050309,28,209,237
221050310,42,310,352
221050311,816,589,1405
221050312,575,900,1475
221050313,18,30,48
221050314,206,1124,1330
221050315,296,874,1170
221050316,409,614,1023
221050317,246,848,1094
221050401,5,70,75
221050402,10,64,74
221050403,22,225,247
221050404,22,371,393
221050405,34,131,165
221120101,464,751,1215
221120102,381,438,819
221120103,373,1198,1571
221120104,453,936,1389
221120105,276,1309,1585
221120106,306,1537,1843
221120201,0,0,0
221120202,10,159,169
221120203,12,55,67
221120301,190,622,812
221120302,303,1470,1773
221120303,20,85,105
221120304,5,73,78
221120305,19,104,123
221120306,112,459,571
221120401,235,435,670
221120402,204,545,749
221120403,16,395,411
221120404,70,528,598
221120405,11,112,123
221120406,14,126,140
221120407,339,981,1320
221120408,3,128,131
221120501,6,51,57
221120502,7,55,62
221120503,2,50,52
221120504,14,94,108
221120505,52,86,138
221120601,1,32,33
221120602,27,78,105
221120603,29,99,128
221120701,29,108,137
221120702,21,65,86
221120801,25,208,233
221120802,35,169,204
221120803,38,267,305
221120901,12,103,115
221120902,9,73,82
221120903,20,98,118
221121001,7,326,333
221121002,39,112,151
221121003,0,49,49
221190101,331,372,703
221190102,261,779,1040
221190103,349,914,1263
221190104,381,998,1379
221190105,216,588,804
221190106,363,863,1226
221190107,342,815,1157
221190108,271,758,1029
221190201,135,453,588
221190202,94,632,726
221190203,22,287,309
221190204,46,272,318
221190205,73,511,584
221190206,18,174,192
221190207,12,64,76
221190208,21,90,111
221190301,6,113,119
221190302,1,28,29
221190303,6,51,57
221260101,303,792,1095
221260102,253,352,605
221260103,219,250,469
221260104,267,532,799
221260105,275,388,663
221260201,4,65,69
221260202,66,256,322
221260203,22,120,142
221260204,38,121,159
221260301,206,636,842
221260302,17,141,158
221260303,84,209,293
221260304,240,316,556
221260305,304,576,880
221260306,46,28,74
221260307,16,37,53
221260308,8,52,60
221260309,21,12,33
221260310,0,58,58
221260311,27,133,160
221260312,207,540,747
221260313,260,322,582
221260314,482,436,918
221260315,11,19,30
221330101,289,502,791
221330102,391,575,966
221330103,493,628,1121
221330104,480,593,1073
221330105,264,192,456
221330106,425,619,1044
221330107,268,210,478
221330108,298,1549,1847
221330109,329,1088,1417
221330110,215,434,649
221330111,366,677,1043
221330112,232,508,740
221330113,171,423,594
221330114,142,1395,1537
221330115,418,880,1298
221330116,223,293,516
221330117,200,307,507
221330118,282,532,814
221330119,201,845,1046
221330120,393,408,801
221330201,21,167,188
221330202,47,368,415
221330203,44,420,464
221330204,3,90,93
221330205,37,285,322
221330206,41,294,335
221330207,190,629,819
221330208,24,191,215
221330301,29,279,308
221330302,57,374,431
221330303,16,226,242
221330304,15,255,270
221330305,21,188,209
221330306,16,128,144
221330307,12,125,137
221330308,33,226,259
221330309,77,319,396
221330401,41,310,351
221330402,19,226,245
221330403,13,122,135
221330404,17,185,202
221330405,30,262,292
221330406,9,121,130
221330407,3,14,17
221330408,12,207,219
221330409,6,6,12
221330410,2,22,24
221330411,41,355,396
221330412,214,1305,1519
221330413,484,708,1192
221330414,303,429,732
221330415,43,490,533
221330501,14,135,149
221330502,100,1091,1191
221330503,2,222,224
221330504,2,96,98
221330505,19,198,217
221330506,0,34,34
221330507,6,61,67
221330508,6,67,73
221400101,197,282,479
221400102,364,1328,1692
221400103,320,181,501
221400104,530,352,882
221400105,443,281,724
221400106,399,786,1185
221400107,438,799,1237
221400108,169,197,366
221400109,463,590,1053
221400110,290,412,702
221400111,700,559,1259
221400112,434,445,879
221400113,296,592,888
221400114,189,160,349
221400115,282,458,740
221400116,215,525,740
221400117,434,491,925
221400118,344,403,747
221400201,514,177,691
221400202,480,212,692
221400203,585,337,922
221400204,579,588,1167
221400205,444,230,674
221400206,733,434,1167
221400207,375,897,1272
221400208,511,617,1128
221400209,327,413,740
221400210,548,586,1134
221400211,346,589,935
221400301,453,134,587
221400302,422,119,541
221400303,549,156,705
221400304,507,93,600
221400305,529,160,689
221400306,476,113,589
221400307,401,159,560
221400308,512,175,687
221400309,444,385,829
221400310,448,173,621
221400311,509,271,780
221400312,460,763,1223
221400313,534,912,1446
221400401,209,76,285
221400402,369,91,460
221400403,437,84,521
221400404,518,102,620
221400405,522,167,689
221400406,465,102,567
221400407,506,138,644
221400408,411,87,498
221400409,580,253,833
221400410,471,192,663
221400411,585,372,957
221400412,552,397,949
221400413,297,148,445
221400414,488,386,874
221400415,296,144,440
221400416,436,150,586
221400417,136,70,206
221400418,335,106,441
221400501,412,261,673
221400502,452,180,632
221400503,435,197,632
221400504,440,264,704
221400505,693,678,1371
221400506,434,419,853
221400507,483,456,939
221400508,445,807,1252
221400509,324,382,706
221400510,389,440,829
221400511,365,475,840
221400512,340,739,1079
221400513,498,741,1239
221400514,313,621,934
221400601,588,806,1394
221400602,547,181,728
221400603,622,213,835
221400604,515,210,725
221400605,559,550,1109
221400606,709,659,1368
221400607,396,304,700
221400608,914,630,1544
221400609,852,530,1382
221400610,710,549,1259
221400611,564,440,1004
221400612,362,278,640
221400701,518,221,739
221400702,505,538,1043
221400703,578,332,910
221400704,329,502,831
221400705,366,424,790
221400706,511,578,1089
221400707,407,249,656
221400708,371,527,898
221400709,325,470,795
221400710,387,452,839
221400711,346,410,756
221400712,300,370,670
221400713,320,240,560
221400714,446,655,1101
221400715,337,271,608
221400716,538,431,969
221400717,247,301,548
221400718,481,587,1068
221400719,476,333,809
221400720,301,479,780
221400721,315,576,891
221400722,19,5,24
221400723,379,628,1007
221400724,491,713,1204
221400725,457,359,816
221400726,482,394,876
221400727,404,710,1114
221400728,304,445,749
221400729,253,267,520
221400801,437,100,537
221400802,508,145,653
221400803,457,182,639
221400804,208,118,326
221400805,422,142,564
221400806,392,89,481
221400807,498,137,635
221400808,549,184,733
221400809,276,39,315
221400810,475,486,961
221400811,438,448,886
221400812,313,79,392
221400813,441,147,588
221400814,556,214,770
221400815,527,91,618
221400816,207,124,331
221400817,365,50,415
221400818,252,19,271
221400901,541,82,623
221400902,767,783,1550
221400903,641,383,1024
221400904,558,496,1054
221400905,607,201,808
221400906,698,465,1163
221400907,411,575,986
221400908,390,537,927
221400909,441,521,962
221400910,709,548,1257
221400911,515,293,808
221400912,326,308,634
221400913,861,313,1174
221400914,1011,195,1206
221400915,925,215,1140
221400916,622,301,923
221400917,383,507,890
221400918,473,374,847
221401001,560,500,1060
221401002,373,275,648
221401003,533,470,1003
221401004,560,691,1251
221401005,627,313,940
221401006,574,604,1178
221401007,408,871,1279
221401008,568,309,877
221401009,622,799,1421
221401010,504,329,833
221401011,680,240,920
221401012,407,415,822
221401013,549,268,817
221401014,415,528,943
221401015,310,617,927
221401017,310,745,1055
221401018,328,624,952
221401019,298,441,739
221401020,477,704,1181
221401021,158,622,780
221401022,241,624,865
221401101,420,124,544
221401102,459,156,615
221401103,491,161,652
221401104,842,298,1140
221401105,452,194,646
221401106,425,252,677
221401107,451,216,667
221401108,403,159,562
221401109,324,254,578
221401110,419,180,599
221401111,637,369,1006
221401112,558,109,667
221401113,332,188,520
221401114,469,160,629
221401115,451,146,597
221401201,322,97,419
221401202,404,97,501
221401203,386,110,496
221401204,430,143,573
221401205,434,149,583
221401206,501,154,655
221401207,489,169,658
221401208,654,217,871
221401209,318,163,481
221401210,710,232,942
221401211,804,278,1082
221401212,376,198,574
221401213,737,410,1147
221401214,455,249,704
221401215,915,552,1467
221401216,263,94,357
221401217,853,434,1287
221401301,401,196,597
221401302,507,210,717
221401303,461,215,676
221401304,457,272,729
221401305,514,412,926
221401306,361,241,602
221401307,477,344,821
221401308,708,544,1252
221401309,277,229,506
221401310,368,228,596
221401311,342,396,738
221401312,348,287,635
221401313,392,497,889
221401314,319,400,719
221401315,100,61,161
221401401,327,152,479
221401402,470,203,673
221401403,627,293,920
221401404,583,254,837
221401405,437,234,671
221401406,709,414,1123
221401407,383,387,770
221401408,472,237,709
221401409,424,178,602
221401410,379,207,586
221401411,428,434,862
221401412,244,96,340
221401413,354,184,538
221401501,567,354,921
221401502,456,320,776
221401503,598,227,825
221401504,445,379,824
221401505,450,143,593
221401506,719,460,1179
221401507,562,395,957
221401508,505,344,849
221401509,463,158,621
221401510,688,432,1120
221401601,401,519,920
221401602,211,138,349
221401603,405,277,682
221401604,516,578,1094
221401605,469,481,950
221401606,413,587,1000
221401607,294,269,563
221401608,308,362,670
221401609,757,599,1356
221401610,619,287,906
221401611,259,142,401
221401612,514,216,730
221401613,260,249,509
221401614,260,218,478
221401615,465,161,626
221401616,566,408,974
221401617,229,606,835
221401618,704,383,1087
221401619,570,328,898
221401620,348,569,917
221401621,549,484,1033
221401622,89,71,160
221401623,152,129,281
221401624,111,85,196
221401625,318,295,613
221401701,126,423,549
221401702,344,606,950
221401703,549,736,1285
221401704,329,509,838
221401705,304,911,1215
221401706,454,930,1384
221401707,353,512,865
221401708,197,624,821
221401709,316,296,612
221401710,233,528,761
221401801,242,604,846
221401802,348,871,1219
221401803,254,623,877
221401804,269,704,973
221401805,324,473,797
221401806,298,854,1152
221401807,556,569,1125
221401808,478,406,884
221401809,422,417,839
221401810,342,621,963
221401811,409,510,919
221401812,397,271,668
221401813,434,350,784
221401814,432,365,797
221401815,323,424,747
221401816,577,1065,1642
221401817,154,423,577
221401818,1,16,17
221401819,435,593,1028
221401820,451,358,809
221401821,244,455,699
221401901,792,510,1302
221401902,114,131,245
221401903,447,224,671
221401904,616,592,1208
221401905,322,202,524
221401906,356,360,716
221401907,614,504,1118
221401908,258,410,668
221401909,413,291,704
221401910,330,193,523
221401911,359,293,652
221401912,413,351,764
221401913,357,412,769
221401914,371,174,545
221401915,330,320,650
221401916,392,357,749
221402001,442,297,739
221402002,551,461,1012
221402003,322,280,602
221402004,480,488,968
221402005,447,949,1396
221402006,303,947,1250
221402007,389,546,935
221402008,473,381,854
221402009,486,466,952
221402010,323,392,715
221402011,314,364,678
221402101,571,574,1145
221402102,398,529,927
221402103,365,548,913
221402104,121,350,471
221402105,550,770,1320
221402106,888,957,1845
221402107,53,216,269
221402108,353,577,930
221402109,32,144,176
221402201,21,44,65
221402202,8,77,85
221402203,20,180,200
221402204,1,39,40
221402205,19,124,143
221402206,5,107,112
221402301,4,12,16
221402302,1,8,9
221402303,4,44,48
221402304,121,248,369
221402305,4,45,49
221402401,136,499,635
221402402,10,24,34
221402403,11,64,75
221402404,304,522,826
221402405,26,135,161
221402406,42,276,318
221402407,1,1,2
221402408,1,20,21
221402409,23,191,214
221402410,57,244,301
221402411,152,517,669
221402501,479,831,1310
221402502,405,627,1032
221402503,768,751,1519
221402504,1039,190,1229
221402505,1139,660,1799
221402506,378,290,668
221402507,52,199,251
221402508,536,710,1246
221402509,328,746,1074
221402510,443,779,1222
221402511,421,1217,1638
221402512,255,1039,1294
221402513,237,271,508
221402514,116,138,254
221402515,294,120,414
221402516,95,559,654
221402517,218,141,359
221402518,498,331,829
221402601,208,599,807
221402602,666,492,1158
221402603,654,475,1129
221402604,334,600,934
221402605,470,459,929
221402606,522,363,885
221402607,414,909,1323
221402608,502,813,1315
221402609,165,407,572
221402701,764,334,1098
221402702,865,226,1091
221402703,397,579,976
221402704,528,716,1244
221402705,417,807,1224
221402706,423,545,968
221402707,568,1079,1647
221402708,409,680,1089
221402709,327,628,955
221402710,390,210,600
221402711,343,805,1148
221402712,510,307,817
221402713,490,381,871
221402714,949,834,1783
221402715,708,463,1171
221402716,828,652,1480
221402717,850,434,1284
221402718,873,337,1210
221402719,603,771,1374
221402720,239,541,780
221402721,415,392,807
221402722,213,564,777
221402723,334,411,745
221402724,139,360,499
221402725,174,414,588
221402726,247,517,764
221402801,791,345,1136
221402802,725,383,1108
221402803,394,327,721
221402804,517,401,918
221402805,991,459,1450
221402806,220,437,657
221402807,230,371,601
221402808,737,1013,1750
221402809,632,273,905
221402810,578,559,1137
221402811,524,562,1086
221402901,256,373,629
221402902,258,464,722
221402903,313,535,848
221402904,853,164,1017
221402905,278,596,874
221402906,628,330,958
221402907,209,203,412
221402908,675,407,1082
221402909,665,546,1211
221402910,1170,333,1503
221402911,776,415,1191
221402912,355,226,581
221402913,690,176,866
221402914,334,625,959
221402915,481,574,1055
221402916,209,493,702
221402919,113,482,595
221402920,306,470,776
221403001,266,579,845
221403002,132,633,765
221403003,377,1076,1453
221403004,510,362,872
221403005,904,702,1606
221403006,282,262,544
221403007,569,757,1326
221403008,80,329,409
221403009,339,922,1261
221403010,248,265,513
221403011,228,733,961
221403012,444,295,739
221403013,187,296,483
221470101,19,214,233
221470102,1,62,63
221470103,10,126,136
221470104,11,199,210
221470105,13,389,402
221470106,30,419,449
221470107,2,143,145
221470108,10,125,135
221470201,291,953,1244
221470202,233,317,550
221470203,463,529,992
221470204,143,500,643
221470205,250,232,482
221470206,397,646,1043
221470301,224,1219,1443
221470302,22,129,151
221470303,39,335,374
221470304,8,112,120
221470305,280,1509,1789
221470306,315,1024,1339
221470307,43,277,320
221470401,300,656,956
221470402,54,254,308
221470403,8,140,148
221470404,4,99,103
221540101,279,920,1199
221540102,64,841,905
221540103,32,343,375
221540104,89,409,498
221540105,366,669,1035
221540106,55,408,463
221540201,327,665,992
221540202,451,685,1136
221540203,13,97,110
221540204,39,477,516
221540205,19,95,114
221540206,295,682,977
221540301,309,512,821
221540302,388,908,1296
221540303,56,286,342
221540304,76,158,234
221540305,55,407,462
221540306,4,85,89
221540307,425,791,1216
221540308,37,293,330
221540309,293,319,612
221540310,34,291,325
221540311,360,595,955
221610101,6,126,132
221610102,9,137,146
221610103,5,44,49
221610201,330,922,1252
221610202,51,144,195
221610203,18,71,89
221610301,306,1115,1421
221610302,22,213,235
221610303,4,42,46
221610304,3,42,45
221610305,15,60,75
221610401,14,144,158
221610402,1,20,21
221680101,471,464,935
221680102,416,345,761
221680103,227,855,1082
221680104,208,824,1032
221680105,380,371,751
221680106,402,394,796
221680107,361,1624,1985
221680108,179,1077,1256
221680109,318,831,1149
221680110,348,856,1204
221680111,70,549,619
221680112,368,750,1118
221680113,433,791,1224
221680114,176,892,1068
221680115,92,777,869
221680116,52,688,740
221680117,226,486,712
221680201,15,189,204
221680202,24,273,297
221680203,6,124,130
221680204,17,134,151
221680205,20,220,240
221680206,13,69,82
221680207,24,218,242
221680301,13,191,204
221680302,30,300,330
221680303,4,99,103
221680304,3,135,138
221680305,1,106,107
221680306,20,186,206
221680307,10,130,140
221680308,10,126,136
221680309,289,1054,1343
221680310,368,1483,1851
221680401,39,317,356
221680402,47,655,702
221680403,24,591,615
221680404,11,239,250
221680405,12,293,305
221680406,7,285,292
221680407,8,152,160
221680408,24,164,188
221680409,222,963,1185
260070101,17,35,52
260070201,26,37,63
260070202,330,70,400
260070301,35,58,93
260070302,2,13,15
260070303,43,10,53
260070304,464,110,574
260070401,461,128,589
260070402,432,220,652
260070403,496,161,657
260070404,422,323,745
260070405,552,512,1064
260070406,572,275,847
260070407,1126,291,1417
260070408,282,73,355
260070409,595,81,676
260070410,461,132,593
260070411,489,99,588
260070412,885,376,1261
260070413,21,39,60
260070414,23,4,27
260070501,284,900,1184
260070502,564,411,975
260070503,600,663,1263
260070504,356,324,680
260070505,509,446,955
260070506,644,272,916
260070507,686,282,968
260070508,587,471,1058
260070509,479,431,910
260070510,659,797,1456
260070511,545,445,990
260070601,631,558,1189
260070602,307,366,673
260070603,498,325,823
260070604,748,445,1193
260070605,926,436,1362
260070606,473,270,743
260070607,669,449,1118
260070608,713,507,1220
260070609,800,462,1262
260070610,822,327,1149
260070611,331,139,470
260070612,739,410,1149
260070613,321,106,427
260070614,504,207,711
260070615,705,239,944
260070701,198,52,250
260070702,457,350,807
260070703,636,444,1080
260070704,692,666,1358
260070705,413,582,995
260070706,245,416,661
260070707,544,771,1315
260070708,775,625,1400
260070709,630,571,1201
260070710,627,478,1105
260070711,569,363,932
260070712,507,352,859
260070801,468,249,717
260070802,987,413,1400
260070803,481,260,741
260070804,676,365,1041
260070805,603,349,952
260070806,826,577,1403
260070807,367,290,657
260070808,412,269,681
260070809,405,267,672
260070810,512,157,669
260070811,985,310,1295
260070812,903,306,1209
260070813,562,247,809
260070901,628,213,841
260070902,540,239,779
260070903,730,396,1126
260070904,647,141,788
260070905,574,180,754
260070906,572,106,678
260070907,693,175,868
260070908,755,124,879
260070909,388,45,433
260070910,530,73,603
260071001,114,35,149
260071002,585,153,738
260071003,192,49,241
260071004,379,58,437
260071005,495,122,617
260071006,520,118,638
260071007,595,91,686
260071008,440,51,491
260071009,502,78,580
260071010,771,140,911
260071011,464,72,536
260071012,404,64,468
260071013,306,71,377
260140101,26,39,65
260140102,30,46,76
260140103,76,165,241
260140104,351,412,763
260140105,453,352,805
260140106,378,413,791
260140107,247,490,737
260140108,333,331,664
260140201,1,9,10
260140202,31,29,60
260140203,0,17,17
260140204,0,7,7
260140205,0,5,5
260140206,0,2,2
260140207,0,14,14
260140208,5,4,9
260140209,0,11,11
260140301,33,173,206
260140302,23,94,117
260140303,289,396,685
260140304,6,42,48
260140305,27,102,129
260140306,14,80,94
260140307,31,76,107
260140401,12,106,118
260140501,2,22,24
260140601,6,33,39
260140701,2,38,40
260140702,21,85,106
260140703,1,7,8
260140704,9,77,86
260140705,412,649,1061
260140801,190,303,493
260140802,22,44,66
260140803,507,364,871
260140804,336,358,694
260140901,1624,967,2591
260140902,34,35,69
260140903,448,298,746
260140904,542,162,704
260140905,477,169,646
260140906,464,314,778
260141001,68,111,179
260141002,37,77,114
260141003,192,184,376
260141004,437,506,943
260141101,31,24,55
260141102,610,713,1323
260141103,524,261,785
260141104,278,242,520
260210101,19,41,60
260210102,43,18,61
260210103,15,39,54
260210104,12,12,24
260210201,46,19,65
260210202,16,61,77
260210203,3,18,21
260210204,902,298,1200
260210301,10,31,41
260210302,5,10,15
260210401,2,0,2
260210402,192,23,215
260210403,195,34,229
260210404,745,114,859
260210405,693,100,793
260210406,768,137,905
260210407,1023,170,1193
260210408,506,164,670
260210409,593,103,696
260210410,595,106,701
260210411,411,91,502
260210412,494,74,568
260210413,574,55,629
260210414,540,88,628
260210501,15,10,25
260210502,480,319,799
260210503,332,52,384
260210504,5,1,6
260210505,638,407,1045
260210506,648,228,876
260210507,479,229,708
260210508,266,118,384
260210509,578,165,743
260210510,607,313,920
260210511,739,287,1026
260210512,795,368,1163
260210513,973,446,1419
260210514,1081,439,1520
260210515,786,421,1207
260210516,737,170,907
260210517,723,183,906
260210518,730,299,1029
260210601,223,101,324
260210602,319,237,556
260210603,196,45,241
260210604,707,196,903
260210605,793,315,1108
260210606,653,256,909
260210607,806,266,1072
260210608,1112,392,1504
260210609,1028,247,1275
260210610,1085,296,1381
260210611,647,313,960
260210612,493,280,773
260210613,380,175,555
260210614,570,156,726
260210615,526,118,644
260210701,43,35,78
260210702,429,211,640
260210703,205,66,271
260210704,1004,486,1490
260210705,207,132,339
260210706,532,192,724
260210707,578,261,839
260210708,494,239,733
260210709,729,437,1166
260210710,565,412,977
260210711,343,256,599
260210712,564,340,904
260210801,75,11,86
260210802,888,295,1183
260210803,90,46,136
260210804,286,103,389
260210805,459,147,606
260210806,438,110,548
260210807,665,261,926
260210808,477,194,671
260210809,378,66,444
260210810,700,169,869
260210811,126,26,152
260210812,662,326,988
260210813,296,32,328
260210814,957,238,1195
260210815,907,296,1203
260210901,576,238,814
260210902,299,140,439
260210903,400,86,486
260210904,206,55,261
260210905,300,95,395
260210906,252,58,310
260210907,348,125,473
260210908,415,124,539
260210909,603,111,714
260210910,286,92,378
260210911,516,177,693
260210912,264,104,368
260210913,255,56,311
260210914,330,102,432
260211001,620,86,706
260211002,397,150,547
260211003,555,151,706
260211004,386,155,541
260211005,272,109,381
260211006,398,122,520
260211007,351,140,491
260211008,386,126,512
260211009,322,93,415
260211010,377,193,570
260211011,213,25,238
260211012,872,145,1017
260211013,503,273,776
260211101,261,251,512
260211102,409,398,807
260211103,193,163,356
260211104,636,362,998
260211105,337,156,493
260211106,386,292,678
260211107,575,550,1125
260211108,757,421,1178
260211109,539,234,773
260211110,561,356,917
260211111,487,334,821
260211112,360,120,480
260211113,615,296,911
260211114,401,255,656
260211115,388,136,524
260211116,437,276,713
260211117,385,219,604
260211201,568,617,1185
260211202,450,344,794
260211203,533,580,1113
260211204,690,491,1181
260211205,329,250,579
260211206,561,486,1047
260211207,612,441,1053
260211208,513,352,865
260211209,555,430,985
260211210,215,242,457
260211301,587,400,987
260211302,745,630,1375
260211303,383,351,734
260211304,569,135,704
260211305,691,472,1163
260211306,391,321,712
260211307,331,261,592
260211308,379,289,668
260211309,479,377,856
260211310,442,305,747
260211311,341,237,578
260211312,704,470,1174
260211401,829,281,1110
260211402,609,207,816
260211403,527,146,673
260211404,720,286,1006
260211405,423,244,667
260211406,593,249,842
260211407,855,318,1173
260211408,457,165,622
260211409,582,182,764
260211410,342,111,453
260211411,511,200,711
260211412,655,116,771
260211413,558,393,951
260211501,394,334,728
260211502,643,429,1072
260211503,726,330,1056
260211504,757,186,943
260211505,452,328,780
260211506,660,264,924
260211507,497,216,713
260211508,558,181,739
260211509,467,185,652
260211510,781,345,1126
260211511,804,486,1290
260211601,602,691,1293
260211602,196,170,366
260211603,320,341,661
260211604,367,344,711
260211605,605,524,1129
260211606,444,455,899
260211607,460,445,905
260211608,538,451,989
260211609,682,545,1227
260211610,820,604,1424
260211611,593,216,809
260211612,413,269,682
260211613,800,572,1372
260211614,351,317,668
260211615,532,233,765
260211701,176,48,224
260211702,507,620,1127
260211703,346,202,548
260211704,506,365,871
260211705,793,308,1101
260211706,537,401,938
260211707,464,256,720
260211708,813,331,1144
260211709,1066,455,1521
260211710,600,341,941
260211711,613,768,1381
260211712,695,417,1112
260211713,357,278,635
260211714,754,408,1162
260211801,309,192,501
260211802,395,246,641
260211803,735,232,967
260211804,644,361,1005
260211805,608,349,957
260211806,487,234,721
260211807,475,157,632
260211808,870,263,1133
260211809,888,295,1183
260211810,463,212,675
260211811,599,254,853
260211812,498,178,676
260211813,471,201,672
260211901,406,163,569
260211902,628,225,853
260211903,776,339,1115
260211904,420,118,538
260211905,566,279,845
260211906,448,234,682
260211907,441,260,701
260211908,360,465,825
260211909,446,344,790
260211910,510,311,821
260211911,597,276,873
260211912,790,351,1141
260211913,571,450,1021
260211914,303,211,514
260211915,476,350,826
260211916,426,255,681
260280101,11,43,54
260280102,2,8,10
260280201,6,48,54
260280301,2,13,15
260280302,13,23,36
260280303,697,479,1176
260350101,73,52,125
260350102,27,33,60
260350201,123,165,288
260350202,8,36,44
260350301,310,66,376
260350302,305,258,563
260350303,403,268,671
260350304,540,152,692
260350305,447,207,654
260350306,395,168,563
260350307,527,136,663
260350308,244,85,329
260350309,539,201,740
260350310,284,110,394
260350311,584,338,922
260350312,269,542,811
260350313,304,439,743
260350401,0,9,9
260350402,12,44,56
260350403,80,170,250
260350404,667,1020,1687
260350405,1,23,24
260350501,4,12,16
260350502,90,48,138
260350503,42,29,71
260350504,8,45,53
260350505,130,346,476
260350506,33,45,78
260350507,197,233,430
260350508,98,104,202
260350509,544,244,788
260350510,739,368,1107
260350511,251,194,445
260350512,326,178,504
260350513,350,463,813
260350514,497,372,869
260350515,587,638,1225
260350601,558,465,1023
260350602,384,400,784
260350603,395,468,863
260350604,288,323,611
260350605,478,227,705
260350606,350,185,535
260350607,321,120,441
260350608,362,140,502
260350609,291,117,408
260350610,390,150,540
260350611,447,213,660
260350612,384,176,560
260350613,462,120,582
260350614,422,168,590
260350615,535,273,808
260350701,511,231,742
260350702,372,629,1001
260350703,498,814,1312
260350704,410,283,693
260350705,733,242,975
260350706,465,206,671
260350707,630,523,1153
260350708,898,331,1229
260350709,650,546,1196
260350710,718,466,1184
260350711,381,92,473
260350712,874,444,1318
260350713,341,91,432
260420101,5,19,24
260420102,12,28,40
260420103,2,14,16
260420201,12,30,42
260420301,90,62,152
260420302,2,22,24
260420401,3,0,3
260420402,2,8,10
260420403,196,151,347
260420404,29,59,88
260420405,43,59,102
260420406,25,75,100
260420407,49,102,151
260420408,60,89,149
260420409,167,187,354
260420410,639,434,1073
260420411,179,267,446
260420412,59,152,211
260420413,624,886,1510
260420414,657,555,1212
260420415,654,727,1381
260420416,439,313,752
260420417,449,545,994
260420418,712,346,1058
260490101,7,68,75
260490102,4,38,42
260490103,28,81,109
260490104,17,53,70
260490105,82,156,238
260490106,282,252,534
260490201,2,11,13
260490202,1,50,51
260490203,18,118,136
260560101,5,70,75
260560102,6,20,26
260560103,3,30,33
260560104,85,155,240
260560105,3,40,43
260560106,5,59,64
260560107,86,148,234
260560108,192,211,403
260560201,4,29,33
260560202,5,106,111
260560203,2,6,8
260560204,4,19,23
260560205,6,17,23
260560206,387,762,1149
260560301,130,140,270
260630101,2,18,20
260630102,4,21,25
260630103,14,40,54
260630201,10,48,58
260630202,10,33,43
260630203,217,228,445
260630301,4,23,27
260630401,0,30,30
260700101,35,32,67
260700102,2,30,32
260700103,2,23,25
260700104,95,142,237
260700105,2,47,49
260700106,3,30,33
260700107,0,17,17
260700108,534,659,1193
260700201,0,27,27
260700202,2,53,55
260770101,3,0,3
260770102,4,12,16
260770103,2,12,14
260770104,5,22,27
260770201,5,29,34
260770202,1,2,3
260770203,39,37,76
260770204,107,79,186
260770301,269,27,296
260770302,398,119,517
260770303,340,85,425
260770304,602,220,822
260770305,765,232,997
260770306,539,91,630
260770307,324,73,397
260770308,195,57,252
260770309,142,35,177
260770310,259,42,301
260770311,216,40,256
260770312,185,52,237
260770313,235,37,272
260770314,214,41,255
260770315,292,44,336
260770316,135,97,232
260770401,172,127,299
260770402,92,77,169
260770403,146,289,435
260770404,274,297,571
260770405,73,140,213
260770501,4,3,7
260770502,622,490,1112
260770503,535,249,784
260770504,659,186,845
260770505,540,380,920
260770506,556,349,905
260770507,647,145,792
260770508,451,179,630
260770509,501,236,737
260770510,803,209,1012
260770511,512,152,664
260770512,414,246,660
260770513,358,252,610
260770514,448,260,708
260770515,485,205,690
260770516,481,160,641
260770517,414,211,625
260770518,482,361,843
260770519,393,262,655
260770520,206,118,324
260770601,328,146,474
260770602,448,196,644
260770603,482,232,714
260770604,377,182,559
260770605,537,493,1030
260770606,608,392,1000
260770607,290,247,537
260770608,551,375,926
260770609,446,253,699
260770610,281,204,485
260770611,483,241,724
260770612,369,229,598
260770701,1027,479,1506
260770702,766,225,991
260770703,969,430,1399
260770704,1267,437,1704
260770705,465,599,1064
260770706,373,442,815
260770707,653,598,1251
260770708,370,397,767
260770709,689,661,1350
260770710,471,527,998
260770711,310,293,603
260770712,571,527,1098
260770713,495,456,951
260770714,352,380,732
260770715,231,322,553
260770801,440,604,1044
260770802,710,316,1026
260770803,774,558,1332
260770804,498,263,761
260770805,460,289,749
260770806,599,561,1160
260770807,229,211,440
260770808,550,582,1132
260770809,397,442,839
260770810,435,340,775
260770811,303,103,406
260770812,364,178,542
260770813,485,359,844
260770814,326,349,675
260770815,539,455,994
260770901,680,806,1486
260770902,562,638,1200
260770903,787,868,1655
260770904,403,388,791
260770905,557,450,1007
260770906,566,517,1083
260770907,377,338,715
260770908,414,418,832
260770909,389,438,827
260770910,530,651,1181
260770911,653,690,1343
260770912,560,986,1546
260771001,460,259,719
260771002,367,263,630
260771003,212,148,360
260771004,350,254,604
260771005,445,247,692
260771006,231,88,319
260771007,266,92,358
260771008,276,116,392
260771009,349,109,458
260771010,325,117,442
260771011,205,102,307
260771012,254,91,345
260771013,566,214,780
260771014,516,273,789
260771015,718,192,910
260771016,1078,404,1482
260771017,837,341,1178
260771018,442,275,717
260771101,457,170,627
260771102,1159,402,1561
260771103,662,551,1213
260771104,386,427,813
260771105,441,551,992
260771106,694,226,920
260771107,540,457,997
260771108,365,177,542
260771109,277,124,401
260771110,180,67,247
260771111,227,102,329
260771112,417,171,588
260771113,612,233,845
260771114,429,170,599
260771201,1210,294,1504
260771202,662,244,906
260771203,745,322,1067
260771204,620,165,785
260771205,629,270,899
260771206,659,144,803
260771207,722,157,879
260771208,540,174,714
260771209,382,108,490
260771210,555,174,729
260771211,751,203,954
260771212,630,278,908
260771213,547,156,703
260771214,888,389,1277
260771215,846,377,1223
260771301,756,386,1142
260771302,1176,385,1561
260771303,676,180,856
260771304,769,287,1056
260771305,857,155,1012
260771306,965,191,1156
260771307,702,256,958
260771308,951,182,1133
260771309,1204,211,1415
260771310,471,181,652
260771311,690,116,806
260771312,628,181,809
260771313,589,70,659
260771314,316,66,382
260840101,2,7,9
260840102,10,36,46
260840103,22,44,66
260840104,2,2,4
260840105,0,7,7
260840106,66,54,120
260840107,283,286,569
260840108,492,385,877
260840201,13,83,96
260840202,92,81,173
260840301,6,19,25
260840302,3,13,16
260840303,1,17,18
260840304,6,45,51
260840305,867,606,1473
260840306,385,309,694
260840307,260,40,300
260840401,14,25,39
260840402,4,30,34
260840403,107,82,189
260840501,1,18,19
260840502,3,33,36
260840503,16,31,47
260840504,20,39,59
260840505,97,80,177
260840506,69,90,159
260910101,1,32,33
260910102,59,39,98
260910201,14,39,53
260910301,0,12,12
260910302,5,10,15
260910303,8,40,48
260910304,107,144,251
260910305,0,6,6
260910306,0,4,4
260910401,403,248,651
260910402,325,213,538
260910403,267,111,378
260910404,460,562,1022
260910405,709,451,1160
260910406,269,232,501
260910407,282,201,483
260910408,289,175,464
260910409,484,292,776
260910410,487,218,705
260910411,308,183,491
260910412,391,261,652
260910413,536,261,797
260910414,560,194,754
260980101,0,18,18
260980102,8,35,43
260980103,288,390,678
260980104,362,425,787
260980201,1,24,25
260980202,4,37,41
260980203,7,27,34
260980204,0,0,0
260980205,722,512,1234
260980206,318,541,859
260980301,0,0,0
260980302,2,0,2
260980303,7,12,19
260980304,9,26,35
260980305,80,72,152
260980306,452,553,1005
261050101,9,54,63
261050102,3,23,26
261050103,9,74,83
261050104,10,29,39
261050105,258,259,517
261050201,2,39,41
261050202,2,20,22
261050203,0,16,16
261050204,37,80,117
261050205,268,338,606
300080101,204,166,370
300080102,314,209,523
300080103,322,193,515
300080104,280,216,496
300080105,272,265,537
300080106,329,197,526
300080107,234,57,291
300080108,288,153,441
300080109,392,194,586
300080110,365,242,607
300080111,467,362,829
300080112,370,211,581
300080113,309,228,537
300080114,345,206,551
300080201,263,122,385
300080202,203,72,275
300080203,229,116,345
300080204,349,136,485
300080205,364,161,525
300080206,405,296,701
300080207,536,410,946
300080208,606,565,1171
300080209,277,147,424
300080210,310,188,498
300080211,309,131,440
300080212,148,41,189
300080213,109,40,149
300080214,207,80,287
300080215,270,306,576
300080216,294,285,579
300080301,45,103,148
300080302,82,141,223
300080303,175,112,287
300080304,199,82,281
300080305,400,246,646
300080306,480,508,988
300080307,391,171,562
300080308,553,244,797
300080309,129,103,232
300080310,418,260,678
300080311,411,381,792
300080312,444,240,684
300080313,226,466,692
300080314,122,167,289
300080315,153,177,330
300080316,28,46,74
300080317,76,107,183
300080318,49,101,150
300080319,61,89,150
300080401,204,309,513
300080402,553,576,1129
300080403,450,474,924
300080404,489,493,982
300080405,575,467,1042
300080406,534,571,1105
300080407,248,255,503
300080408,429,270,699
300080409,432,272,704
300080410,561,391,952
300080411,448,382,830
300080412,679,589,1268
300080413,297,185,482
300080501,45,71,116
300080502,54,155,209
300080503,50,160,210
300080504,175,329,504
300080505,56,124,180
300080506,381,823,1204
300080507,405,740,1145
300080508,546,661,1207
300080509,250,288,538
300080510,338,243,581
300080511,102,103,205
300080601,464,340,804
300080602,574,490,1064
300080603,306,247,553
300080604,437,380,817
300080605,580,452,1032
300080606,426,391,817
300080607,410,346,756
300080608,634,392,1026
300080609,245,199,444
300080610,298,304,602
300080611,414,459,873
300080612,454,266,720
300080701,12,9,21
300080702,32,64,96
300080703,110,185,295
300080704,22,14,36
300080705,94,81,175
300080706,9,37,46
300080707,23,69,92
300080708,20,27,47
300080709,29,35,64
300080710,25,49,74
300080711,147,42,189
300080801,28,21,49
300080802,11,29,40
300080803,4,22,26
300080804,45,68,113
300080805,17,60,77
300080806,8,34,42
300080807,48,235,283
300080808,41,113,154
300080809,11,34,45
300080810,22,105,127
300080811,18,75,93
300080901,27,48,75
300080902,14,43,57
300080903,8,50,58
300080904,12,20,32
300080905,25,64,89
300080906,42,126,168
300080907,12,27,39
300080908,1,12,13
300080909,35,59,94
300080910,308,324,632
300081001,23,56,79
300081002,24,33,57
300081003,175,286,461
300081004,16,34,50
300081005,30,90,120
300081006,10,31,41
300081007,104,304,408
300081008,15,39,54
300081009,3,19,22
300081101,31,59,90
300081102,15,72,87
300081103,33,62,95
300081104,14,42,56
300081105,41,74,115
300081106,8,6,14
300081107,42,11,53
300081108,330,409,739
300081109,142,172,314
300081110,742,732,1474
300081111,228,279,507
300081201,0,1,1
300150101,741,687,1428
300150102,723,641,1364
300150103,741,1463,2204
300150104,696,1185,1881
300150105,552,740,1292
300150106,657,966,1623
300150107,609,778,1387
300150108,474,616,1090
300150109,468,549,1017
300150110,222,558,780
300150111,737,1086,1823
300150112,580,777,1357
300150113,655,870,1525
300150201,725,709,1434
300150202,535,410,945
300150203,486,559,1045
300150204,372,983,1355
300150205,789,1016,1805
300150206,617,484,1101
300150207,353,231,584
300150208,490,621,1111
300150209,681,669,1350
300150210,701,882,1583
300150211,588,589,1177
300150212,675,699,1374
300150213,700,601,1301
300150214,369,308,677
300150301,559,311,870
300150302,661,355,1016
300150303,845,442,1287
300150304,715,343,1058
300150305,656,747,1403
300150306,101,54,155
300150307,237,61,298
300150308,890,370,1260
300150309,550,692,1242
300150310,372,398,770
300150401,476,429,905
300150402,350,157,507
300150403,671,299,970
300150404,637,277,914
300150405,603,502,1105
300150406,802,387,1189
300150407,626,424,1050
300150408,695,395,1090
300150409,608,232,840
300150410,651,440,1091
300150411,1015,655,1670
300150412,783,742,1525
300150413,970,365,1335
300150414,478,159,637
300150415,239,105,344
300150416,776,366,1142
300150501,328,139,467
300150502,697,337,1034
300150503,369,240,609
300150504,346,245,591
300150505,264,421,685
300150506,459,364,823
300150507,417,469,886
300150508,451,425,876
300150509,504,413,917
300150510,331,234,565
300150511,340,212,552
300150512,285,125,410
300150513,294,138,432
300150514,266,75,341
300150515,380,145,525
300150516,354,105,459
300150517,364,103,467
300150518,255,148,403
300150519,315,156,471
300150520,390,272,662
300150521,182,151,333
300150522,650,672,1322
300150601,462,922,1384
300150602,301,419,720
300150603,649,1153,1802
300150604,650,754,1404
300150605,216,201,417
300150606,430,413,843
300150607,677,274,951
300150608,459,170,629
300150609,450,206,656
300150610,422,145,567
300150611,319,101,420
300150612,375,152,527
300150613,645,445,1090
300150614,741,597,1338
300150615,394,267,661
300150616,431,481,912
300150617,544,246,790
300150618,185,139,324
300150619,397,153,550
300150620,205,70,275
300150621,200,64,264
300150701,450,447,897
300150702,319,159,478
300150703,327,137,464
300150704,259,106,365
300150705,260,67,327
300150706,190,60,250
300150707,299,108,407
300150708,319,121,440
300150709,318,230,548
300150710,343,596,939
300150711,391,347,738
300150712,364,644,1008
300150713,349,263,612
300150714,320,174,494
300150715,369,263,632
300150716,401,677,1078
300150717,22,61,83
300150718,730,828,1558
300150719,557,915,1472
300150720,119,366,485
300150801,262,108,370
300150802,221,85,306
300150803,209,68,277
300150804,248,78,326
300150805,370,100,470
300150806,372,248,620
300150807,648,334,982
300150808,385,150,535
300150809,347,118,465
300150810,407,184,591
300150811,403,215,618
300150812,413,128,541
300150813,7,6,13
300150814,562,530,1092
300150815,147,151,298
300150901,75,210,285
300150902,135,202,337
300150903,26,49,75
300150904,302,602,904
300150905,488,660,1148
300150906,304,866,1170
300150907,452,646,1098
300150908,473,662,1135
300150909,275,155,430
300150910,201,186,387
300150911,34,12,46
300151001,125,505,630
300151002,619,741,1360
300151003,350,298,648
300151004,929,647,1576
300151005,573,799,1372
300151006,437,662,1099
300151007,493,544,1037
300151008,509,750,1259
300151009,661,929,1590
300151010,562,386,948
300151011,443,1045,1488
300151012,531,1353,1884
300151013,247,867,1114
300151101,416,383,799
300151102,14,33,47
300151103,383,275,658
300151104,273,310,583
300151105,483,757,1240
300151106,338,291,629
300151107,173,584,757
300151108,352,604,956
300151109,39,124,163
300151110,262,427,689
300151111,235,320,555
300151201,27,172,199
300151202,21,76,97
300151203,55,56,111
300151204,40,127,167
300151205,20,9,29
300151206,34,56,90
300151207,12,32,44
300151208,39,207,246
300151209,22,46,68
300151210,27,99,126
300151211,40,163,203
300151212,338,627,965
300151213,417,555,972
300151214,430,519,949
300151301,148,215,363
300151302,20,29,49
300151303,11,27,38
300151304,358,742,1100
300151305,168,352,520
300151306,56,87,143
300151307,55,94,149
300151308,37,92,129
300151309,9,30,39
300151310,180,606,786
300151311,300,527,827
300151312,195,425,620
300151401,3,29,32
300151402,3,21,24
300151403,36,128,164
300151404,43,173,216
300151405,17,57,74
300151406,31,60,91
300151407,14,79,93
300151408,110,194,304
300151501,32,146,178
300151502,28,130,158
300151503,9,15,24
300151504,63,137,200
300151505,39,128,167
300151506,53,147,200
300151507,36,141,177
300151508,29,118,147
300151509,24,54,78
300151510,138,400,538
300151511,152,667,819
300151512,99,132,231
300151513,146,138,284
300151514,61,289,350
300151515,109,220,329
300151601,11,19,30
300151602,60,125,185
300151603,26,61,87
300151604,5,32,37
300151605,13,59,72
300151606,131,292,423
300151607,86,397,483
300210101,460,317,777
300210102,469,423,892
300210103,50,78,128
300210104,511,377,888
300210105,367,210,577
300210106,405,272,677
300210107,414,462,876
300210108,437,845,1282
300210109,295,201,496
300210110,242,121,363
300210111,284,160,444
300210112,362,292,654
300210201,302,292,594
300210202,275,97,372
300210203,401,382,783
300210204,32,45,77
300210205,129,346,475
300210206,82,225,307
300210207,274,387,661
300210208,293,208,501
300210209,220,223,443
300210210,504,331,835
300210211,345,439,784
300210212,352,826,1178
300210301,51,133,184
300210302,125,232,357
300210303,188,252,440
300210304,177,240,417
300210305,249,227,476
300210306,45,59,104
300210307,70,91,161
300210308,128,192,320
300210309,164,413,577
300210310,39,238,277
300210311,55,108,163
300210312,26,73,99
300210401,165,229,394
300210402,24,19,43
300210403,62,205,267
300210404,62,88,150
300210405,260,243,503
300210406,175,188,363
300210407,11,14,25
300210408,19,39,58
300210409,71,111,182
300210410,156,187,343
300210501,45,144,189
300210502,67,165,232
300210503,33,82,115
300210504,64,128,192
300210505,276,431,707
300210506,362,339,701
300210507,295,337,632
300210508,22,59,81
300210509,1,18,19
300210510,44,76,120
300210511,60,95,155
300210512,188,300,488
300210601,51,118,169
300210602,57,126,183
300210603,48,81,129
300210604,198,283,481
300210605,43,81,124
300210606,30,38,68
300210701,13,27,40
300210702,24,25,49
300210703,3,1,4
300210704,44,58,102
300210705,8,22,30
300210706,357,81,438
300210707,286,113,399
300210708,349,289,638
300210709,486,167,653
300210710,519,132,651
300210711,60,9,69
300210712,434,84,518
300210713,257,65,322
300210714,490,96,586
300210715,429,143,572
300210716,454,113,567
300210801,15,26,41
300210802,19,66,85
300210803,43,46,89
300210804,126,206,332
300210805,19,51,70
300210806,26,60,86
300210807,35,58,93
300210808,19,37,56
300210809,29,102,131
300210901,96,150,246
300210902,133,150,283
300210903,306,283,589
300210904,220,145,365
300210905,560,577,1137
300210906,159,161,320
300210907,365,300,665
300210908,269,214,483
300210909,286,265,551
300210910,290,248,538
300210911,307,371,678
300211001,33,59,92
300211002,319,149,468
300211003,133,111,244
300211004,217,316,533
300211005,189,173,362
300211006,261,349,610
300211007,346,286,632
300211101,25,102,127
300211102,37,66,103
300211103,27,54,81
300211104,19,42,61
300211105,25,21,46
300211201,4,12,16
300211202,0,14,14
300211203,26,67,93
300211204,36,93,129
300211205,5,47,52
300211206,9,86,95
300211207,14,60,74
300211208,41,106,147
300211209,20,87,107
300211210,108,507,615
300211211,9,34,43
300211212,32,96,128
300211301,7,67,74
300211302,4,24,28
300280101,143,66,209
300280102,740,396,1136
300280103,391,221,612
300280104,288,165,453
300280105,614,581,1195
300280106,635,642,1277
300280107,457,382,839
300280108,374,224,598
300280109,332,148,480
300280110,521,666,1187
300280111,240,195,435
300280112,325,276,601
300280113,62,378,440
300280114,76,80,156
300280201,103,52,155
300280202,86,49,135
300280203,289,774,1063
300280204,405,1028,1433
300280205,351,967,1318
300280206,365,690,1055
300280301,30,92,122
300280302,4,13,17
300280303,100,173,273
300280304,7,11,18
300280305,26,42,68
300280306,42,122,164
300280307,1,11,12
300280308,8,17,25
300280401,217,283,500
300280402,329,498,827
300280403,603,583,1186
300280404,406,368,774
300280405,278,448,726
300280406,494,405,899
300280407,161,555,716
300280408,338,469,807
300280409,243,242,485
300280410,439,428,867
300280411,298,334,632
300280412,365,295,660
300280413,296,250,546
300280414,305,322,627
300280415,289,346,635
300280416,433,423,856
300280417,294,404,698
300280418,379,490,869
300280419,341,692,1033
300280501,238,705,943
300280502,368,567,935
300280503,350,601,951
300280504,156,648,804
300280505,365,838,1203
300280506,222,195,417
300280507,392,469,861
300280508,316,135,451
300280509,347,194,541
300280510,295,114,409
300280511,363,258,621
300280512,475,480,955
300280513,252,211,463
300280514,430,433,863
300280515,327,194,521
300280516,256,99,355
300280517,581,337,918
300280518,457,514,971
300280519,385,415,800
300280601,87,183,270
300280602,36,180,216
300280603,180,500,680
300280604,33,122,155
300280605,105,223,328
300280606,97,316,413
300280607,181,219,400
300280608,282,464,746
300280609,297,378,675
300280610,26,67,93
300280611,72,147,219
300280701,2,3,5
300280702,2,12,14
300280703,4,22,26
300280704,10,81,91
300280705,1,10,11
300280706,2,32,34
300280707,5,15,20
300280708,88,342,430
300280709,352,524,876
300280710,439,707,1146
300280711,309,388,697
300280712,224,533,757
300280801,33,130,163
300280802,13,104,117
300280803,34,182,216
300280804,7,5,12
300280805,58,170,228
300280806,46,112,158
300280807,15,64,79
300280808,68,165,233
300280809,325,821,1146
300280810,233,341,574
300280811,138,312,450
300280812,124,271,395
300280901,50,155,205
300280902,26,38,64
300280903,65,160,225
300280904,47,133,180
300280905,31,82,113
300280906,40,61,101
300280907,249,573,822
300281001,2,35,37
300281002,14,41,55
300281003,0,13,13
300281004,3,13,16
300281005,34,62,96
300281006,4,18,22
300281007,7,17,24
300281008,64,250,314
300281101,28,43,71
300281102,3,5,8
300281103,22,62,84
300281104,36,98,134
300281105,5,28,33
300281106,4,23,27
300281107,287,340,627
300281108,144,343,487
300281201,37,160,197
300281202,0,5,5
300281203,11,94,105
300281204,55,137,192
300281205,9,84,93
300281206,24,101,125
300281207,40,185,225
300281208,332,412,744
300281209,11,48,59
300281210,129,153,282
300281211,62,134,196
300281212,56,153,209
300281213,27,68,95
300281214,48,87,135
300281215,60,318,378
300281301,16,21,37
300281302,16,20,36
300281303,61,182,243
300281304,14,68,82
300281305,4,27,31
300281306,25,72,97
300281307,41,155,196
300281308,7,24,31
300281309,112,247,359
300281310,15,24,39
300350101,294,488,782
300350102,262,484,746
300350103,270,233,503
300350104,493,888,1381
300350105,412,641,1053
300350106,333,578,911
300350107,403,398,801
300350108,322,239,561
300350109,264,151,415
300350110,382,407,789
300350111,205,249,454
300350112,524,454,978
300350113,418,289,707
300350114,271,347,618
300350115,268,477,745
300350116,474,589,1063
300350117,518,434,952
300350118,401,407,808
300350119,220,686,906
300350201,15,104,119
300350202,7,155,162
300350203,17,168,185
300350204,168,497,665
300350205,17,133,150
300350206,38,264,302
300350301,3,17,20
300350302,4,19,23
300350303,9,18,27
300350304,22,19,41
300350305,0,8,8
300350401,5,66,71
300350402,2,17,19
300350403,12,111,123
300350404,0,5,5
300350405,6,66,72
300350406,9,40,49
300350407,19,56,75
300350408,23,75,98
300350409,28,80,108
300350410,3,21,24
300350411,4,39,43
300350412,9,7,16
300350413,0,3,3
300350414,85,272,357
300350501,2,62,64
300350502,2,56,58
300350503,2,9,11
300350504,3,85,88
300350505,7,29,36
300350506,13,32,45
300350507,98,108,206
300350601,1,11,12
300350602,5,16,21
300350603,16,50,66
300350604,1,27,28
300350605,6,54,60
300350606,3,41,44
300350701,42,147,189
300350702,26,63,89
300350703,13,44,57
300350704,13,47,60
300350705,9,41,50
300350706,28,82,110
300350801,11,51,62
300350802,11,127,138
300350803,8,68,76
300350804,31,122,153
300350805,32,54,86
300350901,7,56,63
300350902,12,75,87
300350903,1,25,26
300350904,3,10,13
300350905,9,72,81
300350906,2,33,35
300350907,14,17,31
300351001,2,2,4
300351002,4,9,13
300351003,32,50,82
300351004,11,28,39
300351005,51,244,295
300351006,102,201,303
300351007,319,347,666
300351101,2,36,38
300351102,32,77,109
300351103,405,702,1107
300351104,250,302,552
300351105,236,415,651
300351106,218,176,394
300420101,220,580,800
300420102,248,752,1000
300420103,254,526,780
300420104,434,467,901
300420105,281,376,657
300420106,480,447,927
300420107,391,379,770
300420108,234,510,744
300420109,241,255,496
300420110,408,377,785
300420111,243,692,935
300420112,369,343,712
300420201,31,176,207
300420202,31,202,233
300420203,32,131,163
300420204,123,396,519
300420205,122,283,405
300420206,43,299,342
300420301,23,77,100
300420302,30,218,248
300420303,40,218,258
300420304,6,21,27
300420305,15,129,144
300420401,5,45,50
300420402,13,61,74
300420403,10,38,48
300420404,15,148,163
300420405,5,11,16
300420406,13,61,74
300420501,7,41,48
300420502,1,54,55
300420503,86,343,429
300420504,9,145,154
300420601,8,10,18
300420602,4,80,84
300420603,13,108,121
300420604,34,106,140
300420605,10,50,60
300420701,12,35,47
300420702,3,43,46
300420703,13,111,124
300420704,24,291,315
300490101,136,155,291
300490102,547,867,1414
300490103,446,322,768
300490104,208,278,486
300490105,484,377,861
300490106,484,419,903
300490107,536,393,929
300490108,470,370,840
300490109,230,153,383
300490110,348,140,488
300490111,416,325,741
300490112,426,181,607
300490113,288,149,437
300490114,223,178,401
300490201,361,345,706
300490202,516,652,1168
300490203,319,396,715
300490204,264,206,470
300490205,308,254,562
300490206,251,363,614
300490207,203,188,391
300490208,307,179,486
300490209,339,310,649
300490210,338,795,1133
300490211,431,269,700
300490212,182,109,291
300490213,369,202,571
300490214,261,120,381
300490215,199,142,341
300490216,139,285,424
300490217,127,131,258
300490218,438,353,791
300490219,362,246,608
300490220,410,455,865
300490221,223,665,888
300490222,164,614,778
300490301,529,553,1082
300490302,320,167,487
300490303,223,109,332
300490304,303,160,463
300490305,367,223,590
300490306,414,511,925
300490307,364,528,892
300490308,493,664,1157
300490309,460,862,1322
300490310,544,933,1477
300490311,126,401,527
300490312,197,789,986
300490401,127,291,418
300490402,96,210,306
300490403,68,252,320
300490404,13,49,62
300490405,12,50,62
300490406,3,14,17
300490407,130,184,314
300490408,20,98,118
300490409,136,286,422
300490410,1,5,6
300490411,264,270,534
300490412,411,805,1216
300490413,327,814,1141
300490414,260,523,783
300490415,301,504,805
300490416,2,7,9
300490417,42,287,329
300490501,22,56,78
300490502,13,47,60
300490503,25,108,133
300490504,11,24,35
300490505,15,43,58
300490506,9,57,66
300490507,13,53,66
300490508,40,68,108
300490509,29,67,96
300490510,23,104,127
300490511,67,327,394
300490512,25,143,168
300490513,4,39,43
300490601,16,56,72
300490602,23,41,64
300490603,22,48,70
300490604,18,20,38
300490605,19,70,89
300490606,10,47,57
300490607,4,16,20
300490608,8,6,14
300490609,39,65,104
300490610,13,27,40
300490611,70,273,343
300490701,11,41,52
300490702,31,158,189
300490703,17,36,53
300490704,4,15,19
300490705,0,26,26
300490706,25,90,115
300490707,10,40,50
300490708,17,72,89
300490709,13,27,40
300490710,9,21,30
300490711,17,32,49
300490712,0,26,26
300490801,0,10,10
300490802,6,85,91
300490803,4,55,59
300490804,17,59,76
300490805,0,66,66
300490806,0,141,141
300490807,0,23,23
300490901,2,75,77
300490902,7,169,176
300491001,2,0,2
300491002,10,25,35
300491003,33,34,67
300491004,20,26,46
300491005,77,163,240
300491006,250,227,477
300491007,342,548,890
300491008,214,311,525
300491009,214,170,384
300491010,422,516,938
300491011,402,620,1022
300560101,464,479,943
300560102,561,395,956
300560103,754,529,1283
300560104,593,275,868
300560105,601,530,1131
300560106,633,495,1128
300560107,612,600,1212
300560108,735,282,1017
300560109,418,307,725
300560110,660,451,1111
300560111,645,305,950
300560112,243,138,381
300560113,294,151,445
300560114,401,184,585
300560115,676,445,1121
300560116,509,424,933
300560117,526,263,789
300560118,195,88,283
300560119,309,198,507
300560120,416,129,545
300560121,319,92,411
300560122,402,184,586
300560201,638,217,855
300560202,445,302,747
300560203,561,782,1343
300560204,179,329,508
300560205,600,831,1431
300560206,663,686,1349
300560207,407,267,674
300560208,435,205,640
300560209,415,205,620
300560210,340,194,534
300560211,259,120,379
300560212,337,161,498
300560213,352,190,542
300560214,409,246,655
300560215,360,248,608
300560216,546,385,931
300560217,320,384,704
300560218,328,163,491
300560219,316,121,437
300560220,467,158,625
300560221,316,126,442
300560301,133,29,162
300560302,171,64,235
300560303,463,132,595
300560304,276,106,382
300560305,225,105,330
300560306,308,136,444
300560307,411,128,539
300560308,517,253,770
300560309,324,114,438
300560310,387,170,557
300560311,324,143,467
300560312,443,234,677
300560313,536,592,1128
300560314,459,357,816
300560315,228,132,360
300560316,360,246,606
300560317,553,460,1013
300560318,554,565,1119
300560319,278,169,447
300560401,387,208,595
300560402,343,182,525
300560403,237,130,367
300560404,244,135,379
300560405,506,297,803
300560406,348,259,607
300560407,489,320,809
300560408,601,482,1083
300560409,530,468,998
300560410,835,302,1137
300560411,466,465,931
300560412,464,558,1022
300560413,429,475,904
300560414,832,638,1470
300560415,559,530,1089
300560416,332,328,660
300560417,517,405,922
300560418,453,464,917
300560501,246,183,429
300560502,379,111,490
300560503,285,200,485
300560504,596,326,922
300560505,346,384,730
300560506,293,185,478
300560507,427,289,716
300560508,374,394,768
300560509,284,369,653
300560510,393,427,820
300560511,448,424,872
300560512,291,267,558
300560513,477,447,924
300560601,45,151,196
300560602,205,179,384
300560603,35,30,65
300560604,75,72,147
300560605,619,863,1482
300560606,546,461,1007
300560607,244,132,376
300560608,849,393,1242
300560609,25,32,57
300560610,370,319,689
300560611,87,123,210
300560612,14,36,50
300560701,789,582,1371
300560702,628,471,1099
300560703,122,64,186
300560704,31,56,87
300560705,90,203,293
300560706,364,519,883
300560707,57,105,162
300560801,11,42,53
300560802,20,15,35
300560803,0,1,1
300560804,49,90,139
300560805,14,20,34
300560806,9,25,34
300560807,4,13,17
300560808,33,107,140
300560809,12,36,48
300560810,44,140,184
300560811,182,235,417
300560812,89,233,322
300560901,22,43,65
300560902,30,76,106
300560903,6,13,19
300560904,14,14,28
300560905,7,11,18
300560906,6,48,54
300560907,30,84,114
300560908,54,89,143
300560909,35,75,110
300560910,6,48,54
300560911,124,247,371
300560912,10,18,28
300560913,10,26,36
300560914,0,14,14
300560915,176,254,430
300560916,244,336,580
300561001,23,118,141
300561002,3,10,13
300561003,37,96,133
300561004,65,128,193
300561005,30,81,111
300561006,2,14,16
300561007,14,22,36
300561008,28,38,66
300561009,89,128,217
300561010,17,31,48
300561011,30,114,144
300561101,2,9,11
300561102,3,35,38
300561103,17,32,49
300561104,16,24,40
300561105,16,21,37
300561106,10,33,43
300561107,22,33,55
300561108,0,13,13
300561109,15,38,53
300561110,7,31,38
300561111,100,191,291
300561201,59,137,196
300561202,62,79,141
300561203,11,37,48
300561204,19,84,103
300561205,42,86,128
300561206,40,91,131
300561207,37,77,114
300561208,38,82,120
300561209,8,38,46
300561301,9,8,17
300561302,42,105,147
300561303,9,44,53
300561304,9,13,22
300561305,13,25,38
300561306,42,121,163
300561307,8,46,54
300561308,15,58,73
300561309,2,17,19
300561310,4,56,60
300561401,44,86,130
300561402,6,25,31
300561403,7,22,29
300561404,4,35,39
300561405,9,41,50
300561406,258,458,716
300561501,240,295,535
300561502,262,470,732
300561503,302,413,715
300561504,278,306,584
300561505,217,136,353
300561506,370,231,601
300561507,444,314,758
300561508,261,130,391
300561509,343,261,604
300561510,129,172,301
300561511,421,380,801
300561512,343,285,628
300561513,364,395,759
300561601,108,129,237
300561602,59,69,128
300561603,0,2,2
300561604,148,213,361
300561605,12,28,40
300561701,15,36,51
300561702,87,120,207
300561703,239,310,549
300561704,460,276,736
300561705,404,379,783
300561706,205,213,418
300561707,356,441,797
300561708,353,224,577
300561709,293,181,474
300561710,283,225,508
300561711,296,215,511
300561712,205,335,540
300561801,16,62,78
300561802,21,23,44
300561803,2,25,27
300561804,9,67,76
300561805,19,33,52
300561806,31,15,46
300561807,15,34,49
300561808,66,121,187
300561809,112,95,207
300561810,262,210,472
300561811,314,240,554
300561812,190,147,337
300561813,169,99,268
300561814,167,83,250
300561815,25,12,37
300630101,32,52,84
300630102,17,36,53
300630103,145,155,300
300630104,36,76,112
300630105,33,68,101
300630106,6,23,29
300630107,34,127,161
300630108,57,57,114
300630109,4,18,22
300630110,477,408,885
300630111,437,400,837
300630201,24,85,109
300630202,3,42,45
300630203,46,168,214
300630204,451,522,973
300630205,635,541,1176
300630206,438,482,920
300630207,364,670,1034
300630301,13,57,70
300630302,4,50,54
300630303,11,68,79
300630304,170,375,545
300630401,0,3,3
300630402,0,1,1
300630403,6,5,11
300630404,5,14,19
300630405,14,24,38
300630406,43,129,172
300630407,4,38,42
300630408,12,33,45
300630409,12,28,40
300630410,0,1,1
300630411,1,2,3
300630412,246,415,661
300630413,323,595,918
300630501,9,45,54
300630502,42,78,120
300630503,0,25,25
300630504,12,99,111
300630505,99,109,208
300630506,4,19,23
300630507,24,87,111
300630508,71,282,353
300630509,36,108,144
300630510,3,27,30
300630511,7,30,37
300630512,29,96,125
300630513,3,5,8
300630514,1,4,5
300700101,176,137,313
300700102,282,142,424
300700103,269,182,451
300700104,234,457,691
300700105,223,379,602
300700106,220,743,963
300700107,327,231,558
300700108,415,300,715
300700109,412,302,714
300700110,253,370,623
300700111,240,450,690
300700112,296,207,503
300700113,408,504,912
300700114,457,868,1325
300700115,435,547,982
300700201,436,555,991
300700202,353,430,783
300700203,290,730,1020
300700204,230,624,854
300700205,152,465,617
300700206,377,691,1068
300700207,149,324,473
300700208,214,396,610
300700209,191,701,892
300700210,240,652,892
300700301,0,14,14
300700302,52,164,216
300700303,358,441,799
300700304,247,489,736
300700305,84,313,397
300700306,98,103,201
300700307,45,154,199
300700308,434,331,765
300700309,290,117,407
300700310,467,527,994
300700311,264,280,544
300700312,43,242,285
300700313,22,68,90
300700314,8,18,26
300700401,16,202,218
300700402,18,120,138
300700403,0,11,11
300700404,3,36,39
300700405,13,76,89
300700406,80,225,305
300700407,15,154,169
300700408,37,231,268
300700409,22,95,117
300700410,0,5,5
300700411,24,157,181
300700412,9,42,51
300700413,12,104,116
300700414,40,108,148
300700415,40,167,207
300700416,13,68,81
300700501,25,61,86
300700502,14,88,102
300700503,9,129,138
300700504,9,27,36
300700505,68,81,149
300700506,35,100,135
300700507,30,104,134
300700508,4,16,20
300700509,11,75,86
300700510,89,373,462
300700511,190,583,773
300700601,11,9,20
300700602,22,20,42
300700603,6,25,31
300700604,23,59,82
300700605,3,10,13
300700606,2,25,27
300700607,17,48,65
300700608,22,236,258
300700609,14,76,90
300700701,26,164,190
300700702,8,69,77
300700703,18,171,189
300700704,6,64,70
300700705,38,53,91
300700706,22,113,135
300700801,13,57,70
300700802,6,43,49
300700803,21,69,90
300700804,5,47,52
300700805,2,33,35
300700806,19,50,69
300700807,5,44,49
300700808,4,21,25
300700809,19,35,54
300700810,146,299,445
300700901,23,83,106
300700902,4,34,38
300700903,75,151,226
300700904,31,57,88
300700905,23,65,88
300700906,2,16,18
300700907,56,149,205
300700908,15,65,80
300700909,72,196,268
300701001,0,2,2
300701002,6,25,31
300701003,120,275,395
300701004,219,688,907
300701005,171,666,837
300701006,233,209,442
300701007,225,223,448
300701008,416,629,1045
300701009,311,709,1020
300701010,499,483,982
300701011,292,290,582
300701101,282,264,546
300701102,187,280,467
300701103,274,415,689
300701104,407,791,1198
300701105,202,472,674
300701106,465,667,1132
300701107,346,542,888
300701108,351,365,716
300701109,400,443,843
300701110,601,776,1377
300701111,324,964,1288
300701112,35,349,384
300701201,17,244,261
300701202,3,58,61
300701203,7,67,74
300701204,49,182,231
300701205,21,48,69
300701206,3,84,87
300701207,18,98,116
300701208,32,49,81
300701209,32,93,125
300701210,18,47,65
300701211,0,0,0
300701212,142,106,248
300701213,465,590,1055
300701301,98,191,289
300701302,102,189,291
300701303,22,69,91
300701304,14,128,142
300701305,3,32,35
300701306,24,38,62
300701307,11,63,74
300701308,61,123,184
300701309,160,538,698
300701310,100,217,317
300701311,158,437,595
300701312,156,442,598
300701401,10,35,45
300701402,7,54,61
300701403,17,27,44
300701404,17,37,54
300701405,385,850,1235
300701406,324,391,715
300701407,258,489,747
300701408,289,643,932
300701409,292,428,720
300701410,329,227,556
300701411,592,525,1117
300701412,343,435,778
300701413,549,738,1287
300701501,0,19,19
300770101,142,282,424
300770102,397,525,922
300770103,249,304,553
300770104,286,421,707
300770105,292,518,810
300770106,341,283,624
300770107,341,283,624
300770108,276,279,555
300770109,363,316,679
300770110,518,538,1056
300770111,201,177,378
300770112,110,208,318
300770113,362,494,856
300770114,468,224,692
300770115,306,265,571
300770201,377,334,711
300770202,448,341,789
300770203,175,238,413
300770204,261,305,566
300770205,375,188,563
300770206,257,321,578
300770207,346,366,712
300770208,324,210,534
300770209,219,403,622
300770210,342,472,814
300770211,323,446,769
300770212,119,227,346
300770213,505,487,992
300770214,258,350,608
300770215,376,369,745
300770216,430,811,1241
300770217,107,301,408
300770301,6,31,37
300770302,56,150,206
300770303,18,52,70
300770304,89,192,281
300770305,169,150,319
300770306,67,200,267
300770401,8,28,36
300770402,5,63,68
300770403,27,96,123
300770404,21,72,93
300770405,45,126,171
300770406,21,76,97
300770407,33,71,104
300770408,21,117,138
300770409,23,26,49
300770410,17,81,98
300770411,10,55,65
300770412,16,31,47
300770413,3,21,24
300770414,31,92,123
300770415,6,68,74
300770416,23,92,115
300770417,8,40,48
300770501,27,78,105
300770502,0,17,17
300770503,10,57,67
300770504,5,47,52
300770505,39,122,161
300770506,32,98,130
300770507,25,108,133
300770508,10,45,55
300770509,0,16,16
300770510,19,76,95
300770511,3,22,25
300770512,3,11,14
300770513,7,63,70
300770514,6,111,117
300770515,12,52,64
300770516,28,124,152
300770517,9,77,86
300770518,19,51,70
300770519,1,13,14
300770601,42,107,149
300770602,5,26,31
300770603,27,102,129
300770604,4,11,15
300770605,55,104,159
300770606,23,99,122
300770607,19,83,102
300770608,6,25,31
300770609,4,49,53
300770610,36,72,108
300770611,28,40,68
300770612,92,198,290
300770613,3,12,15
300770701,65,82,147
300770702,38,56,94
300770703,9,37,46
300770704,10,39,49
300770705,13,49,62
300770706,268,366,634
300770707,368,482,850
300770708,14,27,41
300770709,28,56,84
300770710,20,40,60
300770711,3,15,18
300770801,125,148,273
300770802,174,227,401
300770803,184,216,400
300770804,178,210,388
300770805,32,48,80
300770806,59,115,174
300770807,2,12,14
300770901,11,50,61
300770902,11,28,39
300770903,6,57,63
300770904,48,157,205
300770905,18,14,32
300770906,49,189,238
300770907,6,48,54
300770908,5,69,74
300771001,19,57,76
300771002,22,84,106
300771003,1,55,56
300771004,8,17,25
300771005,5,26,31
300771006,0,11,11
300771101,48,48,96
300771102,37,35,72
300771103,35,138,173
300771104,10,49,59
300771105,8,47,55
300771106,5,17,22
300771107,1,6,7
300771108,13,50,63
300771109,28,53,81
300771110,21,104,125
300771111,1,70,71
300771112,31,74,105
300771113,29,84,113
300771114,14,69,83
300771115,8,56,64
300771201,270,675,945
300771202,164,237,401
300771203,249,307,556
300771204,233,269,502
300771205,252,280,532
300771206,164,325,489
300771207,204,436,640
300771208,49,82,131
300771209,22,61,83
300771210,10,27,37
300771211,2,28,30
300771212,0,25,25
300771213,0,6,6
300840101,483,425,908
300840102,505,407,912
300840103,235,114,349
300840104,470,582,1052
300840105,567,401,968
300840106,339,388,727
300840107,221,398,619
300840108,664,783,1447
300840109,138,267,405
300840110,410,316,726
300840111,536,907,1443
300840112,482,717,1199
300840113,550,682,1232
300840114,752,745,1497
300840201,410,383,793
300840202,353,73,426
300840203,465,109,574
300840204,369,106,475
300840205,697,125,822
300840206,344,89,433
300840207,340,134,474
300840208,610,584,1194
300840209,419,152,571
300840210,255,49,304
300840211,391,75,466
300840212,448,106,554
300840213,489,84,573
300840214,364,85,449
300840215,480,189,669
300840216,568,487,1055
300840217,496,210,706
300840218,505,101,606
300840219,458,81,539
300840220,378,93,471
300840221,359,85,444
300840222,292,67,359
300840223,252,44,296
300840224,235,60,295
300840301,651,135,786
300840302,484,568,1052
300840303,490,298,788
300840304,405,270,675
300840305,713,849,1562
300840306,528,115,643
300840307,350,106,456
300840308,435,82,517
300840309,472,126,598
300840310,550,291,841
300840311,494,195,689
300840312,328,182,510
300840313,271,64,335
300840314,628,149,777
300840315,239,96,335
300840316,368,126,494
300840317,412,133,545
300840318,735,224,959
300840319,180,43,223
300840320,380,93,473
300840321,281,70,351
300840322,180,34,214
300840323,296,47,343
300840401,531,594,1125
300840402,356,568,924
300840403,259,67,326
300840404,754,359,1113
300840405,471,369,840
300840406,448,318,766
300840407,318,240,558
300840408,447,322,769
300840409,574,577,1151
300840410,468,425,893
300840411,813,524,1337
300840412,717,252,969
300840413,547,205,752
300840414,547,329,876
300840415,655,735,1390
300840416,725,512,1237
300840417,581,399,980
300840418,512,536,1048
300840419,307,176,483
300840420,427,319,746
300840421,529,202,731
300840501,711,344,1055
300840502,384,331,715
300840503,485,354,839
300840504,613,384,997
300840505,957,673,1630
300840506,428,316,744
300840507,496,238,734
300840508,643,391,1034
300840509,473,145,618
300840510,504,214,718
300840511,329,262,591
300840512,785,302,1087
300840513,672,130,802
300840514,733,535,1268
300840515,453,230,683
300840516,692,415,1107
300840517,508,344,852
300840518,345,325,670
300840519,395,250,645
300840520,522,294,816
300840521,330,219,549
300840522,625,259,884
300840523,659,355,1014
300840524,625,320,945
300840601,561,91,652
300840602,166,33,199
300840603,339,103,442
300840604,636,144,780
300840605,355,41,396
300840606,353,71,424
300840607,298,92,390
300840608,614,231,845
300840609,244,85,329
300840610,97,40,137
300840611,227,54,281
300840612,363,143,506
300840613,273,93,366
300840614,327,74,401
300840615,502,160,662
300840616,620,183,803
300840617,567,174,741
300840618,452,158,610
300840619,555,173,728
300840620,641,201,842
300840621,604,217,821
300840622,452,191,643
300840623,504,233,737
300840701,530,300,830
300840702,503,136,639
300840703,164,70,234
300840704,133,50,183
300840705,256,65,321
300840706,415,88,503
300840707,272,72,344
300840708,537,204,741
300840709,696,266,962
300840710,643,169,812
300840711,643,161,804
300840712,615,246,861
300840713,443,837,1280
300840714,618,647,1265
300840715,620,305,925
300840801,406,250,656
300840802,730,276,1006
300840803,544,253,797
300840804,647,484,1131
300840805,677,527,1204
300840806,603,430,1033
300840807,663,306,969
300840808,361,182,543
300840809,454,280,734
300840810,724,327,1051
300840811,593,253,846
300840812,553,322,875
300840813,41,9,50
300840814,611,371,982
300840815,633,310,943
300840816,438,681,1119
300840817,520,406,926
300840818,761,365,1126
300840819,777,408,1185
300840820,663,284,947
300840821,883,338,1221
300840822,831,297,1128
300840823,395,176,571
300840901,554,239,793
300840902,495,267,762
300840903,259,102,361
300840904,580,200,780
300840905,305,134,439
300840906,460,221,681
300840907,786,532,1318
300840908,250,162,412
300840909,582,379,961
300840910,421,253,674
300840911,751,283,1034
300840912,482,338,820
300840913,644,443,1087
300840914,583,366,949
300840915,232,187,419
300840916,547,390,937
300840917,642,459,1101
300841001,522,254,776
300841002,471,438,909
300841003,504,328,832
300841004,287,191,478
300841005,362,205,567
300841006,357,222,579
300841007,480,231,711
300841008,567,307,874
300841009,647,386,1033
300841010,333,282,615
300841011,539,293,832
300841012,446,286,732
300841013,553,227,780
300841014,834,331,1165
300841015,788,320,1108
300841016,330,246,576
300841017,729,285,1014
300841018,704,452,1156
300841019,292,177,469
300841020,825,398,1223
300841021,540,376,916
300841101,179,120,299
300841102,500,298,798
300841103,738,476,1214
300841104,597,425,1022
300841105,207,199,406
300841106,601,598,1199
300841107,599,543,1142
300841108,381,366,747
300841109,139,75,214
300841110,781,693,1474
300841111,466,430,896
300841112,439,347,786
300841113,262,351,613
300841114,449,637,1086
300841201,189,75,264
300841202,492,70,562
300841203,98,61,159
300841204,119,29,148
300841205,517,314,831
300841206,159,62,221
300841207,526,214,740
300841208,40,137,177
300841209,82,68,150
300841210,308,205,513
300841211,349,240,589
300841212,12,20,32
300841301,586,576,1162
300841302,247,380,627
300841303,48,104,152
300841304,325,310,635
300841305,122,25,147
300841306,340,282,622
300841307,189,402,591
300841401,574,332,906
300841402,748,391,1139
300841403,565,416,981
300841404,517,604,1121
300841405,528,649,1177
300841406,785,539,1324
300841407,661,517,1178
300841408,423,265,688
300841409,578,391,969
300841410,578,344,922
300841411,652,343,995
300841412,757,441,1198
300841413,372,168,540
300841414,615,527,1142
300841415,236,159,395
300841416,488,472,960
300841417,612,579,1191
300841501,593,307,900
300841502,326,152,478
300841503,884,415,1299
300841504,718,231,949
300841505,341,148,489
300841506,875,339,1214
300841507,749,526,1275
300841508,890,275,1165
300841509,389,257,646
300841510,529,383,912
300841511,372,143,515
300841512,811,354,1165
300841513,4,9,13
300841601,608,517,1125
300841602,529,183,712
300841603,609,297,906
300841604,572,166,738
300841605,400,192,592
300841606,663,275,938
300841607,625,349,974
300841608,756,331,1087
300841609,616,241,857
300841610,618,270,888
300841611,739,294,1033
300841701,69,354,423
300841702,532,548,1080
300841703,445,480,925
300841704,515,370,885
300841705,462,320,782
300841706,291,227,518
300841707,685,579,1264
300841708,606,456,1062
300841709,645,408,1053
300841710,754,500,1254
300841711,453,415,868
300841712,487,297,784
300841713,563,439,1002
300841714,619,827,1446
300841715,402,632,1034
300841716,272,510,782
300841717,241,526,767
300841718,334,422,756
300841719,579,869,1448
300841801,37,58,95
300841802,455,538,993
300841803,159,226,385
300841804,129,195,324
300841901,31,48,79
300841902,17,11,28
300841903,7,4,11
300841904,0,16,16
300841905,262,291,553
300841906,257,221,478
300841907,131,151,282
300841908,41,26,67
300841909,158,196,354
300841910,219,281,500
300841911,228,184,412
300841912,97,34,131
300842001,4,26,30
300842002,117,100,217
300842003,63,106,169
300842004,41,42,83
300842005,47,20,67
300842006,29,26,55
300842007,35,25,60
300842101,531,586,1117
300842102,172,198,370
300842103,322,255,577
300842104,272,268,540
300842105,196,200,396
300842106,612,995,1607
300842107,455,309,764
300842108,494,336,830
300842201,218,279,497
300842202,152,227,379
300842203,83,99,182
300842204,128,185,313
300842205,118,149,267
300842206,477,276,753
300842207,69,65,134
300842208,27,45,72
300842301,8,17,25
300842302,94,123,217
300842303,3,11,14
300842304,77,61,138
300842305,435,188,623
300842306,439,178,617
300842307,300,129,429
300842308,550,115,665
300842309,509,180,689
300842310,416,152,568
300842311,99,49,148
300842401,81,61,142
300842402,44,38,82
300842403,87,95,182
300842404,38,78,116
300842405,64,102,166
300842406,56,46,102
300842407,113,117,230
300842408,18,37,55
300842409,435,293,728
300842501,0,24,24
300842502,5,17,22
300842503,16,105,121
300842504,17,93,110
300842505,14,91,105
300842506,409,432,841
300842507,300,505,805
300842508,400,656,1056
300842509,265,605,870
300842510,255,304,559
300842511,381,307,688
300842512,112,125,237
300842601,2,7,9
300842602,4,9,13
300842603,5,12,17
300842604,0,37,37
300842605,11,33,44
300842606,2,37,39
300842607,10,76,86
300842608,10,36,46
300842609,38,124,162
300842610,27,93,120
300842611,31,34,65
300842612,22,45,67
300842613,56,89,145
300842614,13,26,39
300842615,126,280,406
300842616,109,239,348
300842701,17,39,56
300842702,10,46,56
300842703,402,274,676
300842704,403,418,821
300842705,349,399,748
300842706,73,318,391
300842707,380,629,1009
300842708,318,566,884
300842801,139,181,320
300842802,1,30,31
300842803,18,51,69
300842804,6,14,20
300842805,35,30,65
300842806,16,56,72
300842807,10,22,32
300842808,6,46,52
300842809,16,45,61
300842810,7,45,52
300842811,11,27,38
300842812,11,63,74
300842813,15,47,62
300842901,5,16,21
300842902,7,24,31
300842903,7,36,43
300842904,6,28,34
300842905,10,17,27
300842906,3,25,28
300842907,4,11,15
300842908,2,6,8
300842909,4,25,29
300842910,256,474,730
300843001,21,72,93
300843002,89,123,212
300843003,22,51,73
300843004,10,12,22
300843005,187,119,306
300843006,353,316,669
300843007,344,315,659
300843008,269,160,429
300843009,221,206,427
300843010,192,185,377
300843011,251,222,473
300843012,404,334,738
300843013,492,273,765
300843014,61,100,161
300843101,36,41,77
300843102,35,94,129
300843103,4,32,36
300843104,10,11,21
300843105,16,45,61
300843106,8,36,44
300843107,20,145,165
300843108,15,35,50
300843109,39,50,89
300843110,18,63,81
300843111,9,48,57
300843112,31,80,111
300843113,26,47,73
300843114,5,47,52
300843115,71,217,288
300843116,118,170,288
300843201,9,56,65
300843202,72,106,178
300843203,34,84,118
300843204,26,95,121
300843205,159,177,336
300843206,119,186,305
300843207,73,143,216
300843208,30,72,102
300843209,204,271,475
300843210,49,50,99
300843211,58,45,103
300843212,172,131,303
300843213,134,104,238
300843301,8,24,32
300843302,28,50,78
300843303,15,38,53
300843304,22,8,30
300843305,82,169,251
300843306,399,536,935
300843307,445,607,1052
300843308,517,535,1052
300843309,170,522,692
300843310,112,263,375
300843311,168,283,451
300843312,322,272,594
300843313,334,396,730
300843314,462,590,1052
300843401,1,3,4
300843402,13,32,45
300843403,2,16,18
300843404,4,29,33
300843405,25,20,45
300843406,0,0,0
300843407,31,105,136
300843408,64,98,162
300843409,8,48,56
300843410,10,53,63
300843411,3,31,34
300843412,29,114,143
300843413,27,50,77
300843414,34,65,99
300843415,58,166,224
300843416,134,341,475
300843501,12,29,41
300843502,8,31,39
300843503,25,35,60
300843504,12,15,27
300843505,7,39,46
300843506,185,288,473
300843507,108,257,365
300843508,155,254,409
300843601,23,29,52
300843602,21,45,66
300843603,13,46,59
300843604,12,54,66
300843701,312,311,623
300843702,230,312,542
300843703,149,220,369
300843704,577,487,1064
300843705,254,261,515
300843706,396,318,714
300843707,363,200,563
300843708,239,164,403
300843709,360,178,538
300843710,322,341,663
300843711,332,387,719
300843712,233,472,705
300843713,285,324,609
300843714,302,497,799
300843715,51,26,77
300843801,4,11,15
300843802,3,37,40
300843803,9,40,49
300843804,19,33,52
300843805,21,72,93
300843806,15,19,34
300843807,36,50,86
300843808,22,61,83
300843809,17,33,50
300843901,54,55,109
300843902,27,58,85
300843903,48,92,140
300843904,55,69,124
300843905,7,16,23
300843906,11,16,27
300843907,16,35,51
300843908,30,65,95
300843909,43,50,93
300844001,66,90,156
300844002,30,44,74
300844003,22,46,68
300844004,77,127,204
300844005,30,46,76
300844006,9,35,44
300844007,44,66,110
300844008,69,81,150
300844009,50,77,127
300844101,4,16,20
300844102,4,32,36
300844103,31,33,64
300844104,21,39,60
300844105,323,462,785
300844106,335,481,816
300844107,2,3,5
300844108,491,436,927
300844109,220,332,552
300844110,214,242,456
300844201,11,13,24
300844202,52,101,153
300844203,19,40,59
300844204,47,101,148
300844205,13,30,43
300844206,6,22,28
300844207,22,51,73
300844208,12,64,76
300844209,37,83,120
300844301,622,468,1090
300844302,329,266,595
300844303,399,299,698
300844304,357,216,573
300844305,396,290,686
300844306,394,323,717
300844307,461,388,849
300844308,320,259,579
300844309,505,482,987
300844310,215,226,441
300844311,398,290,688
300844312,367,314,681
300844313,321,386,707
300844401,425,359,784
300844402,179,71,250
300844403,611,393,1004
300844404,560,522,1082
300844405,240,147,387
300844406,319,208,527
300844407,427,359,786
300844408,501,376,877
300844409,257,223,480
300844410,437,428,865
300844411,335,318,653
300844501,52,75,127
300844502,44,60,104
300844503,54,62,116
300844504,67,107,174
300844505,69,88,157
300844506,44,72,116
300844507,260,137,397
300844508,243,119,362
300844509,94,99,193
300844510,242,174,416
300844511,38,43,81
300844601,4,24,28
300880101,390,362,752
300880102,355,313,668
300880103,471,542,1013
300880104,360,307,667
300880105,360,208,568
300880106,369,445,814
300880107,302,352,654
300880201,47,126,173
300880202,25,97,122
300880203,31,133,164
300880204,341,637,978
300880205,433,1066,1499
300880206,421,746,1167
300880207,781,318,1099
300880208,444,554,998
300880209,196,531,727
300880210,122,249,371
300880301,217,225,442
300880302,14,17,31
300880303,3,8,11
300880304,199,142,341
300880305,194,291,485
300880306,251,490,741
300880307,211,235,446
300880308,194,308,502
300880401,3,12,15
300880402,6,64,70
300880403,3,17,20
300880404,10,33,43
300880405,18,73,91
300880501,13,47,60
300880502,0,11,11
300880503,9,34,43
300880504,13,52,65
300880601,1,2,3
300880602,5,19,24
300880603,8,8,16
300880604,6,24,30
300880605,0,3,3
300880606,4,17,21
300880701,29,64,93
300880702,24,33,57
300880703,0,17,17
300880704,22,45,67
300880705,4,12,16
300880706,26,42,68
300880707,45,49,94
300910101,240,769,1009
300910102,424,569,993
300910103,518,477,995
300910104,401,223,624
300910105,368,174,542
300910106,240,179,419
300910107,233,235,468
300910108,319,485,804
300910109,416,408,824
300910110,236,294,530
300910111,266,196,462
300910112,234,244,478
300910113,288,368,656
300910114,30,149,179
300910115,240,342,582
300910116,468,472,940
300910117,281,288,569
300910118,258,523,781
300910201,0,26,26
300910202,14,21,35
300910203,115,54,169
300910204,18,66,84
300910205,44,89,133
300910206,6,9,15
300910207,46,105,151
300910208,151,145,296
300910209,15,57,72
300910301,14,37,51
300910302,116,166,282
300910303,9,43,52
300910304,28,117,145
300910305,7,82,89
300910306,10,112,122
300910307,45,92,137
300910308,1,18,19
300910309,10,45,55
300910401,0,1,1
300910402,15,37,52
300910403,22,66,88
300910404,21,95,116
300910405,10,42,52
300910406,6,27,33
300910407,7,25,32
300910501,223,389,612
300910502,305,375,680
300910503,310,360,670
300910504,298,463,761
300910505,174,159,333
300910506,426,424,850
300910507,316,449,765
300910508,265,601,866
300910509,38,122,160
300910510,27,44,71
300910511,15,23,38
300910512,3,31,34
300910601,12,46,58
300910602,5,24,29
300910603,7,11,18
300910604,19,62,81
300910605,14,19,33
300910606,156,311,467
300910701,5,28,33
300910702,66,126,192
300910703,19,41,60
300910704,1,12,13
300910705,4,12,16
300910706,6,17,23
300910801,10,31,41
300910802,28,25,53
300910803,8,26,34
300910804,3,15,18
300910805,4,18,22
300910806,7,12,19
300910807,5,24,29
300910808,62,144,206
300910901,6,29,35
300910902,3,14,17
300910903,28,71,99
300910904,5,14,19
300910905,5,54,59
300910906,3,8,11
300911001,185,210,395
300911002,193,311,504
300911003,166,309,475
300911004,233,342,575
300911005,65,172,237
300911101,2,23,25
300911102,2,30,32
300911103,7,28,35
300911104,8,8,16
300911105,38,94,132
300911106,13,41,54
300980101,679,646,1325
300980102,480,370,850
300980103,405,343,748
300980104,473,294,767
300980105,540,304,844
300980106,721,480,1201
300980107,455,245,700
300980108,421,299,720
300980109,601,303,904
300980110,590,286,876
300980111,555,531,1086
300980112,622,392,1014
300980113,608,372,980
300980114,359,198,557
300980115,451,252,703
300980116,683,676,1359
300980117,562,384,946
300980118,490,279,769
300980119,423,338,761
300980120,314,168,482
300980201,496,396,892
300980202,497,503,1000
300980203,563,329,892
300980204,491,307,798
300980205,562,224,786
300980206,243,128,371
300980207,368,210,578
300980208,510,334,844
300980209,574,510,1084
300980210,438,321,759
300980211,556,436,992
300980212,541,528,1069
300980213,418,278,696
300980214,618,337,955
300980215,446,217,663
300980301,313,100,413
300980302,393,121,514
300980303,600,203,803
300980304,589,205,794
300980305,574,195,769
300980306,420,95,515
300980307,402,125,527
300980308,346,90,436
300980309,379,124,503
300980310,293,117,410
300980311,90,28,118
300980312,285,82,367
300980313,237,69,306
300980314,441,94,535
300980315,278,70,348
300980316,506,199,705
300980317,281,94,375
300980318,409,114,523
300980401,352,126,478
300980402,388,218,606
300980403,458,223,681
300980404,293,114,407
300980405,271,92,363
300980406,337,122,459
300980407,243,97,340
300980408,310,146,456
300980409,389,209,598
300980410,418,546,964
300980411,520,349,869
300980412,384,215,599
300980413,607,314,921
300980414,418,305,723
300980415,313,94,407
300980416,411,152,563
300980417,453,145,598
300980418,525,385,910
300980419,255,233,488
300980420,263,118,381
300980421,295,144,439
300980501,135,235,370
300980502,166,303,469
300980503,49,92,141
300980504,397,639,1036
300980505,30,44,74
300980506,719,415,1134
300980507,314,498,812
300980508,554,706,1260
300980509,670,803,1473
300980510,686,204,890
300980511,751,266,1017
300980512,542,332,874
300980513,488,323,811
300980514,124,109,233
300980601,23,26,49
300980602,84,105,189
300980603,99,149,248
300980604,162,91,253
300980605,355,370,725
300980606,695,622,1317
300980607,606,500,1106
300980608,761,331,1092
300980609,269,115,384
300980610,471,320,791
300980611,675,413,1088
300980612,60,52,112
300980613,51,69,120
300980614,55,126,181
300980701,643,396,1039
300980702,196,94,290
300980703,425,302,727
300980704,260,272,532
300980705,158,233,391
300980706,270,168,438
300980707,523,331,854
300980708,299,179,478
300980709,315,256,571
300980710,289,202,491
300980711,330,189,519
300980712,175,247,422
300980713,248,321,569
300980714,208,316,524
300980715,300,458,758
300980716,145,221,366
300980801,12,25,37
300980802,14,29,43
300980803,1,12,13
300980804,16,16,32
300980805,12,44,56
300980901,5,26,31
300980902,6,24,30
300980903,112,248,360
300980904,0,10,10
300980905,3,20,23
300980906,49,83,132
300980907,83,222,305
300980908,76,226,302
300980909,15,63,78
300980910,35,61,96
300980911,9,23,32
300980912,52,148,200
300980913,60,171,231
300980914,29,122,151
300980915,15,45,60
300980916,16,22,38
300980917,17,36,53
300981001,204,335,539
300981002,271,322,593
300981003,34,85,119
300981004,14,49,63
300981005,27,103,130
300981006,17,21,38
300981007,2,15,17
300981101,129,184,313
300981102,124,216,340
300981103,150,229,379
300981104,116,187,303
300981105,18,21,39
300981106,6,20,26
300981201,16,19,35
300981202,5,11,16
300981203,10,21,31
300981204,0,11,11
300981205,0,20,20
300981206,8,14,22
300981301,1,31,32
300981302,4,13,17
300981303,18,25,43
300981304,2,15,17
300981305,9,34,43
300981306,32,32,64
300981307,50,83,133
300981308,29,31,60
300981309,140,265,405
300981310,202,228,430
300981311,141,214,355
300981312,79,102,181
300981313,14,50,64
300981314,27,27,54
300981401,26,78,104
300981402,38,61,99
300981403,42,78,120
300981404,12,23,35
300981405,256,415,671
300981406,28,78,106
300981407,22,54,76
300981408,11,17,28
300981409,368,558,926
300981410,115,164,279
300981411,98,193,291
300981412,26,24,50
300981413,49,101,150
300981414,44,106,150
300981415,30,46,76
300981416,30,81,111
300981501,34,60,94
300981502,143,152,295
300981503,302,513,815
300981504,148,207,355
300981505,25,51,76
300981506,15,34,49
300981507,58,54,112
300981508,42,78,120
300981509,116,62,178
300981510,163,242,405
300981511,326,274,600
300981512,131,198,329
300981513,168,163,331
300981514,10,30,40
300981515,21,37,58
300981516,37,53,90
300981601,6,10,16
300981602,8,21,29
300981603,47,75,122
300981604,38,125,163
300981605,107,142,249
300981606,25,93,118
300981701,27,48,75
300981702,84,211,295
300981703,134,252,386
300981704,105,210,315
300981705,19,65,84
300981706,17,16,33
300981707,23,22,45
300981708,26,49,75
300981709,35,52,87
300981801,0,3,3
300981802,4,29,33
301050101,363,296,659
301050102,223,360,583
301050103,272,353,625
301050104,385,577,962
301050105,228,240,468
301050106,200,213,413
301050107,373,364,737
301050108,360,351,711
301050109,290,258,548
301050110,429,277,706
301050111,229,153,382
301050112,287,128,415
301050201,207,275,482
301050202,310,431,741
301050203,293,421,714
301050204,326,221,547
301050205,335,269,604
301050206,324,317,641
301050207,232,523,755
301050208,305,448,753
301050209,394,364,758
301050210,410,220,630
301050211,250,194,444
301050212,329,203,532
301050213,275,363,638
301050301,305,491,796
301050302,70,30,100
301050303,495,548,1043
301050304,338,439,777
301050305,298,186,484
301050306,447,332,779
301050307,526,238,764
301050308,373,303,676
301050309,343,303,646
301050310,358,351,709
301050401,166,84,250
301050402,226,122,348
301050403,296,189,485
301050404,351,509,860
301050405,240,268,508
301050406,447,430,877
301050407,263,449,712
301050408,112,133,245
301050409,260,632,892
301050410,329,792,1121
301050501,88,114,202
301050502,10,25,35
301050503,83,99,182
301050504,59,138,197
301050601,25,101,126
301050602,21,42,63
301050603,13,11,24
301050604,14,41,55
301050605,46,134,180
301050606,91,247,338
301050607,13,31,44
301050608,5,21,26
301050609,43,99,142
301050610,101,471,572
301050611,34,91,125
301050612,48,136,184
301050701,10,24,34
301050702,19,47,66
301050703,14,101,115
301050704,7,30,37
301050705,10,67,77
301050706,8,50,58
301050707,26,50,76
301050708,31,126,157
301050709,23,41,64
301050710,3,8,11
301050711,116,291,407
301050712,60,433,493
301050713,11,44,55
301050714,2,35,37
301050715,53,148,201
301050801,2,30,32
301050802,1,44,45
301050803,3,18,21
301050804,0,50,50
301050805,3,55,58
301050806,8,66,74
301050807,2,51,53
301050808,1,50,51
301050809,2,35,37
301050810,8,73,81
301050811,2,75,77
301050812,48,99,147
301130101,196,146,342
301130102,0,1,1
301130103,628,455,1083
301130104,307,382,689
301130105,615,542,1157
301130106,252,533,785
301130107,213,348,561
301130108,462,375,837
301130109,535,461,996
301130110,319,408,727
301130111,472,391,863
301130112,422,423,845
301130113,328,231,559
301130114,287,243,530
301130115,446,532,978
301130116,265,359,624
301130117,229,412,641
301130118,334,477,811
301130119,371,230,601
301130120,150,104,254
301130121,271,127,398
301130122,501,522,1023
301130123,443,370,813
301130201,384,278,662
301130202,184,93,277
301130203,335,134,469
301130204,306,377,683
301130205,386,283,669
301130206,203,87,290
301130207,214,90,304
301130208,318,248,566
301130209,351,276,627
301130210,383,215,598
301130211,404,544,948
301130212,353,617,970
301130213,191,306,497
301130214,387,484,871
301130215,209,490,699
301130216,214,513,727
301130301,8,20,28
301130302,53,161,214
301130303,233,432,665
301130304,78,106,184
301130305,187,563,750
301130306,61,116,177
301130307,506,539,1045
301130308,181,277,458
301130309,241,711,952
301130310,341,921,1262
301130311,170,615,785
301130312,10,41,51
301130401,12,8,20
301130402,0,8,8
301130403,3,30,33
301130404,222,472,694
301130405,285,457,742
301130406,379,758,1137
301130501,7,23,30
301130502,0,0,0
301130503,4,29,33
301130504,191,415,606
301130505,151,263,414
301130506,159,182,341
301130507,106,218,324
301130601,5,41,46
301130602,7,48,55
301130603,43,202,245
301130604,4,48,52
301130605,9,24,33
301130606,32,392,424
301130607,14,109,123
301130608,51,219,270
301130609,19,119,138
301130610,14,72,86
301130701,2,64,66
301130702,48,243,291
301130703,34,139,173
301130704,19,72,91
301130705,18,130,148
301130706,34,270,304
301130801,2,59,61
301130802,2,27,29
301130803,7,31,38
301130804,22,41,63
301130805,26,116,142
301130806,38,209,247
301130807,11,109,120
301130808,25,101,126
301130809,15,30,45
301130810,6,28,34
301130811,3,38,41
301130812,5,36,41
301130813,2,55,57
301130814,4,55,59
301130815,16,69,85
301130901,9,59,68
301130902,18,44,62
301130903,21,61,82
301130904,15,46,61
301130905,8,47,55
301130906,20,142,162
301130907,13,47,60
301130908,8,31,39
301131001,5,75,80
301131002,18,189,207
301131003,13,82,95
301131004,25,141,166
301131005,32,112,144
301131006,10,53,63
301131007,18,112,130
301131008,44,115,159
301131101,9,28,37
301131102,0,14,14
301131103,11,131,142
301131104,20,145,165
301131105,30,88,118
301131106,62,234,296
301131107,5,28,33
301131108,12,41,53
301131109,19,61,80
301131110,2,112,114
301131201,10,53,63
301131202,13,29,42
301131203,84,290,374
301131204,44,160,204
301131205,4,25,29
301131206,5,75,80
301131207,12,33,45
301131208,52,62,114
301131209,27,103,130
301131301,2,11,13
301131302,34,77,111
301131303,8,36,44
301131304,4,71,75
301131305,8,18,26
301131306,18,37,55
301131307,0,14,14
301131308,114,229,343
301131309,58,196,254
301131401,10,36,46
301131402,10,88,98
301131403,3,21,24
301131404,3,28,31
301131405,19,81,100
301131406,19,16,35
301131407,11,17,28
301131408,4,17,21
301131409,3,17,20
301131410,4,7,11
301131411,96,283,379
340070101,16,435,451
340070102,32,1509,1541
340070201,38,763,801
340070202,4,127,131
340070203,22,666,688
340070204,31,641,672
340070301,8,221,229
340070401,11,198,209
340070402,36,468,504
340070403,34,541,575
340070404,179,290,469
340070405,117,736,853
340070406,128,577,705
340070407,113,335,448
340070408,65,363,428
340070409,87,341,428
340070501,66,550,616
340070502,14,143,157
340070503,32,610,642
340070504,3,93,96
340070505,65,440,505
340070601,4,73,77
340070602,21,305,326
340070603,1,41,42
340070701,11,66,77
340070702,51,538,589
340070703,47,265,312
340070801,23,280,303
340140101,462,760,1222
340140102,450,393,843
340140103,207,56,263
340140104,489,119,608
340140105,548,143,691
340140106,500,388,888
340140107,441,260,701
340140108,803,689,1492
340140109,505,559,1064
340140110,667,684,1351
340140111,445,253,698
340140112,507,381,888
340140113,605,268,873
340140114,530,349,879
340140115,394,160,554
340140116,545,289,834
340140117,462,335,797
340140118,345,175,520
340140119,330,129,459
340140120,668,318,986
340140121,331,142,473
340140122,429,409,838
340140123,574,158,732
340140124,522,199,721
340140125,385,283,668
340140126,377,167,544
340140201,435,1002,1437
340140202,420,641,1061
340140203,733,346,1079
340140204,428,144,572
340140205,485,811,1296
340140206,356,904,1260
340140207,218,626,844
340140208,506,385,891
340140209,609,514,1123
340140210,433,275,708
340140211,467,328,795
340140212,469,310,779
340140213,338,154,492
340140214,542,243,785
340140215,445,245,690
340140216,404,203,607
340140217,405,182,587
340140218,378,162,540
340140219,273,365,638
340140220,720,576,1296
340140221,216,546,762
340140222,292,451,743
340140223,369,605,974
340140301,521,282,803
340140302,620,311,931
340140303,515,232,747
340140304,493,216,709
340140305,447,211,658
340140306,504,232,736
340140307,577,501,1078
340140308,484,565,1049
340140309,322,419,741
340140310,539,771,1310
340140311,515,626,1141
340140312,337,551,888
340140313,533,581,1114
340140401,452,229,681
340140402,347,203,550
340140403,788,553,1341
340140404,661,455,1116
340140405,363,280,643
340140406,735,464,1199
340140407,422,189,611
340140408,509,263,772
340140409,750,331,1081
340140410,486,259,745
340140411,428,263,691
340140412,421,527,948
340140413,527,545,1072
340140414,392,500,892
340140415,503,895,1398
340140416,404,672,1076
340140417,425,514,939
340140418,383,488,871
340140419,342,567,909
340140501,7,38,45
340140502,242,1024,1266
340140503,5,33,38
340140504,162,326,488
340140505,65,266,331
340140506,164,493,657
340140601,0,6,6
340140602,74,364,438
340140603,121,341,462
340140604,6,53,59
340140605,76,174,250
340140606,64,141,205
340140607,77,257,334
340140608,0,6,6
340140609,0,0,0
340140701,108,571,679
340140702,232,606,838
340140703,366,535,901
340140704,329,548,877
340140705,332,993,1325
340140706,392,881,1273
340140707,277,729,1006
340140708,385,853,1238
340140709,445,981,1426
340140710,331,826,1157
340140711,392,1049,1441
340140712,1,24,25
340140713,267,756,1023
340140714,355,862,1217
340140715,414,911,1325
340140716,132,264,396
340140717,222,445,667
340140801,12,64,76
340140802,3,37,40
340140803,39,131,170
340140804,21,155,176
340140901,46,375,421
340140902,11,72,83
340141001,27,165,192
340141002,0,21,21
340141003,0,10,10
340141004,84,244,328
340141005,138,408,546
340141101,28,96,124
340141102,9,19,28
340141103,67,98,165
340141104,135,253,388
340141201,29,173,202
340141301,26,83,109
340141302,0,12,12
340141401,25,90,115
340141402,19,112,131
340141403,171,391,562
340141404,62,291,353
340141501,651,702,1353
340141502,554,327,881
340141503,483,167,650
340141504,869,418,1287
340141505,493,431,924
340141506,769,286,1055
340141507,685,737,1422
340141508,617,587,1204
340141509,533,505,1038
340141510,351,445,796
340141511,215,199,414
340141512,607,507,1114
340141513,581,467,1048
340141514,811,651,1462
340141515,496,123,619
340141516,556,399,955
340141517,743,381,1124
340141518,645,295,940
340141519,477,353,830
340141520,337,156,493
340141521,433,438,871
340141522,545,256,801
340141523,539,347,886
340141524,310,397,707
340141525,728,259,987
340141526,452,164,616
340141527,477,204,681
340141528,537,431,968
340141601,228,555,783
340141602,342,983,1325
340141603,472,210,682
340141604,593,221,814
340141605,472,750,1222
340141606,457,739,1196
340141607,359,514,873
340141608,694,638,1332
340141609,441,524,965
340141610,632,415,1047
340141611,583,250,833
340141612,496,300,796
340141613,550,282,832
340141614,479,162,641
340141615,488,435,923
340141616,659,430,1089
340141617,592,387,979
340141618,416,292,708
340141619,468,321,789
340141620,412,488,900
340141621,529,699,1228
340141622,582,775,1357
340141623,457,491,948
340141624,538,240,778
340141625,343,427,770
340141626,421,397,818
340141627,285,504,789
340141628,376,349,725
340141701,229,407,636
340141702,266,475,741
340141703,273,661,934
340141704,295,680,975
340141705,588,1006,1594
340141706,423,725,1148
340141707,149,372,521
340141708,438,608,1046
340141709,368,523,891
340141710,370,472,842
340141711,438,548,986
340141712,184,742,926
340141713,124,226,350
340141714,663,339,1002
340141715,436,254,690
340141716,255,1063,1318
340141717,179,762,941
340141801,1,21,22
340141802,0,10,10
340141901,11,70,81
340141902,1,10,11
340142001,11,101,112
340142002,197,911,1108
340142003,5,50,55
340142004,199,720,919
340142005,5,77,82
340142006,311,863,1174
340142007,33,84,117
340142008,0,13,13
340142009,4,47,51
340142010,4,2,6
340142011,3,84,87
340142012,214,221,435
340142013,479,513,992
340142014,292,532,824
340142015,346,933,1279
340142016,444,663,1107
340142017,245,584,829
340142018,174,540,714
340142019,144,825,969
340142020,58,609,667
340142021,0,0,0
340142022,0,1,1
340142023,343,932,1275
340142024,233,577,810
340142025,456,544,1000
340142026,436,576,1012
340142027,247,986,1233
340142101,217,448,665
340142102,395,370,765
340142103,499,392,891
340142104,630,381,1011
340142105,223,233,456
340142106,360,125,485
340142107,383,157,540
340142108,390,171,561
340142109,371,195,566
340142110,323,198,521
340142111,432,304,736
340142112,273,163,436
340142113,356,290,646
340142114,388,340,728
340142115,485,955,1440
340142116,734,714,1448
340142117,541,458,999
340142118,390,402,792
340142119,244,736,980
340142201,477,339,816
340142202,647,458,1105
340142203,351,330,681
340142204,664,588,1252
340142205,732,740,1472
340142206,425,975,1400
340142207,472,935,1407
340142208,452,1047,1499
340142209,418,952,1370
340142210,464,1154,1618
340142211,306,1125,1431
340142212,379,1088,1467
340142213,541,865,1406
340142214,574,877,1451
340142215,355,550,905
340142216,317,831,1148
340142217,363,726,1089
340142218,433,675,1108
340142219,388,951,1339
340142220,247,468,715
340142221,199,506,705
340142222,2,79,81
340210101,7,11,18
340210102,20,63,83
340210201,22,498,520
340210202,7,175,182
340210203,2,20,22
340210204,1,16,17
340210205,3,8,11
340210206,14,126,140
340210207,3,26,29
340210208,31,270,301
340210209,12,69,81
340210210,21,146,167
340210211,213,388,601
340210212,95,606,701
340210213,185,848,1033
340210214,243,1012,1255
340210215,180,291,471
340210301,29,172,201
340210302,107,394,501
340210303,31,166,197
340210304,231,444,675
340210305,152,471,623
340210306,46,237,283
340210307,149,686,835
340210401,1,34,35
340210402,14,237,251
340210403,123,864,987
340210501,0,10,10
340210502,17,393,410
340210601,21,186,207
340210602,74,351,425
340210603,112,530,642
340210604,266,564,830
340210701,5,51,56
340210702,3,22,25
340210703,9,129,138
340210704,4,54,58
340210705,1,16,17
340210706,340,746,1086
340210707,245,628,873
340210708,199,493,692
340210709,25,323,348
340280101,23,582,605
340280102,153,485,638
340280103,274,739,1013
340280104,238,592,830
340280105,296,718,1014
340280106,284,505,789
340280107,137,799,936
340280108,158,407,565
340280109,143,971,1114
340280110,47,554,601
340280111,25,442,467
340280112,151,526,677
340280113,178,736,914
340280114,163,506,669
340280115,112,690,802
340280201,35,1038,1073
340280301,13,376,389
340280302,5,109,114
340350101,123,699,822
340350102,20,162,182
340350103,128,401,529
340350104,1,59,60
340350105,8,122,130
340350106,31,607,638
340350107,3,17,20
340350108,53,842,895
340350201,31,671,702
340350202,27,172,199
340350203,39,393,432
340350204,21,258,279
340350205,3,63,66
340350206,15,245,260
340350207,1,18,19
340350301,49,823,872
340350302,1,66,67
340350303,12,340,352
340350304,0,16,16
340350401,0,33,33
340350402,42,1016,1058
340350403,9,172,181
340350404,8,78,86
340350405,174,504,678
340350406,68,345,413
340350501,189,1343,1532
340350502,7,65,72
340350503,0,2,2
340350601,50,332,382
340350602,42,538,580
340350603,31,407,438
340350604,75,554,629
340350605,124,335,459
340350606,151,401,552
340350607,148,560,708
340350608,196,343,539
340350609,37,495,532
340350610,32,415,447
340350611,372,641,1013
340350612,204,887,1091
340350613,175,527,702
340350614,137,268,405
340350615,62,476,538
340350701,22,437,459
340350702,36,468,504
340350703,36,489,525
340350704,284,700,984
340350705,210,562,772
340350706,70,385,455
340350707,116,620,736
340350801,171,269,440
340350802,242,537,779
340350803,153,627,780
340350804,76,703,779
340350805,138,803,941
340350806,152,395,547
340350901,180,354,534
340350902,283,364,647
340350903,353,469,822
340350904,269,417,686
340350905,234,280,514
340350906,258,788,1046
340350907,195,537,732
340350908,276,486,762
340350909,276,762,1038
340350910,63,456,519
340350911,145,481,626
340351001,172,424,596
340351002,421,596,1017
340351003,268,380,648
340351004,447,670,1117
340351005,252,349,601
340351006,193,452,645
340351007,212,281,493
340351101,13,239,252
340351102,4,104,108
340351103,62,787,849
340351104,163,455,618
340351105,103,461,564
340351201,309,714,1023
340351202,454,609,1063
340351203,420,378,798
340351204,239,332,571
340351205,305,526,831
340351206,228,433,661
340351207,216,920,1136
340351208,195,348,543
340351209,126,440,566
340351210,52,285,337
340351301,6,181,187
340351302,2,49,51
340351303,5,75,80
340351401,9,136,145
340351402,12,135,147
340351403,9,99,108
340351501,0,6,6
340351502,45,253,298
340351503,13,333,346
340351601,26,308,334
340351701,4,91,95
340351702,2,53,55
340351703,0,21,21
340351704,1,41,42
340351801,23,472,495
340351802,38,419,457
340351803,13,178,191
340351804,1,152,153
340351805,84,392,476
340351806,208,376,584
340351807,155,385,540
340351808,118,607,725
340351809,62,543,605
340351810,24,454,478
340351811,82,414,496
340351812,58,275,333
340351901,19,109,128
340351902,13,122,135
340351903,15,325,340
340351904,74,569,643
340351905,106,597,703
340351906,165,660,825
340351907,18,500,518
340351908,166,554,720
340351909,6,167,173
340352001,8,178,186
340352002,33,297,330
340352003,6,167,173
340352101,5,96,101
340352102,6,26,32
340352103,4,145,149
340420101,11,118,129
340420102,58,561,619
340420103,32,215,247
340420104,99,472,571
340420105,48,622,670
340420106,21,410,431
340420107,33,415,448
340420108,124,325,449
340420109,175,1055,1230
340420110,187,760,947
340420111,364,702,1066
340420112,69,285,354
340420201,11,39,50
340420202,22,291,313
340420203,13,102,115
340420204,140,867,1007
340420205,270,566,836
340420301,17,316,333
340420302,5,31,36
340420303,64,575,639
340420304,13,66,79
340420305,169,1015,1184
340420306,294,586,880
340420307,109,489,598
340420401,62,421,483
340420402,2,35,37
340420403,3,21,24
340420501,27,736,763
340420502,8,72,80
340420503,0,21,21
340420504,151,702,853
340420505,139,760,899
340420506,159,573,732
340490101,226,764,990
340490102,572,855,1427
340490103,322,663,985
340490104,324,412,736
340490105,245,538,783
340490106,483,655,1138
340490107,423,377,800
340490108,329,547,876
340490109,759,599,1358
340490110,430,462,892
340490111,436,369,805
340490112,354,280,634
340490113,389,514,903
340490114,527,1158,1685
340490115,318,1098,1416
340490116,297,596,893
340490117,349,542,891
340490118,348,452,800
340490119,395,862,1257
340490120,327,735,1062
340490121,151,1065,1216
340490122,566,657,1223
340490123,319,576,895
340490124,212,1079,1291
340490125,313,731,1044
340490126,272,542,814
340490127,130,459,589
340490128,376,375,751
340490201,3,1,4
340490301,6,21,27
340490302,130,439,569
340490303,22,140,162
340490304,32,121,153
340490305,26,128,154
340490306,18,253,271
340490401,3,94,97
340490402,15,94,109
340490403,63,543,606
340490501,5,39,44
340490601,48,302,350
340490602,100,671,771
340490603,100,557,657
340490604,46,284,330
340490605,0,28,28
340490606,30,243,273
340490607,2,39,41
340490608,2,18,20
340490609,37,318,355
340490610,207,865,1072
340490611,181,309,490
340490612,239,703,942
340490613,141,481,622
340490614,156,560,716
340490701,71,657,728
340490702,66,285,351
340490703,296,1074,1370
340490704,115,495,610
340490705,7,143,150
340490706,115,524,639
340490707,15,86,101
340490708,201,396,597
340490709,55,171,226
340490710,190,353,543
340490801,184,657,841
340490802,46,271,317
340490803,47,323,370
340490804,164,2022,2186
340490805,360,1624,1984
340490806,387,531,918
340490807,124,420,544
340490808,211,425,636
340490901,32,428,460
340490902,163,947,1110
340490903,173,603,776
340490904,6,22,28
340491001,7,10,17
340491002,25,181,206
340491003,143,890,1033
340491004,326,902,1228
340491005,601,653,1254
340491006,629,672,1301
340491007,474,503,977
340491008,505,447,952
340491009,511,434,945
340491010,683,663,1346
340491011,285,603,888
340491012,356,895,1251
340491013,267,797,1064
340491014,286,750,1036
340491015,190,714,904
340491016,658,501,1159
340491017,268,555,823
340491018,184,1004,1188
340491019,263,879,1142
340491020,268,806,1074
340491021,273,764,1037
340491022,306,132,438
340491023,1,0,1
340491024,29,87,116
340491101,363,646,1009
340491102,108,346,454
340491103,329,395,724
340491104,322,572,894
340491105,207,376,583
340491106,311,705,1016
340491107,209,258,467
340491108,227,143,370
340491109,357,259,616
340560101,259,870,1129
340560102,99,298,397
340560103,377,522,899
340560104,378,500,878
340560105,277,520,797
340560106,264,869,1133
340560107,312,383,695
340560108,279,216,495
340560109,397,394,791
340560110,305,509,814
340560111,581,418,999
340560112,377,779,1156
340560113,326,504,830
340560114,21,242,263
340560115,57,496,553
340560116,313,609,922
340560117,288,377,665
340560201,0,7,7
340560202,37,565,602
340560203,0,13,13
340560204,0,20,20
340560205,6,32,38
340560301,36,171,207
340560302,4,61,65
340560303,55,508,563
340560304,3,7,10
340560401,2,24,26
340560402,116,604,720
340560403,16,268,284
340560404,3,47,50
340560405,62,778,840
340560406,207,455,662
340560407,148,460,608
340560408,285,689,974
340560409,217,787,1004
340560501,37,535,572
340560502,14,371,385
340560503,31,284,315
340560504,174,445,619
340560601,30,265,295
340560602,25,188,213
340560603,22,256,278
340560604,17,99,116
340560605,38,274,312
340560701,32,628,660
340560702,30,163,193
340560703,15,69,84
340560704,17,74,91
340560705,142,708,850
340560706,205,567,772
340560707,311,579,890
340560708,307,739,1046
340560709,132,437,569
340560801,29,153,182
340560802,29,184,213
340560803,4,41,45
340560804,13,72,85
340560805,12,175,187
340560901,16,146,162
340560902,44,154,198
340560903,0,44,44
340561001,42,421,463
340561002,0,117,117
340561003,25,309,334
340561004,3,172,175
340561005,10,72,82
340561101,238,716,954
340561102,234,637,871
340561103,241,331,572
340561104,195,603,798
340561105,307,542,849
340561106,245,352,597
340561107,294,346,640
340561108,388,570,958
340561109,183,741,924
340561110,204,579,783
340561111,334,347,681
340561112,506,350,856
340561113,245,390,635
340561114,151,412,563
340561115,329,370,699
340561116,166,801,967
340561117,105,769,874
340561118,365,348,713
340561119,243,781,1024
340561120,250,275,525
340561121,208,617,825
340561122,49,590,639
340561123,50,423,473
340561201,5,30,35
340561202,80,312,392
340561203,7,19,26
340561301,17,160,177
340561302,5,81,86
340561401,58,249,307
340561402,59,593,652
340561403,6,98,104
340561404,3,67,70
340561405,7,106,113
340561406,5,162,167
340561407,9,172,181
340561408,67,683,750
340561409,264,925,1189
340561501,52,453,505
340561502,16,70,86
340561503,38,212,250
340561504,2,46,48
340561505,1,12,13
340561506,77,474,551
340561507,188,455,643
340561508,237,646,883
340561509,210,577,787
340561510,249,696,945
340561511,190,576,766
340561512,199,785,984
340561513,166,563,729
340561601,30,155,185
340561602,5,43,48
340561603,2,46,48
340561604,10,205,215
340561701,3,93,96
340561702,7,85,92
340561801,26,236,262
340561802,24,159,183
340561803,4,33,37
340630101,63,1626,1689
340630102,81,2176,2257
340630201,74,1193,1267
340630202,69,1505,1574
340630203,43,932,975
340630204,143,1368,1511
340630205,171,1152,1323
340630206,217,472,689
340630207,46,987,1033
380070101,197,369,566
380070102,15,103,118
380070103,3,45,48
380070104,48,186,234
380070105,309,588,897
380070106,233,436,669
380070107,312,483,795
380070108,320,842,1162
380070109,349,753,1102
380070110,149,411,560
380070111,226,528,754
380070201,12,160,172
380070202,12,87,99
380070203,12,80,92
380070204,278,858,1136
380070205,116,397,513
380070301,8,101,109
380070302,8,103,111
380070303,44,206,250
380070401,8,36,44
380070402,36,204,240
380070403,87,473,560
380070404,40,140,180
380070405,33,124,157
380070501,13,203,216
380070502,16,100,116
380070503,23,298,321
380070504,19,190,209
380140101,15,135,150
380140102,29,271,300
380140103,121,512,633
380140104,70,352,422
380140105,189,1113,1302
380140106,40,246,286
380140107,118,609,727
380140108,66,317,383
380140109,107,544,651
380140115,18,26,44
380140116,173,481,654
380140117,180,627,807
380140201,178,769,947
380140202,49,11,60
380140203,225,1037,1262
380140204,200,607,807
380140205,401,637,1038
380140206,94,371,465
380140301,54,328,382
380140302,173,847,1020
380140303,67,426,493
380140304,519,1912,2431
380140305,323,1302,1625
380140401,298,1225,1523
380140402,238,674,912
380140403,132,780,912
380140404,209,1106,1315
380140405,308,850,1158
380140406,619,1039,1658
380140407,486,908,1394
380140408,358,866,1224
380140409,516,1208,1724
380140410,300,876,1176
380140411,401,870,1271
380140412,197,584,781
380140413,290,1022,1312
380140414,316,937,1253
380140501,219,569,788
380140502,94,531,625
380140503,346,853,1199
380140504,28,151,179
380140505,32,52,84
380140506,142,374,516
380140507,528,726,1254
380140508,507,846,1353
380140509,417,765,1182
380140510,474,388,862
380140511,498,708,1206
380140512,421,612,1033
380140513,416,662,1078
380140514,548,869,1417
380140515,401,1094,1495
380140516,349,485,834
380140517,135,322,457
380140601,486,500,986
380140602,400,740,1140
380140603,359,492,851
380140604,513,845,1358
380140605,459,709,1168
380140606,423,566,989
380140607,322,702,1024
380140608,365,662,1027
380140609,923,1009,1932
380140610,402,470,872
380140611,361,1077,1438
380140612,411,767,1178
380140613,296,781,1077
380140614,230,791,1021
380140615,462,1135,1597
380140616,419,609,1028
380140617,336,838,1174
380140618,331,907,1238
380140619,343,816,1159
380140701,339,453,792
380140702,74,195,269
380140703,58,143,201
380140704,63,134,197
380140705,255,601,856
380140706,291,576,867
380140707,588,401,989
380140708,705,655,1360
380140709,709,589,1298
380140710,802,847,1649
380140711,759,1518,2277
380140712,440,1635,2075
380140713,449,1039,1488
380140714,406,444,850
380140715,316,495,811
380140716,520,940,1460
380140717,139,581,720
380140718,122,393,515
380210101,0,45,45
380210102,13,65,78
380210103,127,274,401
380210104,1,23,24
380210105,113,306,419
380210106,264,371,635
380210107,314,311,625
380210108,504,723,1227
380210109,130,75,205
380210110,105,490,595
380210201,12,163,175
380210202,23,81,104
380210203,4,6,10
380210204,1,14,15
380210301,0,44,44
380210302,10,38,48
380210303,44,160,204
380210304,15,58,73
380210305,48,67,115
380210306,18,17,35
380210307,341,806,1147
380210401,0,6,6
380210402,50,285,335
380210403,7,22,29
380210404,58,145,203
380210405,191,770,961
380210406,373,377,750
380210407,123,25,148
380210408,143,185,328
380210409,747,720,1467
380210410,352,584,936
380210411,595,447,1042
380210412,547,521,1068
380210413,453,742,1195
380210414,364,386,750
380210415,393,567,960
380210416,179,310,489
380210417,549,537,1086
380210418,185,225,410
380210419,198,108,306
380210501,685,224,909
380210502,587,404,991
380210503,727,472,1199
380210504,846,677,1523
380210505,516,465,981
380210506,352,261,613
380210507,479,557,1036
380210508,367,537,904
380210509,386,624,1010
380210510,811,938,1749
380210511,481,353,834
380210512,650,352,1002
380210513,644,642,1286
380210514,682,750,1432
380210515,400,562,962
380210516,717,291,1008
380210517,683,189,872
380210518,407,380,787
380210519,405,569,974
380210520,957,176,1133
380210521,669,476,1145
380210522,556,527,1083
380210523,444,707,1151
380210524,821,478,1299
380210525,420,162,582
380210526,224,442,666
380210527,562,117,679
380210601,408,376,784
380210602,341,537,878
380210603,429,936,1365
380210604,611,808,1419
380210605,282,114,396
380210606,129,46,175
380210607,430,135,565
380210608,422,529,951
380210609,335,131,466
380210610,405,143,548
380210611,394,534,928
380210612,289,71,360
380210613,310,140,450
380210614,283,737,1020
380210615,416,128,544
380210616,471,170,641
380210617,398,625,1023
380210618,449,828,1277
380210619,281,757,1038
380210620,350,342,692
380210621,346,488,834
380210701,646,508,1154
380210702,432,252,684
380210703,149,89,238
380210704,400,552,952
380210705,661,479,1140
380210706,269,136,405
380210707,648,202,850
380210708,506,86,592
380210709,440,167,607
380210710,398,191,589
380210711,579,451,1030
380210712,511,238,749
380210713,458,179,637
380210714,548,279,827
380210715,772,319,1091
380210716,879,422,1301
380210717,826,371,1197
380210718,417,279,696
380210719,504,557,1061
380210720,497,243,740
380210721,432,118,550
380210801,436,199,635
380210802,562,393,955
380210803,242,218,460
380210804,380,362,742
380210805,446,477,923
380210806,702,546,1248
380210807,725,641,1366
380210808,760,697,1457
380210809,567,439,1006
380210810,475,382,857
380210811,426,393,819
380210812,676,562,1238
380210813,372,377,749
380210814,403,505,908
380210815,383,440,823
380210816,686,854,1540
380210817,440,512,952
380210818,562,613,1175
380210819,469,600,1069
380210820,240,316,556
380210821,584,376,960
380210822,426,652,1078
380210823,418,459,877
380210824,403,417,820
380210825,413,306,719
380210826,444,414,858
380210827,404,213,617
380210901,682,414,1096
380210902,402,192,594
380210903,463,121,584
380210904,270,155,425
380210905,543,623,1166
380210906,505,346,851
380210907,537,497,1034
380210908,493,436,929
380210909,441,278,719
380210910,601,531,1132
380210911,711,775,1486
380210912,743,684,1427
380210913,716,439,1155
380210914,544,409,953
380210915,729,594,1323
380210916,758,919,1677
380210917,599,600,1199
380210918,797,524,1321
380210919,284,255,539
380210920,509,426,935
380210921,543,282,825
380210922,420,521,941
380210923,226,221,447
380211001,563,505,1068
380211002,470,827,1297
380211003,501,542,1043
380211004,365,501,866
380211005,682,697,1379
380211006,501,524,1025
380211007,549,709,1258
380211008,528,452,980
380211009,690,475,1165
380211010,582,427,1009
380211011,413,247,660
380211012,481,414,895
380211013,526,390,916
380211014,928,449,1377
380211101,735,539,1274
380211102,693,337,1030
380211103,518,672,1190
380211104,445,479,924
380211105,664,585,1249
380211106,498,365,863
380211107,575,375,950
380211108,942,559,1501
380211109,266,370,636
380211110,629,512,1141
380211111,665,463,1128
380211112,426,306,732
380211113,478,447,925
380211114,427,425,852
380211115,370,401,771
380211116,522,371,893
380211117,623,436,1059
380211118,159,321,480
380211201,557,457,1014
380211202,662,480,1142
380211203,634,978,1612
380211204,452,645,1097
380211205,414,636,1050
380211206,579,801,1380
380211207,803,584,1387
380211208,444,281,725
380211209,611,501,1112
380211210,725,398,1123
380211211,444,500,944
380211212,462,532,994
380211213,399,354,753
380211214,969,560,1529
380211215,670,365,1035
380211216,413,319,732
380211217,558,362,920
380211218,373,594,967
380211219,883,309,1192
380211220,483,976,1459
380211221,775,475,1250
380211301,511,789,1300
380211302,9,36,45
380211303,60,98,158
380211304,609,308,917
380211305,700,454,1154
380211306,554,269,823
380211307,892,619,1511
380211308,992,565,1557
380211309,753,574,1327
380211310,363,786,1149
380211311,934,498,1432
380211312,696,557,1253
380211313,906,535,1441
380211314,327,606,933
380211315,889,365,1254
380211316,787,294,1081
380211317,695,437,1132
380211318,515,247,762
380211319,824,403,1227
380211320,576,309,885
380211321,475,306,781
380211322,680,424,1104
380211401,689,382,1071
380211402,817,573,1390
380211403,901,361,1262
380211404,882,463,1345
380211405,447,992,1439
380211406,457,1076,1533
380211407,781,1025,1806
380211408,747,1007,1754
380211409,680,880,1560
380211410,337,580,917
380211411,313,669,982
380211412,549,674,1223
380211413,363,645,1008
380211414,653,1079,1732
380211415,616,951,1567
380211416,528,569,1097
380211417,641,1252,1893
380211418,432,928,1360
380211419,507,791,1298
380211501,734,683,1417
380211502,164,409,573
380211503,128,169,297
380211504,182,271,453
380211505,262,421,683
380211506,286,534,820
380211507,372,565,937
380211508,369,622,991
380211509,224,494,718
380211510,293,786,1079
380211511,859,418,1277
380211512,580,543,1123
380211513,318,410,728
380211514,706,342,1048
380211515,281,433,714
380211516,96,182,278
380211517,117,393,510
380211518,473,856,1329
380211519,172,247,419
380211520,47,42,89
380280101,90,224,314
380280102,24,190,214
380280103,83,217,300
380280201,41,170,211
380280202,71,143,214
380280203,89,257,346
380280204,30,98,128
380280205,25,109,134
380280301,96,402,498
380280302,28,172,200
380280303,123,354,477
380280401,54,318,372
380280402,53,201,254
380280403,314,502,816
380280404,306,258,564
380280405,264,380,644
380280406,245,385,630
380280407,386,544,930
380280408,197,296,493
380280409,286,332,618
380280410,277,828,1105
380280411,484,558,1042
380280412,168,313,481
380280413,357,571,928
380280414,107,325,432
380280415,310,388,698
380280501,11,69,80
380280502,15,317,332
380280503,302,183,485
380280504,331,434,765
380280505,364,393,757
380280601,3,85,88
380280602,117,225,342
380350101,208,865,1073
380350102,25,259,284
380350103,5,6,11
380350104,2,24,26
380350105,293,930,1223
380350106,341,1171,1512
380350107,278,906,1184
380350108,201,796,997
380350109,159,1054,1213
380350110,105,754,859
380350111,163,922,1085
380350112,153,533,686
380350113,268,473,741
380350114,90,800,890
380350115,87,551,638
380350201,1,1,2
380350202,0,8,8
380350203,0,0,0
380350204,365,340,705
380350205,450,232,682
380350206,16,113,129
380350207,14,124,138
380350208,20,162,182
380350209,19,205,224
380350210,226,772,998
380350211,513,936,1449
380350212,342,465,807
380350213,431,133,564
380350214,235,481,716
380350215,325,310,635
380350216,89,454,543
380350217,318,730,1048
380350301,6,76,82
380350302,26,41,67
380350303,3,68,71
380350304,14,28,42
380350305,1,28,29
380350306,204,535,739
380350401,38,366,404
380350403,48,296,344
380350404,146,851,997
380350405,0,0,0
380350406,0,0,0
380350407,215,896,1111
380350408,381,1264,1645
380350409,384,827,1211
380350410,272,965,1237
380350411,310,608,918
380350412,370,1074,1444
380350413,285,1051,1336
380350414,220,993,1213
380350415,327,455,782
380350416,247,1150,1397
380350501,606,680,1286
380350502,560,563,1123
380350503,581,657,1238
380350504,590,802,1392
380350505,471,497,968
380350506,481,486,967
380350507,607,534,1141
380350508,387,281,668
380350509,231,246,477
380350510,488,589,1077
380350511,323,256,579
380350512,234,221,455
380350513,339,426,765
380350514,465,504,969
380350515,531,841,1372
380350516,1053,709,1762
380350517,324,312,636
380350601,421,1064,1485
380350602,438,884,1322
380350603,447,874,1321
380350604,390,1098,1488
380350605,389,646,1035
380350606,496,857,1353
380350607,412,606,1018
380350608,388,529,917
380350609,244,595,839
380350610,437,929,1366
380350611,589,469,1058
380350612,369,814,1183
380350613,576,736,1312
380350614,648,864,1512
380350615,423,847,1270
380350616,508,967,1475
380350617,449,1110,1559
380350618,387,970,1357
380350619,370,415,785
380420101,31,135,166
380420102,3,23,26
380420103,9,29,38
380420104,102,448,550
380420105,123,257,380
380420201,88,127,215
380420202,57,117,174
380420203,0,5,5
380420204,66,174,240
380420205,363,602,965
380420206,149,353,502
380420207,280,220,500
380420208,573,806,1379
380420301,72,309,381
380420302,16,168,184
380420401,634,898,1532
380420402,601,620,1221
380420403,515,696,1211
380420404,561,845,1406
380420405,419,565,984
380420406,401,439,840
380420407,649,744,1393
380420408,388,808,1196
380420409,467,568,1035
380420410,393,633,1026
380420411,424,751,1175
380420412,194,321,515
380420413,236,689,925
380420414,429,1094,1523
380420501,468,899,1367
380420502,501,638,1139
380420503,488,688,1176
380420504,424,590,1014
380420505,352,757,1109
380420506,456,809,1265
380420507,365,509,874
380420508,275,573,848
380420509,582,610,1192
380420510,379,501,880
380420511,370,490,860
380420512,490,868,1358
380420513,261,668,929
380420601,553,348,901
380420602,471,483,954
380420603,426,530,956
380420604,713,387,1100
380420605,400,368,768
380420606,355,364,719
380420607,750,784,1534
380420608,543,403,946
380420609,876,760,1636
380420610,952,572,1524
380420611,448,464,912
380420612,406,445,851
380420613,540,640,1180
380490101,7,39,46
380490102,17,132,149
380490103,5,36,41
380490104,9,72,81
380490105,18,181,199
380490106,63,249,312
380490201,9,91,100
380490202,7,83,90
380490301,83,136,219
380490302,47,218,265
380490303,30,159,189
380560101,3,27,30
380560102,128,392,520
380560103,31,166,197
380560104,233,482,715
380560105,173,467,640
380560201,198,275,473
380560202,161,516,677
380560203,51,118,169
380560204,202,475,677
380560301,1,13,14
380560302,1,14,15
380560303,6,49,55
380560304,0,25,25
380630101,4,45,49
380630102,57,181,238
380630103,191,837,1028
380630104,124,962,1086
380630106,158,943,1101
380630107,163,651,814
380630108,61,121,182
380630109,125,595,720
380630110,479,519,998
380630111,329,539,868
380630112,15,87,102
380630119,431,1192,1623
380630124,370,1032,1402
380630201,28,87,115
380630202,51,252,303
380630203,161,392,553
380630204,141,286,427
380630205,42,128,170
380630206,520,738,1258
380630207,515,777,1292
380630208,380,533,913
380630209,144,253,397
380630301,75,436,511
380630302,23,185,208
380630303,37,562,599
380630401,615,655,1270
380630402,518,335,853
380630403,484,413,897
380630404,435,856,1291
380630405,444,864,1308
380630406,394,977,1371
380630407,387,803,1190
380630408,272,427,699
380630409,415,538,953
380630410,281,631,912
380630411,340,398,738
380630412,313,542,855
380630413,429,949,1378
380630414,428,888,1316
380630415,412,1029,1441
380630416,390,278,668
380630417,378,291,669
380630418,408,675,1083
380630419,349,544,893
380630420,350,894,1244
380630421,418,563,981
380630501,336,908,1244
380630502,374,1034,1408
380630503,414,599,1013
380630504,429,242,671
380630505,437,255,692
380630506,261,216,477
380630507,479,292,771
380630508,554,414,968
380630509,285,791,1076
380630510,274,769,1043
380630511,397,1367,1764
380630512,442,358,800
380630513,309,272,581
380630514,458,403,861
380630515,483,597,1080
380630516,416,610,1026
380630517,395,355,750
380630518,352,466,818
380630519,481,324,805
380630520,161,706,867
380630601,363,719,1082
380630602,224,795,1019
380630603,1,1,2
380630604,37,29,66
380630605,70,364,434
380630606,58,199,257
380630607,338,895,1233
380630608,0,0,0
380630609,89,408,497
380630610,123,223,346
380630611,214,568,782
380630612,245,401,646
380630613,852,533,1385
380630614,648,406,1054
380630615,773,472,1245
380630616,751,419,1170
380630617,633,350,983
380630618,593,303,896
380700101,102,577,679
380700102,5,15,20
380700105,370,905,1275
380700106,282,1160,1442
380700107,117,330,447
380700201,9,94,103
380700202,43,439,482
380700203,44,512,556
380700204,357,1274,1631
380700205,53,684,737
380700206,92,583,675
380700207,54,407,461
380700301,6,53,59
380700302,0,33,33
380700303,3,34,37
380700401,10,66,76
380700402,10,101,111
380700403,304,772,1076
380700404,301,939,1240
380700501,154,808,962
380700502,56,281,337
380700503,2,26,28
380700504,124,360,484
380700505,26,174,200
380700506,338,1008,1346
380700507,214,926,1140
380700508,124,646,770
380700601,16,76,92
380700602,0,58,58
380770101,12,253,265
380770102,4,160,164
380770103,37,246,283
380770201,17,110,127
380770202,17,312,329
380770203,46,139,185
380770204,34,209,243
380770301,66,352,418
380770302,28,124,152
380770303,27,181,208
380770304,58,177,235
380840101,44,250,294
380840102,7,158,165
380840201,46,195,241
380840202,53,156,209
380840301,28,120,148
380840302,103,429,532
380840303,304,541,845
380840401,32,99,131
380840402,1,13,14
380840403,30,109,139
380840501,6,39,45
380840502,38,320,358
380940101,4,33,37
380940102,98,462,560
380940103,133,506,639
380940104,120,457,577
380940201,8,60,68
380940202,1,42,43
380940203,0,20,20
380940301,1,52,53
380940302,4,81,85
380940401,41,194,235
380940402,290,626,916
380940403,87,286,373
380940404,302,304,606
380940405,398,643,1041
380940406,353,327,680
380940407,295,347,642
380940408,188,459,647
380940501,174,508,682
380940502,26,118,144
380940503,206,318,524
380940504,289,468,757
380940505,234,341,575
380940506,187,404,591
380940507,191,301,492
380940601,2,58,60
380940602,1,47,48
380940603,1,36,37
380980101,14,250,264
380980102,2,77,79
380980201,3,30,33
380980202,0,49,49
380980203,91,325,416
380980204,208,305,513
380980205,73,156,229
380980301,29,104,133
380980302,13,62,75
380980303,5,65,70
380980401,25,92,117
380980402,38,214,252
380980403,38,207,245
380980404,191,218,409
380980405,370,699,1069
380980501,31,190,221
380980502,1,81,82
381050101,1,25,26
381050102,31,194,225
381050103,30,352,382
381050201,5,44,49
381050202,38,206,244
381050203,1,18,19
381050204,39,212,251
381050205,138,358,496
381050301,9,146,155
381050302,1,58,59
381050303,1,54,55
381050401,0,65,65
381050402,39,185,224
381120101,32,271,303
381120102,323,464,787
381120103,375,487,862
381120104,314,729,1043
381120105,292,359,651
381120106,295,534,829
381120107,478,392,870
381120108,288,707,995
381120109,316,698,1014
381120110,301,836,1137
381120111,323,700,1023
381120112,272,619,891
381120113,357,708,1065
381120114,373,258,631
381120115,333,522,855
381120116,364,310,674
381120117,237,789,1026
381120201,26,154,180
381120202,61,415,476
381120203,26,127,153
381120204,17,148,165
381120205,246,786,1032
381120206,56,118,174
381120301,13,86,99
381120302,34,374,408
381120303,25,313,338
381120304,27,129,156
381120401,5,41,46
381120402,15,138,153
381120501,16,164,180
381120502,18,306,324
381120503,15,142,157
381120601,4,99,103
381120602,14,132,146
381120603,6,64,70
381120604,55,161,216
420070101,302,275,577
420070102,196,201,397
420070103,3,16,19
420070104,20,22,42
420070105,4,10,14
420070106,8,17,25
420070107,4,13,17
420070108,17,46,63
420070109,14,25,39
420070110,299,245,544
420070201,226,156,382
420070202,177,222,399
420070203,17,38,55
420070204,45,59,104
420070205,7,9,16
420070206,11,10,21
420070207,320,296,616
420070208,256,243,499
420070301,114,166,280
420070302,14,38,52
420070303,0,8,8
420070401,368,331,699
420070402,325,296,621
420070403,207,185,392
420070404,251,178,429
420070405,296,174,470
420070406,351,309,660
420070407,15,24,39
420070408,4,14,18
420070409,563,248,811
420070410,2,7,9
420070411,2,20,22
420070412,0,0,0
420070413,351,219,570
420070501,188,185,373
420070502,5,10,15
420070503,0,6,6
420070504,5,12,17
420070505,16,21,37
420070506,9,2,11
420070507,4,5,9
420070508,135,117,252
420140101,5,24,29
420140102,10,22,32
420140103,6,42,48
420140201,362,279,641
420140202,10,4,14
420140203,7,70,77
420140204,0,0,0
420140205,38,55,93
420140206,4,11,15
420140207,0,6,6
420140208,0,0,0
420140209,2,18,20
420140210,347,303,650
420140211,310,191,501
420210101,48,61,109
420210102,7,17,24
420210103,35,13,48
420210104,11,9,20
420210105,250,168,418
420210106,33,47,80
420210107,39,26,65
420210108,21,19,40
420210109,3,16,19
420210110,57,44,101
420210111,618,323,941
420210112,678,540,1218
420210113,525,549,1074
420210114,324,151,475
420210115,0,0,0
420210116,0,0,0
420210117,221,211,432
420210118,323,274,597
420210201,163,212,375
420210202,25,26,51
420210203,3,4,7
420210204,15,25,40
420210205,24,28,52
420210206,14,43,57
420210207,9,22,31
420210208,7,22,29
420210209,346,401,747
420210210,231,263,494
420210301,449,520,969
420210302,498,529,1027
420210303,490,319,809
420210304,440,388,828
420210305,324,462,786
420210306,542,645,1187
420210307,593,319,912
420210308,288,546,834
420210309,394,304,698
420210310,550,274,824
420210311,864,396,1260
420210312,938,371,1309
420210401,470,252,722
420210402,437,220,657
420210403,468,124,592
420210404,446,258,704
420210405,456,146,602
420210406,501,181,682
420210407,609,290,899
420210408,445,235,680
420210409,35,6,41
420210410,211,118,329
420210411,228,119,347
420210412,260,132,392
420210413,395,181,576
420210414,473,246,719
420210415,337,171,508
420210416,350,92,442
420210417,451,66,517
420210418,462,85,547
420210419,462,81,543
420210420,750,74,824
420210421,399,84,483
420210501,488,366,854
420210502,545,660,1205
420210503,622,463,1085
420210504,408,263,671
420210505,566,365,931
420210506,645,332,977
420210507,600,324,924
420210508,2,1,3
420210509,329,215,544
420210510,376,507,883
420210511,341,518,859
420210512,445,672,1117
420210513,259,461,720
420210514,290,262,552
420210515,523,248,771
420210516,665,369,1034
420210601,293,346,639
420210602,297,338,635
420210603,462,307,769
420210604,470,185,655
420210605,236,154,390
420210606,231,97,328
420210607,344,168,512
420210608,241,66,307
420210609,188,84,272
420210610,9,4,13
420210611,297,114,411
420210612,234,96,330
420210613,410,138,548
420210614,444,174,618
420210615,241,89,330
420210616,232,81,313
420210701,257,144,401
420210702,265,96,361
420210703,342,183,525
420210704,385,130,515
420210705,457,137,594
420210706,286,112,398
420210707,382,172,554
420210708,443,173,616
420210709,349,111,460
420210710,392,85,477
420210711,297,118,415
420210712,381,220,601
420210713,374,283,657
420210714,563,142,705
420210715,589,246,835
420210716,346,133,479
420210717,355,159,514
420210718,379,130,509
420210719,443,446,889
420210720,423,436,859
420210721,319,566,885
420210722,360,589,949
420210723,406,356,762
420210724,436,121,557
420210725,327,73,400
420210801,242,95,337
420210802,286,101,387
420210803,241,85,326
420210804,342,172,514
420210805,447,147,594
420210806,379,197,576
420210807,396,186,582
420210808,464,325,789
420210809,319,278,597
420210810,406,386,792
420210811,276,195,471
420210812,260,186,446
420210813,291,116,407
420210814,443,141,584
420210815,420,358,778
420210816,361,519,880
420210817,435,239,674
420210818,401,274,675
420210819,414,283,697
420210820,514,199,713
420210821,669,333,1002
420210822,421,179,600
420210823,336,107,443
420210824,419,124,543
420210901,167,55,222
420210902,534,156,690
420210903,623,188,811
420210904,631,195,826
420210905,660,529,1189
420210906,269,259,528
420210907,572,334,906
420210908,637,443,1080
420210909,313,156,469
420210910,335,160,495
420210911,384,229,613
420210912,733,419,1152
420210913,467,146,613
420210914,269,192,461
420210915,362,239,601
420210916,595,470,1065
420210917,378,317,695
420211001,619,542,1161
420211002,682,496,1178
420211003,512,172,684
420211004,733,248,981
420211005,719,286,1005
420211006,725,249,974
420280101,187,271,458
420280102,13,31,44
420280103,32,82,114
420280104,18,41,59
420280105,240,210,450
420280201,433,458,891
420280202,150,150,300
420280203,220,239,459
420280301,457,343,800
420280302,380,245,625
420280303,756,414,1170
420280304,411,323,734
420280305,342,283,625
420280401,31,60,91
420280402,34,28,62
420350101,69,138,207
420350102,0,4,4
420350103,4,11,15
420350104,4,30,34
420350105,18,26,44
420350106,6,11,17
420350201,170,257,427
420350202,62,140,202
420350301,0,7,7
420350302,10,15,25
420350303,4,16,20
420350304,2,5,7
420350305,4,8,12
420350306,317,290,607
420350307,11,10,21
420350308,23,36,59
420350309,243,219,462
420350310,548,472,1020
420350401,225,310,535
420350402,231,271,502
420350403,430,245,675
420350404,327,219,546
420350405,381,275,656
420350406,218,178,396
420350407,245,206,451
420350408,206,141,347
420350409,262,234,496
420350410,189,194,383
420350411,156,229,385
420350412,318,331,649
420350413,250,406,656
420350501,83,112,195
420350502,19,48,67
420350503,17,18,35
420350504,9,31,40
420350505,122,139,261
420350601,352,254,606
420350602,258,253,511
420350603,8,22,30
420350604,15,30,45
420350605,32,31,63
420350606,22,28,50
420350607,11,21,32
420350608,73,79,152
420350609,322,301,623
420350610,156,250,406
420350701,118,162,280
420350702,5,10,15
420350703,11,7,18
420350704,12,33,45
420350705,21,25,46
420420101,1,3,4
420420102,0,1,1
420420103,4,0,4
420420104,0,2,2
420420105,0,0,0
420420106,1,6,7
420420107,3,9,12
420420201,143,243,386
420420202,23,87,110
420420301,149,182,331
420420302,1,22,23
420420303,1,3,4
420420304,0,0,0
420420305,0,2,2
420420306,1,16,17
420420307,0,4,4
420420308,0,7,7
420490101,204,289,493
420490102,439,411,850
420490103,112,309,421
420490104,0,19,19
420490105,23,107,130
420490106,25,52,77
420490107,199,233,432
420490108,92,224,316
420560101,333,311,644
420560102,47,41,88
420560201,73,84,157
420560202,21,20,41
420560301,172,157,329
420560302,56,68,124
420560303,458,380,838
420560304,134,130,264
420560401,166,143,309
420560402,57,40,97
420560501,377,280,657
420560502,417,281,698
420560503,307,210,517
420560504,288,179,467
420560505,33,29,62
420560506,159,161,320
420560507,29,26,55
420560508,10,18,28
420560509,23,23,46
420560510,30,38,68
420560511,443,279,722
420560512,292,102,394
420560513,268,145,413
420560514,290,210,500
420560515,585,421,1006
420560516,534,354,888
420560517,258,277,535
420560601,302,349,651
420560602,29,24,53
420630101,128,157,285
420630102,123,224,347
420630103,98,245,343
420630104,0,1,1
420630105,1,12,13
420630106,50,59,109
420630107,32,218,250
420700101,231,201,432
420700102,3,6,9
420700103,99,142,241
420700104,166,184,350
420700105,263,225,488
420700106,193,224,417
420700201,509,395,904
420700202,28,95,123
420700203,0,4,4
420700301,26,9,35
420700302,10,48,58
420700401,203,232,435
420700402,64,84,148
420700501,414,427,841
420700502,315,309,624
420700503,238,260,498
420700504,14,973,987
420700505,212,161,373
420700506,52,33,85
420700507,415,345,760
420700508,310,219,529
420770101,118,164,282
420770102,1,2,3
420770103,4,13,17
420770104,4,9,13
420770105,6,16,22
420770106,4,8,12
420770107,13,27,40
420770108,22,75,97
420770201,284,225,509
420770202,253,216,469
420770203,122,223,345
420770204,15,22,37
420770205,2,18,20
420770206,14,35,49
420770207,9,35,44
420770208,8,21,29
420770209,1,8,9
420770210,187,198,385
420770211,171,194,365
420770212,205,177,382
420770301,250,316,566
420770302,163,220,383
420770303,2,12,14
420770304,11,49,60
420770305,4,45,49
420770306,111,117,228
420770307,144,191,335
420770401,428,307,735
420770402,334,211,545
420770403,5,9,14
420770404,11,14,25
420770405,4,5,9
420770406,26,14,40
420770407,1,6,7
420770408,7,6,13
420770409,288,231,519
420770410,276,188,464
420840101,121,58,179
420840102,13,60,73
420840201,7,16,23
420840202,8,40,48
420840203,10,14,24
420840204,0,0,0
420840205,1,2,3
420840206,4,19,23
420840207,1,7,8
420910101,31,40,71
420910102,6,96,102
420910103,4,51,55
420910104,6,37,43
420910105,118,84,202
420980101,264,327,591
420980102,192,195,387
420980103,336,241,577
420980104,281,217,498
420980105,249,237,486
420980106,171,171,342
420980107,216,216,432
420980108,215,183,398
420980109,363,202,565
420980110,252,293,545
420980111,289,285,574
420980112,36,37,73
420980113,16,57,73
420980114,12,26,38
420980201,295,333,628
420980202,20,39,59
420980301,252,352,604
420980302,36,106,142
420980303,217,353,570
420980401,147,135,282
420980402,52,132,184
421050101,200,146,346
421050102,3,2,5
421050103,40,37,77
421050201,14,28,42
421050202,17,47,64
421050203,62,65,127
421050204,14,15,29
421050205,8,11,19
421050206,406,202,608
421050207,401,92,493
421050301,593,171,764
421050302,215,279,494
421050303,324,280,604
421050304,320,206,526
421050305,327,187,514
421050306,284,134,418
421050307,215,103,318
421050308,291,175,466
421050309,275,176,451
421050310,336,117,453
421050311,329,212,541
421050312,293,212,505
421050313,268,133,401
421050314,209,119,328
421050401,813,109,922
421050402,700,433,1133
421050403,627,437,1064
421050404,623,644,1267
421050405,367,478,845
421050406,746,356,1102
421050407,91,15,106
421050408,348,209,557
421050409,382,189,571
421050410,271,159,430
421050411,304,156,460
421050412,266,209,475
421050413,257,196,453
421050414,353,171,524
421050415,274,131,405
421050416,209,82,291
421050417,272,108,380
421050418,247,169,416
421050419,342,230,572
421050501,200,165,365
421050502,8,13,21
421050503,73,76,149
421050504,10,34,44
421050601,106,164,270
421050602,37,52,89
421050701,354,433,787
421050702,288,218,506
421050703,410,279,689
421050704,323,212,535
421050705,397,382,779
421050706,566,362,928
421050707,157,147,304
421050708,484,271,755
421050709,421,353,774
421050710,362,234,596
421050711,335,335,670
421050712,397,461,858
421050713,399,490,889
421050714,487,368,855
421050715,383,329,712
421050716,428,211,639
421050717,598,317,915
421050718,512,322,834
421050801,1055,534,1589
421050802,471,133,604
421050803,544,272,816
421050804,790,500,1290
421050805,589,426,1015
421050806,600,418,1018
421050807,846,386,1232
421050808,463,125,588
421050901,409,406,815
421050902,247,188,435
421050903,237,226,463
421050904,527,420,947
421050905,648,320,968
421050906,628,280,908
421051001,706,180,886
421051002,681,185,866
421051003,521,183,704
421051004,304,286,590
421051005,474,365,839
421051006,316,226,542
421051007,348,305,653
421051008,307,235,542
421051009,262,153,415
421051010,355,188,543
421051011,354,291,645
421051012,565,467,1032
421120101,138,204,342
421120102,89,331,420
421120201,6,38,44
421120301,375,327,702
421120302,276,246,522
421120303,435,324,759
421120304,135,33,168
421120305,528,390,918
421120306,796,433,1229
421120307,494,241,735
421120308,730,416,1146
421120309,403,276,679
421120310,76,39,115
421120311,1,20,21
421120312,353,483,836
421120313,5,24,29
421120314,2,12,14
421120315,22,44,66
421120316,13,16,29
421120317,0,1,1
421120318,0,8,8
421120319,3,5,8
421120320,0,8,8
421120321,4,7,11
421120322,0,10,10
421190101,261,253,514
421190102,2,5,7
421190103,12,15,27
421190104,12,30,42
421190201,166,167,333
421190202,132,204,336
421190203,382,301,683
421190204,392,304,696
421190205,21,37,58
421190206,26,17,43
421190207,4,7,11
421190208,16,14,30
421190209,11,22,33
421190210,12,11,23
421190211,289,215,504
421190212,615,342,957
421190301,293,352,645
421190302,310,382,692
421190303,16,15,31
421190304,4,2,6
421190305,11,24,35
421190306,22,19,41
421190307,34,28,62
421190308,31,28,59
421190309,2,0,2
421190310,7,2,9
421190311,351,363,714
421190312,290,344,634
421190401,360,397,757
421190402,47,67,114
421190403,43,30,73
421190404,7,26,33
421190405,10,18,28
421260101,311,387,698
421260102,343,303,646
421260103,323,351,674
421260104,15,8,23
421260105,22,29,51
421260106,3,15,18
421260107,25,35,60
421260108,41,72,113
421260109,14,32,46
421260110,8,40,48
421260111,329,342,671
421260112,232,191,423
421260201,335,456,791
421260202,268,191,459
421260203,177,198,375
421260204,7,12,19
421260205,134,199,333
421260206,1,15,16
421260207,152,120,272
421260208,214,179,393
421260301,9,16,25
421260302,16,34,50
421260303,10,10,20
421260304,2,9,11
421260401,223,270,493
421260402,21,26,47
421260403,9,21,30
421260404,1,25,26
421260405,35,64,99
421260406,16,17,33
421260407,223,342,565
421260501,163,266,429
421260502,87,103,190
421260503,12,60,72
421260504,9,16,25
421260505,6,14,20
421260506,70,168,238
421260507,3,7,10
421260508,2,7,9
421260509,244,215,459
421260510,317,373,690
421260511,177,176,353
421330101,157,123,280
421330102,10,6,16
421330103,9,22,31
421330201,428,346,774
421330202,199,133,332
421330203,335,288,623
421330204,265,212,477
421330205,361,244,605
421330206,22,25,47
421330207,804,401,1205
421330208,0,0,0
421330209,0,2,2
421330210,0,1,1
421330211,218,365,583
421330212,250,144,394
421330213,258,113,371
421330214,269,215,484
421330215,348,202,550
421330216,392,305,697
421330301,120,137,257
421330302,15,21,36
421330401,91,73,164
421330402,18,31,49
421330403,12,23,35
421330501,248,249,497
421330502,250,202,452
421330503,318,202,520
421330504,270,233,503
421330505,271,268,539
421330506,0,14,14
421330507,23,39,62
421330508,438,350,788
421330509,208,232,440
421330510,365,314,679
421330601,250,315,565
421330602,295,316,611
421330603,4,8,12
421330604,112,46,158
421330605,6,10,16
421330701,331,317,648
421330702,302,260,562
421330703,37,31,68
421330704,67,54,121
421330705,15,15,30
421330706,13,7,20
421330707,8,15,23
421400101,8,17,25
421400102,14,45,59
421400103,6,21,27
421400104,0,2,2
421400201,251,360,611
421400202,264,395,659
421400203,241,381,622
421400204,471,354,825
421400205,276,227,503
421400206,366,294,660
421400207,296,348,644
421400208,248,195,443
421400209,273,339,612
421400210,344,302,646
421400211,585,452,1037
421400212,315,261,576
421400213,111,90,201
421400214,155,42,197
421400215,273,99,372
421400216,331,99,430
421400217,371,76,447
421400218,329,65,394
421400219,339,48,387
421400220,39,120,159
421400221,25,45,70
421400222,315,252,567
421400223,80,57,137
421400301,0,3,3
421400302,33,72,105
421400303,4,5,9
421470101,194,220,414
421470102,2,4,6
421470103,1,4,5
421470104,7,27,34
421470105,4,9,13
421470106,10,25,35
421470107,14,23,37
421470108,14,33,47
421470109,356,219,575
421470201,410,306,716
421470202,215,195,410
421470203,11,33,44
421470204,1,3,4
421470205,3,12,15
421470206,6,22,28
421470207,8,6,14
421470208,4,9,13
421470209,33,15,48
421470210,41,50,91
421470211,8,12,20
421470212,11,5,16
421470213,0,7,7
421470214,371,298,669
421470215,453,389,842
421470216,291,254,545
421470301,240,217,457
421470302,12,12,24
421540101,96,101,197
421540102,32,59,91
421540103,6,73,79
421540201,207,175,382
421540202,47,122,169
421540301,319,330,649
421540302,36,76,112
421540401,19,58,77
421540402,14,32,46
421540403,56,80,136
421540404,15,49,64
421540501,163,73,236
421540502,308,347,655
421540503,323,252,575
421540504,192,394,586
421540505,321,372,693
421540506,276,195,471
421540507,292,242,534
421540508,396,211,607
421540509,444,298,742
421540510,270,223,493
421540511,273,304,577
421540512,376,574,950
421540513,556,479,1035
421540514,275,372,647
421540515,342,403,745
421540516,471,438,909
421540517,579,377,956
421540601,103,169,272
421540602,10,17,27
421540701,20,49,69
421540702,27,53,80
460070101,456,691,1147
460070102,496,330,826
460070103,515,755,1270
460070104,490,715,1205
460070105,587,478,1065
460070106,122,205,327
460070107,339,573,912
460070108,538,663,1201
460070109,315,487,802
460070110,282,383,665
460070111,543,811,1354
460070112,873,657,1530
460070201,286,758,1044
460070202,157,228,385
460070203,7,28,35
460070204,224,529,753
460140101,194,377,571
460140102,21,57,78
460140103,461,1061,1522
460140104,367,286,653
460140105,422,490,912
460140106,713,593,1306
460140107,711,833,1544
460140108,338,482,820
460140109,698,1132,1830
460140110,924,1090,2014
460140111,946,240,1186
460140201,9,64,73
460140202,33,278,311
460140301,7,116,123
460140302,15,276,291
460140401,529,452,981
460140402,592,309,901
460140403,525,237,762
460140404,811,511,1322
460140405,630,335,965
460140406,543,534,1077
460140407,450,434,884
460140408,755,435,1190
460140409,619,383,1002
460140410,523,176,699
460140411,845,625,1470
460140412,579,377,956
460140413,748,458,1206
460140414,469,275,744
460140415,559,237,796
460140416,670,257,927
460140417,485,321,806
460140418,407,333,740
460140501,507,293,800
460140502,564,308,872
460140503,699,256,955
460140504,959,699,1658
460140505,656,548,1204
460140506,481,376,857
460140507,948,615,1563
460140508,949,678,1627
460140509,1005,565,1570
460140510,812,491,1303
460140511,508,617,1125
460140512,505,694,1199
460140513,570,721,1291
460140514,636,798,1434
460140515,675,812,1487
460140516,625,832,1457
460140517,653,891,1544
460140518,667,636,1303
460140519,517,489,1006
460140601,760,445,1205
460140602,528,263,791
460140603,358,178,536
460140604,501,239,740
460140605,518,217,735
460140606,479,130,609
460140607,470,170,640
460140608,413,174,587
460140609,441,213,654
460140610,554,250,804
460140611,530,210,740
460140701,226,137,363
460140702,921,912,1833
460140703,885,728,1613
460140704,945,472,1417
460140705,848,660,1508
460140706,479,628,1107
460140707,613,408,1021
460140708,672,598,1270
460140709,553,445,998
460140710,787,374,1161
460140711,501,475,976
460140712,524,745,1269
460140713,633,884,1517
460140714,653,935,1588
460140715,525,540,1065
460140716,618,248,866
460140717,275,92,367
460140718,376,227,603
460140801,642,447,1089
460140802,584,428,1012
460140803,737,522,1259
460140804,805,345,1150
460140805,696,314,1010
460140806,778,606,1384
460140807,736,701,1437
460140808,493,350,843
460140809,679,595,1274
460140810,903,509,1412
460140811,938,497,1435
460140812,597,494,1091
460140813,570,267,837
460140814,1015,394,1409
460140901,702,456,1158
460140902,644,234,878
460140903,525,178,703
460140904,603,219,822
460140905,535,220,755
460140906,939,611,1550
460140907,933,373,1306
460140908,1095,261,1356
460140909,875,373,1248
460140910,1282,788,2070
460140911,49,102,151
460140912,915,421,1336
460140913,623,207,830
460140914,1222,289,1511
460140915,1091,456,1547
460140916,903,481,1384
460140917,1132,622,1754
460140918,807,528,1335
460140919,523,897,1420
460140920,759,466,1225
460140921,302,725,1027
460140922,835,404,1239
460141001,537,581,1118
460141002,294,305,599
460141003,462,517,979
460141004,363,423,786
460141005,898,830,1728
460141006,737,774,1511
460141007,413,439,852
460141008,708,669,1377
460141009,449,397,846
460141010,497,452,949
460141011,449,520,969
460141012,1223,1243,2466
460141013,574,1082,1656
460141014,563,912,1475
460141015,439,519,958
460141016,673,676,1349
460141017,1194,1302,2496
460141018,650,381,1031
460141101,689,841,1530
460141102,687,723,1410
460141103,437,443,880
460141104,583,811,1394
460141105,758,1138,1896
460141106,638,717,1355
460141107,598,384,982
460141108,851,548,1399
460141109,777,385,1162
460141110,832,990,1822
460141111,756,724,1480
460141112,759,379,1138
460141113,706,312,1018
460141114,785,490,1275
460141115,975,438,1413
460210101,290,486,776
460210102,544,569,1113
460210103,108,128,236
460210104,175,222,397
460210105,177,226,403
460210106,211,129,340
460210201,145,224,369
460210202,108,261,369
460280101,249,255,504
460280102,545,412,957
460280103,563,382,945
460280104,162,328,490
460280105,337,491,828
460280106,157,391,548
460280107,423,291,714
460280108,413,248,661
460280109,201,277,478
460280201,137,211,348
460280202,486,797,1283
460280203,167,438,605
460280204,287,474,761
460350101,657,513,1170
460350102,477,331,808
460350103,888,903,1791
460350104,772,1129,1901
460350105,360,308,668
460350106,465,597,1062
460350107,574,544,1118
460350108,508,1078,1586
460350109,817,497,1314
460350201,474,822,1296
460350202,135,389,524
460350203,35,117,152
460420101,833,943,1776
460420102,326,304,630
460420103,428,385,813
460420104,441,340,781
460420105,373,188,561
460420106,816,471,1287
460420107,418,334,752
460420108,489,451,940
460420109,581,817,1398
460420110,778,746,1524
460420111,547,441,988
460420112,766,556,1322
460420113,1335,1176,2511
460420114,812,390,1202
460420115,570,449,1019
460420116,725,631,1356
460420117,450,486,936
460420118,595,721,1316
460420119,470,293,763
460420120,1185,883,2068
460420121,770,444,1214
460420122,555,512,1067
460420123,702,517,1219
460420201,488,1081,1569
460420202,597,1053,1650
460420203,354,406,760
460420204,612,752,1364
460420205,343,389,732
460420206,212,469,681
460420301,820,1284,2104
460420302,913,1295,2208
460420303,327,485,812
460420304,309,567,876
460420305,168,452,620
460420306,815,1329,2144
460420401,358,912,1270
460420402,494,1018,1512
460420403,120,258,378
460490101,588,751,1339
460490102,597,425,1022
460490103,207,390,597
460490104,35,64,99
460490201,299,502,801
460490202,391,466,857
460490203,90,122,212
460490204,124,301,425
460490205,101,158,259
460560101,460,624,1084
460560102,171,721,892
460560103,61,241,302
460560104,210,410,620
460630101,530,457,987
460630102,742,693,1435
460630103,528,551,1079
460630104,433,373,806
460630105,275,421,696
460630106,114,663,777
460630201,311,553,864
460630202,10,61,71
460630203,60,226,286
460700101,549,711,1260
460700102,178,779,957
460700103,35,339,374
460700201,296,679,975
460700202,5,76,81
460700203,33,227,260
460770101,339,417,756
460770102,1,10,11
460770103,7,18,25
460770104,360,491,851
460840101,369,432,801
460840102,145,537,682
460840103,198,603,801
460840104,308,495,803
460840201,346,477,823
460840202,312,372,684
460840203,25,171,196
460840204,35,160,195
460840205,295,390,685
460840206,497,636,1133
460910101,23,160,183
460910102,114,344,458
460910201,523,803,1326
460910202,103,427,530
460910203,94,381,475
460910204,642,1003,1645
460980101,519,783,1302
460980102,465,493,958
460980103,7,32,39
460980104,51,165,216
460980105,12,28,40
461050101,328,574,902
461050102,235,557,792
461050103,90,352,442
461050104,19,133,152
461120101,516,791,1307
461120102,416,628,1044
461120103,367,574,941
461120104,824,508,1332
461120105,419,502,921
461120106,468,766,1234
461120107,460,492,952
461120108,531,789,1320
461120109,743,604,1347
461120201,222,455,677
461120202,174,811,985
461120203,39,109,148
461120301,144,438,582
461120302,97,370,467
461190101,171,439,610
461190102,454,608,1062
461190103,442,732,1174
461190104,123,295,418
461190201,129,324,453
461260101,602,578,1180
461260102,23,44,67
461260103,450,531,981
500070101,636,278,914
500070102,504,241,745
500070103,539,127,666
500070104,336,162,498
500070105,425,130,555
500070106,456,172,628
500070107,348,150,498
500070108,382,168,550
500070109,369,161,530
500070110,186,68,254
500070111,250,69,319
500070112,229,83,312
500070113,181,68,249
500070114,330,68,398
500070115,294,100,394
500070116,197,51,248
500070117,253,65,318
500070201,696,326,1022
500070202,464,257,721
500070203,623,448,1071
500070204,516,329,845
500070205,463,279,742
500070206,641,367,1008
500070207,485,182,667
500070208,395,172,567
500070209,500,268,768
500070210,474,205,679
500070211,597,312,909
500070212,271,182,453
500070213,480,298,778
500070214,459,204,663
500070215,297,200,497
500070301,438,196,634
500070302,591,222,813
500070303,481,216,697
500070304,327,164,491
500070305,192,64,256
500070306,149,66,215
500070307,160,55,215
500070308,191,60,251
500070309,179,57,236
500070310,277,109,386
500070311,326,102,428
500070312,253,106,359
500070313,272,81,353
500070314,167,71,238
500070315,331,86,417
500070316,248,104,352
500070317,123,32,155
500070401,372,134,506
500070402,291,97,388
500070403,133,69,202
500070404,230,94,324
500070405,199,57,256
500070406,81,33,114
500070407,239,71,310
500070408,190,83,273
500070409,266,87,353
500070410,205,47,252
500070411,236,76,312
500070412,382,99,481
500070501,444,181,625
500070502,428,206,634
500070503,490,132,622
500070504,270,65,335
500070505,349,132,481
500070506,578,176,754
500070507,307,81,388
500070508,534,167,701
500070509,503,170,673
500070510,580,170,750
500070511,398,124,522
500070512,237,71,308
500070601,464,121,585
500070602,416,146,562
500070603,460,170,630
500070604,422,177,599
500070605,360,130,490
500070606,760,428,1188
500070607,544,217,761
500070608,707,199,906
500070609,319,153,472
500070610,608,205,813
500070611,241,105,346
500070701,406,209,615
500070702,616,346,962
500070703,472,209,681
500070704,460,184,644
500070705,415,221,636
500070706,544,214,758
500070707,464,175,639
500070708,298,168,466
500070709,330,117,447
500070710,578,233,811
500070711,613,253,866
500070801,355,83,438
500070802,304,102,406
500070803,803,171,974
500070804,196,76,272
500070805,345,114,459
500070806,404,145,549
500070807,382,133,515
500070808,297,99,396
500070809,402,101,503
500070810,457,153,610
500070811,251,46,297
500070901,430,135,565
500070902,411,96,507
500070903,409,91,500
500070904,516,136,652
500070905,556,119,675
500070906,505,144,649
500070907,490,144,634
500070908,449,100,549
500070909,208,39,247
500070910,511,128,639
500070911,443,127,570
500070912,258,73,331
500071001,1023,121,1144
500071002,506,217,723
500071003,703,180,883
500071004,676,816,1492
500071005,553,609,1162
500071006,719,794,1513
500071007,374,186,560
500071008,459,630,1089
500071009,608,576,1184
500071010,489,784,1273
500071011,309,375,684
500071012,343,207,550
500071013,4,1,5
500071014,444,550,994
500071015,175,398,573
500071016,167,248,415
500071017,718,203,921
500071018,0,0,0
500071019,1024,140,1164
500071020,597,209,806
500071021,388,564,952
500071022,157,317,474
500071101,507,92,599
500071102,631,212,843
500071103,532,194,726
500071104,512,256,768
500071105,508,292,800
500071106,678,308,986
500071107,439,300,739
500071108,680,270,950
500071109,460,196,656
500071110,600,230,830
500071111,392,157,549
500071112,363,131,494
500071113,316,157,473
500071201,208,67,275
500071202,164,27,191
500071203,223,39,262
500071204,156,56,212
500071205,221,57,278
500071206,295,96,391
500071207,213,66,279
500071208,267,72,339
500071209,375,95,470
500071210,399,121,520
500071301,469,931,1400
500071302,445,588,1033
500071303,559,659,1218
500071304,492,651,1143
500071305,332,366,698
500071306,413,547,960
500071307,536,692,1228
500071308,444,584,1028
500071309,599,634,1233
500071310,0,0,0
500071311,51,87,138
500140101,70,211,281
500140201,10,105,115
500140301,23,92,115
500140302,104,225,329
500140303,49,191,240
500140304,356,533,889
500140305,27,159,186
500140401,182,425,607
500140402,78,275,353
500140403,1,18,19
500140404,338,553,891
500140405,330,703,1033
500140406,450,576,1026
500140407,24,12,36
500140408,424,632,1056
500140409,421,576,997
500140410,366,565,931
500140411,166,441,607
500140412,171,264,435
500140501,400,638,1038
500140502,288,509,797
500140503,296,313,609
500140504,307,502,809
500140505,285,404,689
500140506,213,401,614
500140601,550,550,1100
500140602,325,433,758
500140603,321,309,630
500140604,378,358,736
500140605,372,231,603
500140606,423,283,706
500140607,473,220,693
500140608,272,231,503
500140609,496,447,943
500140610,367,293,660
500140611,741,359,1100
500140612,596,442,1038
500140613,369,403,772
500140614,226,331,557
500140615,579,892,1471
500140616,590,461,1051
500140617,527,218,745
500140701,538,952,1490
500140702,452,672,1124
500140703,701,820,1521
500140704,144,334,478
500140705,463,700,1163
500140706,432,277,709
500140707,498,363,861
500140708,555,501,1056
500140709,546,380,926
500140710,479,451,930
500140711,397,258,655
500140712,376,252,628
500140713,291,327,618
500140714,365,438,803
500140715,523,439,962
500140716,786,358,1144
500210101,449,179,628
500210102,523,295,818
500210103,251,130,381
500210104,580,341,921
500210105,583,297,880
500210106,402,648,1050
500210107,1203,1351,2554
500210108,750,288,1038
500210109,595,232,827
500210110,478,215,693
500210111,855,506,1361
500210112,419,252,671
500210113,536,329,865
500210114,433,295,728
500210115,699,826,1525
500210116,663,535,1198
500210117,310,157,467
500210118,351,250,601
500210119,295,158,453
500210201,465,408,873
500210202,417,375,792
500210203,408,456,864
500210204,651,718,1369
500210205,492,469,961
500210206,469,412,881
500210207,591,455,1046
500210208,456,303,759
500210209,487,337,824
500210210,350,241,591
500210211,449,245,694
500210212,687,274,961
500210213,475,311,786
500210214,413,257,670
500210215,555,448,1003
500210216,624,497,1121
500210217,513,556,1069
500210218,113,125,238
500210219,191,238,429
500210301,585,220,805
500210302,273,112,385
500210303,301,115,416
500210304,624,248,872
500210305,328,131,459
500210306,414,173,587
500210307,345,145,490
500210308,629,413,1042
500210309,594,375,969
500210310,397,291,688
500210311,527,312,839
500210312,348,144,492
500210313,349,102,451
500210314,404,157,561
500210315,279,176,455
500210316,278,161,439
500210317,400,143,543
500210401,600,521,1121
500210402,459,284,743
500210403,563,361,924
500210404,576,297,873
500210405,362,135,497
500210406,429,255,684
500210407,435,328,763
500210408,655,366,1021
500210409,580,382,962
500210410,383,138,521
500210411,651,566,1217
500210412,542,561,1103
500210413,554,199,753
500210414,778,564,1342
500210415,354,298,652
500210416,401,140,541
500210417,410,399,809
500210418,653,474,1127
500210419,209,226,435
500210420,381,188,569
500210501,222,197,419
500210502,417,335,752
500210503,588,311,899
500210504,90,75,165
500210505,679,203,882
500210506,512,318,830
500210507,550,322,872
500210508,995,315,1310
500210509,785,344,1129
500210510,494,328,822
500210511,465,266,731
500210512,599,310,909
500210513,513,217,730
500210601,701,402,1103
500210602,607,193,800
500210603,562,332,894
500210604,604,389,993
500210605,684,418,1102
500210606,747,350,1097
500210607,586,410,996
500210608,834,483,1317
500210609,444,170,614
500210610,427,219,646
500210611,472,442,914
500210612,547,371,918
500210613,931,420,1351
500210701,427,286,713
500210702,590,305,895
500210703,708,287,995
500210704,506,261,767
500210705,486,278,764
500210706,695,261,956
500210707,446,185,631
500210708,555,378,933
500210709,479,463,942
500210710,365,125,490
500210801,571,583,1154
500210802,395,594,989
500210803,468,751,1219
500210804,118,296,414
500210805,325,443,768
500210806,642,672,1314
500210807,734,778,1512
500210808,735,336,1071
500210809,377,301,678
500210810,507,346,853
500210811,832,563,1395
500210812,427,409,836
500210813,118,342,460
500210901,372,187,559
500210902,525,240,765
500210903,400,106,506
500210904,491,180,671
500210905,587,288,875
500210906,485,271,756
500210907,467,273,740
500210908,239,178,417
500210909,503,321,824
500210910,538,320,858
500210911,576,322,898
500210912,446,267,713
500210913,450,278,728
500210914,319,187,506
500210915,498,105,603
500210916,396,220,616
500210917,343,221,564
500211001,487,299,786
500211002,582,304,886
500211003,459,153,612
500211004,544,292,836
500211005,284,219,503
500211006,617,479,1096
500211007,683,416,1099
500211008,516,232,748
500211009,580,258,838
500211010,359,312,671
500211011,285,210,495
500211012,319,184,503
500211101,418,117,535
500211102,84,26,110
500211103,266,120,386
500211104,343,159,502
500211105,269,82,351
500211106,493,148,641
500211107,395,126,521
500211108,326,83,409
500211109,467,190,657
500211110,447,124,571
500211111,420,119,539
500211112,417,110,527
500211201,293,140,433
500211202,593,377,970
500211203,323,220,543
500211204,428,277,705
500211205,684,479,1163
500211206,518,472,990
500211207,686,664,1350
500211208,477,509,986
500211209,596,287,883
500211210,513,229,742
500211211,484,345,829
500211301,458,128,586
500211302,337,173,510
500211303,702,394,1096
500211304,592,342,934
500211305,649,314,963
500211306,322,293,615
500211307,852,306,1158
500211308,601,168,769
500211309,724,312,1036
500211310,509,255,764
500211311,665,321,986
500211312,631,257,888
500211313,1026,174,1200
500211314,524,321,845
500211315,399,231,630
500211401,331,264,595
500211402,403,473,876
500211403,668,621,1289
500211404,493,382,875
500211405,647,529,1176
500211406,623,582,1205
500211407,671,733,1404
500211408,473,441,914
500211409,672,435,1107
500211410,979,138,1117
500211501,836,262,1098
500211502,502,184,686
500211503,246,76,322
500211504,361,119,480
500211505,392,88,480
500211506,324,108,432
500211507,554,180,734
500211508,319,113,432
500211509,303,137,440
500211601,916,788,1704
500211602,693,886,1579
500211603,416,422,838
500211604,736,719,1455
500211605,556,562,1118
500211606,707,828,1535
500211607,600,656,1256
500211608,489,696,1185
500211609,336,416,752
500211610,259,384,643
500280101,253,131,384
500280102,435,180,615
500280103,416,277,693
500280104,422,126,548
500280105,472,216,688
500280106,619,335,954
500280107,424,199,623
500280108,457,294,751
500280109,406,216,622
500280110,527,306,833
500280111,562,405,967
500280112,360,128,488
500280201,467,277,744
500280202,410,315,725
500280203,521,295,816
500280204,331,211,542
500280205,572,353,925
500280206,636,345,981
500280207,461,189,650
500280208,380,202,582
500280209,553,288,841
500280210,356,251,607
500280211,546,313,859
500280212,554,285,839
500280213,324,207,531
500280214,338,248,586
500280301,769,549,1318
500280302,643,625,1268
500280303,365,589,954
500280304,522,1042,1564
500280305,443,733,1176
500280306,608,771,1379
500280307,561,596,1157
500280308,526,561,1087
500280309,459,441,900
500280310,844,693,1537
500280311,568,494,1062
500280312,591,593,1184
500280313,753,778,1531
500280314,539,906,1445
500280315,804,918,1722
500280316,412,642,1054
500280317,555,414,969
500280401,423,285,708
500280402,403,371,774
500280403,975,565,1540
500280404,486,318,804
500280405,428,346,774
500280406,562,384,946
500280407,462,493,955
500280408,549,570,1119
500280409,672,607,1279
500280410,443,602,1045
500280411,535,774,1309
500280412,611,505,1116
500280413,815,780,1595
500280414,611,675,1286
500280415,605,463,1068
500280501,288,387,675
500280502,596,693,1289
500280503,367,941,1308
500280504,355,565,920
500280505,212,501,713
500280506,327,634,961
500280507,667,1162,1829
500280508,751,1075,1826
500280509,546,696,1242
500280510,516,771,1287
500280511,723,831,1554
500280512,286,300,586
500280513,536,663,1199
500280514,365,806,1171
500280515,363,394,757
500280516,658,1155,1813
500280517,729,1338,2067
500280518,203,373,576
500280519,302,784,1086
500280520,284,389,673
500280601,497,413,910
500280602,430,248,678
500280603,260,382,642
500280604,578,728,1306
500280605,408,669,1077
500280606,1059,680,1739
500280607,511,740,1251
500280608,420,552,972
500280609,151,252,403
500280610,433,817,1250
500280611,334,570,904
500280612,170,203,373
500280613,445,549,994
500280614,569,552,1121
500280701,524,199,723
500280702,620,104,724
500280703,584,254,838
500280704,917,186,1103
500280705,598,136,734
500280706,648,459,1107
500280707,662,205,867
500280708,599,256,855
500280709,732,415,1147
500280710,434,233,667
500280711,634,150,784
500280712,824,197,1021
500280801,521,304,825
500280802,362,172,534
500280803,377,184,561
500280804,378,202,580
500280805,628,255,883
500280806,532,312,844
500280807,538,327,865
500280808,480,508,988
500280809,537,502,1039
500280810,552,248,800
500280811,795,356,1151
500280812,687,235,922
500280813,698,382,1080
500280814,414,147,561
500280815,728,324,1052
500280816,463,232,695
500280817,428,279,707
500280818,354,134,488
500280819,320,142,462
500280820,358,188,546
500280901,564,403,967
500280902,453,219,672
500280903,575,244,819
500280904,343,153,496
500280905,706,293,999
500280906,884,314,1198
500280907,367,94,461
500280908,753,304,1057
500280909,484,361,845
500280910,772,267,1039
500280911,289,164,453
500280912,646,223,869
500280913,763,258,1021
500280914,464,73,537
500281001,573,348,921
500281002,330,451,781
500281003,373,303,676
500281004,577,588,1165
500281005,318,279,597
500281006,608,448,1056
500281007,721,505,1226
500281008,707,522,1229
500281009,452,295,747
500281010,573,425,998
500281101,389,511,900
500281102,371,539,910
500281103,725,756,1481
500281104,551,1037,1588
500281105,566,698,1264
500281106,448,604,1052
500281107,486,822,1308
500281108,493,691,1184
500281109,493,590,1083
500281110,639,624,1263
500281111,346,352,698
500281112,488,457,945
500281113,274,361,635
500281114,457,399,856
500281115,504,611,1115
500281116,377,347,724
500281117,503,384,887
500281118,384,453,837
500281201,1079,420,1499
500281202,466,459,925
500281203,507,559,1066
500281204,631,602,1233
500281205,502,343,845
500281206,534,335,869
500281207,459,274,733
500281208,397,196,593
500281209,505,460,965
500281210,741,556,1297
500281211,473,408,881
500281212,548,317,865
500281213,498,285,783
500281214,561,318,879
500281215,518,228,746
500281216,591,324,915
500281217,523,349,872
500281218,511,300,811
500281219,762,457,1219
500281301,570,351,921
500281302,551,417,968
500281303,617,510,1127
500281304,534,437,971
500281305,620,362,982
500281306,394,245,639
500281307,314,230,544
500281308,628,298,926
500281309,425,234,659
500281310,621,244,865
500281311,429,274,703
500281312,363,223,586
500281401,394,119,513
500281402,406,174,580
500281403,362,165,527
500281404,556,263,819
500281405,627,258,885
500281406,549,251,800
500281407,695,246,941
500281408,679,237,916
500281409,533,286,819
500281410,455,265,720
500281411,392,213,605
500281412,633,336,969
500281413,649,248,897
500281414,499,86,585
500281415,631,127,758
500281501,650,611,1261
500281502,692,1078,1770
500281503,251,224,475
500281504,659,415,1074
500281505,710,980,1690
500281506,718,846,1564
500281507,635,606,1241
500281508,452,457,909
500281601,421,373,794
500281602,319,286,605
500281603,404,277,681
500281604,518,293,811
500281605,752,413,1165
500281606,386,182,568
500281607,397,130,527
500281608,658,329,987
500281609,869,416,1285
500281610,483,395,878
500281611,653,378,1031
500281701,375,358,733
500281702,475,455,930
500281703,518,604,1122
500281704,378,361,739
500281705,326,400,726
500281706,654,595,1249
500281707,818,628,1446
500281708,395,406,801
500281709,407,284,691
500281710,471,530,1001
500281711,218,266,484
500281712,843,1122,1965
500281713,315,577,892
500281714,238,561,799
500281715,234,717,951
500281716,387,857,1244
500281801,695,285,980
500281802,731,333,1064
500281803,920,695,1615
500281804,615,517,1132
500281805,728,693,1421
500281806,487,400,887
500281807,767,696,1463
500281808,497,395,892
500281809,778,313,1091
500281810,597,325,922
500281811,483,405,888
500281812,366,473,839
500281901,843,727,1570
500281902,474,354,828
500281903,493,252,745
500281904,498,716,1214
500281905,818,1187,2005
500281906,557,599,1156
500281907,400,383,783
500281908,716,390,1106
500281909,744,529,1273
500281910,546,607,1153
500282001,646,448,1094
500282002,419,375,794
500282003,319,296,615
500282004,313,264,577
500282005,436,345,781
500282006,448,385,833
500282007,543,409,952
500282008,341,228,569
500282009,695,215,910
500282010,369,283,652
500282011,521,244,765
500350101,1001,524,1525
500350102,320,472,792
500350103,386,574,960
500350104,321,433,754
500350105,330,604,934
500350201,537,711,1248
500350202,561,588,1149
500350203,732,815,1547
500350204,351,347,698
500350205,610,563,1173
500350206,255,247,502
500350207,494,533,1027
500350208,412,324,736
500350209,587,601,1188
500350210,528,566,1094
500350211,460,381,841
500350212,441,363,804
500350213,613,300,913
500350214,597,597,1194
500350215,382,410,792
500350216,731,769,1500
500350217,561,250,811
500350218,727,306,1033
500350301,674,994,1668
500350302,482,700,1182
500350303,422,708,1130
500350401,162,253,415
500350402,140,358,498
500350403,455,877,1332
500350404,177,365,542
500350501,780,1087,1867
500350502,141,403,544
500350503,102,245,347
500350504,562,830,1392
500350505,172,250,422
500350506,169,214,383
500350507,290,470,760
500420101,266,340,606
500420102,62,166,228
500420201,40,110,150
500420301,16,88,104
500420302,8,52,60
500420401,70,139,209
500420402,183,222,405
500420403,161,254,415
500420404,485,305,790
500420405,216,245,461
500420406,642,928,1570
500420407,336,461,797
500420408,471,512,983
500420409,343,418,761
500420410,272,398,670
500420411,440,371,811
500420412,176,293,469
500490101,0,16,16
500490201,570,938,1508
500490202,88,146,234
500490203,228,482,710
500490204,479,658,1137
500490205,608,570,1178
500490206,530,696,1226
500490207,597,982,1579
500490208,387,621,1008
500490209,542,646,1188
500490210,556,707,1263
500490211,417,651,1068
500490212,632,734,1366
500490213,797,620,1417
500490214,529,545,1074
500490215,564,673,1237
500490216,652,1015,1667
500490217,374,562,936
500490218,596,501,1097
500490219,768,1002,1770
500490220,618,550,1168
500490221,879,799,1678
500490301,343,696,1039
500490302,311,778,1089
500490303,464,788,1252
500490304,452,711,1163
500490305,467,691,1158
500490306,478,897,1375
500490307,28,39,67
500490308,281,778,1059
500490309,695,946,1641
500490310,417,181,598
500490311,435,187,622
500490312,561,240,801
500490313,616,1181,1797
500490314,409,1170,1579
500490315,352,850,1202
500490316,394,858,1252
500490317,529,695,1224
500490318,298,546,844
500490319,305,680,985
500490320,388,669,1057
500490321,494,722,1216
500490401,462,389,851
500490402,661,470,1131
500490403,665,359,1024
500490404,601,386,987
500490405,387,303,690
500490406,408,253,661
500490407,484,425,909
500490408,341,276,617
500490409,722,514,1236
500490410,401,456,857
500490411,598,445,1043
500490412,451,344,795
500490413,249,220,469
500490414,557,456,1013
500490501,2,10,12
500490502,222,303,525
500490503,735,785,1520
500490504,836,396,1232
500490505,952,809,1761
500490506,278,179,457
500490507,673,607,1280
500490601,0,0,0
500490602,66,52,118
500490603,89,59,148
500490701,513,391,904
500490702,420,470,890
500490703,411,452,863
500490704,747,610,1357
500490705,590,679,1269
500490706,371,354,725
500490707,393,364,757
500490708,367,421,788
500490709,468,536,1004
500490710,253,242,495
500490711,443,435,878
500490712,500,360,860
500490713,469,365,834
500490714,253,240,493
500490715,503,357,860
500490801,551,452,1003
500490802,681,442,1123
500490803,396,376,772
500490804,557,579,1136
500490805,696,808,1504
500490806,502,530,1032
500490807,627,582,1209
500490808,722,811,1533
500490809,685,647,1332
500490810,479,587,1066
500490811,577,770,1347
500490812,1071,534,1605
500490813,281,197,478
500490814,644,384,1028
500490815,736,519,1255
500490816,267,443,710
500490817,713,401,1114
500490818,435,490,925
500490819,361,367,728
500490820,438,331,769
500490901,629,533,1162
500490902,498,272,770
500490903,364,360,724
500490904,340,264,604
500490905,616,454,1070
500490906,640,385,1025
500490907,504,359,863
500490908,382,253,635
500490909,513,433,946
500490910,401,464,865
500490911,908,253,1161
500490912,309,227,536
500490913,488,400,888
500490914,485,408,893
500490915,570,343,913
500490916,597,493,1090
500490917,424,309,733
500490918,328,348,676
500490919,299,217,516
500491001,1157,534,1691
500491002,717,458,1175
500491003,468,253,721
500491004,280,237,517
500491005,484,374,858
500491006,378,296,674
500491007,648,700,1348
500491008,432,210,642
500491009,430,270,700
500491010,555,357,912
500491011,589,192,781
500491012,763,218,981
500491013,419,284,703
500491101,3,18,21
500491102,85,18,103
500491103,575,720,1295
500491104,268,295,563
500491105,375,110,485
500491106,504,175,679
500491107,347,44,391
500491108,541,59,600
500491109,506,118,624
500491110,730,492,1222
500491111,558,312,870
500491112,724,442,1166
500491113,191,235,426
500491114,436,518,954
500491115,342,329,671
500491116,566,545,1111
500491117,612,783,1395
500491118,382,392,774
500491119,408,602,1010
500491201,405,285,690
500491202,649,281,930
500491203,771,622,1393
500491204,481,153,634
500491205,790,233,1023
500491206,632,147,779
500491207,851,271,1122
500491208,524,210,734
500491209,452,173,625
500491210,615,135,750
500491211,461,108,569
500491212,1007,219,1226
500491213,523,303,826
500491214,416,229,645
500491215,784,453,1237
500491216,545,451,996
500491217,566,138,704
500491301,492,550,1042
500491302,722,1128,1850
500491303,498,615,1113
500491304,510,723,1233
500491305,333,520,853
500491306,308,575,883
500491307,701,747,1448
500491308,599,790,1389
500491309,616,697,1313
500491310,705,608,1313
500491311,729,577,1306
500491312,664,848,1512
500491313,434,498,932
500491314,362,308,670
500491401,650,292,942
500491402,1020,438,1458
500491403,666,268,934
500491404,406,106,512
500491405,764,434,1198
500491406,708,482,1190
500491407,692,350,1042
500491408,663,417,1080
500491409,531,325,856
500491410,652,579,1231
500491411,295,317,612
500491412,487,770,1257
500491413,477,809,1286
500491414,485,225,710
500560101,175,801,976
500560201,183,738,921
500560301,202,599,801
500560401,158,472,630
500560402,307,491,798
500560403,436,915,1351
500560404,322,1182,1504
500560405,257,376,633
500560406,356,629,985
500560407,706,1140,1846
500560408,291,348,639
500560409,383,671,1054
500560501,445,715,1160
500560502,90,359,449
500560503,287,592,879
500560504,530,604,1134
500560505,185,396,581
500560506,303,596,899
500560507,507,622,1129
500560601,154,308,462
500560602,331,597,928
500560603,627,522,1149
500560604,736,732,1468
500560605,681,761,1442
500560606,688,625,1313
500560607,246,168,414
500560608,343,548,891
500560609,374,917,1291
500560610,358,535,893
500560611,542,675,1217
500560612,192,630,822
500560613,340,560,900
500560614,83,204,287
500560615,431,640,1071
500560616,356,420,776
500560701,223,386,609
500630101,716,227,943
500630102,620,143,763
500630103,882,438,1320
500630104,809,310,1119
500630105,524,122,646
500630106,462,117,579
500630107,791,353,1144
500630108,538,77,615
500630109,965,243,1208
500630110,441,109,550
500630111,409,80,489
500630112,423,58,481
500630113,797,261,1058
500630201,513,253,766
500630202,710,331,1041
500630203,542,359,901
500630204,380,355,735
500630205,359,363,722
500630206,217,254,471
500630207,301,255,556
500630208,408,265,673
500630209,393,205,598
500630210,437,218,655
500630211,547,641,1188
500630212,410,290,700
500630213,417,309,726
500630214,387,285,672
500630215,443,306,749
500630216,330,398,728
500630217,44,110,154
500630218,291,766,1057
500630301,23,38,61
500630302,329,513,842
500630303,98,125,223
500630304,234,259,493
500630305,633,588,1221
500630306,592,676,1268
500630307,663,571,1234
500630308,413,391,804
500630309,638,563,1201
500630310,1166,1380,2546
500630311,378,637,1015
500630312,891,1047,1938
500630401,265,725,990
500630402,545,939,1484
500630403,560,611,1171
500630404,139,219,358
500630405,491,672,1163
500630406,784,1367,2151
500630407,289,702,991
500630408,205,648,853
500630409,450,820,1270
500630410,512,809,1321
500630411,759,1304,2063
500630501,464,728,1192
500630502,394,478,872
500630503,208,491,699
500630504,237,548,785
500630601,41,84,125
500630602,39,117,156
500630701,13,9,22
500630702,67,20,87
500630703,267,329,596
500630704,95,87,182
500630705,75,41,116
500630706,28,28,56
500630707,83,82,165
500630801,529,268,797
500630802,684,227,911
500630803,666,246,912
500630804,713,466,1179
500630805,489,402,891
500630806,390,110,500
500630807,552,201,753
500630808,619,327,946
500630809,753,543,1296
500630810,477,139,616
500630811,836,164,1000
500630812,951,200,1151
500630813,700,150,850
500630814,933,299,1232
500630901,682,295,977
500630902,0,0,0
500630903,411,243,654
500630904,654,280,934
500630905,754,568,1322
500630906,692,624,1316
500630907,617,1017,1634
500630908,504,321,825
500630909,668,375,1043
500630910,599,531,1130
500630911,402,225,627
500630912,543,478,1021
500630913,377,429,806
500630914,789,674,1463
500630915,745,396,1141
500631001,383,388,771
500631002,352,200,552
500631003,627,283,910
500631004,434,195,629
500631005,822,177,999
500631006,657,289,946
500631007,589,145,734
500631008,873,356,1229
500631009,333,334,667
500631010,586,396,982
500631011,622,388,1010
500631012,261,362,623
500631013,677,435,1112
500631014,360,240,600
500631015,544,119,663
500631016,239,113,352
500631017,672,642,1314
500631101,917,342,1259
500631102,296,215,511
500631103,785,927,1712
500631104,478,722,1200
500631105,630,796,1426
500631106,381,434,815
500631107,197,300,497
500631108,505,485,990
500631109,507,464,971
500631110,271,111,382
500631111,441,136,577
500631112,351,170,521
500631113,690,401,1091
500631114,917,207,1124
500631115,524,206,730
500631116,545,177,722
500700101,182,814,996
500700102,310,815,1125
500700103,684,656,1340
500700104,208,457,665
500700105,717,1037,1754
500700106,628,750,1378
500700107,251,346,597
500700108,339,305,644
500700109,718,1686,2404
500700110,818,2003,2821
500700111,283,941,1224
500700112,341,760,1101
500700113,241,661,902
500700114,339,808,1147
500700115,201,337,538
500700116,518,1632,2150
500700117,757,1138,1895
500700118,254,594,848
500700201,201,555,756
500700202,295,955,1250
500700203,219,559,778
500700204,278,916,1194
500700205,294,760,1054
500700206,328,743,1071
500700207,632,1255,1887
500700208,410,566,976
500700209,408,592,1000
500700210,473,908,1381
500700211,370,1051,1421
500700212,258,921,1179
500700213,772,512,1284
500700214,427,410,837
500700215,141,345,486
500700301,733,981,1714
500700302,674,1309,1983
500700303,328,1029,1357
500700304,411,633,1044
500700305,760,1192,1952
500700306,192,484,676
500700307,212,428,640
500700308,327,611,938
500700401,213,253,466
500700402,562,553,1115
500700403,531,869,1400
500700404,505,1147,1652
500700405,685,742,1427
500700406,724,839,1563
500700407,850,808,1658
500700408,853,1227,2080
500700409,732,991,1723
500700410,165,260,425
500700411,571,509,1080
500700412,554,853,1407
500700413,591,998,1589
500700414,589,571,1160
500700415,347,408,755
500700416,593,864,1457
500700417,518,790,1308
500700418,552,547,1099
500700419,528,743,1271
500700420,468,622,1090
500700421,539,660,1199
500700422,438,578,1016
500700423,546,656,1202
500700424,342,344,686
500700425,434,437,871
500700501,1282,515,1797
500700502,754,364,1118
500700503,370,208,578
500700504,460,326,786
500700505,787,383,1170
500700506,642,435,1077
500700507,500,419,919
500700508,475,381,856
500700509,348,299,647
500700510,677,630,1307
500700511,605,571,1176
500700512,699,618,1317
500700513,586,560,1146
500700514,505,505,1010
500700601,799,768,1567
500700602,829,840,1669
500700603,846,612,1458
500700604,367,278,645
500700605,448,329,777
500700606,478,479,957
500700607,532,505,1037
500700608,920,733,1653
500700609,459,281,740
500700610,338,340,678
500700611,373,280,653
500700612,693,720,1413
500700613,706,181,887
500700701,406,213,619
500700702,559,325,884
500700703,530,453,983
500700704,439,239,678
500700705,509,600,1109
500700706,729,871,1600
500700707,478,330,808
500700708,484,424,908
500700709,330,217,547
500700710,313,200,513
500700711,506,301,807
500700712,367,194,561
500700801,612,430,1042
500700802,590,310,900
500700803,513,382,895
500700804,812,321,1133
500700805,1040,566,1606
500700806,708,416,1124
500700807,455,262,717
500700808,708,251,959
500700809,488,312,800
500700810,672,467,1139
500700811,534,329,863
500700812,627,477,1104
500700813,422,371,793
500700814,465,509,974
500700815,356,382,738
500700816,838,264,1102
500700901,383,499,882
500700902,576,892,1468
500700903,1028,1620,2648
500700904,546,680,1226
500700905,382,345,727
500700906,359,247,606
500700907,562,377,939
500700908,612,633,1245
500700909,345,467,812
500700910,352,503,855
500700911,578,925,1503
500700912,447,664,1111
500700913,348,425,773
500701001,677,512,1189
500701002,642,289,931
500701003,561,333,894
500701004,714,318,1032
500701005,334,209,543
500701006,872,467,1339
500701007,549,175,724
500701008,346,299,645
500701009,383,274,657
500701010,594,351,945
500701011,351,221,572
500701012,857,244,1101
500701013,286,428,714
500770101,26,272,298
500770102,59,211,270
500770103,216,312,528
500770104,67,228,295
500770105,718,265,983
500770106,546,260,806
500770107,408,236,644
500770108,522,323,845
500770109,444,318,762
500770110,427,349,776
500770111,40,88,128
500770112,577,275,852
500770113,550,346,896
500770114,901,694,1595
500770115,335,461,796
500770116,933,425,1358
500770117,566,405,971
500770118,338,424,762
500770119,524,585,1109
500770120,330,504,834
500770121,342,305,647
500770122,527,739,1266
500770123,828,340,1168
500770124,464,434,898
500770125,451,471,922
500770126,339,596,935
500770127,442,567,1009
500770128,8,1,9
500770201,134,404,538
500770202,78,213,291
500770203,3,49,52
500770301,178,522,700
500770302,6,111,117
500770401,2,55,57
500770402,103,594,697
500770403,70,306,376
500840101,564,662,1226
500840102,172,430,602
500840103,314,601,915
500840104,339,361,700
500840105,242,514,756
500840201,762,1023,1785
500840202,495,615,1110
500840203,428,399,827
500840204,809,668,1477
500840205,617,605,1222
500840206,566,414,980
500840207,706,495,1201
500840208,332,295,627
500840209,293,156,449
500840210,426,352,778
500840211,513,401,914
500840212,464,331,795
500840213,534,432,966
500840214,520,500,1020
500840215,556,617,1173
500840216,380,284,664
500840217,109,239,348
500840301,295,408,703
500840302,599,891,1490
500840303,314,572,886
500840304,486,747,1233
500840305,327,759,1086
500840306,361,591,952
500840307,342,568,910
500840308,368,522,890
500840309,333,538,871
500840401,70,181,251
500840402,267,420,687
500840403,429,770,1199
500840404,120,211,331
500840405,218,439,657
500840406,246,495,741
500840407,289,475,764
500840501,102,175,277
500840601,53,132,185
500840701,184,262,446
500840702,311,531,842
500840703,275,335,610
500840704,226,374,600
500840705,511,620,1131
500840706,222,361,583
500840801,438,269,707
500840802,569,715,1284
500840803,638,630,1268
500840804,318,405,723
500840805,639,601,1240
500840806,620,667,1287
500840807,401,313,714
500840808,577,592,1169
500840809,702,483,1185
500840810,527,662,1189
500840811,592,335,927
500840812,617,440,1057
500840813,667,840,1507
500910101,1018,965,1983
500910102,141,460,601
500910103,173,429,602
500910104,168,443,611
500910105,802,519,1321
500910106,343,314,657
500910107,416,300,716
500910108,532,672,1204
500910109,432,459,891
500910110,377,316,693
500910111,823,471,1294
500910112,264,547,811
500910113,286,540,826
500910201,441,810,1251
500910202,838,1013,1851
500910203,639,727,1366
500910204,523,465,988
500910205,323,591,914
500910206,511,555,1066
500910207,512,536,1048
500910208,575,555,1130
500910209,595,498,1093
500910301,216,676,892
500910302,382,863,1245
500910303,328,559,887
500910304,347,457,804
500910305,395,763,1158
500910306,492,763,1255
500910307,333,604,937
500910401,30,71,101
500910501,7,73,80
500910601,55,190,245
500980101,345,793,1138
500980102,514,1367,1881
500980103,272,789,1061
500980104,455,1043,1498
500980105,284,711,995
500980106,444,873,1317
500980107,119,390,509
500980108,481,640,1121
500980201,27,66,93
500980202,161,592,753
500980203,73,195,268
500980204,95,377,472
500980205,117,259,376
500980206,30,70,100
500980301,238,699,937
500980302,173,426,599
500980303,435,857,1292
500980304,242,618,860
500980305,295,695,990
500980306,533,867,1400
500980307,219,368,587
500980308,463,805,1268
500980401,594,205,799
500980402,509,491,1000
500980403,529,506,1035
500980404,560,540,1100
500980405,487,419,906
500980406,839,305,1144
500980407,719,651,1370
500980408,742,223,965
500980409,608,440,1048
500980410,376,210,586
500980411,448,442,890
500980412,357,386,743
500980413,334,271,605
500980414,33,44,77
500980415,927,407,1334
500980416,366,125,491
500980417,786,362,1148
500980501,220,464,684
500980502,64,146,210
500980503,368,591,959
500980504,447,772,1219
500980505,496,752,1248
500980506,519,740,1259
500980507,401,383,784
500980508,641,835,1476
500980509,350,315,665
500980510,397,287,684
500980511,320,328,648
500980512,592,525,1117
500980601,234,476,710
500980602,290,596,886
500980603,252,732,984
500980604,301,763,1064
500980605,376,744,1120
500980606,429,797,1226
500980607,301,530,831
500980608,348,677,1025
500980609,305,600,905
500980610,211,347,558
500980611,437,813,1250
500980612,306,533,839
500980701,232,402,634
500980702,523,676,1199
500980703,385,492,877
500980704,399,459,858
500980705,631,456,1087
500980706,508,302,810
500980707,523,323,846
500980708,284,262,546
500980709,488,287,775
500980710,290,141,431
500980711,332,232,564
500980712,372,303,675
500980713,319,216,535
500980714,460,386,846
500980715,1002,795,1797
500980716,853,283,1136
500980717,395,223,618
500980718,442,277,719
500980719,562,737,1299
500980720,308,199,507
500980721,242,532,774
500980722,264,472,736
500980801,461,634,1095
500980802,621,968,1589
500980803,638,1045,1683
500980804,693,831,1524
500980805,833,807,1640
500980806,665,729,1394
500980807,542,525,1067
500980808,542,419,961
500980809,427,499,926
500980810,564,368,932
500980811,889,592,1481
500980812,280,348,628
500980813,566,241,807
500980814,338,283,621
500980815,318,278,596
500980816,264,195,459
500980817,191,479,670
500980818,594,848,1442
500980819,498,613,1111
500980820,327,556,883
500980821,173,350,523
500980901,419,354,773
500980902,305,215,520
500980903,600,588,1188
500980904,602,624,1226
500980905,395,617,1012
500980906,437,577,1014
500980907,804,1177,1981
500980908,640,545,1185
500980909,571,841,1412
500980910,440,478,918
500980911,603,724,1327
500980912,398,598,996
501050101,0,10,10
501050102,372,837,1209
501050103,384,544,928
501050104,380,595,975
501050105,340,495,835
501050106,542,560,1102
501050107,638,419,1057
501050108,862,258,1120
501050109,172,141,313
501050110,278,448,726
501050111,558,362,920
501050112,592,627,1219
501050113,439,405,844
501050201,2,7,9
501050202,520,836,1356
501050203,306,583,889
501050204,1050,414,1464
501050205,640,696,1336
501050301,5,29,34
501050302,282,438,720
501050303,263,549,812
501050304,819,1090,1909
501050305,359,419,778
501050306,642,779,1421
501050307,304,615,919
501050308,473,311,784
501050309,562,441,1003
501050310,288,478,766
501050401,535,429,964
501050402,571,452,1023
501050403,367,372,739
501050404,333,277,610
501050405,738,462,1200
501050406,557,375,932
501050407,493,919,1412
501050408,461,599,1060
501050409,332,358,690
501050410,357,424,781
501050411,546,495,1041
501050412,406,264,670
501050413,502,314,816
501050414,577,302,879
501050415,299,137,436
501050416,352,343,695
501050417,482,383,865
501050418,540,578,1118
501050419,701,749,1450
501050420,329,263,592
501050421,1073,741,1814
501050422,141,138,279
501050501,321,139,460
501050502,165,75,240
501050503,308,175,483
501050504,408,222,630
501050505,341,140,481
501050506,412,353,765
501050507,351,352,703
501050508,301,263,564
501050509,447,383,830
501050510,450,297,747
501050511,404,256,660
501050512,254,195,449
501050513,455,333,788
501050514,451,446,897
501050515,483,319,802
501050516,410,421,831
501050517,283,239,522
501050518,221,191,412
501050519,439,170,609
501050520,252,318,570
501050521,270,239,509
501050601,23,87,110
501050602,400,546,946
501050603,39,118,157
501050604,0,4,4
501050605,242,322,564
501050606,313,612,925
501050607,430,481,911
501050608,116,135,251
501050701,7,12,19
501050702,221,504,725
501050703,271,544,815
501050704,308,607,915
501050705,477,535,1012
501050706,437,540,977
501050707,310,411,721
501050708,328,384,712
501050801,251,531,782
501050802,148,327,475
501050803,140,279,419
501050804,22,43,65
501050805,1,15,16
501050806,20,194,214
501050807,157,354,511
501050808,183,183,366
501050901,161,355,516
501050902,7,37,44
501050903,299,517,816
501050904,532,589,1121
501050905,250,378,628
501050906,440,485,925
501050907,331,488,819
501051001,6,34,40
501051002,413,606,1019
501051003,29,119,148
501051004,90,226,316
501051005,17,165,182
501051006,475,598,1073
501051007,386,644,1030
501051008,493,856,1349
501051009,365,451,816
501051010,91,48,139
501051011,271,420,691
501051012,344,457,801
501051101,394,766,1160
501051102,300,562,862
501051103,366,432,798
501051104,168,473,641
501051105,690,1285,1975
501051106,698,933,1631
501051107,409,1072,1481
501051108,149,471,620
501051109,112,302,414
501051110,316,496,812
501051201,131,244,375
501051202,111,307,418
501051203,115,207,322
501051204,53,193,246
501051205,440,541,981
501051206,202,275,477
501051207,85,231,316
501051208,296,583,879
501051209,241,542,783
501051301,356,139,495
501051302,391,182,573
501051303,423,210,633
501051304,305,178,483
501051305,244,161,405
501051306,306,166,472
501051307,424,216,640
501051308,211,147,358
501051309,437,193,630
501051310,462,242,704
501051311,188,76,264
501051312,362,161,523
501051401,682,229,911
501051402,243,84,327
501051403,309,166,475
501051404,335,164,499
501051405,473,296,769
501051406,286,149,435
501051407,425,59,484
501051408,400,132,532
501051409,349,143,492
501051410,344,184,528
501051411,451,192,643
501051412,426,261,687
501051413,468,384,852
501051501,570,524,1094
501051502,314,271,585
501051503,304,350,654
501051504,293,305,598
501051505,597,367,964
501051506,376,383,759
501051507,356,335,691
501051508,450,531,981
501051509,285,380,665
501051510,341,435,776
501051511,443,476,919
501051512,359,254,613
501051513,547,538,1085
501051514,339,427,766
501051515,203,297,500
501051516,315,279,594
501051517,812,331,1143
501051518,535,744,1279
501051519,324,655,979
501051601,561,712,1273
501051602,517,874,1391
501051603,522,901,1423
501051604,488,489,977
501051605,642,878,1520
501051606,4,67,71
501051607,194,472,666
501051608,98,123,221
501051609,260,528,788
501051701,556,601,1157
501051702,420,468,888
501051703,391,442,833
501051704,382,401,783
501051705,294,411,705
501051706,434,378,812
501051707,396,62,458
501051708,557,154,711
501051709,452,299,751
501051710,378,288,666
501051711,430,314,744
501051712,591,370,961
501051713,361,240,601
501051714,249,194,443
501051801,892,248,1140
501051802,254,136,390
501051803,419,285,704
501051804,807,403,1210
501051805,632,280,912
501051806,396,366,762
501051807,253,232,485
501051808,315,266,581
501051809,540,201,741
501051810,492,455,947
501051811,409,302,711
501051812,394,272,666
501051813,354,228,582
501051814,343,236,579
501051815,520,287,807
501051816,488,219,707
501051817,442,129,571
501051818,646,544,1190
501051901,295,280,575
501051902,802,454,1256
501051903,414,185,599
501051904,362,433,795
501051905,505,486,991
501051906,545,1005,1550
501051907,679,514,1193
501051908,609,582,1191
501051909,641,401,1042
501051910,611,728,1339
501051911,178,248,426
501051912,348,702,1050
501051913,307,536,843
501051914,389,776,1165
501051915,213,350,563
501120101,310,524,834
501120102,970,982,1952
501120103,280,470,750
501120104,487,941,1428
501120105,179,394,573
501120201,544,524,1068
501120202,380,503,883
501120203,142,262,404
501120204,628,614,1242
501120205,503,734,1237
501120301,112,198,310
501120302,371,520,891
501120303,141,263,404
501120304,489,586,1075
501120305,426,495,921
501120401,214,477,691
501120501,49,189,238
501120601,173,312,485
501190101,4,3,7
501190201,100,189,289
501190202,180,313,493
501190203,84,111,195
501190204,452,1016,1468
501190205,409,852,1261
501190206,217,778,995
501190301,804,738,1542
501190302,660,570,1230
501190303,614,710,1324
501190304,711,611,1322
501190305,666,627,1293
501190306,730,758,1488
501190307,550,607,1157
501190308,953,1100,2053
501190309,994,881,1875
501190310,675,567,1242
501190311,552,417,969
501190312,232,370,602
501190401,588,925,1513
501190402,183,383,566
501190403,651,924,1575
501190404,161,255,416
501190405,329,242,571
501190406,321,661,982
501190407,738,1029,1767
501190408,606,956,1562
501190409,536,1017,1553
501190501,112,172,284
501190601,398,500,898
501190602,225,139,364
501190603,652,610,1262
501190604,605,500,1105
501190605,412,336,748
501190606,443,430,873
501190607,1099,279,1378
501190608,534,274,808
501190609,383,156,539
501190610,393,373,766
501190611,490,210,700
501190612,762,544,1306
501190613,1231,809,2040
501190614,486,1006,1492
501260101,130,252,382
501260102,7,13,20
501260201,3,31,34
501260202,115,277,392
501260203,89,240,329
501260204,104,262,366
501260205,1,5,6
501260301,1065,1906,2971
501260302,300,410,710
501260303,979,949,1928
501260304,596,687,1283
501260305,549,547,1096
501260306,530,631,1161
501260307,534,351,885
501260308,250,286,536
501260309,374,967,1341
501260310,483,417,900
501260311,492,689,1181
501260312,419,932,1351
501260313,434,350,784
501260314,747,571,1318
501260315,203,531,734
501260316,440,343,783
501260317,380,680,1060
501260318,97,174,271
501260319,530,518,1048
501260401,383,634,1017
501260402,20,23,43
501260501,865,1856,2721
501260502,342,802,1144
501260503,278,762,1040
501260504,443,878,1321
540070101,16,109,125
540070102,200,651,851
540070103,348,931,1279
540070104,97,212,309
540070105,100,376,476
540070106,1,19,20
540070107,184,489,673
540070108,444,638,1082
540070109,158,867,1025
540070110,75,506,581
540070201,1,141,142
540070202,1,62,63
540070301,19,86,105
540070302,61,306,367
540070303,163,982,1145
540070304,69,260,329
540070305,36,168,204
540070306,15,120,135
540070307,23,141,164
540070308,7,90,97
540070309,29,75,104
540070310,123,595,718
540070311,470,417,887
540070312,585,1173,1758
540070313,520,523,1043
540070314,52,414,466
540070315,642,337,979
540070316,646,371,1017
540070317,123,542,665
540070318,602,524,1126
540070319,176,811,987
540070401,36,159,195
540070402,56,288,344
540070403,79,536,615
540070404,28,76,104
540070405,10,27,37
540070406,8,43,51
540070501,15,54,69
540070502,33,215,248
540070503,43,292,335
540070504,210,554,764
540070505,1,21,22
540070506,64,314,378
540070507,26,115,141
540070508,194,1020,1214
540070509,113,583,696
540070601,78,14,92
540070602,502,463,965
540070603,361,576,937
540070604,331,424,755
540070605,301,374,675
540070606,326,606,932
540070607,426,888,1314
540070608,265,177,442
540070609,250,136,386
540070610,319,281,600
540070611,415,332,747
540070612,338,381,719
540070613,441,588,1029
540070614,280,248,528
540070615,295,1001,1296
540070616,288,1024,1312
540070617,302,284,586
540070618,414,279,693
540070619,368,546,914
540070620,110,283,393
540140101,11,139,150
540140102,74,353,427
540140103,372,493,865
540140104,328,504,832
540140105,29,100,129
540140106,36,183,219
540140107,86,439,525
540140108,400,322,722
540140109,340,599,939
540140110,350,435,785
540140111,236,1024,1260
540140112,55,221,276
540140201,99,352,451
540140202,255,406,661
540140203,258,350,608
540140204,207,484,691
540140205,274,416,690
540140206,295,217,512
540140207,89,393,482
540140208,498,388,886
540140209,318,682,1000
540140210,410,536,946
540140211,305,907,1212
540140212,268,630,898
540140301,70,205,275
540140302,73,212,285
540140303,358,637,995
540140304,129,434,563
540140305,26,229,255
540140306,22,101,123
540140307,279,904,1183
540140308,171,241,412
540140309,163,509,672
540140401,89,376,465
540140402,58,196,254
540140403,31,276,307
540140404,154,767,921
540140501,104,390,494
540140502,106,585,691
540140503,66,544,610
540140504,152,551,703
540140505,370,412,782
540140506,185,578,763
540140507,44,445,489
540140508,414,435,849
540140509,353,325,678
540140510,216,170,386
540140511,112,1197,1309
540140512,347,257,604
540140601,57,310,367
540140602,56,845,901
540140603,25,250,275
540140604,76,705,781
540140605,64,389,453
540140606,50,629,679
540140607,165,1382,1547
540140608,126,1162,1288
540140609,85,522,607
540140701,57,439,496
540140702,31,251,282
540140703,69,590,659
540140704,86,574,660
540140705,42,499,541
540140801,139,349,488
540140802,60,273,333
540140803,32,143,175
540140804,12,223,235
540140805,33,203,236
540140806,111,981,1092
540140807,316,277,593
540140808,266,665,931
540140901,32,265,297
540140902,25,391,416
540140903,15,348,363
540140904,4,124,128
540140905,31,270,301
540140906,113,553,666
540141001,116,368,484
540141002,121,443,564
540141003,45,186,231
540141004,95,362,457
540141005,47,281,328
540141006,205,214,419
540210101,26,186,212
540210102,80,396,476
540210103,17,95,112
540210201,17,106,123
540210202,88,882,970
540210203,9,166,175
540210301,17,104,121
540210302,16,155,171
540210303,13,51,64
540210304,11,103,114
540210305,10,125,135
540210306,188,450,638
540210401,86,300,386
540210402,7,125,132
540210403,9,48,57
540210404,6,5,11
540210501,122,169,291
540210502,54,175,229
540210503,25,76,101
540210504,343,828,1171
540210505,220,607,827
540210506,198,520,718
540210507,350,542,892
540210508,461,414,875
540210509,377,564,941
540210510,279,570,849
540210511,319,447,766
540210512,359,768,1127
540210513,255,361,616
540210514,445,565,1010
540210515,480,374,854
540210516,527,366,893
540210517,219,308,527
540210518,109,319,428
540210601,300,604,904
540210602,225,523,748
540210603,136,313,449
540210604,42,112,154
540210605,13,69,82
540210606,19,65,84
540210607,392,642,1034
540210608,252,466,718
540210609,338,535,873
540210610,51,344,395
540210611,50,159,209
540210701,23,183,206
540210702,9,101,110
540210703,8,155,163
540210704,221,675,896
540210705,194,634,828
540280101,403,180,583
540280102,251,612,863
540280103,510,929,1439
540280104,369,281,650
540280105,130,75,205
540280106,198,100,298
540280107,591,267,858
540280108,434,186,620
540280109,379,115,494
540280110,405,129,534
540280111,514,193,707
540280112,712,198,910
540280113,353,102,455
540280114,300,150,450
540280116,11,2,13
540280117,371,118,489
540280118,274,84,358
540280119,394,108,502
540280201,354,112,466
540280202,339,99,438
540280203,524,112,636
540280204,411,102,513
540280205,324,98,422
540280206,417,118,535
540280207,466,143,609
540280208,356,99,455
540280209,287,76,363
540280210,471,108,579
540280211,339,96,435
540280212,246,50,296
540280213,384,64,448
540280214,194,78,272
540280215,330,116,446
540280216,188,68,256
540280217,349,85,434
540280218,231,47,278
540280301,911,623,1534
540280302,666,304,970
540280303,586,446,1032
540280304,459,193,652
540280305,625,458,1083
540280306,570,262,832
540280307,1031,513,1544
540280308,830,639,1469
540280309,522,155,677
540280310,564,236,800
540280311,836,432,1268
540280312,569,441,1010
540280313,499,317,816
540280314,533,211,744
540280401,642,503,1145
540280402,632,816,1448
540280403,450,212,662
540280404,318,180,498
540280405,628,205,833
540280406,615,188,803
540280407,551,234,785
540280408,817,464,1281
540280409,508,366,874
540280410,593,808,1401
540280411,429,526,955
540280412,623,831,1454
540280413,420,749,1169
540280414,473,275,748
540280415,441,315,756
540280416,505,191,696
540280417,582,649,1231
540280418,517,401,918
540280419,662,816,1478
540280501,518,201,719
540280502,519,239,758
540280504,299,268,567
540280505,490,280,770
540280506,748,256,1004
540280507,507,224,731
540280508,465,170,635
540280509,485,264,749
540280510,222,103,325
540280511,493,436,929
540280601,720,335,1055
540280602,557,352,909
540280603,797,460,1257
540280604,242,312,554
540280605,329,504,833
540280606,384,235,619
540280607,554,404,958
540280608,418,388,806
540280609,527,322,849
540280610,287,231,518
540280611,522,468,990
540280612,618,631,1249
540280613,522,610,1132
540280614,346,436,782
540280615,114,70,184
540280616,261,569,830
540280617,474,333,807
540280618,596,1192,1788
540280701,480,434,914
540280702,453,546,999
540280703,792,278,1070
540280704,556,243,799
540280705,562,269,831
540280706,350,179,529
540280707,338,159,497
540280708,500,245,745
540280709,431,207,638
540280710,625,295,920
540280711,495,146,641
540280712,544,447,991
540280713,792,604,1396
540280714,586,620,1206
540280715,427,427,854
540280716,547,539,1086
540280717,421,352,773
540280718,348,270,618
540280719,487,299,786
540280720,451,499,950
540280721,426,328,754
540280803,445,691,1136
540280804,436,375,811
540280805,395,353,748
540280806,384,706,1090
540280807,674,1235,1909
540280808,641,863,1504
540280809,582,843,1425
540280810,566,720,1286
540280811,426,376,802
540280812,686,506,1192
540280813,364,364,728
540280814,370,480,850
540280815,222,681,903
540280816,506,411,917
540280817,271,330,601
540280818,596,643,1239
540280819,442,293,735
540280820,528,1050,1578
540280821,262,693,955
540280822,254,187,441
540280901,448,141,589
540280902,390,176,566
540280903,264,140,404
540280906,386,165,551
540280907,662,209,871
540280908,513,143,656
540280909,307,77,384
540280910,306,89,395
540280911,291,145,436
540281001,386,114,500
540281002,293,82,375
540281003,574,187,761
540281004,720,345,1065
540281005,474,184,658
540281006,394,173,567
540281007,331,175,506
540281008,828,369,1197
540281009,775,410,1185
540281010,606,401,1007
540281011,608,257,865
540281012,513,277,790
540281013,373,109,482
540281014,420,159,579
540281015,353,247,600
540281101,180,271,451
540281102,172,136,308
540281103,140,353,493
540281201,927,603,1530
540281202,410,213,623
540281203,21,133,154
540281204,83,179,262
540281205,710,323,1033
540281206,636,424,1060
540281207,437,487,924
540281208,411,688,1099
540281209,367,959,1326
540281210,1279,327,1606
540281211,854,863,1717
540281212,868,684,1552
540281213,746,1224,1970
540281214,1288,244,1532
540281215,567,283,850
540281216,814,594,1408
540281217,783,242,1025
540281218,319,1398,1717
540281219,950,471,1421
540281220,607,284,891
540281301,97,282,379
540281302,84,176,260
540281303,75,132,207
540281304,14,5,19
540281305,113,236,349
540281306,453,675,1128
540281307,146,401,547
540281308,302,722,1024
540281309,173,368,541
540281310,259,577,836
540281311,574,391,965
540281312,501,646,1147
540281313,380,874,1254
540281314,357,1274,1631
540281315,477,1094,1571
540281316,676,403,1079
540281317,257,417,674
540281318,309,113,422
540281319,1031,595,1626
540281320,351,256,607
540281321,322,256,578
540281322,295,1002,1297
540281323,189,394,583
540281401,301,743,1044
540281402,0,0,0
540281403,2,4,6
540281501,146,71,217
540281502,29,114,143
540281503,83,122,205
540281504,869,455,1324
540281505,947,298,1245
540281601,280,1242,1522
540281602,12,12,24
540281701,30,142,172
540281702,10,58,68
540281703,30,33,63
540281704,11,24,35
540281801,529,958,1487
540281802,227,612,839
540281803,279,682,961
540281804,432,690,1122
540281805,338,411,749
540281806,191,395,586
540281807,440,824,1264
540281808,276,397,673
540281809,290,542,832
540281810,478,514,992
540281811,385,639,1024
540281812,322,540,862
540281813,585,928,1513
540281814,543,783,1326
540281815,512,700,1212
540281816,272,544,816
540281817,275,501,776
540281818,367,311,678
540281819,223,528,751
540281820,246,396,642
540281821,281,545,826
540281822,281,354,635
540281901,772,845,1617
540281902,318,268,586
540281903,770,459,1229
540281904,322,856,1178
540281905,965,475,1440
540281906,708,365,1073
540281907,682,436,1118
540281908,892,550,1442
540281909,873,428,1301
540281910,511,261,772
540281911,639,402,1041
540281912,772,551,1323
540281913,619,1022,1641
540281914,612,593,1205
540281915,618,375,993
540281916,792,440,1232
540281917,364,1149,1513
540281918,856,293,1149
540281919,735,731,1466
540281920,809,513,1322
540281921,816,588,1404
540281922,784,400,1184
540281923,1055,666,1721
540281924,999,867,1866
540281925,921,564,1485
540281926,897,385,1282
540281927,512,428,940
540281928,839,252,1091
540282001,1093,465,1558
540282002,997,701,1698
540282003,853,597,1450
540282004,937,720,1657
540282005,515,581,1096
540282006,498,569,1067
540282007,531,546,1077
540282008,279,155,434
540282009,511,475,986
540282010,394,340,734
540282011,818,860,1678
540282012,345,270,615
540282013,389,523,912
540282014,362,368,730
540282015,363,687,1050
540282016,697,461,1158
540282017,164,772,936
540282018,599,218,817
540282019,622,654,1276
540282020,326,392,718
540282021,381,753,1134
540282101,3,9,12
540282102,103,237,340
540282103,12,54,66
540282201,409,267,676
540282202,942,386,1328
540282203,424,123,547
540282204,540,392,932
540282205,409,135,544
540282206,717,305,1022
540282207,597,196,793
540282208,436,175,611
540282209,774,358,1132
540282210,641,244,885
540282211,434,135,569
540282212,474,189,663
540282213,387,161,548
540282301,820,595,1415
540282302,453,321,774
540282303,623,404,1027
540282304,777,404,1181
540282305,871,670,1541
540282306,491,656,1147
540282307,540,296,836
540282308,464,280,744
540282309,504,434,938
540282310,475,224,699
540282311,822,818,1640
540282312,518,882,1400
540282313,361,709,1070
540282314,372,159,531
540282401,554,533,1087
540282402,659,295,954
540282403,800,360,1160
540282404,593,1248,1841
540282405,440,710,1150
540282406,328,606,934
540282407,690,949,1639
540282408,633,975,1608
540282409,473,590,1063
540282410,587,513,1100
540282411,644,329,973
540282412,470,1091,1561
540282413,531,150,681
540282414,648,333,981
540282415,427,1173,1600
540282416,398,1056,1454
540282417,95,82,177
540350101,6,251,257
540350102,16,66,82
540350103,63,426,489
540350104,6,74,80
540350105,2,3,5
540350106,3,28,31
540350201,18,220,238
540350202,2,37,39
540350203,7,33,40
540350204,1,76,77
540350205,4,8,12
540350206,1,32,33
540350207,14,82,96
540350301,117,155,272
540350302,4,6,10
540350303,6,49,55
540350304,15,147,162
540350305,0,10,10
540350306,0,19,19
540350307,4,51,55
540350308,21,70,91
540350401,68,466,534
540350402,34,139,173
540350403,309,552,861
540350404,302,464,766
540350405,20,144,164
540350406,3,68,71
540350407,2,23,25
540350408,0,0,0
540350409,10,51,61
540350410,306,458,764
540350411,206,424,630
540350412,495,825,1320
540350413,41,380,421
540350414,263,673,936
540420101,72,379,451
540420102,84,303,387
540420103,17,213,230
540420104,4,32,36
540420105,10,64,74
540420106,7,56,63
540420107,239,901,1140
540420201,0,1,1
540420202,0,0,0
540420203,3,101,104
540420301,140,511,651
540420302,111,327,438
540420303,249,642,891
540420304,76,154,230
540420305,703,944,1647
540420306,525,387,912
540420307,542,477,1019
540420308,71,440,511
540420309,733,651,1384
540420310,335,219,554
540420311,167,192,359
540420312,299,219,518
540420313,289,310,599
540420314,510,366,876
540420315,223,530,753
540420316,381,375,756
540420317,376,595,971
540420318,143,394,537
540420401,355,410,765
540420402,398,743,1141
540420403,496,655,1151
540420404,382,360,742
540420405,479,908,1387
540420406,517,773,1290
540420407,349,1013,1362
540420408,178,404,582
540420409,374,674,1048
540420410,358,870,1228
540420411,449,987,1436
540420412,308,443,751
540420413,340,387,727
540420414,466,530,996
540420415,427,573,1000
540420416,423,381,804
540420417,273,473,746
540420418,376,622,998
540420419,266,514,780
540420420,382,547,929
540420501,231,558,789
540420502,500,698,1198
540420503,479,180,659
540420504,428,368,796
540420505,530,394,924
540420506,500,264,764
540420507,427,298,725
540420508,486,202,688
540420509,463,130,593
540420510,280,136,416
540420511,437,193,630
540420512,512,339,851
540420513,503,331,834
540420514,476,232,708
540420515,466,319,785
540420516,473,275,748
540420517,265,497,762
540420518,371,479,850
540420519,306,412,718
540420520,370,210,580
540420601,141,968,1109
540420602,430,513,943
540420603,111,651,762
540420604,41,112,153
540420605,58,360,418
540420606,43,243,286
540420607,141,610,751
540420608,45,77,122
540420609,5,48,53
540420610,247,785,1032
540420611,95,420,515
540420612,286,1098,1384
540420613,547,1350,1897
540420614,511,608,1119
540420701,194,794,988
540420702,109,396,505
540420703,61,313,374
540420704,96,394,490
540420705,24,81,105
540420706,4,69,73
540420707,1,44,45
540420708,1,49,50
540420709,64,230,294
540420710,178,446,624
540420801,93,461,554
540420802,96,437,533
540420803,93,400,493
540420804,0,17,17
540420805,44,143,187
540420806,1,20,21
540420901,11,111,122
540420902,2,22,24
540420903,0,11,11
540420904,5,47,52
540421001,135,941,1076
540421002,14,126,140
540421003,46,246,292
540421004,12,64,76
540421005,220,724,944
540421006,144,458,602
540421007,141,318,459
540421008,250,594,844
540421009,198,553,751
540490101,324,1071,1395
540490102,384,1609,1993
540490103,118,849,967
540490104,219,1642,1861
540490105,482,1607,2089
540490106,239,600,839
540490107,674,447,1121
540490108,303,859,1162
540490109,349,745,1094
540490110,106,477,583
540490111,106,489,595
540490112,96,596,692
540490113,180,738,918
540490114,212,914,1126
540490115,294,528,822
540490116,211,704,915
540490201,33,349,382
540490202,113,1525,1638
540490203,273,2024,2297
540490204,320,364,684
540490205,115,935,1050
540490206,479,1377,1856
540490207,292,328,620
540490301,291,1711,2002
540490302,41,535,576
540490303,691,383,1074
540490304,334,531,865
540490305,79,819,898
540490306,58,522,580
540490307,239,503,742
540490308,403,347,750
540490309,162,978,1140
540490310,105,637,742
540490311,212,668,880
540490312,335,391,726
540490401,38,1501,1539
540490402,1,125,126
540490403,7,56,63
540560101,71,580,651
540560102,83,837,920
540560103,57,760,817
540560104,89,598,687
540560105,25,351,376
540560106,12,319,331
540560201,237,924,1161
540560202,70,502,572
540560203,27,280,307
540560204,52,442,494
540560205,30,1006,1036
540560206,272,672,944
540560207,25,445,470
540560208,507,542,1049
540560209,219,355,574
540560210,193,747,940
540560301,80,1493,1573
540560302,64,823,887
540560303,70,1984,2054
540560304,40,439,479
540560305,77,1057,1134
540560306,54,508,562
540560307,30,359,389
540560308,66,777,843
540560309,139,385,524
540560401,0,1,1
540560402,0,7,7
540560403,14,166,180
540560501,157,968,1125
540560502,0,2,2
540560503,0,3,3
540560601,271,1884,2155
540560602,100,1726,1826
540560603,254,1479,1733
540560604,279,1934,2213
540560605,164,760,924
540560606,44,544,588
540560607,83,807,890
540560608,160,1537,1697
540560609,53,836,889
540560610,353,932,1285
540560611,110,1125,1235
540560612,150,1225,1375
540560613,216,1265,1481
540560614,123,708,831
540560701,50,257,307
540560702,190,706,896
540560703,19,144,163
540560704,22,191,213
540560705,45,331,376
540560706,45,226,271
540560707,44,316,360
540560708,131,1090,1221
540560709,111,878,989
540560710,363,563,926
540560711,507,376,883
540560801,237,1633,1870
540560802,237,1550,1787
540560803,41,819,860
540560901,686,429,1115
540560902,829,1080,1909
540560903,439,984,1423
540560904,405,592,997
540560905,402,481,883
540560906,376,318,694
540560907,246,516,762
540560908,563,470,1033
540560909,209,902,1111
540560910,338,350,688
540560911,232,392,624
540630101,48,327,375
540630102,64,284,348
540630103,2,2,4
540630104,2,2,4
540630105,43,629,672
540630106,288,674,962
540630107,339,566,905
540630108,296,519,815
540630109,430,903,1333
540630110,391,910,1301
540630111,180,892,1072
540630112,218,820,1038
540630113,277,665,942
540630114,380,310,690
540630115,219,503,722
540630201,10,7,17
540630202,5,0,5
540630203,0,0,0
540630301,0,130,130
540630302,20,278,298
540630401,1,88,89
540630402,2,37,39
540630403,97,195,292
540630404,14,179,193
540630405,200,652,852
540630406,318,987,1305
540630407,320,502,822
540630408,414,429,843
540630409,155,513,668
540630410,172,500,672
540630501,33,528,561
540630502,5,64,69
540630503,5,116,121
540630504,10,154,164
540630505,9,152,161
540630601,0,1,1
540630602,9,48,57
540630701,2,16,18
540630702,0,4,4
540630703,16,40,56
540630704,12,200,212
540630705,6,85,91
540630801,160,489,649
540630802,665,857,1522
540630803,321,98,419
540630804,274,321,595
540630805,606,866,1472
540630806,30,63,93
540630807,17,126,143
540630808,5,15,20
540630809,0,12,12
540630810,40,226,266
540630811,83,364,447
540630812,313,699,1012
540630813,845,573,1418
540630814,699,869,1568
540630815,781,634,1415
540630816,427,867,1294
540630817,325,852,1177
540630818,323,275,598
540630819,441,940,1381
540630901,100,590,690
540630902,79,188,267
540630903,3,36,39
540630904,304,210,514
540630905,202,684,886
540630906,366,456,822
540630907,519,252,771
540630908,384,927,1311
540630909,289,518,807
540630910,235,555,790
540630911,329,320,649
540630912,313,545,858
540630913,128,416,544
540630914,507,771,1278
540630915,334,743,1077
540630916,86,728,814
540630917,285,412,697
540630918,340,177,517
540631001,497,255,752
540631002,696,418,1114
540631003,670,751,1421
540631004,746,570,1316
540631005,502,306,808
540631006,419,322,741
540631007,308,416,724
540631008,653,487,1140
540631009,295,428,723
540631010,346,215,561
540631011,239,584,823
540631012,362,544,906
540631013,480,784,1264
540631014,747,557,1304
540631101,473,189,662
540631102,449,834,1283
540631103,410,174,584
540631104,743,499,1242
540631105,855,278,1133
540631106,658,642,1300
540631107,744,445,1189
540631108,469,418,887
540631109,442,384,826
540631110,516,442,958
540631111,389,222,611
540631112,633,252,885
540631113,624,488,1112
540700101,68,653,721
540700102,27,204,231
540700103,7,51,58
540700104,101,318,419
540700105,50,244,294
540700201,57,229,286
540700202,24,465,489
540700203,29,207,236
540700204,2,180,182
540700205,66,721,787
540700206,89,560,649
540700207,198,1091,1289
540700208,149,787,936
540700301,83,382,465
540700302,151,451,602
540700303,73,235,308
540700304,122,892,1014
540700305,154,747,901
540700306,125,836,961
540700307,468,402,870
540700308,258,1213,1471
540700309,483,996,1479
540700310,413,272,685
540700311,441,650,1091
540700312,424,246,670
540700313,402,268,670
540700314,247,501,748
540700315,309,456,765
540700316,427,344,771
540700401,11,290,301
540700402,146,1000,1146
540700403,42,200,242
540700404,27,298,325
540700501,27,309,336
540700502,56,389,445
540700503,396,1191,1587
540700504,257,451,708
540700505,90,457,547
540700506,35,244,279
540700507,259,290,549
540700508,417,656,1073
540700601,45,349,394
540700602,119,581,700
540700603,75,226,301
540700701,428,290,718
540700702,226,220,446
540700703,367,297,664
540700704,412,455,867
540700705,278,364,642
540700706,428,288,716
540700707,386,435,821
540700708,445,558,1003
540700709,250,248,498
540700801,270,460,730
540700802,390,366,756
540700803,507,680,1187
540700804,338,417,755
540700805,369,333,702
540700806,462,348,810
540700807,471,743,1214
540700808,484,306,790
540770101,449,610,1059
540770102,568,779,1347
540770103,179,757,936
540770104,304,580,884
540770105,427,791,1218
540770106,28,134,162
540770107,467,524,991
540770108,580,666,1246
540770109,325,347,672
540770110,756,552,1308
540770201,118,603,721
540770202,65,362,427
540770203,7,41,48
540770204,6,33,39
540770205,88,402,490
540770206,18,66,84
540770207,64,340,404
540770208,394,970,1364
540770209,218,811,1029
540770210,266,395,661
540770211,156,967,1123
540770212,223,512,735
540770213,324,655,979
540770301,365,444,809
540770302,108,613,721
540770303,18,117,135
540770304,47,489,536
540770305,21,391,412
540770306,29,251,280
540770307,0,12,12
540770308,190,616,806
540770309,479,755,1234
540770401,205,1167,1372
540770402,179,441,620
540770403,93,120,213
540770404,672,354,1026
540770405,383,286,669
540770406,49,199,248
540770407,466,374,840
540770408,347,426,773
540770501,59,477,536
540770502,0,18,18
540770503,5,30,35
540770601,122,378,500
540770602,466,717,1183
540770603,119,376,495
540770604,64,298,362
540770605,90,654,744
540770701,44,122,166
540770702,76,395,471
540770703,191,1052,1243
540770704,139,453,592
540770801,518,301,819
540770802,217,170,387
540770803,410,341,751
540770804,408,437,845
540770805,449,853,1302
540770806,482,395,877
540770807,404,245,649
540770808,225,125,350
540770809,364,208,572
540770810,408,301,709
540770811,320,264,584
540770812,269,299,568
540840101,135,124,259
540840102,348,558,906
540840103,28,114,142
540840104,145,593,738
540840105,348,485,833
540840106,360,463,823
540840107,504,635,1139
540840108,416,547,963
540840109,457,731,1188
540840110,304,534,838
540840201,22,164,186
540840202,104,237,341
540840203,25,59,84
540840204,0,1,1
540840301,438,871,1309
540840302,477,531,1008
540840303,280,365,645
540840304,469,712,1181
540840305,262,258,520
540840306,22,70,92
540840307,126,575,701
540840308,4,50,54
540840309,166,388,554
540840310,28,90,118
540840311,60,199,259
540840312,479,395,874
540840313,88,680,768
540840314,272,315,587
540840401,19,115,134
540840402,37,325,362
540840403,234,882,1116
540840404,18,104,122
540840405,105,712,817
540840406,0,31,31
540840407,25,126,151
540840408,97,628,725
540840409,225,624,849
540840501,10,93,103
540840502,2,158,160
540840601,18,125,143
540840602,102,336,438
540840603,55,187,242
540840604,10,122,132
540840605,132,213,345
540840606,134,530,664
540840607,95,797,892
540840701,6,132,138
540840702,3,7,10
540840801,6,28,34
540840802,28,194,222
540840901,350,747,1097
540840902,310,1322,1632
540840903,262,252,514
540840904,428,565,993
540840905,256,393,649
540840906,328,495,823
540840907,472,663,1135
540840908,398,280,678
540840909,307,976,1283
540840910,294,200,494
540910101,464,287,751
540910102,467,256,723
540910103,382,170,552
540910104,671,392,1063
540910105,583,405,988
540910106,598,630,1228
540910107,345,831,1176
540910108,768,325,1093
540910109,388,174,562
540910110,307,195,502
540910111,425,195,620
540910112,537,351,888
540910113,324,203,527
540910114,208,230,438
540910115,396,185,581
540910116,772,761,1533
540910117,417,797,1214
540910118,519,161,680
540910119,630,415,1045
540910201,623,1255,1878
540910202,549,1031,1580
540910203,369,494,863
540910204,284,532,816
540910205,434,664,1098
540910206,357,262,619
540910207,658,365,1023
540910208,438,481,919
540910209,550,562,1112
540910210,496,415,911
540910211,476,352,828
540910212,346,585,931
540910213,547,1334,1881
540910214,187,743,930
540910215,436,596,1032
540910216,391,236,627
540910217,395,158,553
540910218,335,663,998
540910219,395,507,902
540910301,17,182,199
540910302,56,222,278
540910303,30,110,140
540910304,17,146,163
540910305,55,389,444
540910306,274,511,785
540910401,56,417,473
540910402,46,402,448
540910403,115,663,778
540910404,87,695,782
540910405,27,342,369
540910406,213,434,647
540910501,11,169,180
540910502,64,275,339
540910503,67,273,340
540910504,38,274,312
540910505,31,243,274
540910506,41,286,327
540910507,72,578,650
540910508,48,325,373
540910509,279,1323,1602
540910510,39,234,273
540910511,160,223,383
540910512,364,432,796
540910513,249,607,856
540910514,197,768,965
540910515,296,851,1147
540910516,122,449,571
540910601,146,362,508
540910602,31,387,418
540910603,38,224,262
540910701,26,192,218
540910702,38,228,266
540910703,35,356,391
540910704,43,189,232
540910705,174,324,498
540910706,159,398,557
540910707,280,672,952
540910708,76,365,441
540910709,121,280,401
540910710,279,167,446
540910711,11,57,68
540910712,504,357,861
540910713,337,710,1047
540910714,237,657,894
540910715,756,488,1244
540910716,319,556,875
540910717,348,674,1022
540910718,518,559,1077
540910719,423,494,917
540910801,50,113,163
540910802,50,533,583
540910803,119,584,703
540910804,24,240,264
540910805,88,441,529
540910806,10,89,99
540910807,194,226,420
540910808,102,321,423
540910809,99,376,475
540910810,322,824,1146
540910811,179,492,671
540910901,223,759,982
540910902,100,733,833
540910903,63,658,721
540910904,27,332,359
540910905,229,741,970
540911001,190,760,950
540911002,34,484,518
540911003,13,164,177
540911004,3,116,119
540911005,59,513,572
540911006,45,240,285
540911007,12,109,121
540911008,179,323,502
540911009,143,419,562
540911010,36,353,389
540911011,30,109,139
540911012,6,78,84
540911013,13,316,329
540911014,220,514,734
540911101,259,809,1068
540911102,25,289,314
540911103,9,76,85
540911104,5,103,108
540911105,60,198,258
540911106,70,433,503
540911107,45,219,264
540911108,109,370,479
540911201,56,357,413
540911202,19,83,102
540911203,92,320,412
540911204,5,34,39
540911205,37,378,415
540911206,29,256,285
540911207,77,291,368
540911208,9,223,232
540911209,134,778,912
540911210,210,588,798
540911211,118,391,509
540911301,98,1155,1253
540911302,137,928,1065
540911303,519,517,1036
540911304,295,687,982
540911305,513,195,708
540911306,431,436,867
540911307,368,365,733
540911308,611,281,892
540911309,820,673,1493
540911310,862,271,1133
540911311,579,550,1129
540911312,554,590,1144
540911313,648,177,825
540980101,209,301,510
540980102,85,228,313
540980103,60,203,263
540980104,258,759,1017
540980105,62,128,190
540980106,427,620,1047
540980201,15,94,109
540980202,528,807,1335
540980203,149,370,519
540980204,35,111,146
540980205,12,91,103
540980206,541,555,1096
540980207,435,695,1130
540980301,22,222,244
540980302,108,391,499
540980303,71,317,388
540980401,47,389,436
540980402,53,204,257
540980403,24,134,158
540980501,494,613,1107
540980502,546,486,1032
540980503,344,363,707
540980504,366,355,721
540980505,268,363,631
540980506,256,208,464
540980507,256,545,801
540980508,23,74,97
540980509,139,438,577
540980510,68,244,312
540980511,187,369,556
540980512,50,254,304
540980513,237,510,747
540980514,224,426,650
540980515,242,257,499
540980516,283,1002,1285
540980517,62,400,462
540980518,374,314,688
540980601,45,203,248
540980602,34,196,230
540980603,13,116,129
540980604,16,60,76
540980605,5,35,40
540980701,92,455,547
540980702,181,754,935
540980703,22,164,186
540980704,142,348,490
540980801,23,304,327
540980802,22,490,512
540980803,44,374,418
540980901,63,467,530
540980902,180,1117,1297
540980903,322,397,719
540980904,110,725,835
540980905,54,396,450
540980906,31,281,312
540980907,335,621,956
540980908,435,686,1121
540981001,7,40,47
540981002,482,1453,1935
540981003,121,643,764
540981004,262,471,733
540981005,409,360,769
540981006,360,453,813
540981007,389,454,843
540981008,413,427,840
540981009,300,249,549
540981010,273,385,658
540981011,335,832,1167
540981101,48,218,266
540981102,70,380,450
540981103,112,463,575
540981201,215,288,503
540981202,286,484,770
540981203,155,414,569
540981204,220,1060,1280
540981205,255,1159,1414
540981206,400,487,887
540981207,342,436,778
540981208,357,813,1170
540981209,416,356,772
540981210,239,307,546
540981211,404,278,682
540981212,398,397,795
540981213,279,217,496
540981214,397,701,1098
541050101,39,226,265
541050102,25,120,145
541050103,51,619,670
541050104,16,247,263
541050105,43,260,303
541050106,2,17,19
541050107,21,151,172
541050108,60,248,308
541050109,1,16,17
541050110,4,36,40
541050111,2,24,26
541050112,84,184,268
541050113,177,486,663
541050201,61,306,367
541050202,71,267,338
541050203,24,323,347
541050204,42,216,258
541050205,0,27,27
541050206,0,28,28
541050207,132,288,420
541050208,79,246,325
541050209,366,1089,1455
541050210,15,76,91
541050211,28,45,73
541050212,31,150,181
541050213,194,577,771
541050214,303,430,733
541050215,160,417,577
541050216,287,453,740
541050217,327,522,849
541050218,541,552,1093
541050219,416,298,714
541050220,168,491,659
541050221,345,448,793
541050222,316,300,616
541050223,284,336,620
541050301,7,131,138
541050302,153,723,876
541050303,9,144,153
541050304,0,25,25
541050305,6,190,196
541050306,16,208,224
541050307,5,305,310
541050308,6,163,169
541050401,94,654,748
541050402,65,621,686
541050403,24,385,409
541050404,22,205,227
541120101,69,1815,1884
541120102,158,2885,3043
541120103,87,1114,1201
541120104,9,152,161
541120105,10,92,102
541120106,51,268,319
541120201,4,14,18
541120202,2,65,67
541120301,0,24,24
541120302,4,77,81
541120401,0,1,1
541120402,0,3,3
541120501,344,767,1111
541120502,483,379,862
541120503,313,433,746
541120504,286,695,981
541120505,94,1150,1244
541120506,90,932,1022
541120507,43,619,662
541120508,152,1101,1253
541120509,117,822,939
541120510,368,885,1253
541120511,429,660,1089
541120512,263,612,875
541120513,346,394,740
541120514,152,297,449
541120515,131,757,888
541120601,72,904,976
541120602,144,1821,1965
541120701,3,41,44
541120702,132,1333,1465
541120703,309,2189,2498
541120704,125,400,525
541190101,81,793,874
541190102,86,647,733
541190103,202,1168,1370
541190104,252,980,1232
541190105,265,1841,2106
541190106,294,571,865
541190107,458,1243,1701
541190201,46,532,578
541190202,66,1089,1155
541190203,42,889,931
541190204,31,421,452
541190301,21,230,251
541190302,123,1257,1380
541190303,45,825,870
541190304,35,409,444
541190305,58,484,542
541190306,36,215,251
541190307,285,446,731
541190401,25,464,489
541190402,99,868,967
541190403,162,1132,1294
541190501,43,267,310
541190502,384,1252,1636
541190503,77,735,812
541190504,49,523,572
541190505,24,146,170
541190506,76,294,370
541190507,127,334,461
541190508,478,684,1162
541190601,3,147,150
541190602,75,535,610
541190603,39,347,386
580070101,0,0,0
580070102,79,209,288
580070103,177,274,451
580070104,328,151,479
580070105,120,105,225
580070201,68,213,281
580070202,15,71,86
580070203,66,173,239
580070204,14,70,84
580070205,113,577,690
580070301,131,144,275
580070302,1036,744,1780
580070303,670,414,1084
580070304,676,358,1034
580070305,137,148,285
580140101,68,202,270
580140102,97,229,326
580140103,84,127,211
580140104,423,361,784
580140105,78,144,222
580140106,484,456,940
580140107,319,430,749
580140108,380,293,673
580140109,938,763,1701
580140110,481,687,1168
580140111,82,225,307
580140112,70,109,179
580140113,70,124,194
580140114,385,404,789
580140115,109,349,458
580140116,345,659,1004
580210101,6,74,80
580210102,35,71,106
580210103,27,189,216
580210104,23,99,122
580210105,42,183,225
580210106,2,29,31
580210107,24,114,138
580210108,8,36,44
580210109,23,125,148
580210110,28,69,97
580210111,18,38,56
580210112,268,474,742
580280101,15,75,90
580280102,6,29,35
580280103,27,112,139
580280104,23,157,180
580280105,4,62,66
580280106,14,24,38
580280107,578,386,964
580280108,184,249,433
580280109,410,377,787
580280110,299,179,478
580280115,29,58,87
580280116,84,128,212
580280117,505,279,784
580350101,5,49,54
580350102,100,160,260
580350103,11,19,30
580350104,53,5,58
580350105,5,55,60
580350106,4,57,61
580350107,7,42,49
580350108,40,16,56
580350109,16,8,24
580350201,165,251,416
580350202,227,276,503
580350203,6,12,18
580350204,292,604,896
580350205,130,341,471
580350206,48,47,95
580350207,149,285,434
580350208,118,233,351
580350209,360,319,679
580350210,242,413,655
580350211,150,191,341
580350212,151,196,347
580350213,145,214,359
580350214,121,307,428
580350215,237,406,643
580350216,137,13,150
580350301,457,319,776
580350302,444,379,823
580350303,474,386,860
580350304,906,154,1060
580350305,893,248,1141
580350306,919,108,1027
580350307,817,202,1019
580350308,729,749,1478
580350309,732,171,903
580350310,548,136,684
580350311,197,177,374
580350312,341,60,401
580350313,821,74,895
580350314,172,15,187
580350315,242,305,547
580350316,819,98,917
580350401,450,96,546
580350402,658,98,756
580350403,352,31,383
580350404,947,534,1481
580350405,440,447,887
580350406,567,181,748
580350407,451,162,613
580350408,644,198,842
580350409,577,261,838
580350410,751,243,994
580350411,679,170,849
580350412,661,332,993
580350413,302,209,511
580350414,566,356,922
580350415,474,285,759
580350416,475,235,710
580350417,541,81,622
580350418,518,43,561
580350419,748,124,872
580350420,667,102,769
580350421,499,51,550
580350501,356,39,395
580350502,540,75,615
580350503,664,128,792
580350504,283,17,300
580350505,354,68,422
580350506,439,72,511
580350507,326,61,387
580350508,309,55,364
580350509,383,88,471
580350510,427,105,532
580350511,520,100,620
580350512,195,49,244
580350513,385,170,555
580350514,269,90,359
580350515,288,57,345
580350516,526,102,628
580350517,315,73,388
580350518,207,65,272
580350519,268,85,353
580350520,256,36,292
580350521,329,102,431
580350522,400,57,457
580350523,344,56,400
580350601,740,283,1023
580350602,405,49,454
580350603,409,95,504
580350604,418,95,513
580350605,516,115,631
580350606,433,149,582
580350607,358,319,677
580350608,778,189,967
580350609,625,101,726
580350610,445,95,540
580350611,486,84,570
580350612,511,75,586
580350613,446,132,578
580350614,471,147,618
580350615,385,95,480
580350616,333,91,424
580350617,463,78,541
580350618,148,25,173
580350701,107,30,137
580350702,405,75,480
580350703,656,169,825
580350704,775,546,1321
580350705,484,460,944
580350706,628,495,1123
580350707,515,537,1052
580350708,653,646,1299
580350709,588,445,1033
580350710,477,520,997
580350711,645,559,1204
580350712,661,620,1281
580350713,436,380,816
580350714,350,424,774
580350715,504,430,934
580350801,249,332,581
580350802,914,609,1523
580350803,769,509,1278
580350804,337,374,711
580350805,275,53,328
580350806,665,475,1140
580350807,550,550,1100
580350808,397,203,600
580350809,655,300,955
580350810,775,428,1203
580350811,739,326,1065
580350812,448,285,733
580350813,422,434,856
580350814,725,680,1405
580350815,449,453,902
580350816,658,593,1251
580350817,680,316,996
580350818,516,114,630
580350819,634,150,784
580350820,576,279,855
580350821,343,358,701
580350822,752,680,1432
580350823,491,550,1041
580350824,254,315,569
580350825,404,421,825
580350826,468,374,842
580350901,302,422,724
580350902,644,348,992
580350903,867,276,1143
580350904,856,430,1286
580350905,512,291,803
580350906,523,428,951
580350907,770,329,1099
580350908,740,332,1072
580350909,884,261,1145
580350910,806,213,1019
580350911,717,328,1045
580350912,604,429,1033
580350913,848,534,1382
580350914,626,468,1094
580350915,440,401,841
580350916,535,415,950
580350917,545,534,1079
580350918,715,366,1081
580351001,497,145,642
580351002,570,349,919
580351003,458,203,661
580351004,604,171,775
580351005,611,568,1179
580351006,1018,294,1312
580351007,526,169,695
580351008,656,188,844
580351009,676,244,920
580351010,305,195,500
580351011,552,201,753
580351012,597,429,1026
580351013,1386,251,1637
580351014,513,134,647
580351015,612,304,916
580351016,584,154,738
580351017,629,92,721
580351018,322,133,455
580351101,546,209,755
580351102,523,183,706
580351103,617,644,1261
580351104,912,312,1224
580351105,461,166,627
580351106,639,396,1035
580351107,814,302,1116
580351108,505,156,661
580351109,257,66,323
580351110,459,218,677
580351111,0,0,0
580351112,573,404,977
580351113,490,548,1038
580351114,449,425,874
580351115,551,446,997
580351116,474,72,546
580351117,680,729,1409
580351118,627,125,752
580351119,559,105,664
580351120,359,185,544
580351121,665,113,778
580351122,737,128,865
580351123,572,88,660
580351124,346,68,414
580351125,420,78,498
580351126,270,239,509
580351201,515,239,754
580351202,286,82,368
580351203,342,236,578
580351204,702,460,1162
580351205,633,655,1288
580351206,500,229,729
580351207,401,250,651
580351208,462,226,688
580351209,634,318,952
580351210,435,242,677
580351211,319,144,463
580351212,422,198,620
580351213,452,227,679
580351214,413,252,665
580351215,550,335,885
580351216,516,253,769
580351301,429,151,580
580351302,244,75,319
580351303,180,54,234
580351304,246,112,358
580351305,266,115,381
580351306,479,230,709
580351307,440,224,664
580351308,329,148,477
580351309,577,224,801
580351310,681,396,1077
580351311,434,243,677
580351312,493,314,807
580351313,747,363,1110
580351314,499,204,703
580351315,602,339,941
580351316,651,209,860
580351401,304,224,528
580351402,143,29,172
580351403,660,295,955
580351404,515,376,891
580351405,480,295,775
580351406,326,114,440
580351407,586,302,888
580351408,559,305,864
580351409,482,366,848
580351410,817,394,1211
580351411,751,795,1546
580351412,757,242,999
580351413,849,264,1113
580351414,914,311,1225
580351415,437,213,650
580351416,367,80,447
580351417,553,469,1022
580351418,926,358,1284
580351419,666,332,998
580351420,124,11,135
580351421,326,333,659
580351422,518,172,690
580351501,680,443,1123
580351502,368,238,606
580351503,738,200,938
580351504,474,294,768
580351505,737,492,1229
580351506,690,497,1187
580351507,620,440,1060
580351508,818,81,899
580351509,762,173,935
580351510,639,456,1095
580351511,532,440,972
580351512,661,60,721
580351513,578,226,804
580351514,780,153,933
580351515,526,61,587
580351601,208,353,561
580351602,413,400,813
580351603,87,107,194
580351604,275,265,540
580351605,311,580,891
580351606,310,249,559
580351607,147,209,356
580351608,271,166,437
580351609,155,258,413
580351610,336,316,652
580351611,349,570,919
580351612,323,454,777
580351613,144,386,530
580351614,207,203,410
580351615,248,289,537
580351616,667,559,1226
580351617,54,67,121
580351618,87,122,209
580351619,289,96,385
580351620,165,55,220
580351701,550,272,822
580351702,438,226,664
580351703,234,137,371
580351704,671,170,841
580351705,196,118,314
580351706,403,220,623
580351707,498,469,967
580351708,503,549,1052
580351709,598,520,1118
580351710,570,472,1042
580351711,604,565,1169
580351801,0,6,6
580351802,588,273,861
580351803,465,313,778
580351804,377,170,547
580351805,662,294,956
580351806,406,229,635
580351807,735,203,938
580351808,534,323,857
580351809,586,348,934
580351810,638,288,926
580351811,373,606,979
580351812,512,686,1198
580351813,375,469,844
580351814,187,209,396
580351815,517,377,894
580351816,711,179,890
580351817,242,383,625
580351818,608,185,793
580351819,366,166,532
580351820,418,275,693
580351821,456,303,759
580351822,379,245,624
580351823,581,203,784
580351824,492,240,732
580351825,489,263,752
580351826,367,481,848
580351901,267,307,574
580351902,580,423,1003
580351903,472,331,803
580351904,512,384,896
580351905,630,396,1026
580351906,610,288,898
580351907,567,254,821
580351908,794,307,1101
580351909,741,375,1116
580351910,302,495,797
580351911,554,613,1167
580351912,256,44,300
580351913,264,413,677
580351914,338,180,518
580352001,186,125,311
580352002,491,147,638
580352003,88,43,131
580352004,185,111,296
580352005,32,28,60
580352006,78,183,261
580352007,674,683,1357
580352008,703,633,1336
580352009,451,311,762
580352010,547,396,943
580352011,617,409,1026
580352012,978,602,1580
580352101,136,202,338
580352102,605,358,963
580352103,530,308,838
580352104,822,290,1112
580352105,444,288,732
580352106,509,240,749
580352107,644,263,907
580352108,644,284,928
580352109,518,384,902
580352110,527,483,1010
580352111,454,481,935
580352112,453,202,655
580352113,193,200,393
580352114,358,471,829
580352115,364,250,614
580352116,333,349,682
580352201,99,385,484
580352202,500,209,709
580352203,47,59,106
580352204,12,41,53
580352205,291,701,992
580352206,545,346,891
580352207,408,404,812
580352208,476,523,999
580352209,383,372,755
580352210,388,387,775
580352211,475,786,1261
580352212,177,277,454
580352213,336,482,818
580352214,346,479,825
580352215,228,248,476
580352216,189,354,543
580352217,456,766,1222
580352218,146,315,461
580352219,394,608,1002
580352220,297,552,849
580352221,305,520,825
580352301,51,112,163
580352302,650,241,891
580352303,417,250,667
580352304,493,265,758
580352305,361,232,593
580352306,262,150,412
580352307,546,228,774
580352308,544,248,792
580352309,602,356,958
580352310,419,303,722
580352311,460,412,872
580352312,440,336,776
580352313,614,248,862
580352314,616,214,830
580352315,284,384,668
580352316,301,437,738
580352317,404,437,841
580352318,284,267,551
580352319,557,573,1130
580352320,447,187,634
580352321,284,328,612
580352322,5,8,13
580352323,351,387,738
580352324,412,243,655
580352325,397,284,681
580352326,559,126,685
580352327,320,309,629
580352401,419,460,879
580352402,450,436,886
580352403,860,808,1668
580352404,675,738,1413
580352405,473,502,975
580352406,350,522,872
580352407,330,521,851
580352408,284,632,916
580352409,317,453,770
580352410,532,562,1094
580352411,724,597,1321
580352412,678,446,1124
580352413,398,364,762
580352414,533,117,650
580352501,812,449,1261
580352502,773,380,1153
580352503,779,384,1163
580352504,482,244,726
580352505,473,81,554
580352506,329,214,543
580352507,351,383,734
580352508,288,205,493
580352509,399,222,621
580352510,644,324,968
580352511,504,290,794
580352512,420,458,878
580352513,481,526,1007
580352514,621,536,1157
580352515,447,411,858
580352516,518,408,926
580352517,570,528,1098
580420101,43,233,276
580420102,19,158,177
580420103,27,218,245
580420104,28,148,176
580420105,170,152,322
580420106,57,329,386
580420107,17,72,89
580420108,17,96,113
580420109,66,103,169
580420201,267,343,610
580420202,394,386,780
580420203,476,264,740
580420204,312,244,556
580420205,399,249,648
580420206,428,265,693
580420207,446,281,727
580420208,483,271,754
580420209,304,238,542
580420210,349,212,561
580420211,638,477,1115
580420212,309,332,641
580420213,268,316,584
580420214,617,257,874
580420215,356,266,622
580420216,315,241,556
580420217,681,446,1127
580490101,2,5,7
580490102,49,84,133
580490103,6,21,27
580490201,32,38,70
580490202,66,413,479
580490203,24,169,193
580490204,35,236,271
580490205,47,290,337
580490301,77,116,193
580490302,20,26,46
580490401,663,156,819
580490402,370,67,437
580490403,586,382,968
580490404,486,329,815
580490405,385,152,537
580490406,572,149,721
580490407,701,711,1412
580490408,492,365,857
580490409,464,260,724
580490410,401,168,569
580490411,323,410,733
580490412,386,297,683
580490413,646,400,1046
580490414,338,312,650
580490415,254,280,534
580560101,79,161,240
580560102,3,20,23
580560104,4,16,20
580560105,122,220,342
580560201,57,31,88
580560202,16,30,46
580560203,6,12,18
580560204,11,9,20
580560205,23,6,29
580560206,43,15,58
580560301,291,240,531
580560302,461,535,996
580560303,610,337,947
580560304,518,426,944
580560305,635,406,1041
580560306,753,288,1041
580560307,386,208,594
580560308,586,573,1159
580560309,374,102,476
580560310,131,252,383
580560401,440,180,620
580560402,436,311,747
580560403,581,162,743
580560404,467,83,550
580560405,966,457,1423
580560406,795,106,901
580560407,841,498,1339
580560408,415,481,896
580560409,465,110,575
580560410,410,51,461
580560411,116,65,181
580560501,41,5,46
580560502,376,52,428
580560503,217,82,299
580560504,336,58,394
580560505,592,475,1067
580560506,483,380,863
580560507,625,562,1187
580560508,468,357,825
580560509,591,219,810
580560510,331,123,454
580560511,432,112,544
580560512,394,110,504
580560513,246,80,326
580560514,236,32,268
580560515,343,71,414
580560516,314,75,389
580560517,265,74,339
580630101,22,92,114
580630102,28,216,244
580630103,1,68,69
580630104,46,480,526
580630105,194,215,409
580630106,3,16,19
580630107,13,43,56
580630108,7,76,83
580630109,39,243,282
580630110,41,76,117
580630111,998,860,1858
580630112,642,887,1529
580630113,492,658,1150
580700101,10,25,35
580700102,39,38,77
580700103,633,210,843
580700104,454,80,534
580700105,872,349,1221
580700106,514,145,659
580700107,838,546,1384
580700108,491,62,553
580700109,353,227,580
580700110,358,80,438
580700111,612,315,927
580700112,361,65,426
580700113,672,226,898
580700114,570,383,953
580700201,30,47,77
580700202,41,74,115
580700203,11,29,40
580700204,165,124,289
580770101,0,0,0
580770102,148,289,437
580770103,214,345,559
580770104,106,195,301
580770105,213,227,440
580770106,459,291,750
580770201,118,286,404
580770202,17,156,173
580770203,96,170,266
580770204,116,120,236
580770205,426,249,675
580770206,129,134,263
580770207,374,296,670
580770208,745,485,1230
580770210,116,167,283
580840101,4,22,26
580840102,276,384,660
580840103,120,124,244
580840104,6,83,89
580840105,177,304,481
580840106,377,435,812
580840107,21,214,235
580840108,114,202,316
580840109,124,200,324
580840110,4,25,29
580840111,31,419,450
580840112,6,41,47
580840113,7,2,9
580840114,11,22,33
580840115,0,0,0
580840116,366,143,509
580910101,6,58,64
580910102,67,145,212
580910103,291,449,740
580910104,14,55,69
580910105,2,21,23
580910106,110,281,391
580910107,720,571,1291
580910108,504,454,958
580910109,8,122,130
580910201,2,13,15
580910202,4,19,23
580910203,8,16,24
580910204,2,15,17
580910205,45,95,140
580910301,2,65,67
580910302,151,260,411
580910303,449,362,811
580910304,797,359,1156
580910305,543,209,752
580910306,314,171,485
580910307,185,138,323
580910308,275,207,482
580910309,316,268,584
580910310,307,168,475
580910311,406,488,894
580910312,332,195,527
580910313,330,164,494
580910314,261,195,456
580910315,294,126,420
580910316,274,136,410
580910317,519,159,678
580910318,732,244,976
580910319,453,291,744
580910320,413,345,758
580910321,490,297,787
580910322,539,233,772
580910323,461,376,837
580910324,544,449,993
580910325,465,206,671
580910326,323,147,470
580910327,486,215,701
580980101,81,150,231
580980102,2,5,7
580980103,701,653,1354
580980104,764,792,1556
580980105,61,185,246
580980201,6,74,80
580980202,71,337,408
580980203,5,31,36
580980204,34,126,160
580980205,70,127,197
581050101,54,100,154
581050102,143,273,416
581050103,272,520,792
581050104,421,466,887
581050105,336,448,784
581050106,872,744,1616
581050201,3,6,9
581050202,5,29,34
581050203,9,18,27
581050204,169,31,200
581050205,5,50,55
581050206,2,26,28
581050207,20,119,139
581050208,7,49,56
581050209,71,104,175
581050210,10,77,87
581050211,317,427,744
581050212,0,51,51
581050213,17,75,92
581050214,17,48,65
581120101,87,161,248
581120102,23,41,64
581120103,251,67,318
581120104,28,77,105
581120105,25,148,173
581120106,13,66,79
581120107,7,105,112
581120108,9,69,78
581120109,49,69,118
581120201,61,170,231
581120202,56,272,328
581120203,5,76,81
581120205,215,448,663
581120206,290,417,707
581120207,216,66,282
581120208,397,365,762
581120301,207,249,456
581120302,745,627,1372
581120303,804,676,1480
581120304,917,466,1383
581120305,568,589,1157
581120306,443,401,844
581120307,748,421,1169
581120308,712,625,1337
581120309,473,434,907
581120310,553,510,1063
581120311,329,431,760
581120312,511,254,765
581120313,392,191,583
581120314,606,150,756
581120315,248,95,343
581120316,373,244,617
581120401,149,380,529
581120402,294,527,821
581120403,24,37,61
581120404,623,595,1218
581120405,337,467,804
581120406,228,262,490
581120407,300,254,554
581120408,607,339,946
581120409,230,142,372
581120410,318,161,479
581120411,226,310,536
581120412,282,315,597
581120413,556,579,1135
581120414,144,221,365
581120415,409,582,991
581120416,221,139,360
581120417,36,9,45
581120418,1028,463,1491
581120419,450,546,996
581120420,522,307,829
581120421,775,417,1192
620070101,13,23,36
620070201,10,53,63
620070301,3,39,42
620070302,298,188,486
620070303,176,154,330
620070401,10,37,47
620070501,323,223,546
620070502,274,161,435
620070503,589,229,818
620070504,352,41,393
620070505,314,104,418
620070506,330,126,456
620070507,331,164,495
620070508,349,116,465
620070509,327,68,395
620070510,606,302,908
620070511,374,148,522
620070601,73,126,199
620070602,227,468,695
620070603,228,386,614
620070604,170,96,266
620070605,1,10,11
620070606,62,59,121
620070607,198,306,504
620070608,916,352,1268
620070609,786,259,1045
620070610,386,364,750
620070611,253,296,549
620070612,776,247,1023
620070613,296,50,346
620070614,106,278,384
620070701,328,191,519
620070702,434,205,639
620070703,335,231,566
620070704,444,622,1066
620070705,618,436,1054
620070706,295,351,646
620070707,823,519,1342
620070708,967,420,1387
620070709,269,136,405
620070710,84,91,175
620070711,1431,611,2042
620070712,468,288,756
620070713,572,294,866
620070801,385,56,441
620070802,331,71,402
620070803,31,43,74
620070804,515,389,904
620070805,648,446,1094
620070806,774,473,1247
620070807,367,258,625
620070808,357,314,671
620070809,373,69,442
620070810,601,240,841
620070811,468,382,850
620070812,248,252,500
620070813,566,47,613
620070814,470,57,527
620070815,358,89,447
620070816,290,116,406
620070817,305,91,396
620070818,289,176,465
620070901,48,11,59
620070902,146,75,221
620070903,39,18,57
620070904,90,24,114
620070905,37,44,81
620070906,89,36,125
620071001,280,101,381
620071002,319,78,397
620071003,426,125,551
620071004,329,93,422
620071005,360,153,513
620071006,314,152,466
620071007,398,175,573
620071008,263,161,424
620071009,232,140,372
620071010,280,102,382
620071011,240,137,377
620071012,316,256,572
620071013,364,261,625
620071101,738,381,1119
620071102,428,107,535
620071103,606,470,1076
620071104,791,240,1031
620071105,283,114,397
620071106,400,233,633
620071107,456,246,702
620071108,288,480,768
620071109,401,473,874
620071110,307,322,629
620071111,464,652,1116
620071112,505,663,1168
620140101,22,21,43
620140102,254,402,656
620140103,563,406,969
620140104,563,554,1117
620140105,490,472,962
620140106,27,40,67
620140107,0,0,0
620140108,275,323,598
620140109,87,88,175
620140110,398,465,863
620140111,696,524,1220
620140112,332,272,604
620140201,381,420,801
620140202,279,229,508
620140203,357,331,688
620140204,456,429,885
620140301,692,470,1162
620140302,150,315,465
620140303,382,405,787
620140304,602,517,1119
620140401,565,613,1178
620140402,561,272,833
620140403,476,218,694
620140404,437,416,853
620140405,379,247,626
620140406,382,280,662
620140407,416,147,563
620140408,669,527,1196
620140409,348,154,502
620140410,549,316,865
620140501,10,31,41
620140601,346,321,667
620140602,306,448,754
620140603,429,217,646
620140604,296,362,658
620140605,308,391,699
620140606,252,269,521
620140607,419,396,815
620140608,323,486,809
620140609,245,534,779
620140701,29,80,109
620140801,19,72,91
620140901,236,316,552
620140902,189,173,362
620140903,8,31,39
620141001,58,124,182
620141002,245,242,487
620141003,271,366,637
620141101,205,259,464
620141102,636,304,940
620141103,323,225,548
620210101,208,142,350
620210102,532,423,955
620210103,174,75,249
620210104,384,128,512
620210105,226,61,287
620210106,459,114,573
620210107,453,104,557
620210108,456,98,554
620210109,359,88,447
620210110,495,180,675
620210111,504,188,692
620210112,209,101,310
620210201,207,55,262
620210202,333,67,400
620210203,476,534,1010
620210204,486,336,822
620210205,541,381,922
620210206,655,467,1122
620210207,498,173,671
620210208,738,198,936
620210209,352,272,624
620210210,443,360,803
620210211,593,441,1034
620210212,281,341,622
620210301,205,64,269
620210302,152,72,224
620210303,258,65,323
620210304,222,56,278
620210305,191,56,247
620210306,172,38,210
620210307,175,43,218
620210308,226,60,286
620210309,359,77,436
620210310,258,46,304
620210311,304,61,365
620210312,331,58,389
620210313,383,81,464
620210401,63,25,88
620210402,102,87,189
620210403,29,28,57
620210501,249,324,573
620210502,148,156,304
620210503,18,26,44
620210601,190,127,317
620210602,293,188,481
620210603,234,95,329
620210604,428,128,556
620210605,258,103,361
620210606,336,109,445
620210607,411,228,639
620210608,474,417,891
620210701,406,215,621
620210702,167,158,325
620210703,159,163,322
620210704,119,255,374
620210705,409,411,820
620210706,409,547,956
620210707,598,645,1243
620210708,158,191,349
620210709,426,490,916
620210710,332,65,397
620210801,346,157,503
620210802,311,125,436
620210803,425,241,666
620210804,251,169,420
620210805,464,328,792
620210806,399,244,643
620210807,409,276,685
620210808,489,254,743
620210809,617,453,1070
620210810,645,473,1118
620210901,347,97,444
620210902,623,131,754
620210903,662,382,1044
620210904,658,347,1005
620210905,586,276,862
620210906,360,161,521
620210907,530,53,583
620210908,848,269,1117
620210909,384,208,592
620211001,482,361,843
620211002,573,327,900
620211003,438,315,753
620211004,336,271,607
620211005,554,582,1136
620211006,396,367,763
620211007,357,232,589
620211008,375,301,676
620211009,446,265,711
620211010,379,288,667
620211011,345,267,612
620211101,488,57,545
620211102,456,77,533
620211103,620,73,693
620211104,407,68,475
620211105,529,74,603
620211106,519,94,613
620211107,405,90,495
620211108,360,81,441
620211109,505,62,567
620211110,454,105,559
620211111,512,287,799
620211112,664,289,953
620211113,562,50,612
620211114,359,75,434
620211201,437,75,512
620211202,419,62,481
620211203,361,65,426
620211204,284,57,341
620211205,325,44,369
620211206,497,100,597
620211207,435,117,552
620211208,706,182,888
620211209,67,13,80
620211301,411,39,450
620211302,601,94,695
620211303,538,64,602
620211304,382,49,431
620211305,279,48,327
620211306,512,57,569
620211307,532,50,582
620211308,480,61,541
620211309,309,39,348
620211310,434,93,527
620211311,566,74,640
620211401,317,275,592
620211402,638,529,1167
620211403,552,615,1167
620211404,563,598,1161
620211405,784,524,1308
620211406,298,304,602
620211407,223,354,577
620211408,506,480,986
620211409,753,447,1200
620211410,702,405,1107
620211411,693,360,1053
620211412,566,109,675
620211413,526,66,592
620211414,581,112,693
620211415,637,94,731
620211416,705,166,871
620211417,505,123,628
620211418,63,57,120
620211501,227,53,280
620211502,209,68,277
620211503,478,134,612
620211504,260,39,299
620211505,255,112,367
620211506,514,198,712
620211507,257,95,352
620211508,270,98,368
620211509,233,69,302
620211510,252,52,304
620211511,316,114,430
620211512,365,124,489
620211601,572,275,847
620211602,467,271,738
620211603,672,441,1113
620211604,612,306,918
620211605,397,300,697
620211606,671,335,1006
620211607,682,389,1071
620211608,778,352,1130
620211609,512,271,783
620211701,497,254,751
620211702,351,374,725
620211703,349,210,559
620211704,271,377,648
620211705,520,524,1044
620211706,419,447,866
620211707,497,348,845
620211708,637,409,1046
620211709,525,246,771
620211710,421,360,781
620211801,463,194,657
620211802,503,164,667
620211803,398,218,616
620211804,316,161,477
620211805,471,89,560
620211806,292,222,514
620211807,405,201,606
620211808,373,107,480
620211809,621,283,904
620211901,352,158,510
620211902,426,247,673
620211903,499,161,660
620211904,569,183,752
620211905,342,196,538
620211906,331,79,410
620211907,228,57,285
620211908,505,505,1010
620211909,275,199,474
620211910,293,294,587
620211911,511,295,806
620211912,337,358,695
620280101,1,13,14
620280102,32,60,92
620280103,48,121,169
620280104,235,481,716
620280105,130,241,371
620280201,27,28,55
620280301,13,30,43
620280401,460,512,972
620280402,455,374,829
620280403,271,249,520
620280404,614,339,953
620280405,270,311,581
620280406,477,381,858
620280407,298,128,426
620350101,235,263,498
620350102,206,269,475
620350103,66,163,229
620350104,113,148,261
620350105,26,139,165
620350106,68,131,199
620350107,15,127,142
620350108,9,33,42
620350109,23,61,84
620350110,309,374,683
620350111,60,576,636
620350112,210,202,412
620350113,201,328,529
620350114,325,273,598
620420101,22,44,66
620420102,55,114,169
620420103,176,240,416
620420104,14,50,64
620420201,104,46,150
620420202,136,380,516
620420301,1,35,36
620420401,615,573,1188
620420402,371,399,770
620420403,220,353,573
620420404,319,412,731
620420405,406,542,948
620420406,205,434,639
620420407,81,159,240
620420408,122,351,473
620420409,98,220,318
620420410,398,315,713
620420411,273,346,619
620420412,367,444,811
620420501,233,192,425
620420502,181,254,435
620420503,73,75,148
620420504,204,463,667
620420505,433,138,571
620420506,408,450,858
620420601,532,425,957
620420602,585,514,1099
620420603,275,254,529
620420604,353,292,645
620420605,336,397,733
620420606,273,373,646
620420607,484,331,815
620420608,295,174,469
620420609,461,199,660
620420610,431,155,586
620420611,333,164,497
620420612,296,128,424
620420613,306,231,537
620420614,315,245,560
620420615,450,415,865
620420701,649,652,1301
620420702,415,1017,1432
620420703,241,210,451
620420704,403,267,670
620420705,624,601,1225
620420706,102,286,388
620420707,322,352,674
620420708,249,291,540
620420709,262,328,590
620420710,253,457,710
620420711,520,56,576
620420712,165,166,331
620420713,372,659,1031
620420714,515,747,1262
620420715,313,432,745
620420716,305,380,685
620420717,151,277,428
620420801,611,138,749
620420802,621,164,785
620420803,364,249,613
620420804,368,116,484
620420805,359,80,439
620420806,500,153,653
620420807,481,180,661
620420808,449,128,577
620420809,281,95,376
620420810,365,128,493
620420901,338,366,704
620420902,543,551,1094
620420903,260,628,888
620420904,390,203,593
620420905,416,364,780
620420906,526,427,953
620420907,495,512,1007
620420908,434,321,755
620420909,352,327,679
620420910,409,283,692
620421001,499,600,1099
620421002,369,401,770
620421003,297,405,702
620421004,218,277,495
620421005,321,396,717
620421006,360,399,759
620421007,349,321,670
620421008,276,445,721
620421009,486,401,887
620421010,389,510,899
620421011,310,319,629
620421012,369,138,507
620421013,310,149,459
620421101,308,353,661
620421102,352,362,714
620421103,209,330,539
620421104,290,420,710
620421105,305,555,860
620421106,261,516,777
620421107,291,501,792
620421108,164,311,475
620421109,240,517,757
620421110,572,486,1058
620421111,360,175,535
620421112,186,506,692
620421201,421,465,886
620421202,841,273,1114
620421203,567,409,976
620421204,505,199,704
620421205,238,153,391
620421206,284,162,446
620421207,551,257,808
620421208,503,182,685
620421209,406,175,581
620421210,348,125,473
620421211,282,104,386
620421212,277,169,446
620421213,307,124,431
620421214,173,70,243
620421301,340,477,817
620421302,406,669,1075
620421303,362,488,850
620421304,423,614,1037
620421305,479,421,900
620421306,605,566,1171
620421401,304,441,745
620421402,41,23,64
620421403,419,549,968
620421404,236,302,538
620421405,490,535,1025
620421406,181,182,363
620421407,514,257,771
620421408,277,398,675
620421409,166,359,525
620421410,157,182,339
620421411,333,406,739
620421412,122,175,297
620421501,591,570,1161
620421502,227,435,662
620421503,287,477,764
620421504,216,442,658
620421505,300,298,598
620421506,187,422,609
620421507,460,308,768
620421508,165,270,435
620421601,409,455,864
620421602,136,318,454
620421603,288,371,659
620421604,277,371,648
620421701,338,586,924
620421702,227,435,662
620421801,458,259,717
620421802,216,190,406
620421803,464,566,1030
620421804,404,334,738
620421805,385,434,819
620421806,294,354,648
620421807,609,547,1156
620421901,357,465,822
620421902,301,359,660
620421903,420,429,849
620421904,443,529,972
620421905,126,161,287
620422001,95,143,238
620422002,493,132,625
620422003,274,103,377
620422004,275,138,413
620422005,222,105,327
620422006,359,392,751
620422007,449,244,693
620422008,276,157,433
620422009,222,128,350
620422010,196,107,303
620422011,394,195,589
620422012,358,210,568
620422013,422,394,816
620422101,338,527,865
620422102,225,242,467
620422103,681,423,1104
620422104,307,233,540
620422105,323,429,752
620422106,190,469,659
620422107,357,503,860
620422108,139,253,392
620422109,107,243,350
620422201,616,683,1299
620422202,72,161,233
620422203,378,530,908
620422204,84,152,236
620422205,423,744,1167
620422206,226,528,754
620422301,467,361,828
620422302,383,333,716
620422303,355,212,567
620422304,484,215,699
620422305,872,386,1258
620422306,465,247,712
620422307,365,182,547
620422308,362,148,510
620422309,366,212,578
620422310,372,128,500
620422311,618,388,1006
620422401,367,440,807
620422402,390,225,615
620422403,447,204,651
620422404,650,391,1041
620422405,529,430,959
620422406,353,171,524
620422407,297,166,463
620422408,603,235,838
620422501,584,436,1020
620422502,514,423,937
620422503,769,475,1244
620422504,328,309,637
620422505,541,567,1108
620422506,317,372,689
620422507,452,382,834
620422508,639,486,1125
620422509,410,436,846
620422510,610,435,1045
620422601,475,465,940
620422602,441,362,803
620422603,564,584,1148
620422604,315,281,596
620422605,257,362,619
620422606,306,402,708
620422607,292,288,580
620422608,255,268,523
620422609,383,458,841
620422610,317,285,602
620422611,313,162,475
620422612,458,240,698
620422613,461,263,724
620422614,389,165,554
620422615,309,41,350
620422701,338,320,658
620422702,493,231,724
620422703,312,125,437
620422704,295,130,425
620422705,378,109,487
620422706,344,131,475
620422707,312,165,477
620422708,536,276,812
620422709,506,279,785
620422710,457,358,815
620422711,344,200,544
620422712,490,198,688
620422713,587,262,849
620422714,433,286,719
620422715,336,212,548
620422801,853,179,1032
620422802,458,164,622
620422803,979,287,1266
620422804,601,529,1130
620422805,779,396,1175
620422806,685,501,1186
620422807,461,335,796
620422808,438,348,786
620422901,520,235,755
620422902,323,148,471
620422903,639,367,1006
620422904,551,340,891
620422905,514,283,797
620422906,507,326,833
620422907,504,257,761
620422908,618,398,1016
620422909,668,340,1008
620422910,505,453,958
620423001,474,216,690
620423002,601,427,1028
620423003,465,168,633
620423004,393,323,716
620423005,292,345,637
620423006,81,31,112
620423007,705,411,1116
620423008,592,561,1153
620423009,536,529,1065
620423010,524,309,833
620423011,269,702,971
620423012,140,216,356
620423101,508,727,1235
620423102,637,776,1413
620423103,620,391,1011
620423104,710,468,1178
620423105,746,541,1287
620423106,615,397,1012
620423107,498,659,1157
620423108,467,365,832
620423109,600,413,1013
620423201,462,197,659
620423202,506,214,720
620423203,374,311,685
620423204,712,363,1075
620423205,285,291,576
620423206,337,262,599
620423207,363,227,590
620423208,355,218,573
620423209,407,272,679
620423210,431,167,598
620423211,430,246,676
620423212,327,174,501
620423301,386,211,597
620423302,412,215,627
620423303,639,411,1050
620423304,539,283,822
620423305,380,225,605
620423306,305,125,430
620423307,294,87,381
620423308,271,89,360
620423309,324,170,494
620423310,402,140,542
620423311,637,189,826
620423401,579,173,752
620423402,1051,336,1387
620423403,633,155,788
620423404,459,174,633
620423405,805,119,924
620423406,477,51,528
620423407,414,61,475
620423408,398,92,490
620423409,604,60,664
620423410,964,126,1090
620423501,386,111,497
620423502,415,144,559
620423503,460,154,614
620423504,393,139,532
620423505,423,126,549
620423506,418,98,516
620423507,767,129,896
620423508,386,196,582
620423509,679,137,816
620423601,420,338,758
620423602,362,200,562
620423603,477,236,713
620423604,351,374,725
620423605,357,151,508
620423606,322,192,514
620423607,495,241,736
620423608,444,329,773
620423609,409,309,718
620423610,325,193,518
620423611,433,313,746
620423612,449,256,705
620423701,254,462,716
620423702,304,323,627
620423703,341,522,863
620423704,365,466,831
620423705,445,578,1023
620423706,500,669,1169
620423707,477,589,1066
620423708,77,223,300
620423709,906,317,1223
620423710,923,146,1069
620423711,436,170,606
620423801,478,405,883
620423802,523,418,941
620423803,345,405,750
620423804,240,338,578
620423805,368,238,606
620423806,345,164,509
620423807,292,209,501
620423808,378,290,668
620423809,372,252,624
620423810,399,264,663
620423811,658,383,1041
620423812,310,229,539
620423813,360,309,669
620423814,558,609,1167
620423901,428,150,578
620423902,265,83,348
620423903,285,83,368
620423904,404,96,500
620423905,663,97,760
620423906,457,153,610
620423907,543,207,750
620423908,304,145,449
620423909,306,93,399
620423910,318,95,413
620423911,380,136,516
620423912,337,108,445
620424001,287,409,696
620424002,239,376,615
620424003,932,289,1221
620424004,470,594,1064
620424005,274,299,573
620424006,360,240,600
620424007,580,229,809
620424008,300,204,504
620424009,573,528,1101
620424010,249,175,424
620424011,669,163,832
620424012,430,124,554
620424013,321,49,370
620424014,533,515,1048
620424101,417,109,526
620424102,395,115,510
620424103,345,126,471
620424104,234,68,302
620424105,345,278,623
620424106,331,165,496
620424107,288,152,440
620424108,437,202,639
620424109,272,172,444
620424110,247,127,374
620424111,500,87,587
620424112,627,85,712
620424113,261,207,468
620424114,270,204,474
620424201,522,331,853
620424202,434,402,836
620424203,400,231,631
620424204,416,307,723
620424205,203,367,570
620424206,405,729,1134
620424207,590,601,1191
620424208,497,495,992
620424209,502,510,1012
620424210,374,284,658
620424301,336,587,923
620424302,250,72,322
620424303,364,189,553
620424304,293,196,489
620424305,623,211,834
620424306,885,328,1213
620424307,643,299,942
620424308,534,450,984
620424309,502,522,1024
620424310,430,386,816
620424311,358,587,945
620424312,455,730,1185
620490101,378,377,755
620490102,470,398,868
620490103,84,114,198
620490104,81,214,295
620490105,53,253,306
620490106,295,348,643
620490107,30,165,195
620560101,253,219,472
620560102,117,157,274
620560103,52,409,461
620560104,66,350,416
620630101,420,192,612
620630102,251,180,431
620630103,351,197,548
620630104,442,235,677
620630105,388,316,704
620630106,477,446,923
620630107,99,146,245
620630108,341,350,691
620630109,505,255,760
620630110,263,147,410
620630111,267,213,480
620630112,341,318,659
620630113,818,240,1058
620630114,219,145,364
620630115,328,323,651
620630116,197,134,331
620630117,244,421,665
620630118,227,268,495
620630201,467,434,901
620630202,121,156,277
620630203,72,94,166
620630204,146,223,369
620630205,286,360,646
620630301,22,31,53
620630302,16,85,101
620630401,18,68,86
620700101,380,333,713
620700102,310,389,699
620700103,305,268,573
620700104,126,417,543
620700105,67,191,258
620700106,59,266,325
620700107,142,204,346
620700201,533,126,659
620700202,351,204,555
620700203,673,283,956
620700204,388,98,486
620700205,488,135,623
620770101,287,316,603
620770102,235,195,430
620770103,238,144,382
620770104,405,213,618
620770105,196,126,322
620770106,377,208,585
620770107,487,304,791
620770108,287,282,569
620770109,395,365,760
620770110,375,284,659
620770111,456,704,1160
620770112,439,494,933
620770113,209,278,487
620770114,205,179,384
620770115,250,124,374
620770116,311,197,508
620770117,400,267,667
620770201,664,298,962
620770202,235,237,472
620770203,313,251,564
620770204,181,134,315
620770205,415,271,686
620770206,322,167,489
620770207,335,42,377
620770208,555,275,830
620770209,310,285,595
620770210,465,395,860
620770211,456,241,697
620770301,131,42,173
620770302,110,36,146
620770303,86,60,146
620770304,106,71,177
620770305,250,141,391
620770306,95,38,133
620770307,268,168,436
620770401,228,130,358
620770402,159,170,329
620770403,744,310,1054
620770404,732,495,1227
620770405,686,307,993
620770406,794,291,1085
620770407,83,30,113
620770408,1,24,25
620770409,339,203,542
620770410,140,78,218
620770411,171,125,296
620770412,158,136,294
620770413,408,227,635
620770501,15,29,44
620770502,20,12,32
620770503,39,34,73
620770504,46,37,83
620770601,92,37,129
620770602,47,27,74
620770603,133,54,187
620770604,173,69,242
620770605,213,105,318
620770606,102,37,139
620770607,151,69,220
620840101,234,253,487
620840102,176,224,400
620840103,145,243,388
620840104,455,379,834
620840105,195,345,540
620840106,213,186,399
620840107,209,374,583
620840201,4,15,19
620840202,53,89,142
620840203,39,23,62
620840204,63,89,152
620840205,9,20,29
620840206,13,53,66
620840207,9,74,83
620840208,31,212,243
620840209,7,118,125
620849999,1010,1111,2121
620910101,619,720,1339
620910102,401,515,916
620910103,638,697,1335
620910104,351,394,745
620910201,354,330,684
620910202,530,408,938
620910203,350,272,622
620910301,275,359,634
620910302,235,214,449
620910303,458,284,742
620910304,456,359,815
620910305,471,718,1189
620910306,248,327,575
620910307,384,248,632
620910308,348,539,887
620910401,35,66,101
620910402,40,127,167
620910403,26,59,85
620910404,210,622,832
620910405,41,342,383
620910406,42,222,264
620910407,38,174,212
660070101,35,592,627
660070102,15,7,22
660070103,13,349,362
660070104,5,124,129
660070105,14,254,268
660070106,33,661,694
660070107,146,629,775
660070108,104,866,970
660070201,11,294,305
660070202,22,148,170
660070203,3,15,18
660070204,38,365,403
660070205,134,671,805
660070206,2,35,37
660070207,153,825,978
660070208,193,640,833
660070209,181,543,724
660070210,210,404,614
660070211,234,737,971
660070212,131,875,1006
660070213,189,579,768
660070214,127,647,774
660070301,0,8,8
660070302,18,36,54
660070303,284,417,701
660070304,25,86,111
660070305,3,67,70
660070306,9,4,13
660070307,4,27,31
660070308,14,77,91
660070309,6,36,42
660070310,0,9,9
660070311,16,36,52
660070312,4,8,12
660070313,5,30,35
660070314,4,35,39
660070315,246,454,700
660070316,314,1005,1319
660070317,343,730,1073
660070318,514,890,1404
660070319,312,571,883
660070320,205,1003,1208
660070321,258,1252,1510
660070322,182,903,1085
660070401,9,62,71
660070402,9,38,47
660070403,4,47,51
660070404,1,43,44
660070405,49,330,379
660070406,18,36,54
660070407,39,260,299
660070408,374,812,1186
660070409,11,125,136
660070410,10,182,192
660070411,3,41,44
660070412,28,92,120
660070413,27,139,166
660070414,41,364,405
660070415,211,429,640
660070416,606,845,1451
660070417,304,1162,1466
660070418,409,760,1169
660070419,407,694,1101
660070420,504,686,1190
660070421,271,392,663
660070422,345,471,816
660070423,428,470,898
660070424,400,1330,1730
660070425,228,828,1056
660070426,93,995,1088
660070427,105,1010,1115
660070501,11,157,168
660070502,3,66,69
660070503,4,127,131
660070504,1,92,93
660070505,8,176,184
660070506,10,119,129
660070507,4,23,27
660070508,6,228,234
660070509,3,63,66
660070510,34,768,802
660070601,345,1414,1759
660070602,4,57,61
660070603,1,72,73
660070604,1,85,86
660070605,1,47,48
660070606,22,171,193
660070607,41,162,203
660070608,15,143,158
660070609,11,175,186
660070610,3,121,124
660070611,38,285,323
660070612,8,168,176
660070613,2,18,20
660070614,207,1040,1247
660070615,117,683,800
660070616,141,624,765
660070617,255,737,992
660070618,245,485,730
660070619,186,794,980
660070620,273,458,731
660070621,252,1059,1311
660140101,161,437,598
660140102,12,143,155
660140103,34,445,479
660140104,169,314,483
660140201,3,10,13
660140202,422,1920,2342
660140203,206,583,789
660140204,42,226,268
660140205,7,21,28
660140206,388,675,1063
660140207,249,310,559
660210101,14,282,296
660210102,23,83,106
660210103,260,549,809
660210104,306,768,1074
660210105,17,59,76
660210106,72,222,294
660210107,422,483,905
660210108,458,761,1219
660210109,500,686,1186
660210110,487,729,1216
660210111,417,410,827
660210112,423,679,1102
660210113,358,550,908
660210114,537,546,1083
660210115,325,794,1119
660210116,503,722,1225
660210201,7,8,15
660210202,4,40,44
660280101,306,131,437
660280102,184,38,222
660280103,24,108,132
660280104,451,954,1405
660280105,927,194,1121
660280106,667,192,859
660280107,406,355,761
660280108,398,213,611
660280109,395,500,895
660280110,433,607,1040
660280111,513,383,896
660280112,950,420,1370
660280113,465,239,704
660280114,853,128,981
660280115,563,95,658
660280116,61,357,418
660280117,525,833,1358
660280118,514,882,1396
660280119,350,773,1123
660280120,221,464,685
660280121,315,158,473
660280201,487,317,804
660280202,485,257,742
660280203,3,39,42
660280204,9,33,42
660280205,578,85,663
660280206,327,670,997
660280207,990,495,1485
660280208,192,585,777
660280301,3,17,20
660280302,2,52,54
660280303,0,42,42
660280304,7,61,68
660280401,520,383,903
660280402,591,823,1414
660280403,451,743,1194
660280404,560,1118,1678
660280405,630,1156,1786
660280406,745,1020,1765
660280407,493,949,1442
660280408,788,819,1607
660280409,722,346,1068
660280410,616,309,925
660280411,467,135,602
660280412,878,309,1187
660280413,903,420,1323
660280414,525,168,693
660280415,575,493,1068
660280416,505,264,769
660280417,995,1107,2102
660280418,565,706,1271
660280419,499,720,1219
660280420,427,513,940
660280421,546,306,852
660280422,1007,742,1749
660280423,952,701,1653
660280501,895,709,1604
660280502,399,331,730
660280503,456,574,1030
660280504,433,511,944
660280505,570,534,1104
660280506,713,479,1192
660280507,720,552,1272
660280508,766,459,1225
660280509,640,573,1213
660280510,904,557,1461
660280511,562,268,830
660280512,721,154,875
660280513,624,175,799
660280514,533,262,795
660280515,804,171,975
660280516,970,421,1391
660280517,969,212,1181
660280518,519,151,670
660280519,497,84,581
660280520,563,122,685
660280601,748,403,1151
660280602,743,427,1170
660280603,790,341,1131
660280604,655,364,1019
660280605,816,453,1269
660280606,609,219,828
660280607,656,242,898
660280608,642,338,980
660280609,444,233,677
660280610,621,286,907
660280611,934,328,1262
660280612,612,159,771
660280613,584,134,718
660280614,597,113,710
660280615,576,115,691
660280616,782,293,1075
660280617,568,142,710
660280618,451,192,643
660280619,582,461,1043
660280620,447,305,752
660280621,892,526,1418
660280622,846,443,1289
660280701,607,622,1229
660280702,647,709,1356
660280703,508,598,1106
660280704,513,586,1099
660280705,513,475,988
660280706,479,481,960
660280707,773,827,1600
660280708,766,637,1403
660280709,759,707,1466
660280710,783,584,1367
660280711,921,919,1840
660280712,436,323,759
660280713,734,489,1223
660280714,545,576,1121
660280715,631,549,1180
660280716,750,547,1297
660280717,610,592,1202
660280801,0,0,0
660280802,441,348,789
660280803,461,353,814
660280804,480,395,875
660280805,529,293,822
660280806,564,371,935
660280807,424,438,862
660280808,534,384,918
660280809,1036,715,1751
660280810,574,429,1003
660280811,379,467,846
660280812,433,402,835
660280813,546,383,929
660280814,371,135,506
660280815,453,239,692
660280901,1159,210,1369
660280902,1211,271,1482
660280903,573,354,927
660280904,483,561,1044
660280905,869,727,1596
660280906,813,806,1619
660280907,702,230,932
660280908,511,602,1113
660280909,831,572,1403
660280910,401,261,662
660280911,412,233,645
660280912,417,210,627
660280913,522,290,812
660280914,638,323,961
660280915,427,188,615
660280916,461,219,680
660281001,533,269,802
660281002,658,367,1025
660281003,622,506,1128
660281004,567,442,1009
660281005,551,254,805
660281006,732,374,1106
660281007,459,228,687
660281008,346,155,501
660281009,585,276,861
660281010,548,227,775
660281011,326,129,455
660281012,475,315,790
660281013,480,195,675
660281101,557,184,741
660281102,322,138,460
660281103,597,222,819
660281104,430,177,607
660281105,581,152,733
660281106,477,183,660
660281107,470,132,602
660281108,315,117,432
660281109,334,103,437
660281110,353,118,471
660281111,349,106,455
660281112,389,166,555
660281113,303,82,385
660281114,389,145,534
660281115,231,63,294
660281116,199,50,249
660281201,732,171,903
660281202,443,195,638
660281203,430,179,609
660281204,467,128,595
660281205,333,119,452
660281206,299,146,445
660281207,292,119,411
660281208,349,141,490
660281209,363,132,495
660281210,512,337,849
660281211,638,477,1115
660281212,880,890,1770
660281213,837,1037,1874
660281214,380,615,995
660281215,387,640,1027
660281301,406,203,609
660281302,206,50,256
660281303,486,191,677
660281304,356,123,479
660281305,773,389,1162
660281306,526,269,795
660281307,708,328,1036
660281308,416,175,591
660281309,288,124,412
660281310,392,194,586
660281311,253,101,354
660281401,562,447,1009
660281402,779,379,1158
660281403,704,322,1026
660281404,466,278,744
660281405,519,375,894
660281406,732,543,1275
660281407,845,535,1380
660281408,717,624,1341
660281409,657,637,1294
660281410,592,620,1212
660281411,845,823,1668
660281412,796,714,1510
660281413,733,695,1428
660281414,513,338,851
660281501,593,265,858
660281502,616,1109,1725
660281503,678,1050,1728
660281504,616,827,1443
660281505,459,1006,1465
660281506,416,976,1392
660281507,615,968,1583
660281508,487,596,1083
660281509,383,594,977
660281510,441,516,957
660281511,510,1029,1539
660281512,545,970,1515
660281513,440,709,1149
660281514,582,312,894
660281515,818,649,1467
660281516,566,347,913
660281517,460,304,764
660281518,581,667,1248
660281519,425,434,859
660281520,512,469,981
660281521,461,427,888
660281522,587,698,1285
660281523,413,550,963
660281524,697,929,1626
660281525,647,715,1362
660281601,611,879,1490
660281602,865,1299,2164
660281603,352,529,881
660281604,612,511,1123
660281605,726,709,1435
660281606,631,687,1318
660281607,698,357,1055
660281608,508,728,1236
660281609,579,691,1270
660281610,565,809,1374
660281611,735,650,1385
660281612,630,417,1047
660281613,542,478,1020
660281614,775,505,1280
660281615,479,598,1077
660281616,546,781,1327
660281617,592,1096,1688
660281618,993,683,1676
660281619,734,1194,1928
660281701,567,200,767
660281702,509,243,752
660281703,486,334,820
660281704,432,227,659
660281705,520,425,945
660281706,430,266,696
660281707,700,615,1315
660281708,643,696,1339
660281709,636,603,1239
660281710,358,427,785
660281711,333,507,840
660281712,648,829,1477
660281713,563,750,1313
660281714,797,937,1734
660281715,508,579,1087
660281716,568,703,1271
660281801,619,353,972
660281802,845,598,1443
660281803,476,384,860
660281804,426,452,878
660281805,473,472,945
660281806,562,511,1073
660281807,480,375,855
660281808,432,392,824
660281809,464,403,867
660281810,511,437,948
660281811,585,706,1291
660281812,587,375,962
660281813,542,664,1206
660281814,534,751,1285
660281815,406,531,937
660281816,490,548,1038
660281817,469,628,1097
660281818,414,623,1037
660281901,580,845,1425
660281902,493,723,1216
660281903,414,561,975
660281904,453,551,1004
660281905,698,766,1464
660281906,474,702,1176
660281907,551,669,1220
660281908,461,563,1024
660281909,409,658,1067
660281910,557,1224,1781
660281911,739,535,1274
660281912,400,420,820
660281913,648,487,1135
660281914,378,859,1237
660281915,425,776,1201
660282001,574,237,811
660282002,756,427,1183
660282003,611,177,788
660282004,613,405,1018
660282005,460,175,635
660282006,453,148,601
660282007,758,739,1497
660282008,478,707,1185
660282009,514,865,1379
660282010,418,525,943
660282011,576,992,1568
660282012,497,889,1386
660282013,330,743,1073
660282014,605,733,1338
660282015,541,792,1333
660282016,442,998,1440
660282017,403,1020,1423
660282018,638,1444,2082
660282019,201,603,804
660282101,483,205,688
660282102,460,88,548
660282103,355,95,450
660282104,804,563,1367
660282105,870,876,1746
660282106,1013,454,1467
660282107,666,304,970
660282108,566,196,762
660282109,548,153,701
660282110,309,90,399
660282111,512,331,843
660282112,634,207,841
660282113,568,473,1041
660282114,554,268,822
660282115,952,504,1456
660282116,1164,606,1770
660282117,991,490,1481
660282118,660,443,1103
660282119,778,472,1250
660282120,690,624,1314
660282121,702,769,1471
660282122,820,379,1199
660282123,491,387,878
660282124,540,346,886
660282201,737,416,1153
660282202,415,345,760
660282203,868,564,1432
660282204,1160,675,1835
660282205,541,319,860
660282206,597,326,923
660282207,561,300,861
660282208,908,155,1063
660282209,849,219,1068
660282210,973,217,1190
660282211,805,163,968
660282212,1026,399,1425
660282213,891,486,1377
660282214,1114,443,1557
660282301,609,959,1568
660282302,580,564,1144
660282303,767,1139,1906
660282304,579,960,1539
660282305,650,954,1604
660282306,645,849,1494
660282307,683,849,1532
660282308,491,1092,1583
660282309,830,947,1777
660282310,764,729,1493
660282311,677,1004,1681
660282312,607,786,1393
660282313,650,1034,1684
660282314,668,994,1662
660282315,514,991,1505
660282316,529,764,1293
660282317,535,964,1499
660282318,372,1039,1411
660282401,251,100,351
660282402,624,81,705
660282403,646,621,1267
660282404,647,940,1587
660282405,473,1024,1497
660282406,394,869,1263
660282407,327,583,910
660282408,603,1175,1778
660282409,502,1018,1520
660282410,633,1198,1831
660282411,553,1223,1776
660282412,674,1374,2048
660282501,960,523,1483
660282502,593,250,843
660282503,476,381,857
660282504,623,322,945
660282505,346,201,547
660282506,447,362,809
660282507,541,454,995
660282508,709,742,1451
660282509,694,221,915
660282510,1058,415,1473
660282511,1035,497,1532
660282512,659,229,888
660282513,567,223,790
660282514,780,352,1132
660282515,965,272,1237
660282601,543,580,1123
660282602,701,499,1200
660282603,551,631,1182
660282604,393,535,928
660282605,357,644,1001
660282606,441,716,1157
660282607,448,1197,1645
660282608,406,1316,1722
660282609,620,1251,1871
660282610,599,1366,1965
660282611,637,1013,1650
660282612,636,1441,2077
660282613,464,1304,1768
660282614,742,1261,2003
660282615,545,926,1471
660282616,623,775,1398
660282617,883,890,1773
660282618,271,900,1171
660282619,407,1102,1509
660282620,299,1015,1314
660282701,475,539,1014
660282702,263,658,921
660282703,574,865,1439
660282704,634,771,1405
660282705,392,753,1145
660282706,376,596,972
660282707,335,692,1027
660282708,362,743,1105
660282709,467,783,1250
660282710,385,633,1018
660282711,475,772,1247
660282712,514,783,1297
660282713,551,1022,1573
660282714,518,754,1272
660282715,430,1007,1437
660282801,530,228,758
660282802,441,296,737
660282803,560,292,852
660282804,525,180,705
660282805,806,282,1088
660282806,1030,605,1635
660282807,686,588,1274
660282808,696,453,1149
660282809,1237,690,1927
660282810,923,771,1694
660282811,858,531,1389
660282812,749,608,1357
660282813,947,874,1821
660282814,558,362,920
660282815,528,395,923
660350101,16,178,194
660350102,324,407,731
660350103,228,573,801
660350104,7,39,46
660350105,134,380,514
660350106,259,1035,1294
660350107,11,128,139
660350108,143,498,641
660350109,716,1133,1849
660350110,571,566,1137
660350111,428,603,1031
660350112,530,494,1024
660350113,518,572,1090
660350114,402,782,1184
660350115,380,415,795
660350116,564,755,1319
660350117,720,959,1679
660350118,199,792,991
660350119,229,510,739
660350120,446,867,1313
660350121,302,541,843
660350122,459,668,1127
660350123,725,567,1292
660350124,789,422,1211
660350201,285,1221,1506
660350202,167,616,783
660350203,137,500,637
660350204,11,25,36
660350205,27,121,148
660350206,327,737,1064
660350207,75,230,305
660350208,197,510,707
660350209,338,805,1143
660350210,425,991,1416
660350211,365,651,1016
660350212,424,1001,1425
660420101,31,227,258
660420102,11,130,141
660420103,172,821,993
660420104,357,1318,1675
660420105,161,381,542
660420106,189,603,792
660420107,35,204,239
660420108,347,604,951
660420109,434,674,1108
660420110,215,562,777
660420111,357,702,1059
660420201,124,414,538
660420202,179,612,791
660420203,508,989,1497
660420204,0,9,9
660420205,692,1053,1745
660420206,651,1068,1719
660420207,540,750,1290
660420208,615,861,1476
660420209,388,570,958
660420210,269,616,885
660490101,6,65,71
660490102,26,184,210
660490103,50,454,504
660490104,454,1034,1488
660490105,387,1219,1606
660490106,344,784,1128
660490107,460,804,1264
660490201,62,322,384
660490202,6,71,77
660490203,0,13,13
660490204,17,102,119
660490205,144,164,308
660490206,5,155,160
660490207,12,23,35
660490208,4,73,77
660490209,25,97,122
660490210,4,35,39
660490211,531,339,870
660490212,406,519,925
660490213,558,956,1514
660490214,289,702,991
660490215,337,669,1006
660490216,189,617,806
660490217,367,919,1286
660490301,141,520,661
660490302,261,671,932
660490303,10,105,115
660490304,214,633,847
660490305,494,948,1442
660490306,262,680,942
660490307,433,511,944
660490308,371,435,806
660490309,257,561,818
660490401,555,525,1080
660490402,334,658,992
660490403,472,1042,1514
660490404,387,750,1137
660490405,497,627,1124
660490406,304,483,787
660490407,255,542,797
660490408,349,504,853
660490409,268,921,1189
660490410,527,1452,1979
660490411,329,670,999
660490412,369,630,999
660490413,491,414,905
660490414,250,489,739
660490415,299,679,978
660490416,398,728,1126
660490417,447,277,724
660490418,453,475,928
660490419,258,523,781
660490420,219,500,719
660490421,310,535,845
660490422,299,414,713
660560101,0,127,127
660560102,384,897,1281
660560103,72,781,853
660560104,11,32,43
660560105,354,866,1220
660560106,537,1116,1653
660560107,559,420,979
660560108,355,392,747
660560109,507,640,1147
660560110,386,428,814
660560111,323,537,860
660560112,719,1041,1760
660560113,180,447,627
660560114,325,897,1222
660560115,263,717,980
660560116,104,427,531
660560117,198,819,1017
660560118,232,859,1091
660560119,364,1050,1414
660560120,99,659,758
660560201,9,232,241
660560202,56,367,423
660560203,331,1048,1379
660560204,210,1240,1450
660560205,92,376,468
660560206,52,204,256
660560207,25,126,151
660560208,73,505,578
660560209,46,418,464
660560210,564,576,1140
660560211,401,547,948
660560212,263,555,818
660560213,433,933,1366
660560214,323,312,635
660560215,202,464,666
660560216,229,669,898
660560217,263,377,640
660560218,451,702,1153
660560301,148,794,942
660560302,104,880,984
660560303,21,445,466
660560304,16,649,665
660560305,315,1203,1518
660560306,83,1112,1195
660560307,75,1061,1136
660560401,39,520,559
660560402,249,537,786
660560403,75,413,488
660560404,2,13,15
660560405,391,793,1184
660560406,138,83,221
660560407,179,128,307
660560408,396,393,789
660560409,83,514,597
660560410,218,1006,1224
660560411,109,521,630
660560501,18,48,66
660560502,19,79,98
660560503,17,320,337
660560504,189,779,968
660560505,140,754,894
660560601,18,33,51
660560602,51,288,339
660560603,53,548,601
660560604,9,137,146
660560605,11,238,249
660560606,11,203,214
660560607,7,123,130
660560608,196,1042,1238
660560609,60,116,176
660560610,9,94,103
660560611,50,690,740
660560612,109,845,954
660560613,236,931,1167
660560614,401,922,1323
660560615,327,1117,1444
660560616,385,1440,1825
660560617,238,954,1192
660560618,412,1213,1625
660560619,276,458,734
660560620,370,473,843
660560621,250,893,1143
660560622,531,415,946
660560623,262,378,640
660560624,497,1964,2461
660560625,229,308,537
660560626,459,853,1312
660560627,223,584,807
660560628,311,635,946
660560629,119,567,686
660560630,44,422,466
660560701,447,1728,2175
660560702,425,780,1205
660560703,426,760,1186
660560704,445,383,828
660560705,436,613,1049
660560706,698,630,1328
660560707,7,157,164
660560708,326,1305,1631
660560709,309,684,993
660560710,482,1134,1616
660560711,411,543,954
660560712,333,251,584
660560713,502,438,940
660560714,405,592,997
660560715,460,1142,1602
660560801,353,784,1137
660560802,446,834,1280
660560803,373,538,911
660560804,309,617,926
660560805,350,237,587
660560806,343,165,508
660560807,256,122,378
660560808,351,187,538
660560809,331,240,571
660560810,345,381,726
660560811,275,172,447
660560812,444,468,912
660560813,333,492,825
660560814,245,1092,1337
660560815,129,1208,1337
660560901,179,28,207
660560902,425,372,797
660560903,430,310,740
660560904,431,452,883
660560905,437,645,1082
660560906,396,672,1068
660560907,220,1068,1288
660560908,285,1087,1372
660560909,716,1092,1808
660560910,105,683,788
660560911,316,1070,1386
660560912,504,468,972
660560913,444,691,1135
660560914,382,484,866
660560915,610,790,1400
660560916,444,811,1255
660560917,178,1597,1775
660560918,230,878,1108
660560919,156,852,1008
660560920,487,579,1066
660560921,319,433,752
660560922,590,456,1046
660560923,528,560,1088
660560924,483,680,1163
660560925,447,742,1189
660561001,477,402,879
660561002,379,1086,1465
660561003,275,916,1191
660561004,403,436,839
660561005,441,558,999
660561006,358,438,796
660561007,525,326,851
660561008,272,566,838
660561009,237,388,625
660561010,301,798,1099
660561011,437,627,1064
660561012,313,539,852
660561013,289,832,1121
660561014,245,310,555
660561015,288,405,693
660630101,10,60,70
660630102,0,18,18
660630103,0,11,11
660630104,1,70,71
660630105,3,47,50
660630106,1,10,11
660630107,47,229,276
660630108,60,168,228
660630109,14,46,60
660630110,259,572,831
660630111,272,559,831
660630201,2,114,116
660630202,56,259,315
660630203,1,99,100
660700101,5,68,73
660700102,54,379,433
660700103,1,91,92
660700104,3,56,59
660700105,9,187,196
660700106,2,60,62
660700107,24,212,236
660700201,49,173,222
660700202,8,63,71
660700203,91,291,382
660700204,32,375,407
660700205,319,626,945
660700301,6,103,109
660700302,2,40,42
660700303,36,47,83
660700401,22,94,116
660700402,2,50,52
660700403,0,42,42
660700404,6,63,69
660700405,1,14,15
660700406,0,32,32
660700407,2,118,120
660700501,1,15,16
660700502,6,14,20
660700503,2,20,22
660700504,6,301,307
660700505,0,4,4
660700506,0,60,60
660700507,135,383,518
660700508,243,439,682
660770101,16,44,60
660770102,44,110,154
660770103,75,108,183
660770104,314,243,557
660770105,362,444,806
660770106,410,260,670
660770107,339,418,757
660770108,514,348,862
660770109,348,310,658
660770201,2,52,54
660770202,3,26,29
660770203,2,34,36
660770204,395,486,881
660770205,531,635,1166
660770301,4,25,29
660770302,6,13,19
660770303,156,137,293
660770304,36,58,94
660840101,15,331,346
660840102,87,398,485
660840103,2,38,40
660840104,5,36,41
660840105,8,32,40
660840106,212,661,873
660840107,328,508,836
660840108,210,581,791
660840109,328,531,859
660840201,24,97,121
660840202,5,113,118
660840203,12,153,165
660840204,7,47,54
660840205,159,438,597
660910101,7,47,54
660910102,19,135,154
660910103,14,100,114
660910104,3,117,120
660910105,25,106,131
660910201,6,67,73
660910202,1,81,82
660910203,14,52,66
660910204,31,196,227
660910205,178,372,550
660980101,173,524,697
660980102,21,233,254
660980103,48,102,150
660980104,30,37,67
660980105,414,1021,1435
660980106,543,1180,1723
660980201,3,41,44
660980202,0,6,6
660980203,45,193,238
660980204,10,53,63
660980205,64,329,393
660980206,1,10,11
660980207,25,90,115
660980208,226,560,786
660980209,318,602,920
661050101,0,0,0
661050102,0,0,0
661050103,1,5,6
661050104,105,87,192
661050201,12,61,73
661050202,78,311,389
661050203,5,132,137
661050204,5,58,63
661050205,33,78,111
661050206,1,7,8
661050207,0,3,3
661050208,0,13,13
661050209,260,833,1093
661050210,244,473,717
661050211,241,452,693
661050212,219,387,606
661050213,206,843,1049
661120101,46,143,189
661120102,1,19,20
661120103,6,50,56
661120104,14,103,117
661120105,331,623,954
661120106,80,349,429
661120107,40,169,209
661120108,68,211,279
661120109,199,1106,1305
661120110,62,285,347
661120201,50,364,414
661120202,2,52,54
661120203,1,10,11
661120204,8,91,99
661120205,13,263,276
661120206,9,268,277
661120207,11,77,88
661120208,27,558,585
661120209,68,722,790
661120210,64,427,491
661120211,11,135,146
661120212,309,709,1018
661120213,443,899,1342
661120214,546,1086,1632
661120215,304,755,1059
661120301,353,842,1195
661120302,445,518,963
661120303,300,424,724
661120304,290,496,786
661120305,251,942,1193
661120306,384,684,1068
661120307,336,272,608
661120308,314,248,562
661120309,456,405,861
661120310,662,734,1396
661120311,426,518,944
661120312,471,808,1279
661120313,400,536,936
661120401,541,889,1430
661120402,217,447,664
661120403,233,336,569
661120404,428,317,745
661120405,408,653,1061
661120406,366,498,864
661120407,189,481,670
661120408,341,471,812
661120409,631,1194,1825
661120410,302,473,775
661120411,528,517,1045
661120412,524,785,1309
661120413,505,956,1461
661190101,24,262,286
661190102,117,1450,1567
661190103,98,444,542
661190104,31,224,255
661190105,94,191,285
661190201,4,64,68
661190202,18,210,228
661190203,62,547,609
661190204,14,291,305
661190205,371,647,1018
661260101,20,123,143
661260102,127,1265,1392
661260103,31,438,469
661260104,284,588,872
661260105,269,838,1107
661260201,13,189,202
661260202,23,187,210
661260203,51,627,678
661260204,4,88,92
661260205,268,495,763
661260206,384,1380,1764
661260207,610,330,940
661260208,768,378,1146
661260209,674,927,1601
661260210,251,1005,1256
661260211,173,731,904
661260212,184,769,953
661260213,718,669,1387
661260214,144,855,999
661260215,264,931,1195
661260216,318,589,907
661260217,556,1621,2177
661260218,374,660,1034
661260301,8,220,228
661260302,106,590,696
661260303,261,870,1131
661260304,55,822,877
661260401,36,982,1018
661260402,83,579,662
661260403,9,91,100
661260404,20,203,223
661260405,2,62,64
661260406,67,362,429
661260407,7,119,126
661260408,65,853,918
661260409,132,890,1022
661260410,388,1373,1761
661260411,152,1323,1475
661260412,196,1344,1540
661260413,192,1228,1420
661260414,229,862,1091
661260415,342,745,1087
661260416,436,936,1372
661260417,256,351,607
661260418,339,641,980
661260501,6,17,23
661260502,222,781,1003
661260503,4,15,19
661260504,554,507,1061
661260505,395,679,1074
661260506,391,639,1030
661260507,606,726,1332
661260508,469,796,1265
661260509,580,873,1453
661260510,360,880,1240
661260511,271,900,1171
661260601,112,737,849
661260602,5,159,164
661260603,33,679,712
661260604,3,88,91
661260605,18,225,243
661260606,9,74,83
661260607,5,82,87
661260608,0,16,16
661260609,179,1633,1812
661260610,235,1590,1825
661260611,215,1669,1884
661260612,222,1032,1254
661260613,355,917,1272
661260614,286,1161,1447
661260615,268,874,1142
661260616,201,1008,1209
661260617,249,567,816
661260618,427,503,930
661260619,336,1246,1582
661260620,538,910,1448
661260621,203,500,703
661260622,243,618,861
661260623,39,400,439
661260624,251,775,1026
661260625,116,585,701
661260701,286,1403,1689
661260702,153,1476,1629
661260703,266,1062,1328
661260704,566,460,1026
661260705,305,497,802
661260706,494,571,1065
661260707,454,808,1262
661260708,371,1045,1416
661260709,416,1491,1907
661260710,387,419,806
661260711,360,370,730
661260712,362,340,702
661260713,234,1410,1644
661260714,428,909,1337
661260715,366,248,614
661260716,304,191,495
661260717,575,441,1016
661260718,503,430,933
661260719,257,352,609
661260720,393,841,1234
661260721,524,567,1091
661260722,428,370,798
661260723,411,778,1189
661260801,565,1161,1726
661260802,419,542,961
661260803,214,240,454
661260804,292,336,628
661260805,331,315,646
661260806,324,292,616
661260807,339,346,685
661260808,232,558,790
661260809,505,1394,1899
661260810,269,572,841
661260811,226,769,995
661260812,429,1430,1859
661260813,489,1126,1615
661260814,516,990,1506
661260815,606,624,1230
661260816,561,531,1092
661260817,501,833,1334
661260818,486,1604,2090
661260819,543,847,1390
661260820,302,167,469
661260821,553,822,1375
661260822,519,817,1336
661260823,398,824,1222
661260824,701,1014,1715
661330101,169,2751,2920
661330102,96,1692,1788
661330103,14,426,440
661330104,10,380,390
661330105,3,228,231
661330106,52,958,1010
661330107,215,1398,1613
661330108,373,1264,1637
661330201,11,117,128
661330202,9,102,111
661330203,20,433,453
661330204,8,136,144
661330205,2,81,83
661330206,7,137,144
661330207,2,71,73
661330208,135,507,642
661330209,8,194,202
661330210,8,308,316
661330211,6,252,258
661330212,7,234,241
661330213,3,182,185
661330214,22,466,488
661330215,15,72,87
661330216,60,872,932
661330217,3,102,105
661330218,13,218,231
661330219,25,453,478
661330220,85,865,950
661330221,336,733,1069
661330222,122,344,466
661330223,215,533,748
661330224,163,781,944
661330301,16,677,693
661330302,23,382,405
661330303,5,125,130
661330304,27,913,940
661330305,26,689,715
661330306,32,863,895
661330307,38,133,171
661330308,13,381,394
661330309,102,782,884
661330310,83,868,951
661330311,181,763,944
661330312,61,985,1046
661400101,9,50,59
661400102,25,93,118
661400103,22,126,148
661400104,0,25,25
661400105,6,62,68
661400106,3,57,60
661400107,29,91,120
661400108,36,304,340
661400109,0,13,13
661400110,14,217,231
661400111,9,71,80
661400112,13,98,111
661400113,29,187,216
661400114,44,130,174
661400115,16,140,156
661400116,215,860,1075
661400117,259,1102,1361
661400118,521,404,925
661400119,438,685,1123
661400120,467,714,1181
661400121,844,1119,1963
661400201,0,37,37
661400202,16,43,59
661400203,6,123,129
661400204,14,116,130
661400205,1,156,157
661400301,8,70,78
661400302,6,63,69
661400303,1,15,16
661400304,25,349,374
661400305,8,28,36
661400306,2,33,35
661400307,6,70,76
661400308,0,32,32
661400309,0,45,45
661400310,81,383,464
661400311,116,329,445
661400312,119,396,515
661400401,479,536,1015
661400402,353,686,1039
661400403,325,524,849
661400404,388,302,690
661400405,283,785,1068
661400406,258,430,688
661400407,291,312,603
661400408,384,267,651
661400409,375,962,1337
661400410,494,687,1181
661400411,463,574,1037
661400412,307,586,893
661400413,277,458,735
661400414,417,802,1219
661400415,364,810,1174
661400416,213,491,704
661470101,10,137,147
661470102,2,142,144
661470103,18,109,127
661470104,10,154,164
661470105,30,111,141
661470201,2,115,117
661470202,5,123,128
661470203,6,72,78
661470204,0,57,57
661470205,17,110,127
661470301,2,97,99
661470302,3,158,161
661470303,4,23,27
661470304,1,24,25
661470305,5,78,83
661470306,101,364,465
661470307,637,1461,2098
661470308,0,21,21
661470309,2,54,56
661470310,2,19,21
661470311,384,938,1322
661470312,581,741,1322
661470313,297,358,655
661470314,211,297,508
661470315,708,1083,1791
661470316,641,758,1399
661470317,339,1215,1554
661470401,371,685,1056
661470402,82,637,719
661470403,67,297,364
661470404,117,396,513
661470405,21,170,191
661470406,1,13,14
661470407,577,1654,2231
661470408,400,1302,1702
661470409,374,599,973
661470501,266,654,920
661470502,389,622,1011
661470503,518,587,1105
661470504,369,862,1231
661470505,430,469,899
661470506,342,610,952
661470507,354,625,979
661470508,367,463,830
661470509,431,561,992
661470510,494,940,1434
661470511,547,846,1393
661470512,246,277,523
661470513,530,642,1172
661470514,416,764,1180
661470515,438,546,984
661540101,52,128,180
661540102,29,305,334
661540103,10,74,84
661540104,0,3,3
661540105,15,659,674
661540106,217,539,756
661540201,11,145,156
661540202,9,53,62
661540203,18,168,186
661540204,9,73,82
661540205,3,32,35
661540206,30,157,187
661540207,11,125,136
661540208,125,286,411
661540209,279,908,1187
661540210,476,702,1178
661540211,227,620,847
661610101,4,203,207
661610102,24,880,904
661610103,41,1012,1053
661610104,8,196,204
661610105,36,517,553
661610106,3,188,191
661610107,6,200,206
661610108,17,155,172
661610109,15,350,365
661610110,224,836,1060
661610201,37,287,324
661610202,113,240,353
661610203,64,198,262
661610204,10,158,168
661610205,309,610,919
661610301,15,249,264
661610302,70,365,435
661610303,9,98,107
661610304,121,609,730
661610305,16,227,243
661610306,266,562,828
700070101,558,650,1208
700070102,594,717,1311
700070103,374,719,1093
700070104,417,476,893
700070201,276,859,1135
700070202,248,600,848
700070203,265,479,744
700070204,311,1543,1854
700070205,453,1172,1625
700070206,460,787,1247
700070207,190,446,636
700070301,402,1213,1615
700070302,332,489,821
700070303,110,336,446
700070304,216,504,720
700070305,42,182,224
700070306,241,786,1027
700070307,320,959,1279
700070308,286,764,1050
700070401,150,441,591
700070402,140,436,576
700070403,334,830,1164
700070501,46,116,162
700140101,92,347,439
700140102,89,415,504
700140103,403,887,1290
700140104,232,634,866
700140105,283,638,921
700140106,435,670,1105
700140107,600,1042,1642
700140201,34,227,261
700140202,73,431,504
700140301,30,36,66
700210101,54,267,321
700210201,325,755,1080
700210202,44,146,190
700210203,288,705,993
700210204,48,173,221
700210205,0,33,33
700210301,90,263,353
700210302,273,660,933
700210401,414,472,886
700210402,27,116,143
700210403,422,619,1041
700210404,563,719,1282
700210405,52,144,196
700210501,2,26,28
700210601,10,4,14
700210701,0,30,30
700210702,0,1,1
700280101,556,206,762
700280102,366,184,550
700280103,398,192,590
700280104,386,182,568
700280105,193,81,274
700280106,490,207,697
700280107,301,88,389
700280108,290,147,437
700280109,228,109,337
700280110,408,153,561
700280111,334,137,471
700280112,431,171,602
700280113,229,122,351
700280114,354,142,496
700280115,201,101,302
700280116,371,129,500
700280117,246,115,361
700280118,246,115,361
700280201,606,309,915
700280202,505,489,994
700280203,1019,223,1242
700280204,533,83,616
700280205,394,279,673
700280206,335,292,627
700280207,456,169,625
700280208,306,277,583
700280209,526,177,703
700280210,637,160,797
700280211,350,184,534
700280212,225,173,398
700280213,326,205,531
700280301,276,569,845
700280302,326,483,809
700280303,541,659,1200
700280304,622,566,1188
700280305,439,468,907
700280306,527,290,817
700280307,375,216,591
700280308,392,458,850
700280309,470,374,844
700280310,265,305,570
700280311,357,283,640
700280312,265,221,486
700280313,564,478,1042
700280314,402,244,646
700280315,244,135,379
700280316,515,298,813
700280317,354,181,535
700280318,487,687,1174
700280319,370,207,577
700280320,291,146,437
700280321,337,143,480
700280401,211,145,356
700280402,303,237,540
700280403,447,189,636
700280404,299,160,459
700280405,499,350,849
700280406,497,261,758
700280407,426,229,655
700280408,537,318,855
700280409,333,254,587
700280410,528,343,871
700280411,371,187,558
700280412,571,439,1010
700280413,541,293,834
700280414,762,233,995
700280501,509,303,812
700280502,572,300,872
700280503,294,152,446
700280504,679,211,890
700280505,265,126,391
700280506,802,187,989
700280507,397,166,563
700280508,454,265,719
700280509,457,119,576
700280510,546,94,640
700280511,559,332,891
700280512,407,133,540
700280513,445,245,690
700280514,318,90,408
700280515,391,272,663
700280516,498,91,589
700280601,457,838,1295
700280602,760,324,1084
700280603,324,344,668
700280604,396,386,782
700280605,575,371,946
700280606,215,340,555
700280607,408,350,758
700280608,637,301,938
700280609,500,300,800
700280610,340,199,539
700280611,556,319,875
700280612,441,280,721
700280613,570,253,823
700280614,417,232,649
700280615,404,447,851
700280616,274,235,509
700280617,615,485,1100
700280618,491,612,1103
700280619,292,127,419
700280701,678,279,957
700280702,408,151,559
700280703,651,295,946
700280704,578,399,977
700280705,515,348,863
700280706,481,286,767
700280707,473,537,1010
700280708,463,494,957
700280709,502,542,1044
700280710,474,461,935
700280711,523,559,1082
700280712,624,558,1182
700280713,366,367,733
700280714,547,512,1059
700280715,545,183,728
700280716,264,135,399
700280801,473,362,835
700280802,399,195,594
700280803,357,300,657
700280804,332,236,568
700280805,508,272,780
700280806,546,209,755
700280807,522,214,736
700280808,378,123,501
700280809,615,244,859
700280810,493,418,911
700280811,347,195,542
700280901,613,346,959
700280902,538,266,804
700280903,327,264,591
700280904,358,155,513
700280905,464,261,725
700280906,269,133,402
700280907,388,207,595
700280908,622,458,1080
700280909,491,308,799
700280910,561,212,773
700280911,200,81,281
700280912,265,262,527
700280913,266,249,515
700280914,309,179,488
700280915,521,447,968
700280916,452,581,1033
700350101,308,1065,1373
700350102,290,880,1170
700350103,377,890,1267
700350104,393,649,1042
700350105,482,866,1348
700350106,519,618,1137
700350107,325,628,953
700350108,398,735,1133
700350109,367,636,1003
700350110,325,515,840
700350111,457,490,947
700350112,389,662,1051
700350113,371,512,883
700350114,528,544,1072
700350201,293,578,871
700350202,77,429,506
700350203,148,801,949
700350204,127,525,652
700350205,341,181,522
700350301,194,888,1082
700350302,164,875,1039
700350401,109,322,431
700350402,232,715,947
700350403,154,728,882
700350501,21,427,448
700350502,7,243,250
700350503,67,300,367
700350601,19,73,92
700350602,43,235,278
700350701,197,651,848
700350702,644,1078,1722
700350703,381,584,965
700350704,294,541,835
700350705,566,519,1085
700350706,458,334,792
700350707,341,786,1127
700350708,490,398,888
700350709,672,434,1106
700350710,179,686,865
700350711,211,850,1061
700420101,285,428,713
700420102,746,828,1574
700420103,518,432,950
700420104,793,661,1454
700420105,780,486,1266
700420106,744,710,1454
700420107,308,440,748
700420108,410,599,1009
700420109,404,554,958
700420110,473,570,1043
700420111,318,674,992
700420112,238,627,865
700420201,773,590,1363
700420202,271,624,895
700420203,520,1042,1562
700420204,389,1545,1934
700420205,408,607,1015
700420206,575,655,1230
700420207,896,1067,1963
700420208,302,558,860
700420209,701,709,1410
700420210,766,453,1219
700420211,461,358,819
700420212,745,875,1620
700420213,580,761,1341
700420214,420,598,1018
700420215,419,428,847
700420216,660,828,1488
700420217,595,831,1426
700420301,273,888,1161
700420302,505,740,1245
700420303,387,792,1179
700420304,57,97,154
700420401,466,634,1100
700420402,578,1444,2022
700420403,339,522,861
700420404,324,1046,1370
700420405,450,834,1284
700420406,653,1084,1737
700420407,462,882,1344
700420408,385,830,1215
700420409,489,495,984
700420410,386,573,959
700420411,401,525,926
700420412,697,637,1334
700420413,666,642,1308
700420414,717,972,1689
700420415,543,479,1022
700420416,756,366,1122
700420417,701,896,1597
700420418,332,402,734
700420419,339,316,655
700420501,580,831,1411
700420502,537,705,1242
700420503,474,415,889
700420504,700,564,1264
700420505,386,1250,1636
700420506,491,887,1378
700420507,806,779,1585
700420508,524,691,1215
700420509,607,569,1176
700420510,805,672,1477
700420511,472,408,880
700420512,581,458,1039
700420513,481,609,1090
700420514,658,1000,1658
700420515,341,546,887
700490101,74,255,329
700490102,42,69,111
700490201,129,267,396
700490202,244,416,660
700490203,359,559,918
700490204,355,531,886
700490205,222,410,632
700490206,71,249,320
700490207,216,606,822
700490301,88,294,382
700490302,201,415,616
700490303,71,230,301
700490401,4,13,17
700560101,57,635,692
700560102,174,931,1105
700560103,81,533,614
700560104,248,606,854
700560105,295,1061,1356
700560106,37,425,462
700560107,95,295,390
700560108,94,493,587
700560109,149,484,633
700560201,379,597,976
700560202,392,515,907
700560203,390,640,1030
700560204,215,210,425
700560205,349,585,934
700560206,507,450,957
700560207,279,447,726
700560208,417,590,1007
700560209,289,511,800
700560210,63,199,262
700560211,463,652,1115
700560212,261,494,755
700560213,346,277,623
700560301,68,416,484
700560302,162,768,930
700560401,3,79,82
700560501,2,26,28
700560601,37,239,276
700560701,46,484,530
700560702,21,153,174
700630101,93,380,473
700630102,176,570,746
700630103,374,1069,1443
700630104,56,233,289
700630105,33,102,135
700630106,262,868,1130
700630201,39,102,141
700630202,433,958,1391
700630203,404,711,1115
700630204,186,743,929
700630205,296,638,934
700700101,249,716,965
700700102,402,1131,1533
700700103,261,1287,1548
700700104,354,696,1050
700700105,249,895,1144
700700106,334,723,1057
700700107,417,614,1031
700700108,277,692,969
700700109,408,471,879
700700110,212,391,603
700700111,308,399,707
700700112,460,523,983
700700113,549,601,1150
700700114,378,1194,1572
700700115,575,574,1149
700700201,59,233,292
700700202,82,365,447
700700203,284,893,1177
700700204,193,664,857
700700205,357,550,907
700700206,628,1304,1932
700700207,530,1471,2001
700700301,141,557,698
700700302,172,730,902
700700303,180,698,878
700700304,284,768,1052
700700305,55,387,442
700700401,15,132,147
700700501,345,898,1243
700700502,423,446,869
700700503,191,807,998
700700504,250,477,727
700700505,425,531,956
700700506,334,929,1263
700700507,224,945,1169
700700508,309,784,1093
700700509,381,646,1027
700700510,526,746,1272
700700511,462,1332,1794
700700512,558,929,1487
700700513,484,788,1272
700700514,444,965,1409
700700515,393,856,1249
700700516,307,1156,1463
700700517,410,849,1259
700700518,247,460,707
700770101,151,355,506
700770102,766,1108,1874
700770103,4,11,15
700770104,439,882,1321
700770105,318,717,1035
700770106,395,614,1009
700770201,641,635,1276
700770202,710,717,1427
700770203,551,758,1309
700770204,626,751,1377
700770205,548,703,1251
700770206,730,532,1262
700770207,642,534,1176
700770208,773,758,1531
700770209,734,323,1057
700770210,319,288,607
700770211,726,266,992
700770212,446,505,951
700770213,540,676,1216
700770301,473,424,897
700770302,468,439,907
700770303,553,439,992
700770304,603,678,1281
700770305,512,467,979
700770306,604,659,1263
700770307,557,782,1339
700770308,468,341,809
700770309,537,628,1165
700770310,606,599,1205
700770311,597,528,1125
700770312,360,450,810
700770313,313,544,857
700770401,325,368,693
700770402,312,294,606
700770403,413,328,741
700770404,499,343,842
700770405,477,370,847
700770406,551,455,1006
700770407,747,259,1006
700770408,492,291,783
700770409,286,395,681
700770410,698,460,1158
700770411,350,366,716
700770412,628,552,1180
700770413,316,302,618
700770414,350,370,720
700770415,301,499,800
700770416,363,468,831
700770501,575,388,963
700770502,326,981,1307
700770503,543,264,807
700770504,182,375,557
700770505,584,258,842
700770506,338,207,545
700770507,548,549,1097
700770508,392,426,818
700770509,351,288,639
700770510,746,595,1341
700770511,859,515,1374
700770512,836,333,1169
700770601,261,847,1108
700770602,225,764,989
700770603,243,251,494
700770701,180,675,855
700770702,155,470,625
700770703,64,490,554
700770801,292,346,638
700770802,390,395,785
700770803,679,699,1378
700770804,300,608,908
700770805,440,772,1212
700770806,682,932,1614
700770807,305,557,862
700770808,601,484,1085
700770809,574,788,1362
700770810,896,708,1604
700770811,389,749,1138
700770812,470,654,1124
700770813,697,973,1670
700770814,421,602,1023
700770815,436,625,1061
700770901,477,465,942
700770902,449,373,822
700770903,512,402,914
700770904,495,636,1131
700770905,678,1211,1889
700770906,417,714,1131
700770907,450,610,1060
700770908,457,544,1001
700770909,342,858,1200
700770910,536,724,1260
700770911,457,676,1133
700770912,513,464,977
700771001,360,295,655
700771002,718,765,1483
700771003,388,293,681
700771004,658,411,1069
700771005,663,440,1103
700771006,468,639,1107
700771007,702,591,1293
700771008,369,463,832
700771009,383,342,725
700771010,415,543,958
700771011,438,310,748
700771012,392,381,773
700771013,584,660,1244
700840101,18,36,54
700840102,194,40,234
700840201,312,791,1103
700840202,212,622,834
700840203,422,556,978
700840204,950,351,1301
700840205,474,473,947
700840206,595,196,791
700840207,593,242,835
700840208,841,236,1077
700840209,568,272,840
700840210,953,214,1167
700840211,805,391,1196
700840212,738,501,1239
700840213,391,371,762
700840214,346,368,714
700840215,674,444,1118
700840216,663,422,1085
700840217,532,229,761
700840301,770,645,1415
700840302,760,360,1120
700840303,597,493,1090
700840304,529,662,1191
700840305,1234,352,1586
700840306,616,581,1197
700840307,740,622,1362
700840308,580,641,1221
700840309,541,676,1217
700840310,726,594,1320
700840311,660,584,1244
700840312,752,476,1228
700840313,567,322,889
700840314,532,480,1012
700840315,725,411,1136
700840316,501,512,1013
700840317,480,456,936
700840318,376,387,763
700840319,530,403,933
700840320,603,243,846
700840401,832,755,1587
700840402,513,230,743
700840403,590,366,956
700840404,553,152,705
700840405,848,517,1365
700840406,308,386,694
700840407,447,445,892
700840408,504,402,906
700840409,513,687,1200
700840410,564,282,846
700840411,380,246,626
700840412,804,544,1348
700840413,458,229,687
700840414,324,443,767
700840415,332,506,838
700840416,521,238,759
700840417,526,226,752
700840501,456,737,1193
700840502,655,175,830
700840503,380,1498,1878
700840504,1120,798,1918
700840505,237,740,977
700840506,164,751,915
700840601,553,633,1186
700840602,646,958,1604
700840603,577,243,820
700840604,893,313,1206
700840605,520,285,805
700840606,715,240,955
700840607,735,145,880
700840608,832,158,990
700840609,812,257,1069
700840610,680,1162,1842
700840611,570,718,1288
700840612,372,822,1194
700840613,215,467,682
700910101,117,721,838
700910102,241,687,928
700910103,71,310,381
700910104,320,940,1260
700910105,45,224,269
700910106,99,308,407
700910107,153,451,604
700910108,90,235,325
700910109,420,673,1093
700910110,93,242,335
700910111,167,418,585
700910112,491,736,1227
700910113,318,631,949
700910114,262,875,1137
700910201,8,46,54
700980101,500,662,1162
700980102,304,626,930
700980103,430,562,992
700980104,607,443,1050
700980105,415,593,1008
700980106,601,959,1560
700980107,393,767,1160
700980108,461,448,909
700980109,634,601,1235
700980110,540,639,1179
700980111,572,541,1113
700980112,579,417,996
700980113,377,259,636
700980114,315,590,905
700980115,503,304,807
700980116,785,839,1624
700980117,375,314,689
700980118,378,683,1061
700980201,579,796,1375
700980202,275,419,694
700980203,364,636,1000
700980204,378,492,870
700980205,590,889,1479
700980206,545,884,1429
700980207,802,534,1336
700980301,957,544,1501
700980302,560,455,1015
700980303,248,379,627
700980304,435,696,1131
700980305,404,820,1224
700980306,263,656,919
700980307,587,653,1240
700980308,506,591,1097
700980401,731,575,1306
700980402,510,200,710
700980403,537,318,855
700980404,616,469,1085
700980405,429,372,801
700980406,498,311,809
700980407,386,138,524
700980408,381,139,520
700980409,597,156,753
700980410,430,151,581
700980411,517,288,805
700980412,354,215,569
701050101,42,351,393
701050102,169,488,657
701050103,110,263,373
701050104,135,279,414
701050105,91,455,546
701050106,314,672,986
701050107,406,1029,1435
701050108,449,835,1284
701050201,406,1398,1804
701050202,351,1615,1966
701050203,216,604,820
701050301,514,592,1106
701050302,632,1210,1842
701050303,443,1206,1649
701050304,112,839,951
701050305,180,927,1107
701050306,521,677,1198
701050307,595,522,1117
701050308,327,581,908
701120101,178,453,631
701120102,464,878,1342
701120103,90,337,427
701120104,207,729,936
701120105,363,814,1177
701120201,12,25,37
701190101,16,165,181
701190102,97,256,353
701190103,8,94,102
701190201,375,689,1064
701190202,736,885,1621
701190203,23,186,209
701190204,39,83,122
701190205,81,322,403
701190206,352,424,776
701190207,372,334,706
701190301,41,192,233
701190302,48,187,235
701190303,219,466,685
701260101,531,945,1476
701260102,205,747,952
701260103,146,912,1058
701260104,233,1054,1287
701260105,218,590,808
701260106,310,416,726
701260107,351,717,1068
701260201,383,978,1361
701260202,163,984,1147
701260203,270,828,1098
701260204,117,669,786
701260205,118,335,453
701260206,259,559,818
701260207,157,513,670
701260208,169,678,847
701260301,222,877,1099
701260401,13,133,146
701330101,176,412,588
701330102,828,1301,2129
701330103,526,986,1512
701330104,118,141,259
701330201,1,6,7
740070101,31,106,137
740070102,20,178,198
740070201,11,195,206
740070202,16,131,147
740070203,22,117,139
740070301,2,44,46
740070302,18,63,81
740070303,23,125,148
740070304,441,921,1362
740070305,529,651,1180
740070306,27,106,133
740070307,7,41,48
740070401,127,304,431
740070402,400,669,1069
740070403,281,296,577
740070404,292,574,866
740070405,504,366,870
740070406,400,323,723
740070407,387,314,701
740070408,440,390,830
740070409,365,214,579
740070410,334,454,788
740070411,32,144,176
740070412,2,27,29
740070413,449,421,870
740070414,528,494,1022
740070501,15,72,87
740070502,10,82,92
740070503,15,24,39
740070504,125,235,360
740070505,62,165,227
740070506,54,199,253
740070507,604,600,1204
740070508,516,351,867
740070509,440,339,779
740070510,337,293,630
740140101,4,15,19
740140102,48,94,142
740140103,15,50,65
740140201,9,25,34
740140202,9,47,56
740140203,0,50,50
740140204,10,29,39
740140301,14,74,88
740140302,19,71,90
740140303,42,67,109
740140304,79,76,155
740140401,11,59,70
740140402,34,128,162
740140403,349,326,675
740140404,162,273,435
740140405,246,244,490
740140406,7,58,65
740140501,35,77,112
740140502,32,102,134
740140503,234,327,561
740140504,7,22,29
740140505,27,94,121
740210101,14,27,41
740210102,125,110,235
740210103,28,86,114
740210104,20,52,72
740210105,76,129,205
740210106,98,51,149
740210107,130,108,238
740210108,131,66,197
740210109,235,181,416
740210110,191,97,288
740210111,158,131,289
740210112,167,116,283
740210113,28,23,51
740210201,15,164,179
740210202,13,79,92
740210203,129,259,388
740210204,79,107,186
740210301,8,30,38
740210302,48,53,101
740210303,426,411,837
740210304,519,303,822
740210305,861,523,1384
740210306,530,359,889
740210307,629,543,1172
740210308,647,592,1239
740210309,406,216,622
740210310,30,70,100
740210311,41,48,89
740210401,119,143,262
740210402,18,15,33
740210403,36,49,85
740210404,61,77,138
740210405,600,428,1028
740210406,40,56,96
740210407,29,40,69
740280101,26,117,143
740280102,566,561,1127
740280103,496,382,878
740280104,381,182,563
740280105,295,244,539
740280106,369,340,709
740280107,551,509,1060
740280108,80,101,181
740280109,89,155,244
740280110,21,74,95
740280201,57,139,196
740280202,226,332,558
740280203,409,357,766
740280204,70,212,282
740280205,143,242,385
740280206,245,283,528
740280301,205,194,399
740280302,56,172,228
740280303,4,22,26
740280304,50,150,200
740280305,20,75,95
740280306,362,348,710
740280307,31,32,63
740280308,548,335,883
740280309,553,241,794
740280310,526,313,839
740280311,547,283,830
740280401,16,42,58
740280402,340,256,596
740280403,511,399,910
740280404,538,343,881
740280405,780,391,1171
740280406,422,251,673
740280407,442,440,882
740280408,374,467,841
740280409,78,94,172
740280410,42,97,139
740280411,8,36,44
740350101,5,15,20
740350102,14,23,37
740350103,123,135,258
740350104,22,27,49
740350201,13,17,30
740350202,11,11,22
740350203,53,34,87
740350204,16,32,48
740350205,19,23,42
740350301,19,51,70
740350302,33,65,98
740350303,19,42,61
740350304,87,98,185
740350305,18,33,51
740350401,21,38,59
740350402,31,33,64
740350403,27,69,96
740350404,113,72,185
740350405,9,27,36
740350406,5,34,39
740350407,250,268,518
740350501,18,59,77
740350502,27,33,60
740350601,66,171,237
740350602,88,156,244
740350603,23,58,81
740350604,24,11,35
740350605,5,18,23
740350701,64,31,95
740350702,499,413,912
740350703,548,456,1004
740350704,400,332,732
740350705,352,307,659
740350706,415,354,769
740350707,442,337,779
740350708,622,412,1034
740350709,485,326,811
740350710,664,505,1169
740350711,497,410,907
740350712,380,387,767
740350713,583,439,1022
740350714,457,244,701
740350715,362,199,561
740350716,443,229,672
740350801,589,473,1062
740350802,304,316,620
740350803,0,3,3
740350804,828,633,1461
740350805,967,484,1451
740350806,355,380,735
740350807,299,267,566
740350808,433,289,722
740350809,522,337,859
740350810,494,476,970
740350811,914,548,1462
740350812,380,324,704
740350813,336,264,600
740350814,595,288,883
740350815,480,272,752
740350816,459,274,733
740350817,614,462,1076
740350818,603,419,1022
740350819,779,351,1130
740350820,482,144,626
740350821,33,62,95
740350901,527,181,708
740350902,520,214,734
740350903,460,385,845
740350904,571,444,1015
740350905,56,141,197
740350906,569,302,871
740350907,648,394,1042
740350908,530,233,763
740350909,427,179,606
740350910,625,252,877
740350911,597,238,835
740350912,398,172,570
740350913,443,264,707
740350914,543,338,881
740350915,589,294,883
740350916,519,280,799
740350917,544,433,977
740351001,1203,344,1547
740351002,423,192,615
740351003,400,277,677
740351004,574,247,821
740351005,1103,324,1427
740351006,926,359,1285
740351007,807,263,1070
740351008,734,236,970
740351009,638,231,869
740351010,375,235,610
740351011,552,267,819
740351012,338,177,515
740351013,401,261,662
740351014,267,126,393
740351015,329,169,498
740351016,614,417,1031
740351017,422,306,728
740351018,536,281,817
740351019,987,267,1254
740351020,108,42,150
740351101,156,47,203
740351102,563,323,886
740351103,546,303,849
740351104,406,308,714
740351105,269,219,488
740351106,358,177,535
740351107,294,101,395
740351108,299,101,400
740351109,288,109,397
740351110,547,332,879
740351111,629,588,1217
740351112,776,712,1488
740351113,326,469,795
740351114,626,499,1125
740351201,516,261,777
740351202,608,271,879
740351203,354,299,653
740351204,449,243,692
740351205,442,361,803
740351206,517,351,868
740351207,418,439,857
740351208,536,511,1047
740351209,578,547,1125
740351210,580,407,987
740351211,257,107,364
740351212,286,113,399
740351213,334,251,585
740351214,582,728,1310
740351215,521,489,1010
740351216,430,501,931
740351217,340,302,642
740351218,226,185,411
740351301,674,149,823
740351302,2,3,5
740351303,886,199,1085
740351304,892,219,1111
740351305,865,228,1093
740351306,602,135,737
740351307,97,26,123
740351308,755,249,1004
740351309,924,197,1121
740351310,705,216,921
740351311,664,275,939
740351401,911,428,1339
740351402,27,23,50
740351403,713,323,1036
740351404,582,329,911
740351405,523,284,807
740351406,976,257,1233
740351407,913,238,1151
740351408,1087,253,1340
740351409,843,219,1062
740351410,866,224,1090
740351501,18,12,30
740351502,342,70,412
740351503,51,118,169
740351504,215,43,258
740351505,9,1,10
740351506,2,14,16
740351507,25,47,72
740351601,381,341,722
740351602,321,286,607
740351603,353,191,544
740351604,373,288,661
740351605,303,350,653
740351606,515,489,1004
740351607,393,342,735
740351608,402,327,729
740351609,475,325,800
740351610,704,633,1337
740351611,502,390,892
740351612,563,330,893
740351701,113,104,217
740351702,59,113,172
740351703,6,59,65
740351704,55,127,182
740351705,32,107,139
740351801,42,75,117
740351802,32,88,120
740351803,33,60,93
740351804,7,22,29
740351805,22,70,92
740351806,42,12,54
740420101,11,44,55
740420102,93,98,191
740420103,33,60,93
740420201,27,52,79
740420202,195,139,334
740420203,18,22,40
740420204,278,171,449
740420205,80,152,232
740420206,182,104,286
740420207,654,580,1234
740420208,616,606,1222
740420301,1,12,13
740420302,120,95,215
740420303,20,29,49
740420304,436,336,772
740420305,29,49,78
740420306,799,476,1275
740420307,26,85,111
740420308,342,250,592
740420401,10,52,62
740420402,73,104,177
740420403,430,482,912
740420404,528,638,1166
740420405,150,112,262
740420406,16,33,49
740420501,10,50,60
740420502,1,15,16
740420601,3,30,33
740420602,24,53,77
740420603,522,453,975
740490101,30,59,89
740490102,61,97,158
740490103,219,195,414
740490104,96,133,229
740490105,39,109,148
740490106,100,91,191
740490107,2,21,23
740490201,77,141,218
740490202,11,212,223
740490203,40,101,141
740490204,414,406,820
740490205,304,264,568
740490206,423,438,861
740490207,272,414,686
740490208,260,293,553
740490209,399,314,713
740490210,299,297,596
740490211,293,170,463
740490212,46,85,131
740490213,12,203,215
740490301,135,194,329
740490302,39,76,115
740490303,669,569,1238
740490304,500,298,798
740490305,393,246,639
740490306,370,328,698
740490401,704,591,1295
740490402,494,363,857
740490403,381,181,562
740490404,362,159,521
740490405,874,587,1461
740490406,715,488,1203
740490407,401,239,640
740490408,286,166,452
740490409,336,225,561
740490410,478,189,667
740490411,632,263,895
740490412,471,130,601
740490413,634,306,940
740490414,406,326,732
740490415,875,693,1568
740490416,524,230,754
740490417,376,323,699
740490418,355,197,552
740490419,328,158,486
740560101,32,63,95
740560102,18,40,58
740560103,47,89,136
740560104,100,155,255
740560105,311,247,558
740560201,75,73,148
740560202,128,150,278
740560203,143,170,313
740560204,757,778,1535
740560205,265,199,464
740560206,610,567,1177
740560301,20,0,20
740560302,479,40,519
740560303,310,100,410
740560304,516,267,783
740560305,512,159,671
740560306,800,244,1044
740560307,642,183,825
740560308,665,159,824
740560309,0,0,0
740560310,858,215,1073
740560311,884,229,1113
740560312,806,189,995
740560313,942,237,1179
740560314,730,184,914
740560315,620,177,797
740560316,923,224,1147
740560317,0,0,0
740560318,11,5,16
740560401,85,97,182
740560402,169,72,241
740560403,354,140,494
740560404,340,109,449
740560405,290,89,379
740560406,611,336,947
740560407,421,251,672
740560408,97,80,177
740560501,369,165,534
740560502,844,199,1043
740560503,230,113,343
740560504,501,71,572
740560505,467,87,554
740560506,696,311,1007
740560507,525,157,682
740560508,708,291,999
740560509,931,327,1258
740560510,734,111,845
740560511,267,29,296
740560512,1003,323,1326
740560513,797,320,1117
740560514,630,332,962
740560515,63,60,123
740560601,5,7,12
740560602,138,58,196
740560603,642,224,866
740560604,584,252,836
740560605,581,583,1164
740560606,757,649,1406
740560607,413,306,719
740560608,297,170,467
740560609,543,369,912
740560610,754,467,1221
740560611,661,456,1117
740560612,568,441,1009
740560613,510,399,909
740560614,431,307,738
740560615,772,458,1230
740560616,430,282,712
740560617,612,446,1058
740560701,664,377,1041
740560702,910,460,1370
740560703,62,24,86
740560704,1107,739,1846
740560705,1190,799,1989
740560706,1207,733,1940
740560707,323,221,544
740560708,759,415,1174
740560709,579,323,902
740560710,755,576,1331
740560711,293,200,493
740560712,742,370,1112
740560713,980,649,1629
740560714,733,251,984
740560715,735,237,972
740560716,728,302,1030
740560717,826,458,1284
740560718,421,196,617
740560719,549,411,960
740560720,540,396,936
740560721,647,532,1179
740560722,464,311,775
740560723,352,166,518
740560724,438,264,702
740560725,453,300,753
740560726,688,390,1078
740560801,679,515,1194
740560802,876,680,1556
740560803,570,169,739
740560804,591,199,790
740560805,598,204,802
740560806,273,96,369
740560807,676,199,875
740560808,707,233,940
740560809,624,164,788
740560810,746,263,1009
740560811,421,113,534
740560812,768,207,975
740560813,691,151,842
740560814,622,159,781
740560815,519,182,701
740560901,581,257,838
740560902,793,278,1071
740560903,721,219,940
740560904,390,128,518
740560905,613,163,776
740560906,734,172,906
740560907,722,263,985
740560908,900,231,1131
740560909,589,226,815
740560910,883,209,1092
740560911,560,182,742
740560912,400,151,551
740560913,198,12,210
740560914,647,104,751
740560915,719,168,887
740560916,404,48,452
740561001,521,301,822
740561002,394,198,592
740561003,576,416,992
740561004,505,337,842
740561005,773,447,1220
740561006,813,303,1116
740561007,853,289,1142
740561008,518,201,719
740561009,385,104,489
740561010,710,261,971
740561011,872,383,1255
740561012,829,513,1342
740561013,547,311,858
740561014,528,231,759
740561015,657,218,875
740561016,534,197,731
740561017,582,221,803
740561018,624,211,835
740561101,491,443,934
740561102,719,445,1164
740561103,740,302,1042
740561104,457,267,724
740561105,417,162,579
740561106,429,92,521
740561107,607,183,790
740561108,413,147,560
740561109,326,136,462
740561110,320,125,445
740561111,331,84,415
740561112,397,87,484
740561113,382,77,459
740561114,223,74,297
740561115,286,56,342
740561116,277,67,344
740561117,416,129,545
740561118,676,489,1165
740561119,394,404,798
740561120,413,374,787
740561121,477,259,736
740561122,590,522,1112
740561201,1029,957,1986
740561202,685,587,1272
740561203,1146,511,1657
740561204,1062,542,1604
740561205,438,471,909
740561206,473,441,914
740561207,395,263,658
740561208,326,198,524
740561209,352,351,703
740561210,369,284,653
740561211,411,219,630
740561212,418,350,768
740561213,565,583,1148
740561214,578,541,1119
740561215,800,750,1550
740561216,949,592,1541
740561217,280,275,555
740561218,42,75,117
740561219,330,384,714
740561220,459,463,922
740561301,333,104,437
740561302,334,139,473
740561303,441,122,563
740561304,440,72,512
740561305,430,132,562
740561306,248,118,366
740561307,529,239,768
740561308,511,330,841
740561309,546,294,840
740561310,392,227,619
740561311,628,375,1003
740561312,447,315,762
740561401,376,70,446
740561402,345,90,435
740561403,606,204,810
740561404,607,235,842
740561405,698,272,970
740561406,627,334,961
740561407,376,296,672
740561408,579,345,924
740561409,538,304,842
740561410,332,118,450
740561411,345,162,507
740561412,470,194,664
740561413,527,268,795
740561414,713,461,1174
740561415,880,257,1137
740561416,898,273,1171
740561417,907,335,1242
740561418,727,561,1288
740561501,484,319,803
740561502,630,320,950
740561503,758,539,1297
740561504,299,173,472
740561505,621,281,902
740561506,804,307,1111
740561507,852,381,1233
740561508,906,375,1281
740561509,687,246,933
740561510,685,267,952
740561511,717,365,1082
740561512,790,357,1147
740561513,899,331,1230
740561514,790,320,1110
740561515,314,139,453
740561601,161,167,328
740561602,45,117,162
740561603,26,96,122
740561701,46,58,104
740561702,2,6,8
740561703,5,14,19
740561704,44,28,72
740561705,21,55,76
740561706,1,11,12
740561707,440,452,892
740561801,0,10,10
740561802,99,106,205
740561803,4,38,42
740561804,10,19,29
740561805,0,16,16
740561901,34,84,118
740561902,82,84,166
740561903,2,14,16
740561904,1,8,9
740630101,19,209,228
740630102,402,269,671
740630201,26,249,275
740630202,78,378,456
740630301,112,344,456
740630302,119,54,173
740630303,47,200,247
740630304,29,147,176
740630305,78,147,225
740630401,56,242,298
740630402,80,327,407
740630501,10,106,116
740630502,22,32,54
740630503,230,180,410
740630504,88,229,317
780070101,14,21,35
780070201,16,43,59
780070301,2,12,14
780070302,0,17,17
780070401,28,66,94
780070501,750,236,986
780070502,987,380,1367
780070503,858,432,1290
780070504,266,145,411
780070505,1274,409,1683
780070601,475,168,643
780070602,1220,352,1572
780070603,581,285,866
780070604,764,173,937
780140101,7,32,39
780140102,7,39,46
780140103,871,551,1422
780140104,1006,626,1632
780140105,558,381,939
780140106,1403,773,2176
780140107,857,388,1245
780140108,928,611,1539
780140109,1660,551,2211
780140201,18,51,69
780140202,808,326,1134
780140203,1197,645,1842
780140204,917,560,1477
780140205,723,570,1293
780140206,1041,394,1435
780140207,708,305,1013
780140208,1053,719,1772
780140209,278,253,531
780140210,964,345,1309
780140211,1187,610,1797
780140212,1357,559,1916
780140213,811,658,1469
780140214,676,246,922
780140215,21,4,25
780140216,1228,484,1712
780140217,615,285,900
780140218,886,368,1254
780140219,730,753,1483
780140220,766,302,1068
780140221,1147,411,1558
780140222,1146,370,1516
780140301,6,26,32
780140302,1,36,37
780140303,111,92,203
780140304,887,375,1262
780140305,1335,570,1905
780140401,9,29,38
780140402,157,129,286
780140403,198,132,330
780140501,15,43,58
780140502,12,32,44
780140503,29,28,57
780140504,568,162,730
780140505,1305,664,1969
780140506,853,278,1131
780140507,1026,264,1290
780140601,14,20,34
780140701,27,24,51
780140801,296,231,527
780140802,701,499,1200
780140803,754,404,1158
780140804,730,467,1197
780140805,828,389,1217
780140901,1321,606,1927
780140902,885,503,1388
780140903,491,337,828
780140904,409,283,692
780140905,578,315,893
780140906,893,497,1390
780140907,495,260,755
780140908,884,648,1532
780140909,707,334,1041
780140910,743,452,1195
780140911,796,316,1112
780140912,985,403,1388
780140913,749,419,1168
780140914,588,380,968
780141001,602,183,785
780141101,1110,266,1376
780141102,593,263,856
780141103,283,126,409
780141104,516,215,731
780141105,281,128,409
780141106,373,194,567
780141107,376,203,579
780141108,795,487,1282
780141109,502,281,783
780141110,503,252,755
780141111,882,535,1417
780141112,652,414,1066
780141113,670,316,986
780141114,558,468,1026
780141115,690,422,1112
780141116,417,347,764
780141117,508,209,717
780141118,243,130,373
780141119,368,191,559
780141120,1108,337,1445
780141121,530,245,775
780141122,459,316,775
780141123,472,223,695
780141124,326,240,566
780141125,389,243,632
780141201,659,233,892
780141202,728,257,985
780141203,915,614,1529
780141204,561,271,832
780141205,438,184,622
780141206,689,353,1042
780141207,577,244,821
780141208,622,363,985
780210101,60,85,145
780210102,8,26,34
780210201,16,29,45
780210301,24,80,104
780210401,84,135,219
780210402,88,34,122
780210403,77,42,119
780210404,4,0,4
780210405,657,586,1243
780210406,76,54,130
780210501,25,40,65
780210601,54,110,164
780210701,100,153,253
780210702,156,113,269
780210703,8,6,14
780210704,334,79,413
780210705,19,6,25
780210706,126,83,209
780210801,850,269,1119
780210802,1533,491,2024
780210803,32,2,34
780210804,551,157,708
780210805,665,322,987
780210806,853,347,1200
780210807,1442,384,1826
780210901,1010,511,1521
780210902,1366,633,1999
780210903,1505,487,1992
780211001,555,177,732
780211002,869,354,1223
780211003,439,165,604
780211004,463,101,564
780211005,381,74,455
780211006,409,116,525
780211007,261,129,390
780211008,587,325,912
780211009,294,197,491
780211010,806,439,1245
780211011,656,383,1039
780211012,560,362,922
780211013,403,179,582
780211014,630,330,960
780211015,325,126,451
780211016,452,193,645
780211101,521,100,621
780211102,441,95,536
780211103,836,202,1038
780211104,272,81,353
780211105,923,244,1167
780211106,476,107,583
780211107,402,85,487
780211108,350,84,434
780211109,554,182,736
780211110,351,133,484
780211111,396,222,618
780211112,673,278,951
780211113,745,115,860
780211114,672,143,815
780211115,624,270,894
780211116,361,145,506
780211117,357,75,432
780211118,627,145,772
780211119,219,67,286
780211120,660,125,785
780211121,397,243,640
780211122,746,264,1010
780211123,577,437,1014
780211201,712,333,1045
780211202,436,145,581
780211203,374,278,652
780211204,492,401,893
780211205,953,214,1167
780211206,358,95,453
780211207,864,322,1186
780211208,850,315,1165
780211209,762,244,1006
780211210,696,158,854
780211211,542,161,703
780211212,928,276,1204
780211213,532,134,666
780211214,490,284,774
780211215,385,318,703
780211216,524,337,861
780211217,616,132,748
780211218,490,115,605
780211219,573,153,726
780211220,980,282,1262
780211221,1923,249,2172
780211301,809,179,988
780211302,389,287,676
780211303,447,223,670
780211304,1121,133,1254
780211305,1131,452,1583
780211306,1570,436,2006
780211307,1436,407,1843
780211308,1225,493,1718
780211309,921,251,1172
780211310,836,269,1105
780211311,837,199,1036
780211312,1800,463,2263
780211313,350,179,529
780211314,650,291,941
780211315,1365,321,1686
780211316,119,31,150
780211317,1138,567,1705
780211318,400,109,509
780211319,414,110,524
780211320,1119,890,2009
780211321,803,322,1125
780211322,1101,226,1327
780211401,1016,353,1369
780211402,620,359,979
780211403,657,259,916
780211404,521,240,761
780211405,430,279,709
780211406,604,450,1054
780211407,771,425,1196
780211408,688,346,1034
780211409,588,305,893
780211410,673,454,1127
780211411,476,318,794
780211412,499,213,712
780211413,323,117,440
780211414,946,361,1307
780211415,617,220,837
780280101,13,17,30
780280102,21,25,46
780280103,925,216,1141
780280201,3,8,11
780280301,1,12,13
780280401,36,28,64
780280402,166,48,214
780280501,28,30,58
780280502,6,14,20
780280503,1011,228,1239
780280504,1551,792,2343
780280505,199,176,375
780280506,230,29,259
780280507,5,2,7
780280508,46,4,50
780280509,63,55,118
780280510,637,99,736
780280511,28,5,33
780280512,56,9,65
780280513,1438,399,1837
780280514,971,382,1353
780280601,5,18,23
780280701,337,160,497
780280702,522,222,744
780280703,777,269,1046
780280704,815,407,1222
780280705,570,190,760
780280706,598,156,754
780350101,2,16,18
780350102,1,22,23
780350201,4,28,32
780350301,5,27,32
780350401,8,38,46
780350402,410,243,653
780350403,889,388,1277
780350404,792,391,1183
780350501,27,20,47
780350601,375,230,605
780350602,757,389,1146
780350603,893,420,1313
780350604,555,272,827
780350605,146,133,279
780420101,33,40,73
780420201,2,26,28
780420202,479,159,638
780420203,447,108,555
780420301,594,294,888
780420302,681,288,969
780420303,227,83,310
780420304,478,279,757
780420305,827,379,1206
780420306,1138,471,1609
780420307,806,264,1070
780490101,27,45,72
780490102,24,2,26
780490103,165,81,246
780490201,18,30,48
780490301,31,30,61
780490401,7,10,17
780490501,1156,594,1750
780490502,840,431,1271
780490503,451,243,694
820070101,79,134,213
820070102,149,222,371
820070103,632,549,1181
820070104,91,133,224
820070201,503,384,887
820070202,576,493,1069
820070203,518,273,791
820070204,734,581,1315
820070205,558,585,1143
820070206,408,311,719
820070207,399,264,663
820070208,852,781,1633
820070209,103,179,282
820070210,569,380,949
820070211,675,588,1263
820070212,134,171,305
820070213,345,299,644
820070214,378,232,610
820070215,299,272,571
820070216,573,660,1233
820070217,345,372,717
820070301,455,361,816
820070302,696,426,1122
820070303,597,358,955
820070304,542,333,875
820070305,563,685,1248
820070306,576,596,1172
820070307,151,172,323
820070308,334,389,723
820070309,104,150,254
820070310,781,611,1392
820070311,472,382,854
820070312,698,431,1129
820070313,370,384,754
820070314,397,327,724
820070315,478,490,968
820070401,353,405,758
820070402,320,195,515
820070403,500,307,807
820070404,446,193,639
820070405,453,228,681
820070406,451,391,842
820070407,490,545,1035
820070408,518,511,1029
820070409,726,860,1586
820070410,343,341,684
820070411,384,199,583
820070412,698,597,1295
820070413,345,695,1040
820070414,499,433,932
820140101,609,610,1219
820140102,664,574,1238
820140103,446,351,797
820140104,369,222,591
820140105,428,331,759
820140106,567,405,972
820140107,472,516,988
820140108,447,355,802
820140109,618,517,1135
820140110,716,463,1179
820140111,479,530,1009
820140112,611,499,1110
820140113,458,460,918
820140114,603,427,1030
820140115,696,583,1279
820140116,342,415,757
820140117,422,357,779
820140118,8,11,19
820140119,28,39,67
820140120,38,70,108
820140121,73,52,125
820140122,16,38,54
820140123,8,9,17
820140124,20,47,67
820140125,24,23,47
820140126,73,59,132
820140127,39,49,88
820140128,77,109,186
820140129,41,103,144
820140130,355,351,706
820140201,65,73,138
820140202,48,61,109
820140203,436,365,801
820140204,799,731,1530
820140205,441,345,786
820140206,612,330,942
820140207,538,360,898
820140208,416,277,693
820140209,363,230,593
820140210,495,269,764
820140211,374,218,592
820140212,305,191,496
820140213,299,175,474
820140214,320,166,486
820140215,241,170,411
820140216,308,196,504
820140217,343,247,590
820140218,761,545,1306
820140219,452,363,815
820140301,327,221,548
820140302,373,223,596
820140303,610,355,965
820140304,321,213,534
820140305,439,324,763
820140306,142,156,298
820140307,730,867,1597
820140308,391,448,839
820140309,393,372,765
820140310,477,301,778
820140311,409,401,810
820140312,46,56,102
820140401,405,444,849
820140402,453,434,887
820140403,501,466,967
820140404,474,452,926
820140405,442,381,823
820140406,589,569,1158
820140407,439,428,867
820140408,530,612,1142
820140409,324,270,594
820140410,494,406,900
820140411,429,433,862
820140412,569,453,1022
820140413,4,39,43
820140414,1,11,12
820140415,158,135,293
820140416,95,193,288
820140417,62,93,155
820140418,108,136,244
820140419,461,496,957
820140420,400,309,709
820140501,16,22,38
820140502,44,84,128
820140503,610,519,1129
820140504,556,405,961
820140505,110,134,244
820140506,576,427,1003
820140507,466,330,796
820140508,520,300,820
820140509,296,330,626
820140510,471,411,882
820140511,506,447,953
820140512,26,22,48
820140513,291,335,626
820140514,491,460,951
820140515,12,47,59
820140516,30,36,66
820140517,500,547,1047
820140518,290,279,569
820140519,374,348,722
820140520,7,22,29
820140521,7,5,12
820140522,7,17,24
820140523,296,369,665
820140524,201,300,501
820140601,956,1825,2781
820140602,677,623,1300
820140603,271,264,535
820140604,590,432,1022
820140605,620,908,1528
820140606,431,390,821
820140607,699,509,1208
820140608,501,496,997
820140609,478,832,1310
820140610,16,19,35
820140611,26,44,70
820149001,25,49,74
820210101,55,93,148
820210102,15,54,69
820210103,604,778,1382
820210104,356,511,867
820210105,304,339,643
820210106,403,460,863
820210107,418,350,768
820210108,107,303,410
820210109,63,53,116
820210110,524,592,1116
820210111,119,197,316
820210112,197,335,532
820210113,90,92,182
820210114,54,112,166
820210115,265,337,602
820210116,102,255,357
820210117,66,217,283
820210118,301,411,712
820210119,623,887,1510
820210120,73,227,300
820210121,51,132,183
820210122,38,150,188
820210123,113,158,271
820210124,636,582,1218
820210125,13,66,79
820210126,52,159,211
820210127,37,103,140
820210128,174,213,387
820210129,61,89,150
820210130,59,143,202
820210131,70,165,235
820210132,108,191,299
820210133,468,536,1004
820210134,419,618,1037
820210201,747,435,1182
820210202,648,367,1015
820210203,624,326,950
820210204,789,345,1134
820210205,736,656,1392
820210206,580,308,888
820210207,695,502,1197
820210208,591,290,881
820210209,701,407,1108
820210210,583,356,939
820210211,567,324,891
820210212,708,602,1310
820210213,350,157,507
820210214,537,392,929
820210215,1380,453,1833
820210216,679,307,986
820210217,1034,666,1700
820210218,684,562,1246
820210301,25,24,49
820210302,820,811,1631
820210303,64,183,247
820210304,108,210,318
820210305,540,788,1328
820210306,65,191,256
820210307,76,140,216
820210308,109,151,260
820210309,21,12,33
820210310,167,323,490
820210311,365,258,623
820210312,51,55,106
820210313,472,479,951
820210314,103,204,307
820210315,113,88,201
820210316,21,75,96
820210317,549,502,1051
820210318,408,571,979
820210319,96,162,258
820210320,121,155,276
820210321,624,552,1176
820210322,124,194,318
820210323,49,108,157
820210324,45,81,126
820210325,46,57,103
820210326,40,92,132
820210327,361,265,626
820210328,51,111,162
820210329,76,121,197
820210330,45,111,156
820210331,52,128,180
820210332,113,143,256
820210333,215,247,462
820210401,789,764,1553
820210402,466,357,823
820210403,368,220,588
820210404,531,414,945
820210405,346,291,637
820210406,926,399,1325
820210407,229,153,382
820210408,579,332,911
820210409,534,364,898
820210410,278,109,387
820210411,491,273,764
820210412,406,198,604
820210413,456,204,660
820210414,486,264,750
820210415,518,334,852
820210416,1781,1618,3399
820210417,745,876,1621
820210418,699,868,1567
820210419,714,706,1420
820210420,396,369,765
820210421,320,281,601
820210422,1835,2072,3907
820210501,533,693,1226
820210502,493,790,1283
820210503,629,571,1200
820210504,450,365,815
820210505,699,858,1557
820210506,583,363,946
820210507,397,210,607
820210508,641,261,902
820210509,401,144,545
820210510,345,136,481
820210511,502,173,675
820210512,679,738,1417
820210513,888,971,1859
820210514,690,869,1559
820210601,639,575,1214
820210602,563,305,868
820210603,454,209,663
820210604,495,198,693
820210605,681,332,1013
820210606,516,246,762
820210607,745,375,1120
820210608,644,466,1110
820210609,889,401,1290
820210610,812,343,1155
820210611,797,536,1333
820210612,694,489,1183
820210613,513,332,845
820210614,703,401,1104
820210615,356,73,429
820210616,2297,539,2836
820210617,536,197,733
820210618,756,540,1296
820210619,929,541,1470
820210620,767,580,1347
820210701,225,423,648
820210702,616,1387,2003
820210703,49,67,116
820210704,78,114,192
820210705,29,80,109
820210706,271,363,634
820210707,346,467,813
820210708,1,18,19
820210709,50,78,128
820210710,404,354,758
820210711,53,72,125
820210712,464,457,921
820210713,286,380,666
820210714,52,137,189
820210715,25,62,87
820210716,47,60,107
820210717,625,804,1429
820210718,542,682,1224
820210719,357,560,917
820210720,352,470,822
820210721,368,503,871
820210722,821,1153,1974
820210723,7,13,20
820210724,411,447,858
820210725,289,377,666
820210726,424,632,1056
820210801,355,107,462
820210802,527,243,770
820210803,511,192,703
820210804,476,271,747
820210805,461,323,784
820210806,359,191,550
820210807,854,529,1383
820210808,559,294,853
820210809,467,494,961
820210810,547,522,1069
820210811,594,338,932
820210812,330,163,493
820210813,526,499,1025
820210814,702,497,1199
820210815,459,520,979
820210901,751,320,1071
820210902,609,350,959
820210903,608,377,985
820210904,1175,470,1645
820210905,426,272,698
820210906,394,217,611
820210907,619,253,872
820210908,84,46,130
820210909,448,182,630
820210910,330,185,515
820210911,672,451,1123
820210912,848,423,1271
820210913,443,279,722
820210914,501,283,784
820211001,77,164,241
820211002,284,295,579
820211003,64,174,238
820211004,34,103,137
820211005,72,89,161
820211006,667,543,1210
820211007,650,384,1034
820211008,698,550,1248
820211009,625,480,1105
820211010,18,30,48
820211011,65,94,159
820211012,113,140,253
820211013,867,657,1524
820211014,578,457,1035
820211015,584,443,1027
820211016,393,287,680
820211017,578,359,937
820211018,472,330,802
820280101,856,615,1471
820280102,349,252,601
820280103,297,281,578
820280104,599,712,1311
820280105,796,982,1778
820280106,20,32,52
820280107,242,190,432
820280108,445,354,799
820280109,315,266,581
820280110,158,105,263
820280111,58,78,136
820280112,451,545,996
820280113,505,399,904
820280114,368,455,823
820280115,16,15,31
820280116,7,33,40
820280117,360,548,908
820280118,16,49,65
820280119,32,67,99
820280120,282,160,442
820280121,367,240,607
820280122,413,339,752
820280123,263,242,505
820280124,378,301,679
820280201,894,884,1778
820280202,37,112,149
820280203,140,237,377
820280204,485,340,825
820280205,595,807,1402
820280206,34,72,106
820280207,377,386,763
820280208,150,97,247
820280209,147,192,339
820280210,20,34,54
820280211,531,429,960
820280212,352,425,777
820280213,17,18,35
820280214,313,301,614
820280215,26,40,66
820280216,260,333,593
820280217,49,38,87
820280218,11,24,35
820280219,15,20,35
820280220,381,292,673
820280221,405,302,707
820280301,539,1658,2197
820280302,541,403,944
820280303,716,397,1113
820280304,484,356,840
820280305,478,277,755
820280306,787,615,1402
820280307,616,453,1069
820280308,541,358,899
820280309,1306,1239,2545
820280310,65,95,160
820280311,434,400,834
820280312,224,178,402
820280313,207,253,460
820280314,239,220,459
820280315,71,120,191
820280316,311,293,604
820280317,41,73,114
820280318,599,417,1016
820280319,256,163,419
820280320,320,365,685
820280321,294,321,615
820280322,183,508,691
820280323,47,105,152
820280324,427,519,946
820280325,33,68,101
820280326,912,748,1660
820280327,146,151,297
820280401,532,570,1102
820280402,454,350,804
820280403,528,556,1084
820280404,643,465,1108
820280405,503,646,1149
820280406,405,198,603
820280407,543,332,875
820280408,482,201,683
820280409,514,322,836
820280410,853,590,1443
820280411,454,346,800
820280412,641,397,1038
820280413,823,340,1163
820280414,766,501,1267
820280415,596,383,979
820280501,352,720,1072
820280502,339,304,643
820280503,471,328,799
820280504,548,306,854
820280505,753,690,1443
820280506,1090,704,1794
820280507,584,366,950
820280508,797,582,1379
820280509,678,535,1213
820280510,350,306,656
820280511,714,631,1345
820280512,961,913,1874
820280513,819,622,1441
820280514,745,487,1232
820280515,614,814,1428
820280516,406,355,761
820280517,818,830,1648
820289201,59,90,149
820350101,110,247,357
820350102,205,697,902
820350103,36,153,189
820350104,5,22,27
820350105,10,31,41
820350106,231,671,902
820350107,14,47,61
820350108,73,290,363
820350109,45,205,250
820350110,127,394,521
820350111,500,734,1234
820350112,238,783,1021
820350113,467,685,1152
820350114,628,485,1113
820350115,10,54,64
820350116,131,409,540
820350117,341,546,887
820350201,0,13,13
820350202,594,1333,1927
820350203,34,63,97
820350204,12,42,54
820350205,43,100,143
820350206,137,308,445
820350207,211,800,1011
820350208,73,222,295
820350209,347,735,1082
820350210,508,611,1119
820350211,715,1008,1723
820350212,406,813,1219
820350213,368,640,1008
820420101,40,54,94
820420102,298,324,622
820420103,401,371,772
820420104,162,178,340
820420105,35,41,76
820420106,81,96,177
820420107,487,542,1029
820420108,751,506,1257
820420109,657,496,1153
820420110,183,304,487
820420111,476,499,975
820420112,402,418,820
820420113,57,107,164
820420115,331,349,680
820420116,134,171,305
820420117,189,210,399
820420118,77,101,178
820420119,123,219,342
820420120,53,78,131
820420121,121,147,268
820420122,471,435,906
820420123,359,360,719
820420124,163,163,326
820420201,80,141,221
820420202,181,293,474
820420203,48,123,171
820420204,81,125,206
820420205,554,410,964
820420206,459,653,1112
820420207,376,248,624
820420208,286,344,630
820420209,41,50,91
820420210,281,265,546
820420211,141,198,339
820420212,340,458,798
820420213,404,352,756
820420214,580,669,1249
820420215,626,630,1256
820420216,112,192,304
820420217,106,178,284
820420218,198,175,373
820420219,546,617,1163
820420220,556,364,920
820420221,611,571,1182
820420222,478,450,928
820420301,59,114,173
820420302,188,259,447
820420303,56,112,168
820420304,89,115,204
820420305,75,261,336
820420306,97,122,219
820420307,50,84,134
820420308,241,314,555
820420309,166,246,412
820420310,320,341,661
820420311,329,476,805
820420312,357,771,1128
820420313,742,801,1543
820420314,409,554,963
820420315,427,433,860
820420316,627,542,1169
820420317,370,286,656
820420318,535,609,1144
820420319,248,238,486
820420320,22,48,70
820420321,45,57,102
820420322,23,48,71
820420323,359,467,826
820420324,305,280,585
820420401,599,487,1086
820420402,715,1111,1826
820420403,770,843,1613
820420404,719,570,1289
820420405,364,170,534
820420406,469,320,789
820420407,317,245,562
820420408,913,265,1178
820420409,398,258,656
820420410,310,190,500
820420411,288,129,417
820420412,300,256,556
820420413,574,567,1141
820420414,421,316,737
820420415,515,469,984
820420416,299,221,520
820420417,860,445,1305
820420418,506,349,855
820420419,448,496,944
820420420,68,48,116
820420421,775,331,1106
820420501,677,561,1238
820420502,577,396,973
820420503,701,727,1428
820420504,272,177,449
820420505,381,245,626
820420506,580,394,974
820420507,472,364,836
820420508,552,767,1319
820420509,228,311,539
820420601,441,424,865
820420602,345,494,839
820420603,518,545,1063
820420604,553,529,1082
820420605,490,422,912
820420606,651,488,1139
820420607,539,274,813
820420608,527,291,818
820420609,182,135,317
820420610,687,428,1115
820420611,483,303,786
820420612,430,269,699
820420613,469,347,816
820420614,368,308,676
820420615,150,102,252
820420616,408,305,713
820420617,355,370,725
820420618,320,494,814
820420619,417,580,997
820420620,551,428,979
820420621,392,284,676
820420622,451,159,610
820420701,667,251,918
820420702,329,518,847
820420703,358,286,644
820420704,554,720,1274
820420705,802,524,1326
820420706,613,408,1021
820420707,607,346,953
820420708,395,203,598
820420709,405,240,645
820420710,502,324,826
820420711,608,350,958
820420712,594,225,819
820420713,402,165,567
820420714,670,277,947
820420715,635,892,1527
820420716,798,534,1332
820420717,756,581,1337
820420718,459,227,686
820420719,289,268,557
820420720,406,299,705
820420721,426,259,685
820420801,550,241,791
820420802,577,273,850
820420803,359,135,494
820420804,422,149,571
820420805,632,293,925
820420806,574,305,879
820420807,403,146,549
820420808,457,182,639
820420809,584,232,816
820420810,545,289,834
820420811,670,280,950
820420901,719,701,1420
820420902,478,442,920
820420903,949,535,1484
820420904,312,312,624
820420905,649,370,1019
820420906,843,1001,1844
820420907,585,434,1019
820420908,441,177,618
820420909,656,285,941
820420910,277,123,400
820420911,450,206,656
820420912,418,212,630
820420913,392,235,627
820420914,488,229,717
820420915,365,184,549
820420916,991,536,1527
820420917,664,506,1170
820420918,450,229,679
820420919,604,636,1240
820420920,612,401,1013
820420921,875,568,1443
820420922,781,740,1521
820420923,877,677,1554
820420924,369,206,575
820420925,460,276,736
820420926,378,302,680
820421001,401,334,735
820421002,709,658,1367
820421003,486,376,862
820421004,510,460,970
820421005,429,464,893
820421006,411,323,734
820421007,483,451,934
820421008,607,790,1397
820421009,303,453,756
820421010,566,917,1483
820421011,1248,1241,2489
820421012,618,360,978
820421013,492,361,853
820421014,333,307,640
820421015,568,570,1138
820421016,636,1022,1658
820421102,22,30,52
820421103,138,212,350
820421104,35,28,63
820421105,451,396,847
820421106,461,538,999
820421107,16,69,85
820421108,319,353,672
820421109,431,345,776
820421110,247,247,494
820421111,244,330,574
820421112,255,365,620
820421113,330,352,682
820421114,342,320,662
820421115,457,322,779
820421116,482,511,993
820421117,118,144,262
820421118,447,400,847
820421119,338,343,681
820421120,408,372,780
820421121,288,365,653
820421201,116,145,261
820421202,88,115,203
820421203,698,724,1422
820421204,437,513,950
820421205,424,367,791
820421206,366,307,673
820421207,338,363,701
820421208,556,586,1142
820421209,119,192,311
820421210,548,935,1483
820421211,475,406,881
820421212,626,506,1132
820421213,479,387,866
820421214,524,539,1063
820421215,25,55,80
820421216,380,506,886
820429101,11,29,40
820490101,413,1363,1776
820490102,684,1703,2387
820490103,173,390,563
820490104,0,20,20
820490105,57,278,335
820490106,19,86,105
820490107,201,614,815
820490108,658,759,1417
820490109,461,796,1257
820490110,177,656,833
820490111,44,175,219
820490112,478,1114,1592
820490113,22,134,156
820490114,47,331,378
820490115,17,158,175
820490116,857,2141,2998
820490117,681,526,1207
820490118,529,738,1267
820490119,380,574,954
820490120,11,35,46
820490121,743,1688,2431
820490122,39,209,248
820490123,673,1685,2358
820490124,535,607,1142
820490125,544,524,1068
820490126,15,198,213
820490127,313,397,710
820490128,499,823,1322
820490201,194,624,818
820490202,184,697,881
820490203,6,96,102
820490204,1,17,18
820490205,25,88,113
820490206,2,27,29
820490207,4,18,22
820490208,2,27,29
820490209,17,74,91
820490210,30,151,181
820490211,4,21,25
820490212,9,40,49
820490213,180,680,860
820490301,284,875,1159
820490302,438,708,1146
820490303,474,420,894
820490304,451,374,825
820490305,570,899,1469
820490306,459,564,1023
820490307,54,331,385
820490308,417,2263,2680
820490309,9,22,31
820490310,28,313,341
820490311,76,632,708
820490312,18,119,137
820490313,60,321,381
820490314,17,79,96
820490315,50,336,386
820490316,5,37,42
820490317,14,73,87
820490318,13,63,76
820490319,39,147,186
820490320,0,43,43
820490321,9,83,92
820490322,4,61,65
820490323,24,279,303
820490324,76,447,523
820490325,16,122,138
820490326,826,1452,2278
820490327,37,231,268
820490328,88,265,353
820490329,431,611,1042
820490330,382,500,882
820490331,513,338,851
820490332,422,541,963
820490333,523,647,1170
820490334,375,687,1062
820490401,17,133,150
820490402,63,261,324
820490403,134,367,501
820490404,76,313,389
820490405,84,112,196
820490406,359,322,681
820490407,33,93,126
820490408,245,811,1056
820490409,123,177,300
820490410,137,236,373
820490411,66,423,489
820490412,144,344,488
820490413,45,264,309
820490414,1,33,34
820490415,43,167,210
820490416,118,652,770
820490417,9,16,25
820490418,62,318,380
820490419,6,8,14
820490501,15,69,84
820490502,53,264,317
820490503,36,112,148
820490504,143,347,490
820490505,38,230,268
820490506,79,214,293
820490507,49,251,300
820490508,47,141,188
820490509,533,427,960
820490510,1174,2147,3321
820490511,559,488,1047
820490512,607,527,1134
820490513,648,348,996
820490514,897,1388,2285
820490515,493,442,935
820490516,629,716,1345
820490517,381,421,802
820490518,577,414,991
820490519,0,8,8
820490520,1,5,6
820490521,316,304,620
820490522,624,418,1042
820490523,887,1730,2617
820490524,674,819,1493
820490525,638,311,949
820490526,510,384,894
820490527,807,959,1766
820490601,382,307,689
820490602,418,438,856
820490603,752,646,1398
820490604,774,517,1291
820490605,613,537,1150
820490606,538,313,851
820490607,302,821,1123
820490608,541,1890,2431
820490609,243,122,365
820490610,627,364,991
820490611,510,181,691
820490612,368,158,526
820490613,531,235,766
820490614,352,144,496
820490615,406,210,616
820490616,558,291,849
820490701,479,577,1056
820490702,508,341,849
820490703,385,223,608
820490704,410,333,743
820490705,423,532,955
820490706,831,457,1288
820490707,837,782,1619
820490708,703,572,1275
820490709,665,453,1118
820490710,449,281,730
820490711,433,230,663
820490712,762,381,1143
820490713,353,146,499
820490714,391,258,649
820490715,781,725,1506
820490716,597,1033,1630
820490717,760,842,1602
820490718,1003,1765,2768
820490719,620,1609,2229
820490801,125,354,479
820490802,23,251,274
820490803,138,303,441
820490804,0,12,12
820490805,13,15,28
820490806,105,133,238
820490807,70,192,262
820490808,59,232,291
820490809,70,319,389
820490810,356,657,1013
820490811,0,0,0
820490812,42,149,191
820490813,5,24,29
820490814,25,265,290
820490815,41,96,137
820490816,11,58,69
820490817,88,87,175
820490818,80,407,487
820490819,83,197,280
820490901,117,188,305
820490902,44,64,108
820490903,112,316,428
820490904,67,261,328
820490905,90,249,339
820490906,614,1149,1763
820490907,363,320,683
820490908,426,475,901
820490909,72,176,248
820490910,157,192,349
820490911,139,219,358
820490912,29,221,250
820490913,150,674,824
820490914,552,451,1003
820490915,472,641,1113
820490916,484,341,825
820491001,452,379,831
820491002,429,386,815
820491003,624,429,1053
820491004,679,583,1262
820491005,813,634,1447
820491006,426,975,1401
820491007,1035,1898,2933
820491008,674,657,1331
820491009,655,502,1157
820491010,621,516,1137
820491011,782,831,1613
820491012,589,565,1154
820491013,557,369,926
820491014,1174,1050,2224
820491015,731,925,1656
820491016,531,1293,1824
820491017,804,1106,1910
820491018,734,546,1280
820491019,862,1304,2166
820560101,331,616,947
820560102,57,134,191
820560103,548,472,1020
820560104,337,271,608
820560105,496,620,1116
820560106,118,179,297
820560107,26,16,42
820560108,336,591,927
820560109,330,411,741
820560110,141,241,382
820560111,346,449,795
820560112,214,203,417
820560113,207,184,391
820560114,96,112,208
820560115,294,545,839
820560116,316,249,565
820560117,461,448,909
820560118,172,296,468
820560201,299,302,601
820560202,564,399,963
820560203,347,271,618
820560204,606,449,1055
820560205,589,459,1048
820560206,542,513,1055
820560207,214,391,605
820560208,293,271,564
820560209,168,180,348
820560210,481,397,878
820560211,73,152,225
820560212,129,216,345
820560213,105,222,327
820560214,245,208,453
820560215,836,622,1458
820560216,345,299,644
820560217,375,316,691
820560218,499,458,957
820560219,450,415,865
820560301,557,497,1054
820560302,212,207,419
820560303,826,870,1696
820560304,300,287,587
820560305,655,566,1221
820560306,359,351,710
820560307,429,348,777
820560308,255,471,726
820560309,361,364,725
820560310,273,247,520
820560311,793,696,1489
820560312,146,169,315
820560313,115,185,300
820560314,126,162,288
820560401,602,662,1264
820560402,697,464,1161
820560403,531,315,846
820560404,458,257,715
820560405,643,373,1016
820560406,445,225,670
820560407,266,127,393
820560408,452,206,658
820560409,495,323,818
820560410,393,275,668
820560411,445,291,736
820560412,354,241,595
820560413,254,146,400
820560414,917,636,1553
820560415,420,337,757
820560501,304,129,433
820560502,907,582,1489
820560503,533,383,916
820560504,433,305,738
820560505,642,390,1032
820560506,421,255,676
820560507,724,930,1654
820560508,239,254,493
820560509,535,821,1356
820560510,487,496,983
820560511,672,729,1401
820560512,475,480,955
820560513,500,313,813
820560514,525,362,887
820560515,402,250,652
820560516,415,419,834
820630101,347,315,662
820630102,10,40,50
820630103,591,448,1039
820630104,420,511,931
820630105,518,505,1023
820630106,131,212,343
820630107,383,461,844
820630108,109,175,284
820630109,408,546,954
820630110,556,795,1351
820630111,182,349,531
820630112,84,171,255
820630113,41,106,147
820630114,126,190,316
820630115,70,77,147
820630116,28,50,78
820630117,37,72,109
820630118,384,538,922
820630119,511,690,1201
820630120,498,447,945
820630121,299,370,669
820630122,655,490,1145
820630123,407,355,762
820630124,333,516,849
820630125,522,544,1066
820630126,845,707,1552
820630127,478,397,875
820630128,443,1098,1541
820630129,768,1172,1940
820630201,73,219,292
820630202,30,75,105
820630203,22,41,63
820630204,403,681,1084
820630205,418,447,865
820630206,451,453,904
820630207,580,506,1086
820630208,692,1035,1727
820630209,388,360,748
820630210,457,269,726
820630211,435,332,767
820630212,633,506,1139
820630213,531,949,1480
820630214,123,123,246
820630215,102,150,252
820630216,302,429,731
820630217,25,48,73
820630218,61,98,159
820630219,29,88,117
820630220,356,789,1145
820630221,673,826,1499
820630222,595,842,1437
820630223,236,278,514
820630224,163,198,361
820630225,289,417,706
820630226,84,185,269
820630227,50,235,285
820630228,108,176,284
820630229,16,59,75
820630230,18,55,73
820630231,444,547,991
820630232,625,626,1251
820630301,214,336,550
820630302,338,370,708
820630303,254,244,498
820630304,0,2,2
820630305,316,277,593
820630306,307,243,550
820630307,641,532,1173
820630308,406,486,892
820630309,649,297,946
820630310,714,680,1394
820630311,564,909,1473
820630312,787,734,1521
820630313,394,325,719
820630314,831,392,1223
820630315,336,551,887
820630316,464,814,1278
820630317,366,595,961
820630318,4,33,37
820630319,882,610,1492
820630320,2,0,2
820630321,0,0,0
820630322,528,555,1083
820630323,467,288,755
820630324,827,414,1241
820630325,650,453,1103
820630326,680,264,944
820630327,337,249,586
820630401,16,50,66
820630402,875,371,1246
820630403,270,141,411
820630404,829,366,1195
820630405,115,260,375
820630406,3,7,10
820630407,452,784,1236
820630408,495,530,1025
820630409,1112,2057,3169
820630410,1398,2228,3626
820630411,274,794,1068
820630412,1241,594,1835
820630501,521,1561,2082
820630502,545,1098,1643
820630503,502,964,1466
820630504,361,752,1113
820630505,373,670,1043
820630506,596,1681,2277
820630507,364,988,1352
820630508,367,1117,1484
820630509,560,1496,2056
820630510,403,1084,1487
820630511,422,935,1357
820630512,297,428,725
820630513,409,792,1201
820630601,643,818,1461
820630602,568,514,1082
820630603,781,421,1202
820630604,695,520,1215
820630605,375,446,821
820630606,416,368,784
820630607,390,251,641
820630608,381,227,608
820630609,776,590,1366
820630610,358,296,654
820630611,448,411,859
820630612,484,344,828
820630613,519,268,787
820630614,651,318,969
820630615,562,265,827
820630616,537,332,869
820630617,516,324,840
820630618,440,217,657
820630701,467,551,1018
820630702,453,244,697
820630703,484,86,570
820630704,891,247,1138
820630705,859,252,1111
820630706,1007,261,1268
820630707,610,170,780
820630708,514,160,674
820630709,493,162,655
820630710,503,229,732
820630711,549,172,721
820630712,562,136,698
820630713,793,241,1034
820630714,479,117,596
820630801,437,191,628
820630802,567,283,850
820630803,422,252,674
820630804,523,246,769
820630805,405,235,640
820630806,464,270,734
820630807,359,253,612
820630808,516,254,770
820630809,465,230,695
820630810,535,278,813
820630811,519,266,785
820630812,591,296,887
820630813,321,201,522
820630814,460,203,663
820630901,689,530,1219
820630902,412,304,716
820630903,645,449,1094
820630904,371,229,600
820630905,431,231,662
820630906,599,371,970
820630907,464,234,698
820630908,636,348,984
820630909,515,239,754
820630910,643,294,937
820631001,490,426,916
820631002,648,438,1086
820631003,399,346,745
820631004,339,353,692
820631005,364,354,718
820631006,354,386,740
820631007,673,767,1440
820631008,791,848,1639
820631009,577,616,1193
820631010,645,513,1158
820631011,655,516,1171
820631012,343,290,633
820631013,620,773,1393
820631101,538,940,1478
820631102,335,711,1046
820631103,556,866,1422
820631104,446,348,794
820631105,517,709,1226
820631106,773,1182,1955
820631107,672,1867,2539
820631108,263,509,772
820631109,409,430,839
820631110,677,1135,1812
820631111,608,816,1424
820631112,281,554,835
820631113,579,819,1398
820631114,316,729,1045
820631115,615,919,1534
820631116,341,611,952
820631117,346,528,874
820631118,218,889,1107
820631119,273,449,722
820631201,589,457,1046
820631202,366,279,645
820631203,260,273,533
820631204,497,833,1330
820631205,339,426,765
820631206,201,326,527
820631207,702,446,1148
820631208,679,585,1264
820631209,729,417,1146
820631210,280,760,1040
820631211,552,321,873
820631212,553,244,797
820631213,720,436,1156
820631214,346,607,953
820631215,423,534,957
820631301,471,338,809
820631302,552,417,969
820631303,304,171,475
820631304,526,241,767
820631305,476,265,741
820631306,394,299,693
820631307,441,359,800
820631308,375,428,803
820631309,747,938,1685
820631310,405,307,712
820631311,432,230,662
820631312,524,312,836
820631313,647,311,958
820631314,475,268,743
820631315,641,321,962
820631316,657,403,1060
820631317,654,366,1020
820631318,462,260,722
820631319,362,256,618
820631320,388,252,640
820631401,507,243,750
820631402,763,295,1058
820631403,649,327,976
820631404,640,291,931
820631405,508,258,766
820631406,503,222,725
820631407,481,165,646
820631408,550,241,791
820631409,598,243,841
820631410,672,243,915
820631411,599,177,776
820631501,609,392,1001
820631502,511,280,791
820631503,558,263,821
820631504,428,171,599
820631505,543,256,799
820631506,325,166,491
820631507,509,284,793
820631508,420,224,644
820631509,528,176,704
820631510,602,304,906
820631511,722,304,1026
820631512,635,256,891
820631513,481,158,639
820631601,533,264,797
820631602,574,312,886
820631603,811,243,1054
820631604,412,217,629
820631605,434,184,618
820631606,485,130,615
820631607,357,176,533
820631608,590,558,1148
820631609,383,254,637
820631610,730,317,1047
820631611,426,237,663
820631612,483,236,719
820631701,622,279,901
820631702,901,405,1306
820631703,415,379,794
820631704,358,88,446
820631705,685,199,884
820631706,631,200,831
820631707,404,161,565
820631708,596,224,820
820631709,521,177,698
820631710,537,209,746
820631711,604,209,813
820631712,504,135,639
820631713,622,145,767
820631714,609,135,744
820631801,584,143,727
820631802,692,151,843
820631803,575,110,685
820631804,474,114,588
820631805,147,37,184
820631806,434,114,548
820631807,805,191,996
820631808,639,126,765
820631809,336,70,406
820631810,369,124,493
820631811,593,83,676
820631812,338,74,412
820631813,292,76,368
820631901,505,541,1046
820631902,452,232,684
820631903,778,345,1123
820631904,335,151,486
820631905,441,187,628
820631906,311,87,398
820631907,706,301,1007
820631908,278,377,655
820631909,637,570,1207
820631910,609,837,1446
820631911,334,498,832
820631912,497,194,691
820631913,772,1570,2342
820632001,581,178,759
820632002,256,78,334
820632003,403,135,538
820632004,0,0,0
820632005,309,96,405
820632006,449,117,566
820632007,342,107,449
820632008,631,228,859
820632009,435,318,753
820632010,562,366,928
820632011,467,267,734
820632012,490,354,844
820632101,534,156,690
820632102,658,148,806
820632103,531,121,652
820632104,831,195,1026
820632105,629,168,797
820632106,474,151,625
820632107,624,180,804
820632108,470,172,642
820632109,641,166,807
820632110,192,50,242
820632111,618,167,785
820632112,585,138,723
820632113,381,95,476
820632114,572,126,698
820632115,266,80,346
820632201,379,68,447
820632202,389,83,472
820632203,318,79,397
820632204,211,50,261
820632205,200,66,266
820632206,198,43,241
820632207,542,113,655
820632208,604,102,706
820632209,429,79,508
820632210,351,69,420
820632211,267,76,343
820632212,411,78,489
820632213,389,87,476
820632214,396,88,484
820632301,534,164,698
820632302,629,122,751
820632303,494,153,647
820632304,615,173,788
820632305,485,108,593
820632306,898,159,1057
820632307,296,67,363
820632308,658,189,847
820632309,508,109,617
820632310,724,168,892
820632311,361,73,434
820632312,613,111,724
820632313,215,104,319
820632314,581,146,727
820632401,471,129,600
820632402,440,73,513
820632403,494,91,585
820632404,385,102,487
820632405,313,56,369
820632406,274,66,340
820632407,241,46,287
820632408,377,102,479
820632409,446,116,562
820632410,426,118,544
820632411,478,100,578
820632412,502,134,636
820632413,293,108,401
820632414,436,72,508
820632415,416,86,502
820632416,477,96,573
820632417,351,75,426
820632418,243,43,286
820632501,314,395,709
820632502,687,381,1068
820632503,845,158,1003
820632504,368,99,467
820632505,355,101,456
820632506,435,434,869
820632507,329,172,501
820632508,390,113,503
820632509,698,167,865
820632510,543,213,756
820632511,505,195,700
820632512,202,146,348
820632513,403,223,626
820632601,752,1348,2100
820632602,480,665,1145
820632603,482,566,1048
820632604,481,552,1033
820632605,624,775,1399
820632606,495,424,919
820632607,756,474,1230
820632608,577,375,952
820632609,685,481,1166
820632610,459,332,791
820632611,457,285,742
820632612,601,469,1070
820632613,934,1340,2274
820632614,549,459,1008
820632615,443,447,890
820632616,431,747,1178
820632617,677,823,1500
820632701,433,368,801
820632702,490,378,868
820632703,439,338,777
820632704,577,298,875
820632705,475,245,720
820632706,729,297,1026
820632707,480,307,787
820632708,453,250,703
820632709,878,806,1684
820632710,934,483,1417
820632711,874,390,1264
820632712,686,778,1464
820632713,438,1367,1805
820632714,853,708,1561
820632715,740,533,1273
820632716,123,302,425
820632801,569,348,917
820632802,709,472,1181
820632803,1051,379,1430
820632804,46,4,50
820632805,1254,481,1735
820632806,1216,797,2013
820632807,909,501,1410
820632808,664,395,1059
820632809,742,690,1432
820632810,838,685,1523
820632811,1016,1458,2474
820632812,9,4,13
820632813,19,3,22
820632814,792,826,1618
820632815,207,356,563
820632816,209,246,455
820632817,419,240,659
820632818,425,530,955
820632819,567,530,1097
820632820,1,13,14
820632821,69,125,194
820632822,67,111,178
820632823,281,456,737
820632824,0,2,2
820632825,312,163,475
820632826,336,212,548
820632827,142,44,186
820632828,407,258,665
820632829,372,586,958
820632901,1296,453,1749
820632902,347,512,859
820632903,556,206,762
820632904,707,539,1246
820632905,721,881,1602
820632906,474,875,1349
820632907,497,417,914
820632908,444,556,1000
820632909,703,491,1194
820632910,484,421,905
820632911,401,298,699
820632912,429,216,645
820632913,565,277,842
820632914,355,237,592
820632915,629,354,983
820633001,549,276,825
820633002,649,358,1007
820633003,408,178,586
820633004,373,166,539
820633005,435,238,673
820633006,539,239,778
820633007,735,431,1166
820633008,1038,376,1414
820633009,1034,370,1404
820633010,892,387,1279
820633011,732,270,1002
820633012,486,269,755
820633013,798,484,1282
820633101,1207,683,1890
820633102,349,274,623
820633103,619,505,1124
820633104,1514,809,2323
820633105,26,82,108
820633106,617,504,1121
820633107,608,706,1314
820633108,356,451,807
820633109,1437,785,2222
820633110,593,813,1406
820633111,501,646,1147
820633112,638,716,1354
820633113,623,550,1173
820633114,688,578,1266
820633115,694,1000,1694
820633201,682,507,1189
820633202,517,522,1039
820633203,893,684,1577
820633204,364,457,821
820633205,535,740,1275
820633206,501,381,882
820633207,1107,640,1747
820633208,778,385,1163
820633209,741,658,1399
820633210,470,484,954
820633211,555,818,1373
820633212,1067,979,2046
820633213,873,667,1540
820633214,505,370,875
820633215,367,204,571
820633216,477,474,951
820633301,552,827,1379
820633302,406,580,986
820633303,520,625,1145
820633304,514,534,1048
820633305,399,398,797
820633306,640,326,966
820633307,664,253,917
820633308,778,217,995
820633309,415,388,803
820633310,431,531,962
820633401,1131,1570,2701
820633402,737,667,1404
820633403,719,841,1560
820633404,452,494,946
820633405,2922,2452,5374
820633406,1301,692,1993
820633407,455,371,826
820633408,312,411,723
820633409,352,558,910
820633410,365,420,785
820633411,488,436,924
820633412,841,674,1515
820633413,1828,1233,3061
820633501,376,484,860
820633502,408,393,801
820633503,354,455,809
820633504,433,211,644
820633505,372,218,590
820633506,570,297,867
820633507,529,170,699
820633508,592,103,695
820633509,586,103,689
820700101,431,396,827
820700102,99,186,285
820700103,37,63,100
820700104,381,598,979
820700105,109,211,320
820700106,38,37,75
820700107,78,120,198
820700108,257,378,635
820700109,78,136,214
820700110,220,336,556
820700111,719,694,1413
820700112,94,163,257
820700113,36,58,94
820700114,22,76,98
820700115,101,153,254
820700116,56,103,159
820700117,264,272,536
820700201,639,417,1056
820700202,225,287,512
820700203,124,167,291
820700204,585,355,940
820700205,155,265,420
820700206,109,151,260
820700207,261,266,527
820700208,163,200,363
820700209,380,376,756
820700210,159,316,475
820700211,221,185,406
820700212,123,246,369
820700213,552,461,1013
820700214,286,258,544
820700215,57,77,134
820700216,46,135,181
820700217,73,146,219
820700218,540,535,1075
820700219,699,701,1400
820700220,269,268,537
820700221,612,431,1043
820700222,442,486,928
820700301,206,421,627
820700302,120,215,335
820700303,741,572,1313
820700304,304,247,551
820700305,544,382,926
820700306,364,304,668
820700307,564,211,775
820700308,561,275,836
820700309,514,234,748
820700310,770,581,1351
820700311,734,717,1451
820700312,360,287,647
820700313,484,354,838
820700314,500,449,949
820700315,715,916,1631
820700316,676,212,888
820700317,540,265,805
820700318,973,802,1775
820700319,645,534,1179
820700320,460,506,966
820700401,692,1698,2390
820700402,910,640,1550
820700403,684,410,1094
820700404,603,375,978
820700405,458,244,702
820700406,563,394,957
820700407,351,224,575
820700408,297,157,454
820700409,375,203,578
820700410,983,301,1284
820700411,525,206,731
820700412,404,299,703
820700413,555,366,921
820700414,529,396,925
820700415,776,713,1489
820700416,830,404,1234
820700417,1239,833,2072
820700418,344,175,519
820700419,514,281,795
820700420,374,179,553
820700501,648,649,1297
820700502,325,243,568
820700503,668,476,1144
820700504,285,259,544
820700505,261,350,611
820700506,36,137,173
820700507,84,138,222
820700508,764,566,1330
820700509,390,326,716
820700510,533,380,913
820700511,827,850,1677
820700512,441,411,852
820700513,65,76,141
820700514,47,70,117
820700515,153,189,342
820700516,67,118,185
820700517,428,358,786
820700518,155,221,376
820700519,143,216,359
820700520,76,148,224
820700521,280,197,477
820700522,370,321,691
820700523,829,545,1374
820700524,719,623,1342
820700525,866,472,1338
820700601,678,801,1479
820700602,122,193,315
820700603,261,448,709
820700604,53,140,193
820700605,341,444,785
820700606,75,157,232
820700607,284,315,599
820700608,132,231,363
820700609,62,150,212
820700610,64,114,178
820700611,376,493,869
820700612,621,837,1458
820700613,148,461,609
820700701,383,286,669
820700702,415,370,785
820700703,363,321,684
820700704,380,240,620
820700705,466,409,875
820700706,294,285,579
820700707,454,419,873
820700708,739,834,1573
820700709,114,217,331
820700710,380,339,719
820700711,60,128,188
820700712,524,487,1011
820700713,390,440,830
820700714,86,90,176
820700715,608,517,1125
820700716,467,327,794
820700717,497,307,804
820700718,511,317,828
820770101,101,258,359
820770102,42,242,284
820770103,314,967,1281
820770104,35,351,386
820770105,74,277,351
820770106,304,652,956
820770107,220,720,940
820770201,130,486,616
820770202,199,497,696
820770203,299,769,1068
820770204,96,468,564
820770205,18,191,209
820770206,443,1081,1524
820770207,419,1045,1464
820770301,79,337,416
820770302,306,616,922
820770303,439,924,1363
820770304,564,1142,1706
820770305,514,1055,1569
820770306,562,541,1103
820770307,542,442,984
820770308,263,1268,1531
820770309,318,478,796
820770310,52,212,264
820770311,29,217,246
820770312,374,290,664
820770313,482,692,1174
820770314,345,351,696
820770315,319,208,527
820770316,455,702,1157
820770317,322,497,819
820770401,47,166,213
820770402,165,433,598
820770403,27,134,161
820770404,34,125,159
820770405,2,10,12
820770406,7,42,49
820770407,25,98,123
820770408,18,117,135
820770409,0,13,13
820840101,298,300,598
820840102,861,595,1456
820840103,1246,767,2013
820840201,355,403,758
820840202,503,663,1166
820840203,625,586,1211
820840204,814,625,1439
820840205,552,301,853
820840206,1253,873,2126
820840207,550,210,760
820840208,1018,418,1436
820840209,1003,442,1445
820840210,1126,592,1718
820840211,466,630,1096
820840212,588,534,1122
820840213,15,30,45
820840214,837,559,1396
820840301,97,356,453
820840302,592,856,1448
820840303,519,562,1081
820840304,613,552,1165
820840305,710,698,1408
820840306,810,709,1519
820840307,1843,299,2142
820840308,412,1100,1512
820840309,521,517,1038
820840310,477,483,960
820840311,561,1139,1700
820840401,342,178,520
820840402,510,204,714
820840403,708,258,966
820840404,571,508,1079
820840405,755,310,1065
820840406,634,305,939
820840407,418,188,606
820840408,494,315,809
820840409,825,296,1121
820840410,475,188,663
820840411,539,287,826
820840412,580,386,966
820840413,525,610,1135
820840414,458,273,731
820840415,386,251,637
820840416,209,94,303
820840417,199,59,258
820840418,327,78,405
820840419,136,51,187
820840420,681,329,1010
820840421,999,699,1698
820840422,424,304,728
820840501,579,512,1091
820840502,1630,777,2407
820840503,700,283,983
820840504,276,83,359
820840505,1144,584,1728
820840506,644,279,923
820840507,676,223,899
820840508,593,247,840
820840509,608,223,831
820840510,504,173,677
820840511,709,166,875
820840512,354,143,497
820840513,420,202,622
820840514,652,293,945
820840515,482,133,615
820840516,737,145,882
820840517,616,287,903
820840518,745,341,1086
820840519,767,238,1005
820840601,414,235,649
820840602,537,335,872
820840603,444,289,733
820840604,656,948,1604
820840605,669,1080,1749
820840606,700,517,1217
820840607,453,248,701
820840608,444,303,747
820840609,459,270,729
820840610,841,232,1073
820840611,787,236,1023
820840612,596,411,1007
820840613,693,443,1136
820840614,831,625,1456
820840615,481,427,908
820840616,993,1095,2088
820840617,519,396,915
820840618,455,366,821
820840619,423,317,740
820840620,520,346,866
820840621,525,344,869
820840622,617,431,1048
820840623,489,688,1177
820840624,263,200,463
820840701,452,420,872
820840702,497,589,1086
820840703,817,652,1469
820840704,751,705,1456
820840705,1010,815,1825
820840706,1014,1314,2328
820840707,481,602,1083
820840708,457,370,827
820840709,944,607,1551
820840710,393,197,590
820840711,522,167,689
820840712,500,207,707
820840713,436,147,583
820840714,528,229,757
820840715,517,247,764
820840716,371,245,616
820840717,546,520,1066
820840718,580,568,1148
820840719,478,200,678
820840720,619,259,878
820840721,708,992,1700
820840722,283,350,633
820840723,492,395,887
820840724,658,263,921
820840801,490,183,673
820840802,579,222,801
820840803,531,225,756
820840804,531,212,743
820840805,591,272,863
820840806,574,294,868
820840807,605,371,976
820840808,614,277,891
820840809,558,202,760
820840810,444,289,733
820840811,415,1270,1685
820840901,461,278,739
820840902,661,240,901
820840903,420,178,598
820840904,494,181,675
820840905,573,246,819
820840906,507,251,758
820840907,1121,1056,2177
820840908,551,335,886
820840909,352,148,500
820840910,344,166,510
820840911,347,172,519
820841001,448,991,1439
820841002,522,1132,1654
820841003,370,355,725
820841004,675,1057,1732
820841005,397,794,1191
820841006,614,1075,1689
820841007,928,1483,2411
820841008,695,757,1452
820841009,661,912,1573
820841010,781,842,1623
820841011,781,1177,1958
820841012,811,891,1702
820841013,479,620,1099
820841014,538,701,1239
820841015,332,406,738
820841016,239,213,452
820841017,587,678,1265
820841018,937,817,1754
820841019,2050,2337,4387
820841020,306,743,1049
820841101,662,94,756
820841102,469,103,572
820841103,710,201,911
820841104,456,175,631
820841105,555,447,1002
820841106,577,464,1041
820841107,976,592,1568
820841108,657,151,808
820841109,42,11,53
820841110,1134,485,1619
820841111,930,197,1127
820841112,680,208,888
820841113,387,218,605
820841114,436,644,1080
820841115,389,249,638
820841116,529,256,785
820841117,656,300,956
820841118,693,215,908
820841119,600,290,890
820841201,570,783,1353
820841202,472,652,1124
820841203,479,545,1024
820841204,624,770,1394
820841205,476,500,976
820841206,567,950,1517
820841207,383,339,722
820841208,393,318,711
820841209,324,886,1210
820841210,469,389,858
820841211,671,627,1298
820841212,467,356,823
820841213,455,509,964
820841214,466,466,932
820841215,535,370,905
820841216,368,351,719
820841217,492,336,828
820841218,520,768,1288
820841219,370,587,957
820841220,282,657,939
820841221,641,545,1186
820841301,538,352,890
820841302,873,927,1800
820841303,772,668,1440
820841304,640,1214,1854
820841305,490,261,751
820841306,552,480,1032
820841307,328,335,663
820841308,473,426,899
820841309,368,225,593
820841310,555,390,945
820841311,540,246,786
820841312,395,224,619
820841313,811,543,1354
820841314,444,460,904
820841401,451,348,799
820841402,384,134,518
820841403,472,250,722
820841404,582,318,900
820841405,509,239,748
820841406,600,327,927
820841407,490,289,779
820841408,561,291,852
820841409,386,242,628
820841410,605,378,983
820841411,310,158,468
820841501,454,247,701
820841502,530,205,735
820841503,467,190,657
820841504,544,206,750
820841505,466,209,675
820841506,488,216,704
820841507,364,162,526
820841508,442,267,709
820841509,445,275,720
820841601,564,176,740
820841602,609,205,814
820841603,668,220,888
820841604,553,210,763
820841605,649,234,883
820841606,509,196,705
820841607,671,184,855
820841608,348,117,465
820841609,613,209,822
820841610,391,162,553
820841611,357,146,503
820841612,366,125,491
820841701,298,108,406
820841702,392,148,540
820841703,376,88,464
820841704,443,158,601
820841705,430,126,556
820841706,558,167,725
820841707,472,106,578
820841708,274,58,332
820841709,572,113,685
820841710,513,93,606
820841711,621,158,779
820841712,488,134,622
820841713,494,134,628
820841714,361,92,453
820841715,624,126,750
820841716,320,80,400
820841717,386,52,438
820841718,424,95,519
820841719,454,110,564
820841801,731,169,900
820841802,278,58,336
820841803,263,39,302
820841804,842,121,963
820841805,477,79,556
820841806,419,91,510
820841807,746,116,862
820841808,428,79,507
820841809,452,106,558
820841810,483,83,566
820841811,612,134,746
820841812,375,80,455
820841813,627,114,741
820841814,377,74,451
820841815,407,57,464
820841816,279,43,322
820841817,314,52,366
820841818,512,105,617
820841901,514,73,587
820841902,440,93,533
820841903,603,100,703
820841904,327,56,383
820841905,368,73,441
820841906,358,71,429
820841907,341,71,412
820841908,502,84,586
820841909,610,82,692
820841910,587,91,678
820841911,442,82,524
820841912,447,81,528
820841913,257,51,308
820841914,273,65,338
820841915,357,118,475
820841916,375,69,444
820841917,490,136,626
820841918,565,107,672
820841919,251,58,309
820841920,281,89,370
820841921,258,47,305
820841922,178,29,207
820841923,235,68,303
820841924,464,74,538
820842001,343,55,398
820842002,435,82,517
820842003,578,112,690
820842004,323,73,396
820842005,306,55,361
820842006,348,73,421
820842007,467,89,556
820842008,293,82,375
820842009,500,104,604
820842010,273,60,333
820842011,378,81,459
820842012,377,88,465
820842013,503,112,615
820842014,419,96,515
820842015,221,43,264
820842016,226,71,297
820842017,195,65,260
820842101,496,102,598
820842102,550,101,651
820842103,469,108,577
820842104,653,139,792
820842105,292,52,344
820842106,75,13,88
820842107,472,108,580
820842108,427,79,506
820842109,364,86,450
820842110,398,114,512
820842111,426,95,521
820842112,226,62,288
820842113,104,28,132
820842114,608,98,706
820842115,329,59,388
820842116,518,73,591
820842117,242,78,320
820842201,403,101,504
820842202,366,94,460
820842203,388,110,498
820842204,0,4,4
820842205,543,128,671
820842206,546,107,653
820842207,501,150,651
820842208,501,134,635
820842209,384,105,489
820842210,669,132,801
820842211,611,143,754
820842212,610,123,733
820842213,315,54,369
820842301,488,122,610
820842302,381,83,464
820842303,517,158,675
820842304,379,52,431
820842305,524,109,633
820842306,489,89,578
820842307,437,114,551
820842308,538,118,656
820842309,425,105,530
820842310,337,69,406
820842311,617,136,753
820842312,490,120,610
820842313,595,91,686
820842314,425,109,534
820842315,408,110,518
820842316,412,88,500
820842317,297,73,370
820842318,389,76,465
820842319,367,88,455
820842320,389,78,467
820842321,262,38,300
820842322,354,84,438
820842323,351,109,460
820842324,338,63,401
820842401,315,78,393
820842402,484,102,586
820842403,289,70,359
820842404,477,128,605
820842405,451,94,545
820842406,399,88,487
820842407,437,118,555
820842408,397,82,479
820842409,551,121,672
820842410,351,73,424
820842411,301,67,368
820842412,461,155,616
820842413,623,106,729
820842414,291,83,374
820842415,318,85,403
820842416,432,96,528
820842417,237,35,272
820842418,389,80,469
820842419,358,92,450
820842501,412,127,539
820842502,338,125,463
820842503,300,90,390
820842504,261,216,477
820842505,408,104,512
820842506,525,140,665
820842507,381,126,507
820842508,477,165,642
820842509,496,111,607
820842510,271,59,330
820842511,412,87,499
820842512,830,234,1064
820842513,589,135,724
820842514,118,34,152
820842515,262,83,345
820842516,133,31,164
820842601,436,124,560
820842602,353,118,471
820842603,502,118,620
820842604,551,155,706
820842605,313,57,370
820842606,331,76,407
820842607,421,100,521
820842608,420,122,542
820842609,202,75,277
820842610,509,129,638
820842611,289,63,352
820842612,234,68,302
820842613,636,122,758
820842614,469,141,610
820842615,406,128,534
820842616,606,154,760
820842617,310,97,407
820842618,310,74,384
820842619,269,48,317
820842620,300,96,396
820842621,534,163,697
820842622,254,49,303
820842623,383,83,466
820842701,543,123,666
820842702,466,89,555
820842703,303,76,379
820842704,261,95,356
820842705,306,55,361
820842706,266,55,321
820842707,429,108,537
820842708,440,119,559
820842709,196,67,263
820842710,486,83,569
820842711,384,66,450
820842712,640,127,767
820842713,390,80,470
820842714,435,86,521
820842715,524,153,677
820842716,467,96,563
820842717,245,53,298
820842718,285,77,362
820842719,339,80,419
820842720,321,64,385
820842721,445,71,516
820842722,296,83,379
820842801,280,89,369
820842802,651,139,790
820842803,293,38,331
820842804,431,90,521
820842805,214,46,260
820842806,44,14,58
820842807,616,132,748
820842808,321,82,403
820842809,554,117,671
820842810,656,113,769
820842811,650,170,820
820842812,301,78,379
820842813,375,103,478
820842814,263,65,328
820842815,519,114,633
820842816,532,105,637
820842817,502,99,601
820842818,371,68,439
820842819,372,125,497
820842820,508,128,636
820842821,347,75,422
820842822,312,79,391
820842823,249,67,316
820842824,455,91,546
820842825,339,65,404
820842901,845,140,985
820842902,569,107,676
820842903,595,108,703
820842904,529,128,657
820842905,638,135,773
820842906,294,85,379
820842907,546,115,661
820842908,572,117,689
820842909,406,90,496
820842910,666,123,789
820842911,687,128,815
820842912,446,80,526
820842913,452,92,544
820842914,560,164,724
820842915,533,125,658
820842916,322,126,448
820842917,459,117,576
820842918,579,109,688
820842919,518,99,617
820842920,424,99,523
820842921,238,87,325
820842922,291,76,367
820842923,306,58,364
820842924,558,88,646
820843001,414,357,771
820843002,472,402,874
820843003,943,881,1824
820843004,639,574,1213
820843005,498,425,923
820843006,399,429,828
820843007,705,780,1485
820843008,491,421,912
820843009,611,535,1146
820843010,694,498,1192
820843011,432,316,748
820843012,478,457,935
820843013,404,337,741
820843014,489,627,1116
820843101,722,381,1103
820843102,510,307,817
820843103,539,251,790
820843104,545,250,795
820843105,301,168,469
820843106,591,248,839
820843107,345,181,526
820843108,531,274,805
820843109,355,180,535
820843110,587,300,887
820843111,619,298,917
820843112,561,305,866
820843113,554,293,847
820843114,474,269,743
820843115,468,222,690
820843116,572,312,884
820843117,462,250,712
820843118,492,248,740
820843119,464,282,746
820843120,410,289,699
820843121,537,317,854
820843201,690,568,1258
820843202,581,427,1008
820843203,541,394,935
820843204,604,317,921
820843205,540,423,963
820843206,720,482,1202
820843207,600,426,1026
820843208,862,869,1731
820843209,377,386,763
820843210,489,649,1138
820843211,509,478,987
820843212,742,764,1506
820843213,664,681,1345
820843214,380,371,751
820843215,495,560,1055
820843301,402,546,948
820843302,578,579,1157
820843303,744,858,1602
820843304,553,584,1137
820843305,780,697,1477
820843306,630,486,1116
820843307,432,528,960
820843308,459,320,779
820843309,899,612,1511
820843310,698,763,1461
820843311,632,781,1413
820843312,602,607,1209
820843313,488,417,905
820843314,410,525,935
820843315,781,1053,1834
820843316,519,692,1211
820843317,401,980,1381
820843318,518,608,1126
820843319,513,437,950
820843401,443,520,963
820843402,490,826,1316
820843403,217,193,410
820843404,584,789,1373
820843405,570,335,905
820843406,559,345,904
820843407,536,287,823
820843408,671,347,1018
820843409,674,397,1071
820843410,552,256,808
820843411,344,152,496
820843412,367,234,601
820843413,344,147,491
820843414,510,286,796
820843415,510,441,951
820843416,584,826,1410
820843417,440,250,690
820843418,282,133,415
820843419,221,377,598
820843501,506,591,1097
820843502,199,218,417
820843503,387,276,663
820843504,597,356,953
820843505,609,329,938
820843506,463,240,703
820843507,329,202,531
820843508,342,416,758
820843509,701,471,1172
820843510,525,691,1216
820843511,578,749,1327
820843512,616,933,1549
820843513,433,499,932
820843514,603,623,1226
820843515,744,595,1339
820843516,353,674,1027
820843517,838,1711,2549
820843601,434,187,621
820843602,501,171,672
820843603,564,134,698
820843604,583,177,760
820843605,301,143,444
820843606,294,73,367
820843607,636,128,764
820843608,626,253,879
820843609,639,245,884
820843610,612,277,889
820843611,550,259,809
820843612,1115,658,1773
820843613,566,234,800
820843614,396,242,638
820843615,354,264,618
820843616,771,474,1245
820843617,391,178,569
820843618,358,206,564
820843619,386,104,490
820843701,658,171,829
820843702,817,193,1010
820843703,489,162,651
820843704,378,96,474
820843705,457,109,566
820843706,546,191,737
820843707,458,129,587
820843708,609,189,798
820843709,362,97,459
820843710,589,157,746
820843711,369,118,487
820843712,658,190,848
820843713,623,180,803
820843714,609,179,788
820843715,456,113,569
820843716,431,89,520
820843801,690,180,870
820843802,523,179,702
820843803,558,165,723
820843804,646,175,821
820843805,550,160,710
820843806,507,198,705
820843807,495,147,642
820843808,344,125,469
820843809,391,152,543
820843810,566,247,813
820843811,486,361,847
820843812,333,384,717
820843813,598,297,895
820843814,606,249,855
820843815,442,157,599
820843901,303,117,420
820843902,426,78,504
820843903,539,139,678
820843904,428,116,544
820843905,706,198,904
820843906,574,171,745
820843907,548,195,743
820843908,693,188,881
820843909,365,111,476
820843910,310,94,404
820843911,463,145,608
820843912,649,205,854
820843913,608,156,764
820843914,265,76,341
820843915,363,89,452
820843916,278,65,343
820843917,304,93,397
820843918,849,320,1169
820843919,349,103,452
820843920,400,155,555
820844001,651,161,812
820844002,552,127,679
820844003,588,191,779
820844004,644,334,978
820844005,542,789,1331
820844006,459,138,597
820844007,494,96,590
820844008,334,94,428
820844009,537,214,751
820844010,563,181,744
820844011,229,121,350
820844012,138,75,213
820844013,387,216,603
820844014,636,181,817
820844015,440,107,547
820844101,555,236,791
820844102,475,305,780
820844103,447,310,757
820844104,520,387,907
820844105,0,0,0
820844106,532,281,813
820844107,666,313,979
820844108,578,402,980
820844109,612,457,1069
820844110,635,781,1416
820844111,394,332,726
820844112,430,536,966
820844201,267,167,434
820844202,237,388,625
820844203,103,216,319
820844204,314,399,713
820844205,331,343,674
820844206,165,180,345
820844207,642,631,1273
820844208,428,614,1042
820844209,597,517,1114
820844210,740,296,1036
820844211,406,476,882
820844212,518,439,957
820844213,750,676,1426
820844214,265,251,516
820844301,481,187,668
820844302,426,175,601
820844303,439,200,639
820844304,506,197,703
820844305,500,164,664
820844306,439,200,639
820844307,570,301,871
820844308,291,126,417
820844309,428,230,658
820844310,430,206,636
820844311,566,264,830
820844312,693,362,1055
820844313,620,341,961
820844314,793,314,1107
820844401,700,282,982
820844402,266,125,391
820844403,678,396,1074
820844404,482,480,962
820844405,358,161,519
820844406,343,190,533
820844407,477,294,771
820844408,356,372,728
820844409,538,260,798
820844410,439,276,715
820844411,337,251,588
820844412,504,198,702
820844413,540,242,782
820844414,469,199,668
820844415,491,231,722
820844416,598,318,916
820844417,477,274,751
820844418,477,312,789
820844501,442,317,759
820844502,293,188,481
820844503,681,393,1074
820844504,496,302,798
820844505,369,213,582
820844506,279,180,459
820844507,449,281,730
820844508,406,267,673
820844509,651,359,1010
820844510,503,290,793
820844511,714,301,1015
820844512,611,312,923
820844513,210,161,371
820844514,622,412,1034
820844515,426,299,725
820844516,436,674,1110
820844517,487,528,1015
820844518,603,515,1118
820844519,492,394,886
820844520,469,440,909
820844521,371,200,571
820844522,427,268,695
820844523,693,351,1044
820844524,497,303,800
820844601,576,343,919
820844602,538,343,881
820844603,614,348,962
820844604,615,260,875
820844605,335,110,445
820844606,701,353,1054
820844607,770,532,1302
820844608,541,291,832
820844609,730,1219,1949
820844610,599,400,999
820844611,510,856,1366
820844612,397,277,674
820844613,665,673,1338
820844614,663,700,1363
820844615,363,367,730
820844701,382,623,1005
820844702,396,407,803
820844703,251,741,992
820844704,764,1024,1788
820844705,571,609,1180
820844706,467,462,929
820844707,392,325,717
820844708,428,398,826
820844709,397,315,712
820844710,728,697,1425
820844711,368,327,695
820844712,409,406,815
820844713,432,340,772
820844714,413,411,824
820844715,447,353,800
820844716,779,986,1765
820844801,1017,742,1759
820844802,748,556,1304
820844803,614,444,1058
820844804,469,460,929
820844805,535,408,943
820844806,434,472,906
820844807,589,1508,2097
820844808,439,349,788
820844809,352,321,673
820844810,591,476,1067
820844811,908,614,1522
820844812,530,360,890
820844813,619,830,1449
820844814,488,642,1130
820844815,463,323,786
820844816,743,487,1230
820844817,968,493,1461
820844818,504,498,1002
820844819,458,523,981
820844820,755,417,1172
820844821,581,1071,1652
820844822,533,922,1455
820844901,148,317,465
820844902,510,477,987
820844903,582,477,1059
820844904,579,507,1086
820844905,442,465,907
820844906,263,371,634
820844907,615,1170,1785
820844908,1036,1063,2099
820844909,751,445,1196
820844910,402,713,1115
820844911,553,1901,2454
820844912,534,780,1314
820844913,409,917,1326
820844914,307,1256,1563
820844915,292,731,1023
820845001,522,376,898
820845002,607,463,1070
820845003,491,415,906
820845004,772,438,1210
820845005,562,433,995
820845006,668,483,1151
820845007,741,562,1303
820845008,633,582,1215
820845009,325,255,580
820845010,344,267,611
820845011,544,515,1059
820845012,786,596,1382
820845013,567,425,992
820845101,616,451,1067
820845102,514,370,884
820845103,529,299,828
820845104,537,287,824
820845105,580,237,817
820845106,652,461,1113
820845107,659,522,1181
820845108,592,459,1051
820845109,573,334,907
820845110,470,263,733
820845111,579,353,932
820845112,456,296,752
820845113,299,229,528
820845114,401,412,813
820845201,819,832,1651
820845202,555,480,1035
820845203,572,582,1154
820845204,570,679,1249
820845205,549,747,1296
820845206,414,949,1363
820845207,539,1018,1557
820845208,536,875,1411
820845209,511,512,1023
820845210,510,551,1061
820845211,568,883,1451
820845212,354,682,1036
820845213,582,537,1119
820845214,663,764,1427
820845301,435,225,660
820845302,508,341,849
820845303,633,413,1046
820845304,473,690,1163
820845305,301,350,651
820845306,604,466,1070
820845307,649,476,1125
820845308,785,600,1385
820845309,574,621,1195
820845310,656,465,1121
820845311,445,151,596
820845312,581,267,848
820845313,299,198,497
820845314,334,255,589
820845315,673,257,930
820845316,538,324,862
820845317,299,232,531
820845318,959,571,1530
820845319,479,332,811
820845320,309,306,615
820845321,392,187,579
820845322,72,86,158
820845323,1024,843,1867
820845401,251,117,368
820845402,463,207,670
820845403,426,157,583
820845404,530,329,859
820845405,429,257,686
820845406,127,270,397
820845407,276,326,602
820845408,452,456,908
820845409,508,340,848
820845410,318,193,511
820845411,687,307,994
820845412,627,285,912
820845413,327,202,529
820845414,684,287,971
820845415,680,307,987
820845416,550,234,784
820845417,520,218,738
820845418,528,229,757
820845419,305,152,457
820845501,573,517,1090
820845502,650,487,1137
820845503,450,319,769
820845504,607,317,924
820845505,619,495,1114
820845506,425,262,687
820845507,562,424,986
820845508,652,936,1588
820845509,489,351,840
820845510,664,637,1301
820845511,432,566,998
820845512,501,654,1155
820845513,757,812,1569
820845514,651,675,1326
820845515,378,507,885
820845516,313,573,886
820845517,398,440,838
820845518,385,738,1123
820845519,320,271,591
820845520,748,648,1396
820845521,425,459,884
820845522,477,1034,1511
820845523,398,373,771
820845601,52,1,53
820845602,10,1,11
820845603,26,38,64
820845701,128,47,175
820845702,518,262,780
820845703,671,225,896
820845704,468,234,702
820845705,637,302,939
820845706,259,81,340
820845707,486,137,623
820845708,840,302,1142
820845709,301,105,406
820845710,869,322,1191
820845711,982,118,1100
820845712,601,148,749
820845713,532,286,818
820845714,63,23,86
820845715,12,42,54
820845801,36,40,76
820845802,618,628,1246
820845803,556,520,1076
820845804,56,32,88
820845805,674,756,1430
820845806,7,20,27
820845807,579,421,1000
820845901,11,34,45
820845902,20,61,81
820845903,10,46,56
820845904,682,1218,1900
820845905,613,1070,1683
820845906,250,472,722
820845907,760,1401,2161
820845908,438,445,883
820845909,577,761,1338
820845910,982,967,1949
820845911,646,702,1348
820845912,615,466,1081
820845913,415,267,682
820845914,510,382,892
820845915,315,183,498
820845916,293,186,479
820845917,840,882,1722
820845918,825,529,1354
820845919,8,10,18
820845920,458,397,855
820845921,567,1098,1665
820845922,462,1096,1558
820845923,488,1313,1801
820845924,506,528,1034
820846001,59,125,184
820846002,180,301,481
820846003,11,24,35
820846004,610,567,1177
820846005,611,557,1168
820846101,370,325,695
820846102,407,317,724
820846103,438,428,866
820846104,593,595,1188
820846105,387,315,702
820846106,479,320,799
820846107,557,825,1382
820846108,532,874,1406
820846109,667,1015,1682
820846110,763,503,1266
820846111,750,504,1254
820846112,579,636,1215
820846113,408,424,832
820846114,377,929,1306
820846115,680,1491,2171
820846201,300,470,770
820846202,279,308,587
820846203,342,311,653
820846204,439,452,891
820846205,468,915,1383
820846206,568,905,1473
820846207,689,853,1542
820846208,592,604,1196
820846209,577,852,1429
820846210,449,890,1339
820846211,432,617,1049
820846212,495,621,1116
820846213,797,644,1441
820846214,361,356,717
820846215,449,279,728
820846216,642,580,1222
820846217,803,928,1731
820846218,712,945,1657
820846219,472,294,766
820846220,342,472,814
820846221,515,493,1008
820846301,555,927,1482
820846302,666,839,1505
820846303,547,933,1480
820846304,372,610,982
820846305,375,396,771
820846306,632,654,1286
820846307,624,517,1141
820846308,544,784,1328
820846309,455,755,1210
820846310,621,846,1467
820846311,871,1216,2087
820846312,339,600,939
820846313,471,1128,1599
820846401,201,223,424
820846402,391,543,934
820846403,482,302,784
820846404,611,543,1154
820846405,91,177,268
820846406,328,317,645
820846501,750,697,1447
820846502,653,315,968
820846503,968,867,1835
820846504,416,254,670
820846505,1096,734,1830
820846601,497,512,1009
820846602,1137,1580,2717
820846701,189,189,378
820846702,22,32,54
820846703,41,17,58
820846704,454,349,803
820846801,260,366,626
820846802,350,293,643
820846901,75,121,196
820846902,608,401,1009
820846903,583,403,986
820846904,936,1082,2018
820846905,345,271,616
820846906,542,502,1044
820847001,15,16,31
820847002,213,263,476
820847101,4,18,22
820847102,134,147,281
820847201,93,73,166
820847202,647,598,1245
820847203,655,482,1137
820847204,317,241,558
820847205,111,150,261
820847206,375,414,789
820847207,520,447,967
820847301,167,348,515
820847302,104,216,320
820847401,167,112,279
820847402,397,381,778
820847501,17,15,32
820847502,12,21,33
820847503,199,179,378
820847504,250,204,454
820847601,18,52,70
820847602,113,124,237
820847701,41,138,179
820847702,67,158,225
820847703,159,152,311
820847704,399,420,819
820847705,713,326,1039
820847706,11,41,52
820847707,3,6,9
820847708,532,527,1059
820847709,431,515,946
820847710,517,464,981
820847711,619,677,1296
820847712,516,566,1082
820847713,591,577,1168
820847714,339,272,611
820847715,294,241,535
820847716,461,401,862
820847717,363,363,726
820847718,591,1265,1856
820847719,499,471,970
820847720,621,441,1062
820847721,704,421,1125
820847722,503,282,785
820847723,904,417,1321
820847724,431,341,772
820847725,486,329,815
820847801,2,19,21
820847802,142,197,339
820847803,453,404,857
820847804,543,471,1014
820847805,118,449,567
820847806,488,540,1028
820847807,515,492,1007
820847901,2,19,21
820847902,88,61,149
820847903,35,75,110
820847904,2,7,9
820847905,355,485,840
820847906,385,602,987
820848001,688,188,876
820848002,658,243,901
820848003,635,175,810
820848004,600,115,715
820848005,510,186,696
820848006,385,159,544
820848007,410,143,553
820848008,750,158,908
820848009,638,194,832
820848010,436,147,583
820848011,313,105,418
820848012,292,138,430
820848013,545,216,761
820848014,451,172,623
820848015,428,175,603
820848016,546,205,751
820848017,544,187,731
820848018,419,179,598
820848019,438,218,656
820848020,598,203,801
820848021,446,165,611
820848022,546,87,633
820848101,626,303,929
820848102,458,190,648
820848103,405,173,578
820848104,416,184,600
820848105,425,165,590
820848106,455,160,615
820848107,479,222,701
820848108,438,180,618
820848109,573,306,879
820848110,572,305,877
820848111,358,191,549
820848112,499,274,773
820848113,362,197,559
820848114,404,158,562
820848115,185,83,268
820848116,619,316,935
820848117,470,236,706
820848118,524,272,796
820848119,470,375,845
820848120,467,304,771
820848121,367,206,573
820848201,864,759,1623
820848202,810,558,1368
820848203,678,637,1315
820848204,685,751,1436
820848205,573,436,1009
820848206,544,448,992
820848207,714,461,1175
820848208,749,835,1584
820848209,827,1209,2036
820848210,747,1081,1828
820848211,806,604,1410
820848212,719,627,1346
820848213,1058,758,1816
820848214,1003,247,1250
820848215,505,534,1039
820848216,1009,181,1190
820848301,671,330,1001
820848302,753,367,1120
820848303,482,275,757
820848304,649,363,1012
820848305,567,272,839
820848306,555,252,807
820848307,520,257,777
820848308,599,384,983
820848309,338,188,526
820848310,356,183,539
820848311,520,377,897
820848312,378,282,660
820848313,434,320,754
820848314,656,424,1080
820848315,483,360,843
820848401,464,744,1208
820848402,631,473,1104
820848403,1086,500,1586
820848404,1101,611,1712
820848405,481,280,761
820848406,493,363,856
820848407,365,228,593
820848408,604,389,993
820848409,1128,644,1772
820848410,1094,703,1797
820848411,1257,370,1627
820848412,1374,606,1980
820848413,525,1148,1673
820848414,489,795,1284
820848415,566,280,846
820848416,82,209,291
820848501,899,1201,2100
820848502,601,958,1559
820848503,499,595,1094
820848504,496,415,911
820848505,433,280,713
820848506,378,244,622
820848507,483,351,834
820848508,433,331,764
820848509,509,485,994
820848510,694,742,1436
820848511,441,410,851
820848512,713,669,1382
820848513,528,720,1248
820848514,690,819,1509
820848515,472,495,967
820848516,439,373,812
820848601,470,427,897
820848602,752,568,1320
820848603,663,374,1037
820848604,510,478,988
820848605,649,609,1258
820848606,923,647,1570
820848607,865,931,1796
820848608,520,501,1021
820848609,600,653,1253
820848610,881,1394,2275
820848611,527,650,1177
820848701,158,135,293
820848702,427,314,741
820848703,475,274,749
820848704,651,352,1003
820848705,608,262,870
820848706,921,707,1628
820848707,860,453,1313
820848708,759,575,1334
820848709,629,446,1075
820848710,688,490,1178
820848711,359,357,716
820848712,379,398,777
820848713,503,394,897
820848714,378,329,707
820848715,349,289,638
820848801,702,684,1386
820848802,571,586,1157
820848803,498,247,745
820848804,480,321,801
820848805,561,409,970
820848806,652,767,1419
820848807,738,1032,1770
820848808,558,357,915
820848809,629,167,796
820848810,633,328,961
820848811,934,412,1346
820848812,660,665,1325
820848813,548,483,1031
820848814,524,239,763
820848815,478,448,926
820848816,697,535,1232
820848817,416,532,948
820848901,427,315,742
820848902,754,740,1494
820848903,831,1092,1923
820848904,478,722,1200
820848905,732,617,1349
820848906,412,253,665
820848907,433,380,813
820848908,195,351,546
820848909,772,717,1489
820848910,923,1048,1971
820848911,1354,1678,3032
820848912,1301,1278,2579
820849001,368,204,572
820849002,1040,788,1828
820849003,938,596,1534
820849004,600,259,859
820849005,397,184,581
820849006,228,79,307
820849007,1171,580,1751
820849008,653,154,807
820849009,239,159,398
820849010,718,221,939
820849011,866,218,1084
820849012,754,179,933
820849013,461,230,691
820849501,1,8,9
820910101,210,417,627
820910102,532,515,1047
820910103,447,392,839
820910104,164,296,460
820910105,66,317,383
820910106,114,173,287
820910107,355,370,725
820910108,132,248,380
820910109,69,148,217
820910110,43,111,154
820910111,89,221,310
820910112,314,542,856
820910113,416,544,960
820910201,36,159,195
820910202,70,165,235
820910203,158,277,435
820910204,68,125,193
820910205,8,22,30
820910206,123,236,359
820910207,83,400,483
820910208,26,43,69
820910209,101,190,291
820910210,73,105,178
820910211,189,434,623
820910212,27,60,87
820910213,57,99,156
820910214,338,691,1029
820910216,26,57,83
820910217,112,292,404
820910218,58,76,134
820910301,80,199,279
820910302,424,408,832
820910303,187,345,532
820910304,800,837,1637
820910305,217,495,712
820910306,534,714,1248
820910307,107,274,381
820910308,386,363,749
820910309,279,281,560
820910310,584,444,1028
820910311,236,252,488
820910312,715,825,1540
820910313,587,332,919
820910314,448,691,1139
820910315,172,354,526
820910316,3,13,16
820910317,796,666,1462
820910318,624,431,1055
820910319,336,405,741
820910320,320,414,734
820910321,587,423,1010
820910322,643,627,1270
820910323,287,268,555
820910401,172,274,446
820910402,101,135,236
820910403,140,381,521
820910404,123,204,327
820910405,25,71,96
820910406,12,113,125
820910407,27,81,108
820910408,435,467,902
820910409,171,210,381
820910410,326,587,913
820910411,57,209,266
820910412,25,107,132
820910413,40,79,119
820910414,36,101,137
820910415,80,185,265
820910501,415,425,840
820910502,567,381,948
820910503,346,535,881
820910504,550,352,902
820910505,1037,854,1891
820910506,471,409,880
820910507,1152,1240,2392
820910508,738,899,1637
820910509,611,1063,1674
820910510,75,203,278
820910511,146,316,462
820910512,254,396,650
820910513,427,529,956
820910601,830,766,1596
820910602,479,392,871
820910603,441,392,833
820910604,383,238,621
820910605,361,271,632
820910606,324,261,585
820910607,299,198,497
820910608,639,904,1543
820910609,477,538,1015
820910610,674,623,1297
820910611,506,433,939
820910612,779,715,1494
820910613,246,379,625
820910614,340,254,594
820910615,155,396,551
820910616,259,166,425
820980101,22,50,72
820980102,7,40,47
820980103,1,25,26
820980104,12,57,69
820980105,27,80,107
820980106,33,28,61
820980107,13,36,49
820980108,99,252,351
820980109,12,22,34
820980110,30,60,90
820980111,40,77,117
820980112,30,113,143
820980113,433,325,758
820980114,595,603,1198
820980115,15,68,83
820980116,39,106,145
820980117,58,117,175
820980118,649,524,1173
820980119,379,611,990
820980120,383,299,682
820980121,488,907,1395
820980122,309,890,1199
820980201,66,173,239
820980202,28,79,107
820980203,248,511,759
820980204,17,44,61
820980205,84,407,491
820980206,245,674,919
820980207,416,923,1339
820980301,5,42,47
820980302,78,454,532
820980303,4,20,24
820980304,80,342,422
820980305,34,171,205
820980306,50,103,153
820980307,8,37,45
820980308,40,128,168
820980309,32,104,136
820980310,146,454,600
820980311,884,802,1686
820980312,57,362,419
820980313,44,110,154
820980314,36,103,139
820980315,84,236,320
820980316,1079,2046,3125
820980401,398,678,1076
820980402,537,522,1059
820980403,367,264,631
820980404,190,536,726
820980405,462,341,803
820980406,330,346,676
820980407,562,428,990
820980408,381,267,648
820980409,320,266,586
820980410,382,633,1015
821050101,105,306,411
821050102,250,341,591
821050103,299,598,897
821050104,46,91,137
821050105,391,445,836
821050106,30,44,74
821050107,256,215,471
821050108,164,716,880
821050109,108,550,658
821050110,229,529,758
821050111,256,396,652
821050112,437,457,894
821050113,23,78,101
821050114,334,454,788
821050115,252,693,945
821050116,360,524,884
821050117,402,335,737
821050118,330,390,720
821050119,288,548,836
821050120,443,616,1059
821050121,223,467,690
821050201,70,116,186
821050202,40,44,84
821050203,37,45,82
821050204,102,138,240
821050205,72,81,153
821050206,72,133,205
821050207,31,39,70
821050208,36,70,106
821050209,82,152,234
821050210,67,154,221
821050211,62,178,240
821050212,361,451,812
821050213,700,640,1340
821050214,659,605,1264
821050215,107,103,210
821050216,32,44,76
821050217,353,437,790
821050218,376,530,906
821050219,42,110,152
821050220,278,336,614
821050221,559,590,1149
821050222,532,607,1139
821050223,395,211,606
821050224,446,528,974
821050225,186,154,340
821050226,330,236,566
821050227,327,370,697
821050228,535,737,1272
821050229,319,251,570
821050230,377,288,665
821050231,366,541,907
821050301,545,1691,2236
821050302,482,636,1118
821050303,529,338,867
821050304,352,269,621
821050305,451,252,703
821050306,597,686,1283
821050307,373,293,666
821050308,546,630,1176
821050309,27,38,65
821050310,627,1059,1686
821050311,314,351,665
821050312,436,265,701
821050313,293,323,616
821050314,329,404,733
821050315,123,309,432
821050316,439,598,1037
821050401,534,644,1178
821050402,466,304,770
821050403,470,243,713
821050404,372,231,603
821050405,350,300,650
821050406,396,180,576
821050407,591,482,1073
821050408,366,203,569
821050409,520,354,874
821050410,774,447,1221
821050411,391,256,647
821050412,632,463,1095
821050413,456,679,1135
821050414,742,645,1387
821050415,490,402,892
821050416,535,523,1058
821050417,459,278,737
821050418,358,287,645
821050419,936,502,1438
821050420,453,295,748
821050501,39,117,156
821050502,462,562,1024
821050503,192,403,595
821050504,156,307,463
821050505,394,420,814
821050506,405,542,947
821050507,101,333,434
821050508,379,609,988
821050509,228,427,655
821050510,23,67,90
821050511,307,673,980
821050512,413,323,736
821050513,583,594,1177
821050514,532,551,1083
821050515,327,289,616
821050516,346,343,689
821050517,174,542,716
821120101,118,422,540
821120102,37,124,161
821120103,429,526,955
821120104,199,403,602
821120105,374,527,901
821120106,51,111,162
821120107,27,163,190
821120108,366,332,698
821120201,21,34,55
821120202,74,57,131
821120203,472,480,952
821120204,171,314,485
821120205,222,316,538
821120206,102,243,345
821120207,177,359,536
821120208,336,337,673
821120209,830,606,1436
821120210,587,387,974
821120211,65,88,153
821120212,55,61,116
821120213,24,122,146
821120214,11,47,58
821120215,8,46,54
821120216,137,215,352
821120217,404,502,906
821120218,553,563,1116
821120219,477,297,774
821120301,46,107,153
821120302,47,84,131
821120303,255,307,562
821120304,26,32,58
821120305,30,69,99
821120306,28,117,145
821120307,78,152,230
821120308,13,25,38
821120309,20,57,77
821120310,122,202,324
821120311,296,408,704
821120312,69,245,314
821120313,61,169,230
821120314,521,733,1254
821120315,14,35,49
821120316,525,361,886
821120401,698,909,1607
821120402,329,359,688
821120403,276,221,497
821120404,516,389,905
821120405,448,1191,1639
821120406,467,899,1366
821120407,354,645,999
821120408,448,390,838
821120409,407,275,682
821120410,554,369,923
821120411,303,261,564
821120412,641,684,1325
821120413,568,1569,2137
821120414,426,338,764
821120415,820,443,1263
821120416,531,286,817
821120417,274,243,517
821120418,317,484,801
821120419,514,749,1263
821190101,251,310,561
821190102,903,1124,2027
821190103,31,114,145
821190104,362,437,799
821190105,728,742,1470
821190106,592,528,1120
821190107,211,291,502
821190108,421,384,805
821190109,287,266,553
821190110,890,438,1328
821190111,356,446,802
821190112,53,103,156
821190113,9,28,37
821190114,0,2,2
821190115,48,88,136
821190116,48,88,136
821190117,703,743,1446
821190118,304,544,848
821190119,375,791,1166
821190120,1714,1871,3585
821190121,825,1247,2072
821190122,519,501,1020
821190201,505,639,1144
821190202,784,606,1390
821190203,789,543,1332
821190204,623,306,929
821190205,654,401,1055
821190206,697,312,1009
821190207,360,149,509
821190208,408,220,628
821190209,386,251,637
821190301,70,172,242
821190302,728,969,1697
821190303,450,255,705
821190304,864,511,1375
821190305,491,169,660
821190306,533,493,1026
821190307,272,353,625
821190308,1005,1262,2267
821190309,529,270,799
821190310,301,290,591
821190311,382,452,834
821190312,387,622,1009
821190313,398,453,851
821190314,544,442,986
821190315,30,60,90
821190401,22,130,152
821190402,402,639,1041
821190403,502,627,1129
821190404,565,373,938
821190405,174,53,227
821190406,545,468,1013
821190407,686,579,1265
821190408,640,504,1144
821190409,829,699,1528
821190410,585,454,1039
821190411,207,86,293
821190412,533,403,936
821190413,772,573,1345
821190414,846,1098,1944
821190415,701,706,1407
821190416,493,471,964
821190417,822,759,1581
821190418,392,237,629
821190419,551,410,961
821190420,519,417,936
821190422,616,370,986
821190423,341,473,814
821190424,428,548,976
821190425,458,317,775
821190426,343,877,1220
821190501,42,80,122
821190502,637,572,1209
821190503,819,488,1307
821190504,159,80,239
821190505,1,1,2
821190506,152,78,230
821190507,688,912,1600
821190508,512,460,972
821190509,441,281,722
821190510,735,697,1432
821190511,603,448,1051
821190512,449,219,668
821190513,483,311,794
821190514,704,449,1153
821190515,795,999,1794
821190516,261,63,324
821190517,392,204,596
821190518,488,145,633
821190519,810,403,1213
821190601,123,197,320
821190602,443,304,747
821190603,750,792,1542
821190604,450,374,824
821190605,16,50,66
821190606,307,317,624
821190607,20,26,46
821190608,808,690,1498
821190609,673,517,1190
821190610,35,117,152
821190611,506,404,910
821190612,489,596,1085
821190613,14,45,59
821190614,530,449,979
821190701,693,563,1256
821190702,616,792,1408
821190703,609,652,1261
821190704,558,434,992
821190705,704,632,1336
821190706,572,325,897
821190707,326,179,505
821190708,500,340,840
821190709,475,420,895
821190710,498,331,829
821190711,381,177,558
821190712,508,283,791
821190713,138,138,276
821190714,402,344,746
821190715,844,907,1751
821190716,591,618,1209
821190801,500,493,993
821190802,810,611,1421
821190803,586,420,1006
821190804,521,367,888
821190805,781,1142,1923
821190806,329,245,574
821190807,698,388,1086
821190808,622,463,1085
821190809,461,306,767
821190810,523,367,890
821190811,358,364,722
821190812,305,197,502
821190813,443,541,984
821190814,619,689,1308
821190815,527,690,1217
821190816,481,431,912
821190817,78,111,189
821190818,398,296,694
821190901,19,72,91
821190902,291,598,889
821190903,399,532,931
821190904,428,336,764
821190905,286,434,720
821190906,793,823,1616
821190907,439,364,803
821190908,490,168,658
821190909,430,305,735
821190910,289,177,466
821190911,346,177,523
821190912,374,274,648
821190913,662,1105,1767
821190914,32,100,132
821191001,455,176,631
821191002,399,172,571
821191003,408,187,595
821191004,535,318,853
821191005,445,307,752
821191006,432,467,899
821191007,700,705,1405
821191008,444,271,715
821191009,444,209,653
821191010,286,131,417
821191011,501,253,754
821191012,637,293,930
821191013,611,239,850
821191014,353,176,529
821199301,18,48,66
821199401,0,9,9
821199402,0,9,9
821199403,0,8,8
821199601,5,0,5
821199701,3,2,5
821260101,258,327,585
821260102,68,182,250
821260103,186,217,403
821260104,393,450,843
821260105,125,282,407
821260106,631,456,1087
821260107,461,581,1042
821260108,560,489,1049
821260109,322,231,553
821260110,359,323,682
821260111,36,117,153
821260112,111,190,301
821260113,61,196,257
821260114,330,252,582
821260201,668,424,1092
821260202,442,408,850
821260203,24,39,63
821260204,108,171,279
821260205,40,125,165
821260206,306,371,677
821260207,598,560,1158
821260208,670,648,1318
821260209,522,348,870
821260210,570,811,1381
821260211,49,72,121
821260212,65,122,187
821260213,87,116,203
821260214,53,64,117
821260215,151,212,363
821260216,52,91,143
821260217,616,470,1086
821260301,133,149,282
821260302,522,409,931
821260303,603,374,977
821260304,503,624,1127
821260305,164,241,405
821260306,146,118,264
821260307,542,562,1104
821260308,223,399,622
821260309,550,495,1045
821260310,378,267,645
821260311,571,374,945
821260312,353,256,609
821260313,780,640,1420
821260314,633,394,1027
821260315,466,268,734
821260316,273,205,478
821260317,752,541,1293
821260318,416,219,635
821260319,645,448,1093
821260401,578,633,1211
821260402,92,133,225
821260403,69,122,191
821260404,561,529,1090
821260405,381,616,997
821260406,599,493,1092
821260407,403,279,682
821260408,501,278,779
821260409,806,683,1489
821260410,449,224,673
821260411,798,591,1389
821260501,354,242,596
821260502,358,547,905
821260503,739,425,1164
821260504,470,285,755
821260505,428,347,775
821260506,733,1094,1827
821260507,497,244,741
821260508,386,266,652
821260509,472,592,1064
821260510,564,377,941
821260511,670,352,1022
821260512,603,492,1095
821260513,453,317,770
821260514,363,596,959
821260515,566,452,1018
821260516,594,472,1066
821260517,663,597,1260
821330101,7,54,61
821330102,14,96,110
821330103,1,22,23
821330104,10,38,48
821330105,12,58,70
821330106,0,7,7
821330107,33,173,206
821330108,10,76,86
821330109,0,4,4
821330110,0,0,0
821330201,265,727,992
821330202,25,45,70
821330203,5,15,20
821330204,116,380,496
821330205,1,17,18
821330206,26,283,309
821330207,25,93,118
821330208,0,15,15
821330209,71,244,315
821330210,4,19,23
821330211,39,118,157
821330212,416,1108,1524
821330213,339,609,948
821330214,20,114,134
821330215,37,149,186
821330216,31,74,105
821330217,3,41,44
821330218,16,82,98
821330219,198,749,947
821330220,3,8,11
821330301,0,20,20
821330302,0,0,0
821330303,22,175,197
821330304,0,44,44
821330305,3,38,41
821330306,0,1,1
821330307,10,71,81
821330308,19,153,172
821330309,4,42,46
821330310,13,136,149
821330311,60,375,435
821330312,33,213,246
821330313,447,1411,1858
821330314,44,180,224
821330315,1,67,68
821330316,0,79,79
821330317,10,52,62
821330318,6,130,136
821330401,408,1085,1493
821330402,406,683,1089
821330403,326,500,826
821330404,560,637,1197
821330405,567,351,918
821330406,338,633,971
821330407,351,268,619
821330408,258,158,416
821330409,403,467,870
821330410,615,733,1348
821330411,397,293,690
821330412,542,517,1059
821330413,340,686,1026
821330414,394,486,880
821330415,637,1479,2116
821330416,258,800,1058
821330417,756,498,1254
821330501,22,148,170
821330502,9,77,86
821330503,4,26,30
821330504,29,358,387
821330505,42,216,258
821330506,0,9,9
821330507,0,10,10
821330508,2,19,21
821330509,17,171,188
821330510,1,38,39
821330511,55,209,264
821330512,9,52,61
821330513,2,17,19
821330514,10,104,114
821330515,12,46,58
821330516,5,28,33
821330517,95,271,366
821330518,54,113,167
821330519,0,0,0
821330520,7,34,41
821330521,0,0,0
821330522,17,96,113
821330523,9,84,93
821330524,1,80,81
821330525,7,91,98
821330526,2,24,26
821330527,1,59,60
821330528,18,177,195
821330529,6,14,20
821330530,2,43,45
821330531,9,27,36
821330532,8,29,37
821330533,370,686,1056
821330534,194,607,801
821330601,5,31,36
821330602,30,267,297
821330603,58,322,380
821330604,610,850,1460
821330605,426,934,1360
821330606,5,26,31
821330607,9,11,20
821330608,164,173,337
821330609,8,24,32
821330610,20,58,78
821330611,6,9,15
821330612,5,29,34
821330613,13,32,45
821330614,22,98,120
821330615,13,15,28
821330616,2,13,15
821330617,273,742,1015
821330618,411,650,1061
821330619,1015,879,1894
821330620,480,1332,1812
821330621,364,384,748
821330622,22,56,78
821330623,14,54,68
821330624,6,37,43
821330625,4,22,26
821330626,12,36,48
821330627,10,40,50
821330628,1,26,27
821330629,685,1067,1752
821330630,357,428,785
821330631,327,481,808
860070101,10,136,146
860070102,28,279,307
860070103,26,457,483
860070104,17,470,487
860070105,301,348,649
860070106,363,905,1268
860070107,303,1019,1322
860070108,206,787,993
860070201,4,22,26
860070202,0,99,99
860070203,20,116,136
860070204,1,13,14
860070205,2,19,21
860070206,246,727,973
860070301,4,20,24
860070302,1,58,59
860070303,17,49,66
860070304,9,91,100
860140101,19,1109,1128
860140102,4,291,295
860140103,7,447,454
860140201,2,217,219
860140202,28,630,658
860140203,2,181,183
860140301,5,198,203
860140302,2,26,28
860140401,5,50,55
860140402,47,150,197
860140501,5,120,125
860140502,90,940,1030
860140503,164,726,890
860140504,108,930,1038
860140601,2,87,89
860140602,29,249,278
860140603,15,509,524
860140701,0,6,6
860140702,61,1110,1171
860140703,278,1110,1388
860140704,196,1333,1529
860140705,281,985,1266
860140706,231,1225,1456
860140801,7,253,260
860140802,7,146,153
860140901,40,620,660
860140902,12,271,283
860140903,2,246,248
860210101,3,120,123
860210102,11,229,240
860210103,41,511,552
860210104,31,408,439
860210105,5,111,116
860210201,59,1446,1505
860210202,53,1444,1497
860210203,2,143,145
860210204,11,811,822
860210205,8,350,358
860210206,62,466,528
860210207,170,795,965
860210208,329,641,970
860210209,111,954,1065
860210301,4,212,216
860210302,3,160,163
860210303,14,43,57
860210304,2,137,139
860210305,1,35,36
860210306,9,90,99
860280101,10,440,450
860280102,16,351,367
860280103,9,227,236
860280104,14,242,256
860280201,0,215,215
860280202,4,138,142
860280203,20,451,471
860280204,13,189,202
860280205,18,273,291
860280206,84,736,820
860280207,186,935,1121
860280301,12,738,750
860280302,36,565,601
860280303,4,296,300
860280304,209,762,971
860280305,178,622,800
860280401,9,399,408
860280402,14,243,257
860280403,32,778,810
860280404,79,412,491
860280405,21,471,492
860280406,56,986,1042
860280407,215,651,866
860280408,409,1168,1577
860280409,513,882,1395
860280410,304,676,980
860280501,63,572,635
860280502,20,549,569
860280503,10,441,451
860280504,261,1067,1328
860350101,7,269,276
860350102,15,281,296
860350201,9,195,204
860350202,1,137,138
860350203,56,619,675
860350301,10,146,156
860350302,2,56,58
860350303,15,165,180
860350401,30,506,536
860350402,31,509,540
860350501,6,511,517
860350502,32,390,422
860350503,10,270,280
860350601,98,1035,1133
860350602,57,711,768
860350701,19,360,379
860350702,31,516,547
860350703,13,418,431
860350704,67,1113,1180
860350705,16,281,297
860350706,22,372,394
860350707,186,822,1008
860350801,14,322,336
860350802,19,218,237
860350803,51,859,910
860350804,348,695,1043
860350805,406,1071,1477
860350806,236,683,919
860350807,264,1534,1798
860350808,328,588,916
860350809,284,827,1111
860350810,608,1251,1859
860350901,12,660,672
860350902,17,396,413
860351001,91,1550,1641
860351002,24,817,841
860351003,14,182,196
860351004,25,694,719
860351005,33,437,470
860351101,470,728,1198
860351102,61,736,797
860351103,8,241,249
860351104,21,303,324
860351105,13,156,169
860351106,203,357,560
860351107,288,1900,2188
860351108,1088,558,1646
860351109,846,969,1815
860351110,1,0,1
860351111,131,166,297
860351112,563,513,1076
860351113,728,701,1429
860351114,392,723,1115
860351201,50,320,370
860351202,109,540,649
860351203,105,783,888
860351204,39,575,614
860351205,357,1166,1523
860351206,375,498,873
860351207,851,910,1761
860351208,638,554,1192
860351209,615,266,881
860351210,597,237,834
860351211,434,591,1025
860351213,451,781,1232
860351214,916,624,1540
860351215,496,604,1100
860351216,465,311,776
860351217,592,342,934
860351218,459,348,807
860351219,439,1462,1901
860351220,512,504,1016
860351221,44,61,105
860351301,614,776,1390
860351302,336,984,1320
860351303,516,1140,1656
860351304,272,515,787
860351305,358,252,610
860351306,391,448,839
860351307,463,1201,1664
860351308,703,1139,1842
860351309,310,695,1005
860351310,272,853,1125
860351311,714,294,1008
860351312,693,403,1096
860351313,647,578,1225
860351314,473,703,1176
860351315,282,1175,1457
860351316,270,1183,1453
860351317,391,491,882
860351318,217,990,1207
860351319,711,731,1442
860351401,398,1604,2002
860351402,283,920,1203
860351403,648,1172,1820
860351404,409,853,1262
860351405,511,1060,1571
860351406,372,653,1025
860351407,165,833,998
860351408,434,741,1175
860351409,525,451,976
860351410,519,378,897
860351411,403,292,695
860351412,542,539,1081
860351413,445,409,854
860351414,568,1216,1784
860351415,321,765,1086
860351416,335,605,940
860351501,471,320,791
860351502,494,523,1017
860351503,365,563,928
860351504,632,790,1422
860351505,367,638,1005
860351506,593,943,1536
860351507,504,377,881
860351508,274,171,445
860351509,403,399,802
860351510,566,806,1372
860351511,673,897,1570
860351512,265,611,876
860351513,368,923,1291
860351514,283,933,1216
860351515,621,511,1132
860351516,343,933,1276
860351517,211,849,1060
860351601,337,229,566
860351602,412,227,639
860351603,480,378,858
860351604,688,582,1270
860351605,484,396,880
860351606,280,416,696
860351607,599,544,1143
860351608,438,468,906
860351609,628,747,1375
860351610,669,660,1329
860351611,385,661,1046
860351612,408,1335,1743
860351613,455,592,1047
860420101,38,233,271
860420102,6,39,45
860420103,8,43,51
860420201,15,21,36
860420202,512,531,1043
860420203,23,40,63
860420204,1,22,23
860420205,223,626,849
860420206,628,890,1518
860420207,481,880,1361
860420208,558,568,1126
860420209,527,724,1251
860420301,109,239,348
860420302,4,36,40
860420303,21,73,94
860420304,1,59,60
860420305,61,393,454
860490101,45,692,737
860490102,39,595,634
860490103,7,267,274
860490201,134,1189,1323
860490202,315,1737,2052
860490301,5,47,52
860490302,10,34,44
860490303,1008,395,1403
860490304,622,339,961
860490305,898,435,1333
860490306,894,535,1429
860490307,410,794,1204
860490308,239,786,1025
860490309,357,868,1225
860490310,207,648,855
860490311,326,731,1057
860490312,271,534,805
860490313,234,220,454
860490314,695,602,1297
860490401,3,283,286
860490402,8,525,533
860490403,27,145,172
860490404,11,130,141
860490501,539,2327,2866
860490502,387,1806,2193
860490503,285,835,1120
860490504,650,585,1235
860490505,316,423,739
860490506,542,656,1198
860490507,417,651,1068
860490508,739,432,1171
860490509,686,910,1596
860490510,138,383,521
860490511,473,589,1062
860490512,609,672,1281
860490513,568,557,1125
860490514,731,909,1640
860490515,621,397,1018
860490516,778,680,1458
860490517,463,367,830
860490518,639,455,1094
860490519,803,422,1225
860490520,412,596,1008
860490521,361,315,676
860490522,591,722,1313
860490523,203,144,347
860490601,14,352,366
860490602,10,213,223
860490801,514,687,1201
860490802,298,616,914
860490803,376,257,633
860490804,347,301,648
860490805,421,195,616
860490806,303,158,461
860490807,378,273,651
860490808,337,222,559
860490809,381,448,829
860490810,592,344,936
860490811,355,288,643
860490812,609,765,1374
860490813,400,549,949
860490814,326,480,806
860490815,317,679,996
860490816,285,605,890
860490817,622,825,1447
860490818,324,528,852
860490819,428,447,875
860490901,409,736,1145
860490902,417,415,832
860490903,401,314,715
860490904,555,345,900
860490905,472,224,696
860490906,454,148,602
860490907,336,131,467
860490908,330,114,444
860490909,512,169,681
860490910,208,74,282
860490911,267,114,381
860490912,337,96,433
860490913,446,135,581
860490914,409,166,575
860490915,528,264,792
860490916,449,266,715
860490917,492,425,917
860490918,605,363,968
860490919,506,253,759
860490920,249,83,332
860490921,388,131,519
860490922,306,139,445
860491001,521,840,1361
860491002,212,771,983
860491003,633,1600,2233
860491004,379,908,1287
860491005,548,525,1073
860491006,393,1286,1679
860491007,537,982,1519
860491008,309,917,1226
860491009,594,275,869
860491010,424,173,597
860491011,441,171,612
860491012,727,172,899
860491013,285,203,488
860491014,397,166,563
860491015,582,250,832
860491016,591,330,921
860491017,517,1105,1622
860491018,419,864,1283
860491019,367,1037,1404
860491020,483,617,1100
860491101,520,897,1417
860491102,586,578,1164
860491103,560,838,1398
860491104,461,361,822
860491105,400,523,923
860491106,485,931,1416
860491107,591,296,887
860491108,755,175,930
860491109,1041,241,1282
860491110,620,263,883
860491111,792,289,1081
860491112,771,556,1327
860491113,573,908,1481
860491114,596,668,1264
860491115,739,399,1138
860491201,435,159,594
860491202,476,268,744
860491203,574,340,914
860491204,455,424,879
860491205,344,434,778
860491206,579,395,974
860491207,461,332,793
860491208,648,497,1145
860491209,418,410,828
860491210,565,717,1282
860491211,302,334,636
860491212,345,327,672
860491213,562,399,961
860491214,418,388,806
860491215,525,436,961
860491216,474,599,1073
860491217,421,698,1119
860491218,350,498,848
860491219,447,309,756
860491220,335,489,824
860491301,635,166,801
860491302,414,136,550
860491303,513,167,680
860491304,653,299,952
860491305,641,302,943
860491306,579,312,891
860491307,473,438,911
860491308,447,353,800
860491309,720,432,1152
860491310,559,350,909
860491311,544,232,776
860491312,397,197,594
860491313,245,149,394
860491314,401,137,538
860491401,398,209,607
860491402,597,355,952
860491403,549,611,1160
860491404,453,446,899
860491405,547,386,933
860491406,544,500,1044
860491407,363,522,885
860491408,358,413,771
860491409,296,294,590
860491410,507,458,965
860491411,475,422,897
860491412,676,550,1226
860491413,462,404,866
860491414,278,545,823
860491415,613,574,1187
860491501,517,548,1065
860491502,383,570,953
860491503,694,454,1148
860491504,618,353,971
860491505,441,288,729
860491506,607,799,1406
860491507,373,597,970
860491508,769,957,1726
860491509,547,560,1107
860491510,497,574,1071
860491511,339,606,945
860491512,588,698,1286
860491513,472,140,612
860491514,507,1055,1562
860491515,392,473,865
860491601,521,961,1482
860491602,438,1032,1470
860491603,441,735,1176
860491604,514,740,1254
860491605,450,996,1446
860491606,273,735,1008
860491607,317,1118,1435
860491608,640,246,886
860491609,593,274,867
860491610,471,875,1346
860491611,473,188,661
860491612,738,259,997
860491613,750,485,1235
860491614,173,700,873
860491615,243,1109,1352
860491616,276,766,1042
860491701,222,457,679
860491702,333,481,814
860491703,375,605,980
860491704,346,822,1168
860491705,468,626,1094
860491706,524,664,1188
860491707,308,1040,1348
860491708,344,585,929
860491709,533,932,1465
860491710,395,963,1358
860491711,425,741,1166
860491712,625,1212,1837
860491713,497,767,1264
860491714,495,767,1262
860491715,793,431,1224
860491716,531,591,1122
860491717,557,566,1123
860491718,377,838,1215
860491801,215,957,1172
860491802,424,985,1409
860491803,405,894,1299
860491804,741,651,1392
860491805,864,468,1332
860491806,547,255,802
860491807,723,410,1133
860491808,742,285,1027
860491809,782,419,1201
860491810,793,367,1160
860491811,378,476,854
860491812,132,200,332
860491813,445,301,746
860491814,528,292,820
860491815,755,519,1274
860491816,690,409,1099
860491817,673,594,1267
860491901,469,330,799
860491902,825,622,1447
860491903,877,602,1479
860491904,680,554,1234
860491905,632,538,1170
860491906,830,546,1376
860491907,478,447,925
860491908,725,525,1250
860491909,641,324,965
860491910,94,117,211
860491911,669,418,1087
860491912,631,507,1138
860491913,321,276,597
860491914,662,447,1109
860491915,323,347,670
860491916,419,731,1150
860560101,41,706,747
860560102,37,1357,1394
860560103,40,933,973
860560104,193,1123,1316
860560201,8,195,203
860560202,96,529,625
860560203,21,688,709
860560204,45,299,344
860560205,4,443,447
860560206,36,192,228
860560301,2,190,192
860560302,8,228,236
860560303,25,534,559
860560304,15,355,370
860560305,18,280,298
860560306,227,1399,1626
860560307,372,1045,1417
860560308,339,867,1206
860560309,127,861,988
860560310,226,615,841
860560311,210,737,947
860560312,540,1281,1821
860560313,248,362,610
860560314,121,719,840
860560315,225,864,1089
860560401,7,243,250
860560402,49,373,422
860560403,16,241,257
860560404,41,628,669
860560405,272,1143,1415
860560501,140,1442,1582
860560502,299,678,977
860560503,226,726,952
860560504,282,801,1083
860560505,318,721,1039
860630101,2,38,40
860630102,51,490,541
860630103,34,657,691
860630104,12,371,383
860630105,9,131,140
860630106,124,620,744
860630201,59,414,473
860630202,2,241,243
860630203,13,287,300
860630204,4,103,107
860630205,122,1012,1134
860630301,44,288,332
860630302,12,124,136
860630303,179,792,971
860630401,3,103,106
860630402,5,132,137
860630403,128,504,632
860630501,1,264,265
860630502,6,138,144
860630601,165,576,741
860630602,471,573,1044
860630603,276,256,532
860630604,135,648,783
860630605,681,452,1133
860630606,258,667,925
860630607,341,454,795
860630608,411,343,754
860630609,446,457,903
860630610,404,522,926
860630611,261,684,945
860630612,313,581,894
860630613,260,667,927
860630614,306,549,855
860630615,327,306,633
860630701,0,0,0
860630702,0,0,0
860630703,0,0,0
860630801,208,1114,1322
860630802,319,473,792
860630803,244,213,457
860630804,325,332,657
860630805,269,400,669
860630806,324,531,855
860630807,424,541,965
860630808,271,511,782
860630809,171,256,427
860630810,460,460,920
860630811,266,686,952
860630812,164,559,723
860630813,350,687,1037
860630814,198,499,697
860630815,302,903,1205
860700101,19,483,502
860700102,23,538,561
860700103,21,624,645
860700104,71,617,688
860700201,98,1042,1140
860700202,242,1562,1804
860700203,218,544,762
860700301,5,141,146
860700302,11,565,576
860700401,318,2370,2688
860700402,48,1104,1152
860700403,26,724,750
860700501,13,576,589
860700502,16,542,558
860700503,37,902,939
860700504,7,165,172
860700505,45,478,523
860700601,27,313,340
860700602,22,315,337
860700603,259,1316,1575
860770101,81,1251,1332
860770102,18,874,892
860770103,150,971,1121
860770201,59,431,490
860770202,224,1856,2080
860770203,54,851,905
860770204,21,384,405
860770205,385,923,1308
860770206,196,802,998
860770207,201,645,846
860770301,85,824,909
860770302,81,690,771
860770303,46,171,217
860770401,6,202,208
860770402,44,578,622
860770403,61,537,598
860770404,7,167,174
860770405,47,932,979
860770501,85,857,942
860770502,388,851,1239
860770503,200,607,807
860770504,234,624,858
860770505,274,1078,1352
860770506,189,683,872
860770507,227,495,722
860770508,483,636,1119
860770509,240,343,583
860770510,224,362,586
860770511,208,518,726
860770512,344,492,836
860770601,185,543,728
860770602,339,326,665
860770603,350,303,653
860770604,366,277,643
860770605,248,474,722
860770606,227,420,647
860770607,170,491,661
860770608,272,1165,1437
860770609,303,478,781
860770610,321,697,1018
860770611,241,684,925
860770612,207,752,959
860840101,5,94,99
860840102,32,426,458
860840103,4,90,94
860840201,29,421,450
860840202,9,198,207
860840301,62,785,847
860840302,21,201,222
860840303,31,353,384
860840304,28,328,356
860840305,10,284,294
860840401,38,179,217
860840402,3,55,58
860840403,9,84,93
860840404,3,74,77
860840405,18,266,284
860840406,199,446,645
860840407,220,660,880
860840408,246,569,815
860840409,197,457,654
860910101,19,475,494
860910102,9,123,132
860910103,34,544,578
860910104,6,327,333
860910105,94,1339,1433
860910106,51,658,709
860910107,31,341,372
860910108,17,34,51
860910109,211,1056,1267
860910201,10,201,211
860910202,2,57,59
860910203,1,360,361
860910204,5,18,23
860910301,2,221,223
860910302,2,84,86
860910401,24,131,155
860910402,3,216,219
860910403,98,411,509
860910404,31,570,601
860910405,48,589,637
860910406,158,1228,1386
860910407,74,645,719
860910408,3,168,171
860910409,24,104,128
860910410,309,1005,1314
860910411,188,1020,1208
860980101,12,270,282
860980102,5,44,49
860980103,16,480,496
860980104,8,110,118
860980105,12,126,138
860980106,5,98,103
860980107,5,27,32
860980108,336,1252,1588
860980109,527,1411,1938
860980110,270,937,1207
860980111,262,922,1184
860980112,154,668,822
860980201,46,494,540
860980202,2,30,32
860980203,3,145,148
860980204,4,149,153
860980205,119,942,1061
860980301,30,229,259
860980302,21,140,161
860980303,3,25,28
860980304,2,50,52
860980305,130,1459,1589
860980401,107,801,908
860980402,19,567,586
860980403,26,519,545
860980501,11,239,250
860980502,41,804,845
860980503,109,946,1055
860980601,6,77,83
860980602,11,227,238
860980603,2,65,67
860980701,15,125,140
860980702,0,63,63
860980703,12,18,30
861050101,119,2106,2225
861050102,11,242,253
861050201,313,866,1179
861050202,20,176,196
861050203,51,1420,1471
861050204,75,1600,1675
861050205,372,653,1025
861050206,332,770,1102
861050207,430,856,1286
861050208,406,709,1115
861050209,358,955,1313
861050210,409,971,1380
861050211,263,810,1073
861050212,426,757,1183
861050301,55,1183,1238
861050302,19,580,599
861050303,6,379,385
861120101,0,149,149
861120102,10,261,271
861120103,5,129,134
861120104,1,126,127
861120105,1,146,147
861120201,6,201,207
861120202,11,68,79
861120203,70,416,486
861120302,9,172,181
861190101,70,1645,1715
861190102,220,1798,2018
861190103,304,1077,1381
861190104,622,1298,1920
861190201,80,382,462
861190202,10,99,109
861190203,16,217,233
861190301,52,503,555
861190302,15,253,268
861190303,26,393,419
861190304,0,138,138
861190401,21,408,429
861190402,4,83,87
861190403,9,152,161
861190404,85,1257,1342
861190405,41,541,582
861190406,447,1420,1867
861190407,403,692,1095
861190408,580,944,1524
861190409,456,907,1363
861190410,329,1191,1520
861190411,299,751,1050
861190412,322,1156,1478
861190413,388,1684,2072
861190414,356,930,1286
861190415,92,1031,1123
861190501,30,1224,1254
861190502,33,1621,1654
861190503,25,515,540
861260101,3,121,124
861260102,0,19,19
861260201,11,658,669
861260202,6,123,129
861260203,18,416,434
861260204,4,357,361
861260301,39,688,727
861260302,8,313,321
861260303,12,254,266
861260304,1,81,82
861260305,13,195,208
861260306,11,82,93
861260307,193,873,1066
861260308,177,1002,1179
861260309,453,1137,1590
861260310,403,1246,1649
861260311,309,633,942
861260312,360,793,1153
861260313,398,662,1060
861260401,13,256,269
861260402,16,267,283
861260403,18,449,467
861260404,5,76,81
861330101,14,193,207
861330102,12,330,342
861330103,39,477,516
861330201,15,526,541
861330202,2,263,265
861330203,33,841,874
861330204,85,531,616
861330205,214,1082,1296
861330301,11,516,527
861330302,13,314,327
861330303,22,498,520
861330304,6,87,93
861330305,4,152,156
861330401,8,186,194
861330402,5,169,174
861330403,208,984,1192
861330404,108,1165,1273
861330405,5,157,162
861330406,28,562,590
861330407,202,430,632
861330408,180,544,724
861330409,281,524,805
861330410,433,1363,1796
861330501,12,36,48
861330502,4,60,64
861330503,2,136,138
861330504,22,412,434
861330505,160,1073,1233
861330601,3,240,243
861330602,21,198,219
861330603,12,267,279
861330701,31,836,867
861330702,7,468,475
861330801,20,259,279
861330802,66,844,910
861400101,1,356,357
861400102,15,162,177
861400103,12,757,769
861400104,6,264,270
861400105,17,411,428
861400201,52,339,391
861400202,11,236,247
861400203,3,228,231
861400204,5,482,487
861400205,194,385,579
861400206,299,950,1249
861400207,263,532,795
861400208,225,485,710
861400209,157,927,1084
861400210,290,505,795
861400301,23,497,520
861400302,7,261,268
861400303,25,509,534
861470101,45,428,473
861470102,107,968,1075
861470103,96,1217,1313
861470104,30,602,632
861470201,50,695,745
861470202,131,1485,1616
861470301,360,3294,3654
861470302,96,495,591
861470401,146,2350,2496
861470402,139,321,460
861470403,93,681,774
861470501,71,656,727
861470502,143,958,1101
861470503,23,474,497
861470504,72,429,501
861470601,36,546,582
861470602,11,462,473
861470603,49,520,569
861470701,13,144,157
861470702,5,276,281
861470703,75,677,752
861470704,54,751,805
861470705,48,305,353
861470706,57,492,549
861470801,485,777,1262
861470802,414,724,1138
861470803,483,543,1026
861470804,309,261,570
861470805,347,319,666
861470806,390,620,1010
861470807,411,952,1363
861470808,305,865,1170
861470809,225,778,1003
861470810,122,626,748
861470811,267,802,1069
861470812,323,639,962
861470813,192,684,876
861470814,504,549,1053
861470815,200,189,389
861470816,417,286,703
861470817,189,470,659
861470901,266,554,820
861470902,324,1085,1409
861470903,386,507,893
861470904,103,707,810
861470905,223,794,1017
861470906,265,386,651
861470907,149,67,216
861470908,228,225,453
861470909,286,524,810
861470910,191,294,485
861470911,116,85,201
861470912,265,570,835
861470913,178,507,685
861470914,104,864,968
861470915,277,378,655
861470916,114,804,918
861470917,283,429,712
861470918,166,449,615
861470919,147,707,854
861540101,11,80,91
861540102,52,179,231
861540103,23,33,56
861540104,59,107,166
861540105,29,86,115
861540106,575,416,991
861540107,329,805,1134
861540108,308,273,581
861540201,15,88,103
861540202,69,127,196
861540203,160,320,480
861540204,3,35,38
861540301,3,83,86
861540302,61,119,180
861540303,52,180,232
861610101,41,618,659
861610102,31,860,891
861610103,73,532,605
861610104,28,464,492
861610105,148,1127,1275
861610106,68,795,863
861610107,190,685,875
861610108,271,768,1039
861610109,456,750,1206
861610110,325,1055,1380
861610111,137,957,1094
861610112,304,903,1207
861610201,23,254,277
861610202,21,76,97
861610203,197,1092,1289
861610204,156,731,887
861610205,142,580,722
861610206,113,804,917
861610301,53,1507,1560
861610302,73,1134,1207
861610303,7,149,156
861610304,44,295,339
861610305,92,1060,1152
861610306,51,581,632
861610307,3,167,170
861610308,643,1128,1771
861610309,298,797,1095
861610310,341,532,873
861610311,302,431,733
861610312,389,494,883
861610313,308,337,645
861610314,359,505,864
861610315,202,852,1054
861610316,211,1123,1334
861610317,260,552,812
861610318,533,631,1164
861610319,175,668,843
861610401,17,259,276
861610402,38,327,365
861610403,55,412,467
861610404,168,594,762
861610405,56,337,393
861610406,47,402,449
861610407,31,203,234
861610408,19,192,211
861610409,294,834,1128
861610410,352,850,1202
861610411,261,541,802
861610412,188,994,1182
861610413,170,566,736
861680101,36,372,408
861680102,17,450,467
861680103,31,554,585
861680104,12,290,302
861680105,35,465,500
861680201,63,621,684
861680202,58,737,795
861680203,18,540,558
861680204,13,495,508
861680205,106,659,765
861680206,409,904,1313
861680207,247,820,1067
861680301,15,889,904
861680302,5,747,752
861680303,7,274,281
861680304,6,503,509
861750101,51,1152,1203
861750102,7,224,231
861750103,11,437,448
861750201,22,326,348
861750202,13,275,288
861750203,13,516,529
861750204,127,967,1094
861750301,90,675,765
861750302,4,204,208
861750303,6,686,692
861750304,42,817,859
861750305,29,570,599
861750306,138,496,634
861750307,170,776,946
861820101,0,49,49
861820102,2,115,117
861820103,24,342,366
861820201,12,222,234
861820202,0,18,18
861820203,4,317,321
861820204,6,128,134
861820205,135,914,1049
861820206,153,1178,1331
861820301,17,266,283
861820302,16,231,247
861890101,177,1040,1217
861890102,48,476,524
861890103,240,844,1084
861890201,228,768,996
861890202,92,543,635
861890203,0,26,26
861890301,13,622,635
861890302,68,1063,1131
861890303,142,884,1026
900070101,20,26,46
900070102,5,65,70
900070103,30,123,153
900070104,78,249,327
900070105,78,185,263
900070201,17,80,97
900070202,5,99,104
900070203,7,54,61
900070204,29,390,419
900070205,39,491,530
900070206,9,346,355
900070301,14,81,95
900070302,1,66,67
900070303,10,81,91
900070304,6,47,53
900070305,5,100,105
900070306,66,405,471
900070401,30,251,281
900070402,53,152,205
900070403,51,418,469
900070404,33,236,269
900070405,242,740,982
900070406,0,28,28
900070407,17,366,383
900070408,305,1063,1368
900070409,274,960,1234
900070410,109,1205,1314
900070501,22,255,277
900070502,23,169,192
900070503,13,324,337
900070504,15,227,242
900070505,28,341,369
900070506,27,330,357
900070507,32,227,259
900070508,72,237,309
900070509,80,369,449
900070601,34,458,492
900070602,54,318,372
900070603,17,137,154
900070604,84,521,605
900070605,60,245,305
900070606,65,405,470
900070607,239,529,768
900070608,79,184,263
900070609,91,432,523
900070610,70,342,412
900070611,255,705,960
900070701,154,303,457
900070702,73,335,408
900070703,68,518,586
900070704,127,517,644
900070705,8,225,233
900070706,18,33,51
900070707,26,244,270
900070708,88,205,293
900070709,30,212,242
900070710,330,1183,1513
900070711,173,401,574
900070712,352,1398,1750
900070801,110,348,458
900070802,17,108,125
900070803,37,270,307
900070804,19,113,132
900070805,100,574,674
900070806,59,201,260
900070807,360,824,1184
900070808,130,594,724
900070809,28,214,242
900070901,10,55,65
900070902,67,287,354
900070903,119,411,530
900070904,170,726,896
900070905,41,206,247
900071001,67,478,545
900071002,10,212,222
900071003,51,184,235
900071004,19,144,163
900071005,65,831,896
900071006,9,184,193
900071007,269,1030,1299
900140101,46,384,430
900140102,205,916,1121
900140103,364,1404,1768
900140104,285,433,718
900140105,229,625,854
900140106,364,313,677
900140107,267,852,1119
900140108,238,616,854
900140109,680,1246,1926
900140110,527,975,1502
900140111,159,408,567
900140112,1060,1461,2521
900140113,730,916,1646
900140114,803,1172,1975
900140115,622,1068,1690
900140116,736,1135,1871
900140117,547,261,808
900140118,780,376,1156
900140119,569,571,1140
900140120,329,606,935
900140121,696,894,1590
900140122,592,1224,1816
900140123,487,810,1297
900140124,448,650,1098
900140125,295,817,1112
900140126,764,1381,2145
900140127,634,1113,1747
900140128,414,668,1082
900140129,425,936,1361
900140130,437,1720,2157
900140131,547,1258,1805
900140201,34,207,241
900140202,69,515,584
900140203,35,91,126
900140204,104,476,580
900140205,155,635,790
900140206,18,144,162
900140207,473,923,1396
900140208,466,877,1343
900140209,269,630,899
900140210,273,638,911
900140211,311,746,1057
900140301,97,818,915
900140302,42,176,218
900140303,12,96,108
900140304,39,231,270
900140401,54,95,149
900140402,29,150,179
900140403,160,640,800
900140404,256,636,892
900140501,16,92,108
900140502,80,306,386
900140503,43,471,514
900140504,18,211,229
900140505,44,254,298
900140506,38,317,355
900140601,61,446,507
900140602,16,39,55
900140603,1,24,25
900140604,3,84,87
900140605,2,19,21
900140606,108,376,484
900140607,25,188,213
900140608,137,543,680
900140609,393,703,1096
900140610,410,1107,1517
900140611,213,863,1076
900140612,259,1072,1331
900140613,303,1015,1318
900140614,168,809,977
900140701,117,372,489
900140702,5,46,51
900140703,191,668,859
900140704,112,764,876
900140705,46,180,226
900140706,115,511,626
900140707,18,130,148
900140708,170,686,856
900140709,19,228,247
900140710,439,906,1345
900140711,274,975,1249
900140712,358,693,1051
900140713,369,1291,1660
900140714,266,871,1137
900140801,38,289,327
900140802,35,242,277
900140803,44,360,404
900140804,13,136,149
900140805,179,460,639
900140806,24,229,253
900140901,200,664,864
900140902,138,388,526
900140903,91,525,616
900140904,67,233,300
900140905,140,423,563
900140906,140,347,487
900141001,81,499,580
900141002,103,275,378
900141003,138,498,636
900141101,63,193,256
900141102,346,685,1031
900141103,18,182,200
900141104,80,545,625
900141105,734,724,1458
900141106,572,942,1514
900141201,294,758,1052
900141202,144,569,713
900141203,74,216,290
900141204,397,1371,1768
900141205,467,893,1360
900141206,443,631,1074
900141207,523,833,1356
900141208,461,588,1049
900141209,577,826,1403
900141210,748,937,1685
900141211,359,825,1184
900141212,392,560,952
900141213,512,805,1317
900141214,637,859,1496
900141215,272,494,766
900141216,406,507,913
900141217,571,859,1430
900141218,449,612,1061
900141219,488,723,1211
900141220,34,67,101
900141221,123,502,625
900141222,568,1145,1713
900141223,505,617,1122
900141224,518,290,808
900141225,361,470,831
900141301,424,1042,1466
900141302,531,611,1142
900141303,633,956,1589
900141304,297,467,764
900141305,290,781,1071
900141306,571,1247,1818
900141307,380,856,1236
900141308,383,557,940
900141309,372,522,894
900141310,564,1451,2015
900141311,307,1308,1615
900141312,530,967,1497
900141313,325,746,1071
900141314,195,629,824
900141401,1,30,31
900141402,4,15,19
900141403,18,83,101
900141404,33,163,196
900141405,298,811,1109
900141406,350,731,1081
900141407,397,928,1325
900141408,757,1359,2116
900141409,470,1089,1559
900141410,277,818,1095
900141501,208,916,1124
900141502,168,876,1044
900141503,16,101,117
900141504,357,1579,1936
900141505,50,249,299
900141506,610,943,1553
900141507,630,1180,1810
900141601,202,481,683
900141602,695,700,1395
900141603,435,507,942
900141604,362,372,734
900141605,489,603,1092
900141606,332,552,884
900141607,450,478,928
900141608,522,481,1003
900141609,442,546,988
900141610,365,386,751
900141611,450,430,880
900141612,366,421,787
900141613,595,929,1524
900141614,473,853,1326
900141615,421,984,1405
900141616,626,1519,2145
900141617,428,529,957
900141618,457,814,1271
900210101,1,1,2
900210102,37,381,418
900210103,0,0,0
900210104,191,1109,1300
900210105,93,429,522
900210106,62,512,574
900210107,20,235,255
900210108,66,666,732
900210109,93,791,884
900210110,94,615,709
900210111,68,375,443
900210201,27,205,232
900210202,22,272,294
900210203,42,413,455
900210204,144,586,730
900210205,483,1445,1928
900210206,83,667,750
900210207,98,540,638
900210208,100,426,526
900210209,51,570,621
900210301,52,422,474
900210302,74,478,552
900210303,50,519,569
900210304,52,443,495
900210401,66,365,431
900210402,16,216,232
900210403,106,431,537
900210404,66,219,285
900210405,16,77,93
900210406,181,537,718
900210407,295,822,1117
900210408,321,456,777
900210409,468,881,1349
900210410,274,588,862
900210411,241,844,1085
900210501,68,507,575
900210502,218,1025,1243
900210503,139,520,659
900210504,129,514,643
900210505,6,73,79
900210506,219,561,780
900210507,315,1103,1418
900210601,4,103,107
900210602,753,1314,2067
900210603,612,840,1452
900210604,803,602,1405
900210605,656,602,1258
900210606,660,693,1353
900210607,360,800,1160
900210608,660,673,1333
900210609,386,229,615
900210610,748,706,1454
900210611,612,450,1062
900210612,717,394,1111
900210613,443,304,747
900210614,772,532,1304
900210615,435,489,924
900210616,617,397,1014
900210617,293,431,724
900210618,440,650,1090
900210619,323,430,753
900210620,452,151,603
900210701,615,1014,1629
900210702,600,802,1402
900210703,292,515,807
900210704,330,337,667
900210705,287,514,801
900210706,742,547,1289
900210707,566,438,1004
900210708,344,193,537
900210709,356,780,1136
900210710,497,679,1176
900210711,292,160,452
900210712,397,396,793
900210713,303,310,613
900210714,415,593,1008
900210715,597,410,1007
900210716,458,501,959
900210717,346,929,1275
900210718,154,779,933
900210719,493,1392,1885
900210720,370,847,1217
900210721,207,747,954
900210722,304,875,1179
900210723,436,407,843
900210724,681,305,986
900210725,424,1090,1514
900210726,258,915,1173
900280101,442,1151,1593
900280102,486,997,1483
900280103,665,805,1470
900280104,417,768,1185
900280105,367,804,1171
900280106,439,400,839
900280107,360,645,1005
900280108,420,845,1265
900280109,333,456,789
900280110,355,469,824
900280111,543,751,1294
900280112,592,1288,1880
900280113,556,499,1055
900280201,0,32,32
900280202,19,121,140
900280203,72,130,202
900280204,25,176,201
900280205,87,378,465
900280206,608,1502,2110
900280207,117,995,1112
900280208,227,626,853
900280301,0,19,19
900280302,44,205,249
900280303,25,102,127
900280304,70,382,452
900280305,266,776,1042
900280306,265,634,899
900280307,239,919,1158
900280308,4,15,19
900280309,82,166,248
900280310,78,310,388
900280311,24,198,222
900280312,84,411,495
900280313,1,21,22
900280314,0,46,46
900280315,1,10,11
900280316,197,869,1066
900280317,284,954,1238
900280318,318,1113,1431
900280319,321,1084,1405
900280320,521,340,861
900350101,89,828,917
900350102,3,112,115
900350103,3,115,118
900350104,1,25,26
900350105,4,68,72
900350106,21,132,153
900350107,9,77,86
900350108,8,37,45
900350109,12,122,134
900350110,82,191,273
900350111,74,598,672
900350112,74,569,643
900350113,325,884,1209
900350114,307,740,1047
900350201,2,77,79
900350202,0,59,59
900350203,2,37,39
900350204,7,176,183
900350205,22,274,296
900350206,37,329,366
900350207,20,259,279
900350208,20,149,169
900350209,39,98,137
900350210,6,14,20
900350211,1,12,13
900350212,193,621,814
900350213,336,878,1214
900350214,171,496,667
900350301,46,274,320
900350302,1,110,111
900350303,15,86,101
900350304,10,97,107
900350305,1,187,188
900350306,5,39,44
900350307,16,205,221
900350308,4,44,48
900350309,4,73,77
900350310,32,355,387
900350311,19,175,194
900350312,227,946,1173
900420101,475,698,1173
900420102,368,881,1249
900420103,280,389,669
900420104,270,290,560
900420105,364,515,879
900420106,357,554,911
900420107,678,568,1246
900420108,495,694,1189
900420109,223,232,455
900420110,251,390,641
900420111,162,416,578
900420112,388,399,787
900420113,570,443,1013
900420114,561,471,1032
900420115,639,609,1248
900420116,277,687,964
900420201,39,476,515
900420202,11,220,231
900420203,21,163,184
900420204,22,202,224
900420205,56,219,275
900420206,19,197,216
900420207,5,196,201
900420208,55,546,601
900420209,200,971,1171
900420210,102,483,585
900420211,231,956,1187
900420212,482,1454,1936
900420213,22,380,402
900420214,424,434,858
900420215,191,310,501
900420216,293,231,524
900420217,149,528,677
900420301,22,232,254
900420302,194,630,824
900420303,32,275,307
900420304,60,237,297
900420305,56,359,415
900420306,368,763,1131
900420401,4,79,83
900420402,54,239,293
900490101,109,382,491
900490102,103,792,895
900490201,65,517,582
900490202,6,56,62
900490203,180,992,1172
900490204,209,1427,1636
900490205,18,295,313
900490301,119,733,852
900490302,66,237,303
900490401,82,352,434
900490402,117,501,618
900490403,94,456,550
900490404,16,102,118
900490501,371,745,1116
900490502,80,386,466
900490503,15,24,39
900490504,5,114,119
900490505,13,27,40
900490506,55,290,345
900490507,35,152,187
900490508,320,564,884
900490509,542,852,1394
900490510,405,770,1175
900490511,393,947,1340
900490512,289,564,853
900490601,0,8,8
900490602,84,428,512
900490603,20,168,188
900490701,0,5,5
900490702,116,399,515
900490703,113,506,619
900560101,12,76,88
900560102,38,109,147
900560103,260,746,1006
900560201,33,158,191
900560202,3,0,3
900560203,146,520,666
900560301,307,654,961
900560302,354,753,1107
900560303,229,651,880
900560304,167,423,590
900560305,620,940,1560
900560306,552,843,1395
900560307,295,448,743
900560308,474,570,1044
900560309,393,658,1051
900560310,398,710,1108
900560311,592,981,1573
900560312,571,854,1425
900560401,39,320,359
900560402,213,605,818
900560403,100,410,510
900560404,14,134,148
900560405,8,69,77
900560406,32,278,310
900560407,16,71,87
900560408,279,263,542
900560501,52,212,264
900560502,189,679,868
900560503,60,384,444
900560504,165,593,758
900560505,58,230,288
900560601,9,128,137
900560602,79,472,551
900560603,120,631,751
900560604,11,155,166
900560605,32,139,171
900560606,46,348,394
900560607,44,211,255
900560701,64,334,398
900560702,315,931,1246
900560703,24,80,104
900560704,65,502,567
900560705,53,298,351
900560706,60,373,433
900560801,39,197,236
900560802,23,98,121
900560803,42,421,463
900560804,52,375,427
900560805,87,768,855
900560901,43,210,253
900560902,2,16,18
900560903,116,370,486
900560904,91,488,579
900560905,7,77,84
900560906,26,238,264
900560907,74,309,383
900560908,10,432,442
900560909,6,178,184
900560910,11,110,121
900560911,7,129,136
900561001,91,500,591
900561002,4,48,52
900561003,68,675,743
900561004,38,392,430
900561005,39,358,397
900561101,2,24,26
900561102,2,27,29
900561103,32,97,129
900561104,10,315,325
900561105,57,282,339
900561106,17,223,240
900561107,171,605,776
900561108,308,860,1168
900561201,78,288,366
900561202,34,297,331
900561203,217,455,672
900561204,121,458,579
900561205,49,437,486
900561206,83,369,452
900561207,128,440,568
900561208,24,113,137
900561209,41,299,340
900561210,7,104,111
900561211,77,343,420
900561212,41,313,354
900561213,346,816,1162
900561301,127,437,564
900561302,53,324,377
900561303,9,126,135
900561304,78,703,781
900561305,243,783,1026
900561306,3,138,141
900561401,48,225,273
900561402,54,235,289
900561403,141,478,619
900561404,481,973,1454
900561405,73,380,453
900561406,76,796,872
900561407,344,774,1118
900561408,297,726,1023
900630101,298,643,941
900630102,610,573,1183
900630103,319,602,921
900630104,522,917,1439
900630105,468,936,1404
900630106,508,499,1007
900630107,270,345,615
900630108,558,977,1535
900630109,426,702,1128
900630110,698,760,1458
900630111,650,847,1497
900630112,454,556,1010
900630113,625,587,1212
900630114,489,781,1270
900630201,11,155,166
900630202,23,331,354
900630203,6,60,66
900630204,32,58,90
900630205,17,48,65
900630206,162,707,869
900630207,86,394,480
900630208,4,14,18
900630209,22,22,44
900630210,20,100,120
900630211,36,133,169
900630212,195,1303,1498
900630213,373,642,1015
900630214,380,213,593
900630215,437,851,1288
900630216,438,662,1100
900630217,464,719,1183
900630218,389,797,1186
900630219,317,820,1137
900630301,661,1392,2053
900630302,381,1473,1854
900630303,147,409,556
900630304,22,151,173
900630305,444,1512,1956
900630401,0,23,23
900630402,23,49,72
900630403,234,356,590
900630404,285,1093,1378
900630405,42,201,243
900630406,87,279,366
900630407,14,102,116
900630408,293,255,548
900630409,1,6,7
900630410,31,191,222
900630411,92,474,566
900630412,119,487,606
900630413,558,1158,1716
900630414,445,420,865
900630415,449,503,952
900630416,96,182,278
900630417,331,468,799
900630418,468,597,1065
900630419,657,816,1473
900630420,229,612,841
900630501,493,806,1299
900630502,397,381,778
900630503,730,780,1510
900630504,468,595,1063
900630505,620,552,1172
900630506,617,686,1303
900630507,524,1005,1529
900630508,357,676,1033
900630509,626,1093,1719
900630510,370,1054,1424
900630511,415,773,1188
900630512,592,721,1313
900630513,473,807,1280
900700101,69,355,424
900700102,67,374,441
900700201,9,60,69
900700202,19,286,305
900700203,69,335,404
900700204,182,653,835
900700205,350,1091,1441
900700206,263,890,1153
900700207,201,549,750
900700208,149,810,959
900700301,325,1178,1503
900700302,21,142,163
900700303,12,110,122
900700304,12,117,129
900700305,20,173,193
900700306,155,578,733
900700307,296,687,983
900700401,52,177,229
900700402,62,312,374
900700403,142,905,1047
900700404,112,573,685
900700405,62,388,450
900700406,60,618,678
900700407,3,254,257
900700408,35,136,171
900700409,116,635,751
900700410,33,142,175
900700411,28,247,275
900700412,263,765,1028
900700413,358,1013,1371
900700414,288,648,936
900700501,100,462,562
900700502,73,439,512
900700601,4,4,8
900700602,247,974,1221
900700603,313,438,751
900700604,375,639,1014
900700605,286,434,720
900700606,296,558,854
900700607,383,687,1070
900700701,37,313,350
900700702,35,161,196
900700703,0,3,3
900700801,30,155,185
900700802,1,44,45
900700803,38,301,339
900700804,167,416,583
900700805,236,461,697
900700806,209,611,820
900700807,520,1273,1793
900700808,145,530,675
900700901,0,0,0
900700902,24,233,257
900700903,188,1002,1190
900700904,25,237,262
900701001,1,3,4
900701002,82,268,350
900701003,37,279,316
900701101,54,284,338
900701102,86,377,463
900701201,0,5,5
900701202,23,176,199
900701203,52,369,421
900701204,111,583,694
900701301,587,850,1437
900701302,149,310,459
900701303,162,714,876
900701304,708,532,1240
900701401,244,373,617
900701402,268,658,926
900701403,254,317,571
900701404,351,367,718
900701405,445,822,1267
900701406,581,659,1240
900701407,330,287,617
900701408,355,205,560
900701409,537,1028,1565
900701410,361,732,1093
900701411,452,274,726
900701412,336,520,856
900701413,265,199,464
900701414,381,411,792
900701415,563,703,1266
900701416,347,518,865
900701417,749,765,1514
900701418,445,999,1444
900701419,521,630,1151
900701420,505,614,1119
900701421,264,480,744
900770101,252,1010,1262
900770102,270,978,1248
900770103,449,698,1147
900770104,428,1216,1644
900770105,377,1159,1536
900770106,467,807,1274
900770107,380,560,940
900770108,419,340,759
900770109,434,466,900
900770110,548,512,1060
900770111,461,320,781
900770112,353,466,819
900770113,305,593,898
900770114,318,273,591
900770115,571,820,1391
900770116,393,727,1120
900770117,445,530,975
900770118,240,386,626
900770119,333,658,991
900770120,266,899,1165
900770121,325,804,1129
900770122,320,485,805
900770123,429,397,826
900770124,477,433,910
900770201,32,230,262
900770202,267,850,1117
900770203,128,658,786
900770204,35,248,283
900770205,3,33,36
900770206,43,150,193
900770207,38,213,251
900770208,0,15,15
900770209,292,996,1288
900770210,289,1275,1564
900770211,650,311,961
900770212,223,150,373
900770213,538,467,1005
900770214,166,410,576
900770301,73,323,396
900770302,65,498,563
900770401,2,7,9
900770402,1,18,19
900770403,125,817,942
900770404,263,838,1101
900770405,113,590,703
900770406,75,552,627
900770407,176,953,1129
900770408,22,272,294
900770409,79,501,580
900770410,47,373,420
900770411,73,569,642
900770412,16,304,320
900770413,160,500,660
900770414,306,1188,1494
900770415,329,674,1003
900770416,173,382,555
900770417,358,801,1159
900770418,139,393,532
900770419,103,637,740
900770501,74,585,659
900770601,86,680,766
900770602,120,741,861
900770603,49,176,225
900770604,54,150,204
900770605,143,545,688
900770606,296,1004,1300
900770607,512,1032,1544
900840101,181,590,771
900840102,493,402,895
900840103,847,425,1272
900840104,835,397,1232
900840105,965,122,1087
900840106,766,655,1421
900840107,683,547,1230
900840108,990,251,1241
900840109,405,450,855
900840110,639,308,947
900840111,525,480,1005
900840112,771,440,1211
900840113,1078,310,1388
900840114,646,459,1105
900840115,573,512,1085
900840116,457,531,988
900840117,312,384,696
900840118,311,164,475
900840119,380,188,568
900840120,499,249,748
900840121,523,204,727
900840122,463,222,685
900840123,880,615,1495
900840124,941,303,1244
900840125,855,199,1054
900840126,934,465,1399
900840201,164,477,641
900840202,501,801,1302
900840203,495,617,1112
900840204,375,350,725
900840205,917,895,1812
900840206,558,435,993
900840207,341,360,701
900840208,827,565,1392
900840209,682,327,1009
900840210,715,311,1026
900840211,411,193,604
900840212,964,524,1488
900840213,427,311,738
900840214,508,354,862
900840215,456,181,637
900840216,417,235,652
900840217,536,237,773
900840218,501,237,738
900840219,617,224,841
900840220,447,212,659
900840221,733,819,1552
900840222,544,761,1305
900840223,473,247,720
900840301,635,1259,1894
900840302,530,1155,1685
900840303,615,719,1334
900840304,580,743,1323
900840305,487,549,1036
900840306,631,631,1262
900840307,619,535,1154
900840308,487,532,1019
900840309,384,401,785
900840310,631,598,1229
900840311,360,353,713
900840312,301,442,743
900840313,547,261,808
900840314,326,226,552
900840315,297,218,515
900840401,566,1026,1592
900840402,755,503,1258
900840403,622,517,1139
900840404,748,554,1302
900840405,608,457,1065
900840406,513,587,1100
900840407,449,678,1127
900840408,150,263,413
900840409,423,625,1048
900840410,538,562,1100
900840411,376,348,724
900840412,382,370,752
900840413,340,766,1106
900840414,286,538,824
900840415,719,1217,1936
900840416,624,982,1606
900840501,618,524,1142
900840502,436,322,758
900840503,545,396,941
900840504,329,252,581
900840505,351,331,682
900840506,538,706,1244
900840507,310,678,988
900840508,248,523,771
900840509,246,339,585
900840510,399,284,683
900840511,357,207,564
900840512,357,302,659
900840513,501,289,790
900840601,261,307,568
900840602,764,655,1419
900840603,514,413,927
900840604,538,516,1054
900840605,658,537,1195
900840606,441,512,953
900840607,562,357,919
900840608,537,599,1136
900840609,322,469,791
900840610,366,311,677
900840611,412,245,657
900840612,206,199,405
900840613,331,154,485
900840614,318,129,447
900840701,513,747,1260
900840702,277,291,568
900840703,548,488,1036
900840704,707,490,1197
900840705,541,326,867
900840706,672,620,1292
900840707,525,471,996
900840708,730,542,1272
900840709,608,385,993
900840710,442,205,647
900840711,527,256,783
900840712,520,186,706
900840713,386,203,589
900840714,433,166,599
900840801,367,435,802
900840802,291,441,732
900840803,511,831,1342
900840804,324,680,1004
900840805,721,1200,1921
900840806,484,551,1035
900840807,434,536,970
900840808,512,717,1229
900840809,424,403,827
900840810,497,380,877
900840811,560,427,987
900840812,659,607,1266
900840813,469,551,1020
900840814,743,1350,2093
900840815,381,526,907
900840816,627,535,1162
900840817,349,325,674
900840818,295,331,626
900840819,596,699,1295
900840820,322,710,1032
900840901,350,296,646
900840902,548,381,929
900840903,424,273,697
900840904,425,288,713
900840905,537,279,816
900840906,369,307,676
900840907,300,478,778
900840908,369,315,684
900840909,315,234,549
900840910,386,272,658
900840911,605,322,927
900840912,307,132,439
900840913,204,93,297
900840914,567,212,779
900840915,606,375,981
900841001,531,447,978
900841002,775,1170,1945
900841003,322,692,1014
900841004,650,806,1456
900841005,564,897,1461
900841006,299,1020,1319
900841007,257,533,790
900841008,503,1072,1575
900841009,377,877,1254
900841010,868,770,1638
900841011,734,576,1310
900841012,625,205,830
900841013,448,613,1061
900841014,329,476,805
900841015,309,338,647
900841016,564,182,746
900841017,556,233,789
900841018,613,360,973
900841019,434,143,577
900841020,673,405,1078
900841021,245,65,310
900841022,525,374,899
900841023,768,589,1357
900841024,628,630,1258
900841025,66,232,298
900841101,446,166,612
900841102,486,188,674
900841103,478,169,647
900841104,332,173,505
900841105,568,579,1147
900841106,280,1142,1422
900841107,247,1030,1277
900841108,325,948,1273
900841109,328,1050,1378
900841110,437,457,894
900841111,555,507,1062
900841112,546,227,773
900841113,450,396,846
900841201,581,149,730
900841202,588,118,706
900841203,577,125,702
900841204,417,95,512
900841205,362,85,447
900841206,368,83,451
900841207,504,128,632
900841208,661,244,905
900841209,609,143,752
900841210,543,118,661
900841211,554,108,662
900841212,613,160,773
900841213,438,99,537
900841214,581,127,708
900841215,303,84,387
900841216,751,168,919
900841217,372,115,487
900841218,386,71,457
900841219,636,189,825
900841220,547,133,680
900841221,526,138,664
900841222,290,95,385
900841223,404,100,504
900841224,153,63,216
900841225,422,89,511
900841226,554,183,737
900841301,410,186,596
900841302,492,220,712
900841303,333,158,491
900841304,387,97,484
900841305,593,149,742
900841306,566,114,680
900841307,233,76,309
900841308,493,109,602
900841309,534,158,692
900841310,402,145,547
900841311,273,89,362
900841312,571,190,761
900841313,162,37,199
900841314,405,127,532
900841315,294,92,386
900841316,359,101,460
900841317,487,156,643
900841318,695,272,967
900841401,649,560,1209
900841402,498,354,852
900841403,369,217,586
900841404,769,513,1282
900841405,670,418,1088
900841406,643,281,924
900841407,648,308,956
900841408,449,277,726
900841409,421,261,682
900841410,467,328,795
900841411,533,454,987
900841412,670,397,1067
900841413,484,403,887
900841414,524,458,982
900841501,452,425,877
900841502,742,390,1132
900841503,440,342,782
900841504,794,407,1201
900841505,620,426,1046
900841506,676,435,1111
900841507,271,137,408
900841508,303,150,453
900841509,784,373,1157
900841510,609,403,1012
900841511,406,187,593
900841512,265,249,514
900841513,348,237,585
900841601,774,221,995
900841602,555,228,783
900841603,754,308,1062
900841604,1165,277,1442
900841605,742,466,1208
900841606,526,173,699
900841607,904,409,1313
900841608,754,295,1049
900841609,545,393,938
900841610,570,140,710
900841611,787,470,1257
900841612,418,330,748
900841613,359,242,601
900841614,653,215,868
900841615,994,407,1401
900841616,634,248,882
900841617,414,738,1152
900841618,513,771,1284
900841619,450,518,968
900841620,558,568,1126
900841621,458,526,984
900841622,233,338,571
900841701,567,443,1010
900841702,641,529,1170
900841703,585,375,960
900841704,719,392,1111
900841705,526,381,907
900841706,592,447,1039
900841707,381,288,669
900841708,734,535,1269
900841709,640,658,1298
900841710,188,263,451
900841711,380,462,842
900841712,511,511,1022
900841801,818,378,1196
900841802,553,323,876
900841803,337,148,485
900841804,249,158,407
900841805,638,273,911
900841806,582,388,970
900841807,645,439,1084
900841808,793,360,1153
900841809,574,302,876
900841810,365,367,732
900841811,548,488,1036
900841812,392,206,598
900841901,431,133,564
900841902,497,201,698
900841903,449,122,571
900841904,324,105,429
900841905,381,165,546
900841906,344,119,463
900841907,652,206,858
900841908,398,146,544
900841909,634,127,761
900841910,511,128,639
900841911,632,129,761
900841912,387,100,487
900841913,412,179,591
900841914,400,141,541
900841915,354,116,470
900841916,479,92,571
900841917,282,67,349
900841918,325,73,398
900841919,792,244,1036
900842001,334,83,417
900842002,359,100,459
900842003,318,85,403
900842004,260,65,325
900842005,303,95,398
900842006,317,85,402
900842007,606,117,723
900842008,411,90,501
900842009,435,84,519
900842010,467,103,570
900842011,314,84,398
900842012,524,109,633
900842013,390,94,484
900842014,322,77,399
900842015,500,125,625
900842016,405,79,484
900842017,367,104,471
900842018,725,211,936
900842019,636,175,811
900842101,359,104,463
900842102,631,192,823
900842103,332,97,429
900842104,436,103,539
900842105,283,230,513
900842106,570,409,979
900842107,770,269,1039
900842108,445,153,598
900842109,590,145,735
900842110,619,432,1051
900842111,189,542,731
900842112,429,233,662
900842113,677,821,1498
900842114,688,1209,1897
900842115,245,707,952
900842116,309,256,565
900842117,325,272,597
900842118,294,535,829
900842119,488,1098,1586
900842120,423,105,528
900842121,453,94,547
900842122,369,214,583
900842123,1,5,6
900842201,568,1105,1673
900842202,600,938,1538
900842203,372,590,962
900842204,217,573,790
900842205,180,581,761
900842206,458,854,1312
900842207,684,1257,1941
900842208,363,748,1111
900842209,500,478,978
900842210,522,578,1100
900842211,455,495,950
900842212,265,578,843
900842213,485,829,1314
900842214,588,1001,1589
900842215,607,1173,1780
900842216,563,767,1330
900842217,398,1328,1726
900842218,221,518,739
900842219,505,964,1469
900842220,422,866,1288
900842221,433,1060,1493
900842222,186,425,611
900842223,178,699,877
900842301,437,286,723
900842302,392,252,644
900842303,327,187,514
900842304,616,490,1106
900842305,603,451,1054
900842306,746,679,1425
900842307,446,310,756
900842308,474,316,790
900842309,643,495,1138
900842310,634,530,1164
900842311,657,609,1266
900842312,497,409,906
900842313,375,350,725
900842314,309,452,761
900842401,448,497,945
900842402,526,559,1085
900842403,731,479,1210
900842404,727,574,1301
900842405,453,371,824
900842406,714,412,1126
900842407,326,274,600
900842408,654,909,1563
900842409,573,697,1270
900842410,589,475,1064
900842411,385,370,755
900842412,496,532,1028
900842413,434,409,843
900842414,525,508,1033
900842415,897,1058,1955
900842416,842,988,1830
900842417,383,504,887
900842418,528,616,1144
900842419,238,447,685
900842420,440,497,937
900842501,681,1106,1787
900842502,213,443,656
900842503,658,513,1171
900842504,598,425,1023
900842505,938,356,1294
900842506,244,376,620
900842507,592,917,1509
900842508,647,869,1516
900842509,408,446,854
900842510,523,504,1027
900842511,646,1329,1975
900842512,620,892,1512
900842513,763,595,1358
900842514,638,616,1254
900842515,487,477,964
900842516,357,472,829
900842517,393,739,1132
900842518,455,698,1153
900842519,549,560,1109
900842601,575,1003,1578
900842602,355,625,980
900842603,290,530,820
900842604,406,887,1293
900842605,506,805,1311
900842606,634,357,991
900842607,733,321,1054
900842608,576,193,769
900842609,429,374,803
900842610,414,575,989
900842611,519,510,1029
900842612,360,603,963
900842613,288,437,725
900842614,512,883,1395
900842615,512,912,1424
900842616,487,936,1423
900842701,440,497,937
900842702,843,980,1823
900842703,522,498,1020
900842704,523,679,1202
900842705,719,648,1367
900842706,555,948,1503
900842707,622,999,1621
900842708,586,739,1325
900842709,758,913,1671
900842710,549,973,1522
900842711,376,782,1158
900842712,334,553,887
900842713,555,254,809
900842714,904,536,1440
900842801,677,914,1591
900842802,588,602,1190
900842803,718,1074,1792
900842804,168,715,883
900842805,292,910,1202
900842806,322,897,1219
900842807,353,864,1217
900842808,156,764,920
900842809,330,588,918
900842810,433,621,1054
900842811,583,644,1227
900842812,388,1002,1390
900842813,365,722,1087
900842814,321,470,791
900842815,550,799,1349
900842816,426,766,1192
900842817,432,711,1143
900842818,644,330,974
900842819,772,274,1046
900842820,620,266,886
900842821,518,271,789
900842822,707,539,1246
900842823,416,676,1092
900842824,858,715,1573
900842901,546,1074,1620
900842902,683,877,1560
900842903,687,343,1030
900842904,359,716,1075
900842905,385,570,955
900842906,385,663,1048
900842907,355,718,1073
900842908,771,1108,1879
900842909,605,745,1350
900842910,337,705,1042
900842911,600,915,1515
900842912,271,573,844
900842913,586,822,1408
900842914,600,1655,2255
900842915,352,933,1285
900842916,148,659,807
900843001,463,781,1244
900843002,553,634,1187
900843003,614,766,1380
900843004,491,357,848
900843005,655,276,931
900843006,446,374,820
900843007,529,959,1488
900843008,367,710,1077
900843009,406,889,1295
900843010,483,777,1260
900843011,651,782,1433
900843012,563,918,1481
900843013,615,988,1603
900843014,724,560,1284
900843015,856,856,1712
900843016,219,1136,1355
900843017,396,344,740
900843018,914,954,1868
900843019,267,160,427
900910101,604,1128,1732
900910102,388,989,1377
900910103,531,854,1385
900910104,565,819,1384
900910105,449,615,1064
900910106,394,517,911
900910201,144,500,644
900910202,35,269,304
900910203,92,494,586
900910204,198,603,801
900910205,37,362,399
900910206,34,323,357
900910207,80,536,616
900910208,99,460,559
900910209,38,394,432
900910301,17,282,299
900910302,79,540,619
900910303,41,535,576
900910304,48,623,671
900910305,77,517,594
900910306,81,490,571
900910307,39,350,389
900910308,12,155,167
900910401,8,191,199
900910402,22,328,350
900910403,28,438,466
900910404,51,305,356
900910405,61,347,408
900910406,38,141,179
900910501,63,546,609
900910502,27,409,436
900910503,73,343,416
900910504,17,107,124
900910601,12,90,102
900910602,31,430,461
900910603,21,210,231
900910604,12,137,149
900910605,7,85,92
900910606,6,109,115
900910607,79,307,386
900910701,16,766,782
900910702,31,637,668
900910703,9,238,247
900910704,28,246,274
900910801,5,120,125
900910802,6,77,83
900910803,7,226,233
900910804,21,266,287
900910805,4,191,195
900910806,2,135,137
900910807,7,39,46
900910808,45,449,494
900910809,235,591,826
900910901,49,193,242
900910902,43,276,319
900910903,52,224,276
900910904,9,69,78
900911001,18,194,212
900911002,18,176,194
900911003,16,401,417
900911004,22,126,148
900911101,14,173,187
900911102,7,75,82
900911103,6,197,203
900911104,18,186,204
900911201,61,340,401
900911202,23,175,198
900911203,5,39,44
900980101,86,369,455
900980102,55,171,226
900980103,5,48,53
900980104,14,187,201
900980105,49,148,197
900980106,209,383,592
900980107,0,34,34
900980108,0,0,0
900980201,7,31,38
900980202,0,5,5
900980203,23,35,58
900980301,1,28,29
900980302,6,18,24
900980303,12,40,52
900980304,84,252,336
900980305,14,103,117
900980306,0,0,0
900980307,1,10,11
900980308,266,546,812
900980309,140,218,358
900980310,267,377,644
900980311,187,383,570
900980401,116,525,641
900980402,280,625,905
900980403,6,29,35
900980404,1,6,7
900980405,141,411,552
900980406,124,451,575
900980407,32,227,259
900980408,139,607,746
900980409,67,328,395
900980410,97,213,310
900980411,97,166,263
900980412,110,397,507
900980413,124,225,349
900980414,182,351,533
900980415,401,614,1015
900980416,279,390,669
900980417,114,232,346
900980418,99,303,402
900980419,44,48,92
900980420,167,306,473
901050101,4,102,106
901050102,18,88,106
901050103,8,109,117
901050104,13,33,46
901050201,9,155,164
901050202,4,26,30
901050203,33,218,251
901050204,106,467,573
901050205,97,526,623
901050206,75,307,382
901050207,42,164,206
901050208,115,626,741
901050301,7,21,28
901050302,96,436,532
901050401,70,235,305
901050402,301,514,815
901050501,133,459,592
901050502,20,75,95
901050503,209,657,866
901050504,449,1393,1842
901050505,193,395,588
901050506,611,468,1079
901050601,311,402,713
901050602,243,776,1019
901050603,932,548,1480
901050604,776,454,1230
901050605,591,663,1254
901050606,562,402,964
901050607,178,462,640
901050608,236,309,545
901050609,513,487,1000
901050610,433,470,903
901050611,674,562,1236
901050612,484,695,1179
901050613,420,520,940
901050614,194,295,489
901050615,458,445,903
901050616,322,445,767
901050617,373,449,822
901050618,395,581,976
901050619,351,499,850
901050620,573,684,1257
901050621,763,1114,1877
901050622,300,162,462
901050623,937,687,1624
901050624,206,251,457
901050625,374,415,789
901050701,743,1311,2054
901050702,334,655,989
901050703,273,242,515
901050704,358,938,1296
901050705,414,422,836
901050706,480,635,1115
901050707,323,176,499
901050708,314,756,1070
901050709,304,793,1097
901050710,300,657,957
901050711,833,541,1374
901050712,1012,642,1654
901050713,549,237,786
901050714,565,303,868
901050715,291,228,519
901050716,0,0,0
901050717,0,3,3
901050718,56,17,73
901050801,103,227,330
901050802,680,896,1576
901050803,565,659,1224
901050804,513,892,1405
901050805,624,836,1460
901050806,412,578,990
901050807,555,533,1088
901050808,1013,836,1849
901050809,554,642,1196
901050810,519,744,1263
901050811,887,327,1214
901050812,770,525,1295
901050813,633,587,1220
901050814,553,647,1200
901050815,335,568,903
901050816,424,478,902
901050817,428,568,996
901050901,7,60,67
901050902,648,457,1105
901050903,798,1071,1869
901050904,598,737,1335
901050905,660,592,1252
901050906,741,667,1408
901050907,623,419,1042
901050908,573,414,987
901050909,565,351,916
901050910,286,149,435
901050911,372,202,574
901050912,760,486,1246
901050913,707,673,1380
901050914,649,578,1227
901050915,585,306,891
901050916,252,792,1044
901050917,298,306,604
901051001,614,545,1159
901051002,392,519,911
901051003,561,658,1219
901051004,502,1229,1731
901051005,673,916,1589
901051006,733,508,1241
901051007,616,446,1062
901051008,226,216,442
901051009,806,771,1577
901051010,519,783,1302
901051011,351,692,1043
901051012,377,546,923
901051013,427,483,910
901051014,7,9,16
901051015,507,714,1221
901051016,488,586,1074
901051017,661,993,1654
901051018,808,818,1626
901051019,389,418,807
901051020,246,388,634
901051021,538,683,1221
901051022,448,629,1077
901051023,465,679,1144
901051024,407,941,1348
901120101,6,32,38
901120102,11,92,103
901120103,30,127,157
901120104,6,84,90
901120105,20,147,167
901120106,13,62,75
901120107,3,39,42
901120108,9,154,163
901120109,103,353,456
901120110,134,335,469
901120111,185,275,460
901120112,95,175,270
901120113,78,224,302
901120114,106,257,363
901120115,156,388,544
901120116,128,212,340
901120201,25,76,101
901120202,10,37,47
901120203,55,267,322
901120204,17,225,242
901120205,234,704,938
901120206,26,124,150
901120207,19,94,113
901120208,9,37,46
901120209,66,125,191
901120210,341,990,1331
901120211,5,7,12
901120212,15,61,76
901120213,576,867,1443
901120214,564,550,1114
901120215,219,344,563
901120216,467,574,1041
901120301,20,196,216
901120302,143,765,908
901120303,44,425,469
901120304,11,84,95
901120305,30,158,188
901120306,14,161,175
901120307,76,372,448
901120308,128,321,449
901120401,34,59,93
901120402,37,168,205
901120403,58,325,383
901120404,132,672,804
901190101,2,50,52
901190102,12,11,23
901190103,24,151,175
901190201,707,458,1165
901190202,477,272,749
901190203,370,428,798
901190204,879,310,1189
901190205,402,455,857
901190206,611,840,1451
901190207,309,319,628
901190208,347,651,998
901190209,344,775,1119
901190210,496,283,779
901190211,616,540,1156
901190212,277,296,573
901190213,499,399,898
901190214,450,195,645
901190215,620,385,1005
901190216,646,163,809
901190217,455,572,1027
901190301,1,10,11
901190302,360,274,634
901190303,488,128,616
901190304,443,608,1051
901190305,438,198,636
901190306,360,931,1291
901190307,698,271,969
901190308,576,110,686
901190309,556,282,838
901190310,515,257,772
901190311,282,423,705
901190312,496,134,630
901190313,877,404,1281
901190314,590,333,923
901190315,522,430,952
901190316,451,499,950
901190317,980,540,1520
901190318,380,354,734
901190319,632,289,921
901190401,307,539,846
901190402,421,774,1195
901190403,478,907,1385
901190404,568,834,1402
901190405,496,899,1395
901190406,1127,219,1346
901190407,653,1231,1884
901190408,695,773,1468
901190409,803,1027,1830
901190410,612,240,852
901190411,562,342,904
901190412,597,209,806
901190413,632,141,773
901190414,634,114,748
901190415,392,110,502
901190416,276,166,442
901190417,687,287,974
901190418,576,153,729
901190419,1054,176,1230
901190420,653,426,1079
901190421,544,118,662
901190501,2,16,18
901190502,510,389,899
901190503,547,461,1008
901190504,750,143,893
901190505,629,164,793
901190506,529,113,642
901190507,1195,280,1475
901190508,934,502,1436
901190509,949,263,1212
901190510,727,162,889
901190511,689,111,800
901190512,860,530,1390
901190513,1025,509,1534
901190514,743,583,1326
901190515,916,172,1088
901190516,841,313,1154
940070101,21,9,30
940070201,15,13,28
940070301,38,17,55
940070401,24,31,55
940070501,8,14,22
940070502,380,76,456
940070503,689,248,937
940070504,513,182,695
940070505,405,199,604
940070601,40,34,74
940070701,12,31,43
940070801,16,26,42
940071001,1079,179,1258
940071002,280,46,326
940071003,1059,176,1235
940071004,905,248,1153
940071005,919,158,1077
940071006,900,172,1072
940071007,916,196,1112
940071008,799,129,928
940071009,817,163,980
940071010,814,147,961
940071011,844,243,1087
940071012,769,181,950
940071013,752,188,940
940071101,716,104,820
940071102,811,97,908
940071103,801,98,899
940071104,1105,206,1311
940071105,712,124,836
940071106,699,139,838
940071107,396,103,499
940071108,398,88,486
940071109,528,189,717
940071110,411,235,646
940071111,713,277,990
940071112,649,271,920
940071113,718,292,1010
940071201,452,153,605
940071202,638,135,773
940071203,464,78,542
940071204,910,146,1056
940071205,1034,195,1229
940071206,922,198,1120
940071207,849,162,1011
940071208,908,206,1114
940071209,832,143,975
940071210,701,208,909
940071211,490,138,628
940071212,609,292,901
940071213,555,261,816
940071301,775,183,958
940071302,798,195,993
940071303,823,251,1074
940071304,818,179,997
940071305,722,249,971
940071306,264,101,365
940071307,900,161,1061
940071308,631,190,821
940071309,683,174,857
940071310,389,194,583
940071311,720,191,911
940071312,667,229,896
940071313,846,207,1053
940071314,401,136,537
940071401,785,305,1090
940071402,902,368,1270
940071403,846,404,1250
940071404,716,271,987
940071405,851,220,1071
940071406,676,112,788
940071407,694,282,976
940071408,689,275,964
940071409,777,378,1155
940071410,645,285,930
940071411,648,261,909
940071412,572,400,972
940071413,441,241,682
940071414,465,357,822
940071415,570,202,772
940071416,155,102,257
940140101,9,0,9
940140102,96,46,142
940140103,43,32,75
940140201,0,0,0
940140202,1,4,5
940140301,0,1,1
940140302,19,17,36
940140401,345,57,402
940140402,510,180,690
940140403,266,89,355
940140404,181,86,267
940140405,326,82,408
940140406,553,62,615
940140407,632,246,878
940140408,398,48,446
940140409,829,145,974
940140410,611,61,672
940140411,610,210,820
940140412,668,161,829
940140413,821,185,1006
940140414,907,233,1140
940140415,706,246,952
940140416,894,188,1082
940140501,527,93,620
940140502,638,86,724
940140503,674,152,826
940140504,222,72,294
940140505,502,112,614
940140506,297,62,359
940140507,304,78,382
940140508,536,152,688
940140509,891,238,1129
940140510,460,124,584
940140511,508,113,621
940140601,491,129,620
940140602,913,179,1092
940140603,732,210,942
940140604,923,139,1062
940140605,829,159,988
940140606,681,107,788
940140607,793,150,943
940140608,685,166,851
940140609,892,185,1077
940140610,729,247,976
940140611,592,404,996
940140612,524,480,1004
940140701,409,85,494
940140702,616,202,818
940140703,815,131,946
940140704,749,152,901
940140705,915,51,966
940140706,359,35,394
940140707,816,224,1040
940140708,691,136,827
940140709,347,83,430
940140710,301,91,392
940140711,878,280,1158
940140712,832,194,1026
940140713,680,226,906
940140714,967,390,1357
940140801,185,12,197
940140802,428,80,508
940140803,202,37,239
940140804,520,128,648
940140805,586,153,739
940140806,822,263,1085
940140807,615,165,780
940140808,719,246,965
940140809,543,165,708
940140810,1011,232,1243
940140811,622,238,860
940140812,756,141,897
940140813,829,194,1023
940210101,0,0,0
940280101,31,0,31
