radio,1 Ocupado,2 Desocupado,3 Inactivo,TOTAL
020010101,188,7,34,229
020010201,224,12,99,335
020010202,163,15,92,270
020010203,149,17,78,244
020010204,291,18,112,421
020010205,127,12,70,209
020010206,311,29,141,481
020010207,197,15,95,307
020010208,248,8,81,337
020010209,237,30,95,362
020010210,147,18,71,236
020010211,302,28,126,456
020010212,579,30,205,814
020010213,244,16,89,349
020010214,370,22,136,528
020010215,392,38,141,571
020010216,659,33,168,860
020010217,322,38,140,500
020010218,210,21,116,347
020010219,307,26,94,427
020010301,282,14,101,397
020010302,262,19,75,356
020010303,300,22,111,433
020010304,182,23,75,280
020010305,582,31,221,834
020010306,521,46,148,715
020010307,221,16,64,301
020010308,375,29,154,558
020010309,610,26,143,779
020010310,393,31,107,531
020010311,397,22,118,537
020010312,278,27,84,389
020010313,188,16,63,267
020010314,215,21,67,303
020010315,413,38,175,626
020010316,395,28,119,542
020010317,278,27,111,416
020010318,375,26,123,524
020010319,511,32,162,705
020010320,173,11,70,254
020010321,153,7,58,218
020010322,343,17,89,449
020010323,414,33,140,587
020010401,872,51,382,1305
020010402,780,18,363,1161
020010403,628,27,293,948
020010404,946,17,335,1298
020010405,623,17,291,931
020010406,757,22,336,1115
020010407,819,18,309,1146
020010408,590,40,335,965
020010501,367,8,170,545
020010502,299,8,172,479
020010503,502,18,200,720
020010504,668,37,325,1030
020010505,354,19,154,527
020010506,453,20,208,681
020010507,357,15,129,501
020010601,511,13,209,733
020010602,338,5,124,467
020010603,624,17,246,887
020010604,530,19,165,714
020010605,207,5,74,286
020010606,342,16,160,518
020010607,325,11,117,453
020010608,368,7,143,518
020010609,612,16,289,917
020010610,246,7,84,337
020010701,355,7,120,482
020010702,156,6,46,208
020010703,169,4,52,225
020010704,322,13,101,436
020010705,162,7,59,228
020010706,104,1,40,145
020010707,283,9,107,399
020010708,279,16,89,384
020010709,225,7,73,305
020010710,263,13,65,341
020010711,141,5,52,198
020010712,204,11,85,300
020010713,77,1,25,103
020010801,209,9,98,316
020010802,672,41,295,1008
020010803,625,32,254,911
020010804,345,18,137,500
020010805,251,9,75,335
020010806,639,29,281,949
020010807,736,36,322,1094
020010808,258,7,111,376
020010809,327,9,166,502
020010810,246,13,55,314
020010901,189,5,74,268
020010902,252,14,89,355
020010903,257,5,75,337
020010904,175,11,48,234
020010905,250,22,80,352
020010906,210,10,53,273
020010907,362,17,86,465
020010908,163,10,58,231
020010909,290,12,91,393
020010910,111,2,49,162
020010911,146,2,41,189
020010912,94,3,28,125
020010913,354,18,87,459
020010914,167,5,63,235
020010915,150,3,29,182
020010916,500,16,89,605
020010917,264,5,50,319
020010918,228,8,47,283
020010919,80,2,29,111
020011001,176,11,46,233
020011002,315,16,105,436
020011003,620,35,232,887
020011004,268,8,119,395
020011005,321,8,114,443
020011006,372,17,99,488
020011007,230,12,37,279
020011008,196,9,51,256
020011009,233,9,58,300
020011010,430,24,127,581
020011011,431,11,121,563
020011012,371,22,119,512
020011013,414,13,135,562
020011014,155,7,36,198
020011101,258,11,82,351
020011102,303,13,88,404
020011103,235,14,46,295
020011104,439,19,114,572
020011105,357,13,101,471
020011106,242,6,85,333
020011107,374,21,88,483
020011108,428,15,168,611
020011109,292,14,103,409
020011110,363,13,110,486
020011111,156,10,74,240
020011112,537,22,206,765
020011113,361,20,144,525
020011114,386,22,96,504
020011201,149,9,52,210
020011202,172,9,34,215
020011203,392,17,92,501
020011204,253,9,69,331
020011205,378,10,128,516
020011206,276,16,105,397
020011207,485,28,118,631
020011208,144,6,34,184
020011209,457,11,139,607
020011210,146,2,20,168
020011211,191,4,44,239
020011212,117,6,18,141
020011301,287,4,90,381
020011302,95,2,17,114
020011303,26,0,10,36
020011304,199,3,50,252
020011305,214,6,48,268
020011306,134,5,33,172
020011307,359,3,87,449
020011308,218,3,49,270
020011309,242,3,76,321
020011310,395,6,109,510
020011311,200,6,36,242
020011312,194,3,63,260
020011313,157,2,18,177
020011314,1012,58,342,1412
020011315,0,0,0,0
020011401,337,14,84,435
020011402,380,39,139,558
020011403,261,10,54,325
020011404,51,1,14,66
020011405,338,13,72,423
020011406,408,20,140,568
020011407,274,6,91,371
020011408,253,15,83,351
020011409,341,11,110,462
020011410,291,8,85,384
020011411,353,9,100,462
020011412,281,15,115,411
020011501,233,5,61,299
020011502,343,14,95,452
020011503,280,11,86,377
020011504,445,20,194,659
020011505,260,12,97,369
020011506,410,25,111,546
020011507,347,22,117,486
020011508,445,23,150,618
020011509,505,36,167,708
020011510,402,22,139,563
020011511,374,17,94,485
020011601,251,9,69,329
020011602,223,11,47,281
020011603,488,18,141,647
020011604,367,18,110,495
020011605,306,11,72,389
020011606,314,13,133,460
020011607,584,23,231,838
020011608,306,13,112,431
020011609,249,6,94,349
020011610,345,14,156,515
020011611,274,19,109,402
020011612,209,15,79,303
020011701,553,43,168,764
020011702,442,17,113,572
020011703,449,22,148,619
020011704,373,11,126,510
020011705,356,5,127,488
020011706,473,22,131,626
020011707,387,20,144,551
020011708,371,12,111,494
020011709,312,10,67,389
020011710,356,20,133,509
020011711,300,9,87,396
020011801,525,23,183,731
020011802,439,19,142,600
020011803,439,18,96,553
020011804,437,18,187,642
020011805,331,15,146,492
020011806,685,39,269,993
020011807,475,16,128,619
020011808,424,11,137,572
020011809,420,18,134,572
020011901,549,25,196,770
020011902,666,36,227,929
020011903,235,15,68,318
020011904,447,24,132,603
020011905,353,28,130,511
020011906,274,20,69,363
020011907,432,29,157,618
020011908,215,10,65,290
020011909,316,15,85,416
020012001,353,8,132,493
020012002,419,25,141,585
020012003,323,15,141,479
020012004,465,28,174,667
020012005,420,15,195,630
020012006,429,11,179,619
020012007,282,18,123,423
020012008,333,17,89,439
020012009,351,13,133,497
020012010,447,39,184,670
020012101,357,12,140,509
020012102,379,17,114,510
020012103,251,16,62,329
020012104,715,45,217,977
020012105,415,18,128,561
020012106,359,12,128,499
020012107,474,25,159,658
020012108,330,12,117,459
020012109,424,20,156,600
020012110,466,22,166,654
020012201,349,16,134,499
020012202,521,31,166,718
020012203,497,39,166,702
020012204,272,12,98,382
020012205,249,10,75,334
020012206,319,11,149,479
020012207,365,13,89,467
020012208,337,18,110,465
020012209,534,22,202,758
020012210,732,38,306,1076
020012301,376,17,127,520
020012302,325,18,118,461
020012303,500,22,152,674
020012304,181,23,69,273
020012305,337,15,98,450
020012306,261,12,156,429
020012307,347,19,134,500
020012308,408,15,155,578
020012309,549,33,185,767
020012310,199,17,74,290
020012401,153,6,49,208
020012402,180,6,52,238
020012403,286,14,85,385
020012404,205,19,63,287
020012405,221,10,58,289
020012406,429,18,196,643
020012407,371,13,109,493
020012408,242,10,97,349
020012501,258,13,92,363
020012502,239,8,87,334
020012503,285,8,97,390
020012504,532,13,228,773
020012505,281,12,119,412
020012506,462,22,165,649
020012507,246,14,84,344
020012508,368,17,165,550
020012509,315,18,111,444
020012510,343,16,114,473
020012511,384,9,87,480
020012601,338,13,85,436
020012602,386,24,171,581
020012603,284,14,91,389
020012604,344,18,126,488
020012605,387,29,167,583
020012606,285,8,108,401
020012607,170,5,95,270
020012608,277,11,98,386
020012609,462,17,180,659
020012701,314,8,155,477
020012702,374,21,115,510
020012703,437,13,146,596
020012704,459,38,136,633
020012705,363,14,178,555
020012706,547,21,165,733
020012707,474,17,118,609
020012708,355,16,135,506
020012709,441,27,136,604
020012710,308,12,133,453
020012801,299,13,120,432
020012802,462,22,135,619
020012803,362,15,145,522
020012804,342,19,139,500
020012805,483,32,170,685
020012806,365,23,120,508
020012807,429,25,166,620
020012808,151,11,61,223
020012809,384,31,133,548
020012810,567,12,159,738
020012811,364,6,94,464
020012812,349,15,105,469
020012813,360,21,132,513
020012901,633,20,231,884
020012902,341,19,134,494
020012903,408,28,161,597
020012904,414,23,137,574
020012905,429,14,165,608
020012906,588,24,213,825
020012907,426,26,192,644
020012908,348,26,157,531
020012909,494,19,228,741
020020101,27,3,19,49
020020102,219,20,119,358
020020201,336,15,143,494
020020202,548,9,219,776
020020203,369,15,149,533
020020204,315,7,153,475
020020205,377,8,153,538
020020206,283,7,135,425
020020207,204,4,60,268
020020208,385,14,180,579
020020301,533,19,260,812
020020302,489,25,172,686
020020303,145,4,81,230
020020304,237,8,97,342
020020305,419,18,146,583
020020306,310,13,151,474
020020307,535,14,240,789
020020308,382,14,139,535
020020401,433,17,219,669
020020402,154,7,47,208
020020403,224,8,110,342
020020404,267,5,126,398
020020405,408,7,192,607
020020406,346,5,151,502
020020407,284,6,126,416
020020408,579,18,240,837
020020409,520,18,195,733
020020410,528,22,251,801
020020501,331,13,171,515
020020502,490,10,229,729
020020503,355,16,158,529
020020504,324,9,155,488
020020505,494,7,185,686
020020506,466,10,224,700
020020507,521,18,186,725
020020508,407,8,201,616
020020509,339,10,206,555
020020601,258,14,109,381
020020602,805,18,338,1161
020020603,377,4,141,522
020020604,534,7,187,728
020020605,312,17,98,427
020020606,426,13,155,594
020020607,240,11,88,339
020020608,360,10,121,491
020020609,320,11,130,461
020020610,323,16,83,422
020020701,807,25,403,1235
020020702,637,25,293,955
020020703,502,21,246,769
020020704,427,7,143,577
020020705,333,10,131,474
020020706,376,18,144,538
020020707,539,27,203,769
020020708,225,12,72,309
020020709,344,17,126,487
020020801,422,26,151,599
020020802,449,14,154,617
020020803,596,24,192,812
020020804,664,26,267,957
020020805,565,22,215,802
020020806,752,31,344,1127
020020807,934,26,375,1335
020020808,503,15,254,772
020020901,515,17,178,710
020020902,322,14,120,456
020020903,586,17,185,788
020020904,654,17,208,879
020020905,607,34,268,909
020020906,525,16,228,769
020020907,580,23,231,834
020020908,853,40,328,1221
020020909,685,29,305,1019
020021001,609,27,227,863
020021002,429,15,140,584
020021003,269,18,105,392
020021004,443,16,214,673
020021005,508,19,179,706
020021006,417,10,156,583
020021007,578,21,208,807
020021008,538,12,220,770
020021009,379,18,149,546
020021101,756,29,292,1077
020021102,341,17,144,502
020021103,870,28,307,1205
020021104,907,29,303,1239
020021105,223,3,56,282
020021106,354,21,117,492
020021201,543,17,243,803
020021202,489,14,237,740
020021203,582,25,215,822
020021204,844,39,300,1183
020021205,795,39,264,1098
020021206,594,31,239,864
020021301,759,31,239,1029
020021302,560,31,197,788
020021303,636,24,221,881
020021304,732,29,228,989
020021305,845,28,341,1214
020021306,478,13,172,663
020021307,781,27,288,1096
020021401,298,7,138,443
020021402,371,12,128,511
020021403,206,12,97,315
020021404,464,8,198,670
020021405,661,44,292,997
020021406,631,25,289,945
020021407,364,22,203,589
020021408,442,30,180,652
020021409,916,24,289,1229
020021410,644,29,248,921
020021501,359,7,169,535
020021502,493,27,202,722
020021503,841,27,357,1225
020021504,409,20,123,552
020021505,333,14,147,494
020021506,356,15,167,538
020021507,491,18,183,692
020021508,416,19,217,652
020021601,404,13,157,574
020021602,427,20,167,614
020021603,404,23,168,595
020021604,316,9,161,486
020021605,514,20,223,757
020021606,404,21,196,621
020021607,454,13,205,672
020021608,258,12,113,383
020021701,749,34,316,1099
020021702,498,16,241,755
020021703,545,27,269,841
020021704,206,12,87,305
020021705,365,17,108,490
020021706,576,26,248,850
020021707,714,22,280,1016
020021708,598,17,224,839
020021709,483,16,186,685
020021801,549,23,247,819
020021802,702,25,349,1076
020021803,444,14,199,657
020021804,323,15,135,473
020021805,334,9,147,490
020021806,441,23,196,660
020021807,348,14,142,504
020021808,436,12,157,605
020021901,549,22,162,733
020021902,417,23,144,584
020021903,437,15,175,627
020021904,632,33,232,897
020021905,478,22,179,679
020021906,480,41,168,689
020021907,384,15,180,579
020021908,464,28,181,673
020022001,580,27,273,880
020022002,548,25,163,736
020022003,433,18,161,612
020022004,490,20,185,695
020022005,288,14,134,436
020022006,421,19,137,577
020022007,344,17,100,461
020022008,406,13,118,537
020022101,636,22,278,936
020022102,606,19,237,862
020022103,460,39,199,698
020022104,662,26,271,959
020022105,636,25,237,898
020022106,583,25,229,837
020022201,450,18,173,641
020022202,324,10,161,495
020022203,265,9,107,381
020022204,621,22,177,820
020022205,696,14,273,983
020022206,672,39,232,943
020022301,530,26,247,803
020022302,649,21,248,918
020022303,585,25,218,828
020022304,497,20,210,727
020022305,409,10,153,572
020022306,236,10,132,378
020022307,265,9,142,416
020022308,260,14,127,401
020022309,550,21,290,861
020022401,606,16,305,927
020022402,487,16,224,727
020022403,467,20,207,694
020022404,577,20,226,823
020022405,610,23,217,850
020022406,581,33,271,885
020022501,373,8,144,525
020022502,427,18,146,591
020022503,205,11,83,299
020022504,499,14,174,687
020022505,511,31,250,792
020022506,416,18,128,562
020022507,491,28,153,672
020022508,724,34,194,952
020022509,533,29,136,698
020022510,373,13,151,537
020022511,590,46,240,876
020030101,649,16,213,878
020030102,541,25,215,781
020030103,576,33,212,821
020030104,294,13,118,425
020030105,522,24,214,760
020030106,448,18,122,588
020030107,525,24,134,683
020030108,244,19,87,350
020030109,295,8,111,414
020030110,292,12,72,376
020030111,297,8,93,398
020030201,375,22,235,632
020030202,438,24,136,598
020030203,408,9,172,589
020030204,405,20,136,561
020030205,493,28,158,679
020030206,556,33,175,764
020030207,585,23,210,818
020030208,483,27,194,704
020030209,421,30,190,641
020030210,225,7,118,350
020030211,380,9,113,502
020030212,529,15,155,699
020030301,580,19,309,908
020030302,506,16,201,723
020030303,295,13,202,510
020030304,287,13,144,444
020030305,300,24,131,455
020030306,401,21,168,590
020030307,429,15,233,677
020030308,400,11,171,582
020030309,193,5,56,254
020030310,618,26,137,781
020030311,487,48,138,673
020030401,440,14,191,645
020030402,294,13,119,426
020030403,350,17,174,541
020030404,498,15,149,662
020030405,408,23,155,586
020030406,403,17,145,565
020030407,420,18,146,584
020030408,425,27,145,597
020030501,504,29,176,709
020030502,416,16,129,561
020030503,609,33,229,871
020030504,333,19,147,499
020030505,403,20,143,566
020030506,290,7,103,400
020030507,468,23,200,691
020030601,448,16,177,641
020030602,215,6,101,322
020030603,382,35,145,562
020030604,409,12,151,572
020030605,424,22,145,591
020030606,307,12,134,453
020030607,437,26,151,614
020030701,218,6,39,263
020030702,566,14,199,779
020030703,533,18,241,792
020030704,461,25,151,637
020030705,314,17,94,425
020030706,345,13,134,492
020030707,607,27,207,841
020030708,225,7,84,316
020030709,471,26,228,725
020030801,402,10,167,579
020030802,327,9,128,464
020030803,506,27,199,732
020030804,342,15,111,468
020030805,303,10,102,415
020030806,286,12,120,418
020030807,248,13,105,366
020030808,337,10,93,440
020030809,454,9,151,614
020030810,367,14,86,467
020030901,528,30,172,730
020030902,292,5,114,411
020030903,471,12,151,634
020030904,612,41,197,850
020030905,348,8,121,477
020030906,303,6,97,406
020030907,492,23,123,638
020030908,437,10,133,580
020030909,455,25,196,676
020030910,482,27,158,667
020031001,479,14,172,665
020031002,543,14,151,708
020031003,390,15,134,539
020031004,408,16,178,602
020031005,308,8,81,397
020031006,627,27,165,819
020031007,435,15,198,648
020031008,395,16,129,540
020031101,472,24,200,696
020031102,568,33,206,807
020031103,576,22,114,712
020031104,539,11,202,752
020031105,429,20,172,621
020031106,536,12,168,716
020031107,545,20,162,727
020031108,361,14,148,523
020031201,400,8,212,620
020031202,582,18,201,801
020031203,340,15,179,534
020031204,300,15,97,412
020031205,594,30,228,852
020031206,136,6,25,167
020031207,608,23,197,828
020031208,341,14,124,479
020031209,255,14,99,368
020031210,569,20,113,702
020031301,436,21,157,614
020031302,483,26,152,661
020031303,504,22,160,686
020031304,295,12,107,414
020031305,385,25,158,568
020031306,477,12,129,618
020031307,345,10,156,511
020031308,314,17,103,434
020031309,472,10,167,649
020031310,441,19,124,584
020031311,376,21,125,522
020031401,480,17,141,638
020031402,564,19,192,775
020031403,624,33,233,890
020031404,459,17,150,626
020031405,523,17,165,705
020031406,698,47,249,994
020031407,392,19,132,543
020031408,436,12,151,599
020031409,61,6,19,86
020031410,409,21,147,577
020031501,418,16,110,544
020031502,555,17,183,755
020031503,411,28,109,548
020031504,454,21,192,667
020031505,498,24,146,668
020031506,516,26,151,693
020031507,780,28,268,1076
020031508,794,25,291,1110
020031509,162,6,35,203
020031601,519,20,185,724
020031602,703,39,246,988
020031603,568,26,189,783
020031604,259,12,110,381
020031605,403,21,102,526
020031606,446,20,120,586
020031607,499,29,122,650
020031608,463,18,168,649
020031609,706,24,207,937
020031701,399,15,140,554
020031702,543,9,119,671
020031703,271,16,109,396
020031704,505,36,172,713
020031705,427,21,164,612
020031706,429,19,156,604
020031707,519,30,190,739
020031708,566,29,190,785
020031709,413,30,142,585
020031801,341,13,133,487
020031802,430,16,174,620
020031803,282,14,95,391
020031804,491,15,195,701
020031805,221,8,109,338
020031806,406,18,113,537
020031807,349,25,153,527
020031808,332,10,127,469
020031809,588,24,163,775
020031810,313,19,135,467
020031811,377,16,119,512
020031901,708,41,276,1025
020031902,177,11,80,268
020031903,393,10,150,553
020031904,428,23,164,615
020031905,508,23,157,688
020031906,427,33,206,666
020031907,570,41,200,811
020031908,645,35,310,990
020031909,403,19,160,582
020031910,305,18,125,448
020032001,401,14,113,528
020032002,550,26,218,794
020032003,365,17,139,521
020032004,373,14,160,547
020032005,288,14,121,423
020032006,289,17,88,394
020032007,477,28,175,680
020032008,511,26,145,682
020032009,573,29,263,865
020032010,400,7,149,556
020032011,275,11,140,426
020032101,524,12,261,797
020032102,555,28,233,816
020032103,432,11,167,610
020032104,455,16,200,671
020032105,299,20,132,451
020032106,496,25,166,687
020032107,243,16,97,356
020032108,406,25,162,593
020032109,236,15,120,371
020032110,581,25,222,828
020032201,496,13,156,665
020032202,394,12,159,565
020032203,260,7,84,351
020032204,383,9,65,457
020032205,481,19,170,670
020032206,438,33,161,632
020032207,422,21,179,622
020032208,511,32,241,784
020032209,548,24,204,776
020032301,506,29,142,677
020032302,453,18,216,687
020032303,541,18,159,718
020032304,267,11,113,391
020032305,336,10,199,545
020032306,384,10,124,518
020032307,401,14,161,576
020032308,507,19,141,667
020032309,538,29,227,794
020032310,617,30,201,848
020032401,388,25,133,546
020032402,517,21,185,723
020032403,351,32,177,560
020032404,433,17,140,590
020032405,278,13,162,453
020032406,569,23,181,773
020032407,423,8,147,578
020032408,443,15,184,642
020032409,280,17,86,383
020032501,758,26,195,979
020032502,455,18,127,600
020032503,301,17,111,429
020032504,389,26,129,544
020032505,410,16,139,565
020032506,538,27,203,768
020032507,305,15,129,449
020032508,950,57,286,1293
020032509,453,22,175,650
020032601,537,20,175,732
020032602,736,25,199,960
020032603,479,24,160,663
020032604,314,9,129,452
020032605,478,27,173,678
020032606,332,28,161,521
020032607,470,9,205,684
020032608,352,29,146,527
020032609,428,20,192,640
020032701,562,28,215,805
020032702,485,37,201,723
020032703,558,27,147,732
020032704,505,10,199,714
020032705,483,31,157,671
020032706,510,34,142,686
020032707,533,36,218,787
020040101,394,26,212,632
020040102,439,29,147,615
020040103,329,23,151,503
020040104,367,42,220,629
020040105,383,47,188,618
020040106,371,13,154,538
020040107,245,15,157,417
020040108,361,18,192,571
020040109,358,17,171,546
020040110,249,12,136,397
020040111,316,12,156,484
020040112,284,24,135,443
020040113,217,14,104,335
020040114,413,25,159,597
020040201,410,18,186,614
020040202,424,20,226,670
020040203,524,24,244,792
020040204,436,34,200,670
020040205,342,24,153,519
020040206,376,19,165,560
020040207,436,31,292,759
020040208,296,17,133,446
020040209,335,21,173,529
020040210,496,31,265,792
020040301,517,34,260,811
020040302,452,43,215,710
020040303,334,12,198,544
020040304,474,34,265,773
020040305,554,39,311,904
020040306,486,37,246,769
020040307,387,18,160,565
020040308,479,19,195,693
020040309,317,28,152,497
020040310,416,30,232,678
020040311,492,15,223,730
020040312,578,36,239,853
020040313,285,19,166,470
020040401,395,19,133,547
020040402,420,13,189,622
020040403,498,27,226,751
020040404,551,27,216,794
020040405,574,24,261,859
020040406,435,25,191,651
020040407,503,22,237,762
020040408,422,23,196,641
020040409,462,24,220,706
020040410,379,9,162,550
020040411,518,34,234,786
020040501,518,22,209,749
020040502,386,24,123,533
020040503,462,21,203,686
020040504,393,21,178,592
020040505,252,12,121,385
020040506,543,29,197,769
020040507,403,22,192,617
020040508,385,19,205,609
020040509,1111,70,421,1602
020040510,666,41,329,1036
020040511,573,34,203,810
020040601,700,19,203,922
020040602,527,19,148,694
020040603,435,15,159,609
020040604,571,22,186,779
020040605,428,8,175,611
020040606,495,28,284,807
020040607,446,18,172,636
020040608,531,22,187,740
020040609,407,20,189,616
020040610,321,15,108,444
020040611,376,11,163,550
020040701,483,24,167,674
020040702,419,26,169,614
020040703,403,19,228,650
020040704,1195,59,532,1786
020040705,447,31,198,676
020040706,442,33,203,678
020040707,453,21,174,648
020040708,354,18,217,589
020040709,403,19,165,587
020040710,371,15,137,523
020040711,325,13,146,484
020040712,429,11,147,587
020040801,429,22,166,617
020040802,419,29,230,678
020040803,359,19,163,541
020040804,447,30,193,670
020040805,331,27,169,527
020040806,410,28,153,591
020040807,1462,82,335,1879
020040808,180,10,55,245
020040809,600,50,223,873
020040810,420,24,146,590
020040811,536,22,190,748
020040901,747,57,343,1147
020040902,383,14,215,612
020040903,266,23,147,436
020040904,261,15,112,388
020040905,288,31,118,437
020040906,451,38,200,689
020040907,407,41,202,650
020041001,35,3,17,55
020041002,1087,76,307,1470
020041003,842,32,319,1193
020041004,238,20,93,351
020041005,788,73,371,1232
020041006,491,55,198,744
020041007,445,41,154,640
020041008,757,67,271,1095
020041009,1037,64,380,1481
020041101,439,35,196,670
020041102,458,33,250,741
020041103,439,22,212,673
020041104,357,24,157,538
020041105,264,14,127,405
020041106,504,34,251,789
020041107,515,48,205,768
020041108,514,46,223,783
020041109,405,38,191,634
020041201,350,21,148,519
020041202,293,20,142,455
020041203,457,10,163,630
020041204,592,25,213,830
020041205,362,22,145,529
020041206,441,38,165,644
020041207,257,19,112,388
020041208,236,7,110,353
020041209,424,22,208,654
020041210,442,21,246,709
020041211,383,12,168,563
020041212,339,15,137,491
020041301,563,20,174,757
020041302,365,18,127,510
020041303,379,19,109,507
020041304,296,10,113,419
020041305,556,16,242,814
020041306,329,16,128,473
020041307,560,12,196,768
020041308,243,11,84,338
020041309,220,11,144,375
020041310,269,9,147,425
020041311,644,38,279,961
020041401,397,17,130,544
020041402,353,15,134,502
020041403,407,18,117,542
020041404,703,34,226,963
020041405,388,19,179,586
020041406,285,10,134,429
020041407,450,26,152,628
020041408,558,30,259,847
020041409,405,27,122,554
020041501,357,14,165,536
020041502,772,25,349,1146
020041503,618,18,314,950
020041504,456,10,179,645
020041505,294,19,158,471
020041506,347,7,150,504
020041507,366,14,166,546
020041508,418,7,146,571
020041509,386,11,155,552
020041510,300,9,109,418
020041601,405,30,159,594
020041602,1302,40,301,1643
020041603,725,42,280,1047
020041604,350,13,201,564
020041605,573,19,246,838
020041606,341,11,134,486
020041607,245,9,75,329
020041608,329,19,146,494
020041609,622,32,244,898
020041610,430,24,189,643
020041701,277,11,225,513
020041702,291,11,191,493
020041703,319,12,137,468
020041704,358,19,191,568
020041705,374,19,252,645
020041706,318,11,184,513
020041707,345,20,163,528
020041708,566,40,171,777
020041709,409,18,224,651
020041710,439,42,206,687
020041801,72,0,1,73
020041901,359,21,170,550
020041902,399,18,180,597
020041903,504,25,197,726
020041904,593,44,217,854
020041905,408,40,174,622
020041906,602,35,229,866
020041907,465,21,207,693
020041908,756,48,308,1112
020041909,533,52,239,824
020041910,353,25,149,527
020042001,519,42,202,763
020042002,373,14,183,570
020042003,459,25,175,659
020042004,289,30,154,473
020042005,402,22,132,556
020042006,483,41,174,698
020042007,444,28,227,699
020042008,421,25,203,649
020042009,456,34,190,680
020042010,593,33,256,882
020042011,507,10,210,727
020042012,584,31,395,1010
020042101,379,26,140,545
020042102,417,29,161,607
020042103,271,17,160,448
020042104,407,42,127,576
020042105,347,15,167,529
020042106,374,33,185,592
020042107,486,24,151,661
020042108,525,38,172,735
020042109,469,30,135,634
020042110,400,28,108,536
020042111,520,16,158,694
020042112,310,22,113,445
020042201,346,13,156,515
020042202,434,19,151,604
020042203,474,19,245,738
020042204,785,31,310,1126
020042205,438,29,162,629
020042206,373,14,143,530
020042207,525,17,225,767
020042208,598,26,194,818
020042209,368,18,171,557
020042210,308,12,154,474
020042211,424,21,159,604
020042212,313,21,166,500
020042301,452,26,193,671
020042302,495,18,173,686
020042303,437,32,166,635
020042304,443,32,192,667
020042305,329,10,116,455
020042306,379,27,162,568
020042307,365,18,145,528
020042308,468,23,196,687
020042309,255,14,99,368
020042310,476,23,167,666
020042311,314,25,117,456
020042312,367,19,152,538
020042401,660,74,281,1015
020042402,882,70,387,1339
020042403,539,57,285,881
020042404,920,79,436,1435
020042405,612,46,284,942
020042406,647,68,239,954
020042501,1229,55,354,1638
020042502,1096,92,452,1640
020042503,1895,90,781,2766
020042504,1001,57,331,1389
020042601,390,33,248,671
020042602,517,42,286,845
020042603,484,65,270,819
020050101,363,10,74,447
020050102,566,22,175,763
020050103,489,27,143,659
020050104,443,16,127,586
020050105,689,42,225,956
020050106,268,16,79,363
020050107,413,15,115,543
020050108,453,21,157,631
020050109,417,24,181,622
020050110,399,19,172,590
020050201,477,23,147,647
020050202,377,10,148,535
020050203,417,14,161,592
020050204,598,19,190,807
020050205,279,7,121,407
020050206,397,19,118,534
020050207,306,18,124,448
020050208,646,27,164,837
020050209,538,30,148,716
020050210,398,22,177,597
020050211,565,18,151,734
020050301,445,24,174,643
020050302,781,26,180,987
020050303,238,18,64,320
020050304,358,11,109,478
020050305,455,20,155,630
020050306,399,23,135,557
020050307,332,17,141,490
020050308,235,12,65,312
020050309,441,19,83,543
020050310,358,18,89,465
020050311,570,23,130,723
020050401,548,29,204,781
020050402,477,11,163,651
020050403,481,24,115,620
020050404,458,17,109,584
020050405,449,17,141,607
020050406,639,21,256,916
020050407,322,14,167,503
020050408,674,38,261,973
020050409,447,23,165,635
020050501,479,8,173,660
020050502,843,31,302,1176
020050503,461,23,158,642
020050504,441,13,155,609
020050505,375,8,129,512
020050506,437,14,134,585
020050507,576,22,176,774
020050508,407,18,195,620
020050601,445,8,186,639
020050602,619,14,246,879
020050603,556,27,198,781
020050604,903,49,344,1296
020050605,722,27,267,1016
020050606,563,27,185,775
020050607,540,21,199,760
020050608,573,16,194,783
020050701,737,32,240,1009
020050702,310,12,126,448
020050703,399,29,135,563
020050704,816,34,295,1145
020050705,789,51,246,1086
020050706,398,12,130,540
020050707,295,4,81,380
020050708,597,18,158,773
020050801,760,29,229,1018
020050802,441,27,160,628
020050803,764,28,232,1024
020050804,583,28,252,863
020050805,261,4,85,350
020050806,494,20,197,711
020050807,535,17,198,750
020050808,508,18,175,701
020050809,445,13,175,633
020050901,624,26,264,914
020050902,373,16,137,526
020050903,376,18,104,498
020050904,308,12,145,465
020050905,358,14,119,491
020050906,352,17,116,485
020050907,318,10,101,429
020050908,614,26,191,831
020050909,615,33,170,818
020050910,457,20,202,679
020051001,734,30,233,997
020051002,676,19,252,947
020051003,246,18,77,341
020051004,356,10,132,498
020051005,323,6,120,449
020051006,465,31,154,650
020051007,730,38,278,1046
020051008,386,19,156,561
020051009,474,17,158,649
020051010,352,8,112,472
020051101,770,24,188,982
020051102,571,16,134,721
020051103,409,12,148,569
020051104,444,7,142,593
020051105,473,30,139,642
020051106,456,19,150,625
020051107,677,23,228,928
020051108,474,14,142,630
020051109,655,20,187,862
020051110,521,29,204,754
020051201,407,14,110,531
020051202,1069,44,508,1621
020051203,594,14,166,774
020051204,440,15,203,658
020051205,261,11,95,367
020051206,1012,29,354,1395
020051207,533,15,191,739
020051301,520,15,224,759
020051302,439,9,171,619
020051303,457,19,202,678
020051304,461,18,129,608
020051305,491,24,162,677
020051306,570,16,134,720
020051307,461,9,135,605
020051308,542,21,258,821
020051309,617,16,228,861
020051401,370,13,170,553
020051402,404,13,153,570
020051403,655,34,302,991
020051404,577,13,221,811
020051405,1007,38,342,1387
020051406,668,31,265,964
020051407,229,9,82,320
020051408,391,13,146,550
020051409,551,13,219,783
020051501,711,22,234,967
020051502,680,26,277,983
020051503,342,22,141,505
020051504,750,23,271,1044
020051505,588,14,199,801
020051506,479,17,170,666
020051507,409,15,173,597
020051508,463,23,147,633
020051509,240,9,103,352
020051601,551,19,172,742
020051602,356,21,163,540
020051603,294,13,97,404
020051604,600,38,202,840
020051605,517,16,198,731
020051606,441,19,167,627
020051607,375,11,125,511
020051608,601,25,216,842
020051609,527,24,218,769
020051610,537,32,219,788
020051611,585,31,256,872
020051701,412,22,164,598
020051702,486,18,172,676
020051703,480,14,158,652
020051704,511,27,167,705
020051705,430,22,201,653
020051706,475,19,194,688
020051707,513,20,224,757
020051708,582,26,212,820
020051709,352,16,118,486
020051710,432,28,162,622
020051711,559,17,196,772
020051801,608,17,193,818
020051802,547,21,198,766
020051803,530,26,162,718
020051804,450,23,168,641
020051805,473,26,199,698
020051806,374,16,157,547
020051807,463,7,149,619
020051808,243,12,108,363
020051809,368,20,175,563
020051810,495,22,179,696
020051811,403,9,164,576
020051901,494,27,188,709
020051902,404,15,159,578
020051903,583,32,194,809
020051904,559,18,260,837
020051905,438,22,193,653
020051906,474,28,180,682
020051907,283,9,100,392
020051908,545,24,261,830
020051909,376,15,140,531
020051910,476,27,203,706
020051911,654,24,208,886
020052001,493,23,146,662
020052002,540,21,233,794
020052003,605,45,211,861
020052004,507,19,154,680
020052005,496,12,235,743
020052006,472,24,223,719
020052007,534,34,189,757
020052008,499,23,225,747
020052009,445,22,245,712
020052010,543,23,231,797
020052011,466,26,184,676
020052012,502,24,179,705
020052101,541,24,168,733
020052102,501,26,199,726
020052103,295,4,141,440
020052104,548,29,192,769
020052105,370,20,146,536
020052106,435,13,162,610
020052107,400,18,187,605
020052108,367,14,199,580
020052109,399,32,161,592
020052110,340,16,145,501
020052111,384,23,193,600
020052201,422,22,149,593
020052202,477,33,181,691
020052203,397,14,135,546
020052204,541,18,224,783
020052205,472,17,172,661
020052206,536,16,242,794
020052207,981,45,354,1380
020052208,378,16,201,595
020052209,474,31,234,739
020052210,474,28,191,693
020052211,518,29,188,735
020052212,572,18,163,753
020052213,372,16,160,548
020060101,430,11,129,570
020060102,525,22,170,717
020060103,527,14,196,737
020060104,396,19,160,575
020060105,667,27,199,893
020060106,512,14,216,742
020060107,400,14,158,572
020060108,501,25,179,705
020060109,347,29,192,568
020060110,219,14,118,351
020060111,422,13,128,563
020060112,367,20,158,545
020060201,609,31,237,877
020060202,519,31,217,767
020060203,337,14,157,508
020060204,377,17,173,567
020060205,371,20,158,549
020060206,507,28,204,739
020060207,455,16,164,635
020060208,635,20,196,851
020060209,408,23,130,561
020060210,534,19,214,767
020060211,850,19,198,1067
020060301,554,21,222,797
020060302,497,20,186,703
020060303,523,21,218,762
020060304,378,13,120,511
020060305,430,26,147,603
020060306,564,28,158,750
020060307,529,20,207,756
020060308,471,20,137,628
020060309,716,24,226,966
020060310,543,25,192,760
020060401,339,12,124,475
020060402,414,17,135,566
020060403,524,19,159,702
020060404,458,16,181,655
020060405,448,11,166,625
020060406,458,22,179,659
020060407,408,10,147,565
020060408,509,24,211,744
020060409,475,27,194,696
020060410,540,11,141,692
020060411,482,17,161,660
020060501,474,18,176,668
020060502,609,15,252,876
020060503,490,18,168,676
020060504,399,14,133,546
020060505,582,32,189,803
020060506,398,23,166,587
020060507,483,9,171,663
020060508,298,7,96,401
020060509,322,18,161,501
020060510,548,27,259,834
020060511,559,15,225,799
020060512,236,5,74,315
020060601,722,21,203,946
020060602,1147,37,404,1588
020060603,673,30,270,973
020060604,273,18,146,437
020060605,298,10,110,418
020060606,451,16,190,657
020060607,463,18,166,647
020060608,577,32,203,812
020060609,454,22,195,671
020060701,385,9,122,516
020060702,468,16,144,628
020060703,422,6,126,554
020060704,500,18,234,752
020060705,517,21,147,685
020060706,358,6,138,502
020060707,553,18,177,748
020060708,449,21,177,647
020060709,450,11,165,626
020060710,460,10,175,645
020060711,397,15,126,538
020060712,413,11,141,565
020060713,336,7,87,430
020060801,505,14,182,701
020060802,693,16,188,897
020060803,424,8,121,553
020060804,411,14,127,552
020060805,315,10,122,447
020060806,784,29,307,1120
020060807,440,21,115,576
020060808,716,8,233,957
020060809,342,6,109,457
020060810,451,18,133,602
020060901,351,21,164,536
020060902,336,11,189,536
020060903,383,15,191,589
020060904,590,25,292,907
020060905,207,7,96,310
020060906,490,25,241,756
020060907,330,9,120,459
020060908,239,12,105,356
020060909,489,20,244,753
020060910,444,23,170,637
020061001,364,17,164,545
020061002,345,28,124,497
020061003,529,14,134,677
020061004,413,17,171,601
020061005,575,18,282,875
020061006,557,29,256,842
020061007,410,8,121,539
020061008,738,28,333,1099
020061009,319,16,122,457
020061010,575,24,219,818
020061101,637,21,211,869
020061102,345,11,109,465
020061103,560,20,159,739
020061104,523,13,104,640
020061105,363,23,124,510
020061106,451,23,172,646
020061107,484,15,166,665
020061108,506,16,170,692
020061109,435,19,134,588
020061110,304,12,142,458
020061201,340,16,87,443
020061202,328,7,126,461
020061203,359,13,151,523
020061204,224,9,88,321
020061205,513,18,202,733
020061206,329,12,138,479
020061207,452,14,147,613
020061208,455,14,172,641
020061209,463,24,194,681
020061210,322,9,132,463
020061211,482,23,213,718
020061212,277,5,131,413
020061301,429,9,172,610
020061302,752,28,359,1139
020061303,399,18,187,604
020061304,674,18,370,1062
020061305,509,17,205,731
020061306,313,10,154,477
020061307,535,19,181,735
020061308,733,21,257,1011
020061309,569,19,216,804
020061401,511,15,207,733
020061402,366,7,154,527
020061403,491,18,169,678
020061404,681,28,229,938
020061405,615,14,259,888
020061406,697,19,270,986
020061407,343,7,106,456
020061408,330,11,118,459
020061409,492,20,156,668
020061410,583,25,166,774
020061501,390,15,166,571
020061502,1036,35,406,1477
020061503,505,12,175,692
020061504,398,11,170,579
020061505,447,18,179,644
020061506,475,9,185,669
020061507,521,15,169,705
020061508,633,22,186,841
020061509,340,15,97,452
020061510,459,9,114,582
020061601,382,16,202,600
020061602,414,13,155,582
020061603,605,16,186,807
020061604,422,14,172,608
020061605,607,23,204,834
020061606,618,18,179,815
020061607,630,20,207,857
020061608,804,22,328,1154
020061609,643,24,204,871
020061610,729,26,235,990
020061611,533,29,204,766
020061701,505,12,220,737
020061702,531,23,249,803
020061703,415,23,183,621
020061704,434,8,226,668
020061705,1009,36,480,1525
020061706,655,22,250,927
020061707,379,11,144,534
020061801,382,18,150,550
020061802,327,13,173,513
020061803,376,11,215,602
020061804,420,15,210,645
020061805,470,15,248,733
020061806,689,27,269,985
020061807,665,27,349,1041
020061808,649,22,262,933
020061809,506,16,217,739
020061901,509,16,266,791
020061902,929,29,351,1309
020061903,832,27,308,1167
020061904,606,31,234,871
020061905,409,25,174,608
020061906,621,25,221,867
020061907,561,20,247,828
020061908,595,23,194,812
020062001,300,7,104,411
020062002,350,10,126,486
020062003,608,26,206,840
020062004,336,13,119,468
020062005,494,14,234,742
020062006,507,16,198,721
020062007,364,10,159,533
020062008,696,21,288,1005
020062009,460,14,163,637
020062010,478,19,267,764
020062101,378,15,155,548
020062102,604,22,223,849
020062103,649,22,215,886
020062104,359,15,163,537
020062105,479,12,158,649
020062106,326,9,119,454
020062107,535,19,210,764
020062108,720,25,236,981
020062109,469,17,144,630
020062110,485,27,227,739
020062111,557,22,239,818
020070101,307,14,181,502
020070102,450,21,228,699
020070103,468,22,198,688
020070104,409,14,166,589
020070105,235,8,101,344
020070106,396,29,176,601
020070107,249,14,130,393
020070108,405,23,155,583
020070109,415,25,121,561
020070110,619,26,193,838
020070201,458,17,227,702
020070202,522,45,263,830
020070203,469,29,191,689
020070204,1010,58,371,1439
020070205,540,21,199,760
020070206,571,22,264,857
020070207,411,18,139,568
020070208,411,24,144,579
020070209,589,19,240,848
020070301,428,15,155,598
020070302,576,26,219,821
020070303,654,27,292,973
020070304,649,21,263,933
020070305,484,24,168,676
020070306,537,29,174,740
020070307,701,24,260,985
020070308,420,16,181,617
020070309,382,17,170,569
020070310,610,23,217,850
020070401,584,21,340,945
020070402,442,26,218,686
020070403,652,16,225,893
020070404,820,30,228,1078
020070405,566,25,161,752
020070406,700,11,308,1019
020070407,671,37,294,1002
020070408,593,26,187,806
020070409,370,7,135,512
020070410,537,12,189,738
020070501,406,22,250,678
020070502,325,10,181,516
020070503,457,27,203,687
020070504,608,28,284,920
020070505,592,15,362,969
020070506,334,12,163,509
020070507,391,17,168,576
020070508,416,18,221,655
020070509,665,31,209,905
020070601,544,16,181,741
020070602,424,18,189,631
020070603,355,13,153,521
020070604,428,24,144,596
020070605,509,36,225,770
020070606,529,15,237,781
020070607,567,15,185,767
020070608,238,13,143,394
020070609,376,14,199,589
020070701,359,13,141,513
020070702,271,17,122,410
020070703,550,23,244,817
020070704,321,16,152,489
020070705,365,24,148,537
020070706,562,18,202,782
020070707,383,12,127,522
020070708,287,11,134,432
020070709,551,14,216,781
020070710,444,10,223,677
020070711,359,8,181,548
020070801,359,24,199,582
020070802,520,16,179,715
020070803,335,16,132,483
020070804,499,11,189,699
020070805,610,21,253,884
020070806,539,33,183,755
020070807,407,17,154,578
020070808,485,25,169,679
020070901,415,8,132,555
020070902,377,17,145,539
020070903,291,16,144,451
020070904,531,23,170,724
020070905,275,6,137,418
020070906,558,16,167,741
020070907,442,10,189,641
020070908,541,28,220,789
020070909,399,13,177,589
020070910,391,12,198,601
020070911,340,13,125,478
020071001,408,16,226,650
020071002,216,9,112,337
020071003,354,12,141,507
020071004,376,21,217,614
020071005,362,15,170,547
020071006,474,24,186,684
020071007,414,17,206,637
020071008,639,24,243,906
020071009,398,15,179,592
020071010,465,14,201,680
020071101,352,23,220,595
020071102,516,22,234,772
020071103,490,17,232,739
020071104,533,19,278,830
020071105,332,7,145,484
020071106,377,16,146,539
020071107,677,39,278,994
020071108,603,28,240,871
020071109,548,18,235,801
020071110,363,8,189,560
020071201,560,30,293,883
020071202,315,12,145,472
020071203,414,15,195,624
020071204,434,9,239,682
020071205,381,15,240,636
020071206,424,25,178,627
020071207,329,21,165,515
020071208,326,23,150,499
020071209,451,26,214,691
020071301,405,15,202,622
020071302,421,14,173,608
020071303,580,14,195,789
020071304,306,13,165,484
020071305,434,23,270,727
020071306,422,11,190,623
020071307,267,9,155,431
020071308,304,22,153,479
020071309,268,25,127,420
020071310,309,18,102,429
020071311,425,23,194,642
020071312,378,22,193,593
020071313,332,13,146,491
020071314,349,23,180,552
020071315,287,10,120,417
020071401,497,30,182,709
020071402,433,20,231,684
020071403,386,27,157,570
020071404,387,15,191,593
020071405,485,44,210,739
020071406,622,26,277,925
020071407,497,23,193,713
020071408,523,25,238,786
020071409,454,20,219,693
020071410,417,11,173,601
020071411,507,27,245,779
020071412,513,31,234,778
020071413,400,30,191,621
020071501,354,16,184,554
020071502,547,42,299,888
020071503,517,13,239,769
020071504,329,15,200,544
020071505,403,10,157,570
020071506,438,35,214,687
020071507,377,32,197,606
020071508,416,25,205,646
020071509,623,54,335,1012
020071510,501,49,279,829
020071511,607,41,317,965
020071601,412,35,191,638
020071602,446,24,188,658
020071603,449,27,217,693
020071604,441,18,141,600
020071605,436,19,219,674
020071606,596,35,223,854
020071607,520,23,255,798
020071608,606,33,271,910
020071609,542,21,281,844
020071701,706,44,381,1131
020071702,768,50,272,1090
020071703,664,46,216,926
020071704,788,37,303,1128
020071705,437,26,145,608
020071706,618,32,232,882
020071707,1090,68,489,1647
020071708,577,17,162,756
020071709,987,75,274,1336
020071710,790,57,255,1102
020071711,250,23,123,396
020071801,639,45,304,988
020071802,199,16,100,315
020071803,518,30,129,677
020071804,419,27,144,590
020071805,486,36,174,696
020071806,727,81,293,1101
020071807,581,63,293,937
020071808,539,46,176,761
020071809,562,32,212,806
020071810,617,83,310,1010
020071811,643,29,232,904
020071901,437,22,225,684
020071902,889,48,323,1260
020071903,724,54,215,993
020071904,818,44,288,1150
020071905,686,60,276,1022
020071906,914,90,421,1425
020072001,565,18,267,850
020072002,290,7,176,473
020072003,445,20,149,614
020072004,244,18,189,451
020072005,427,23,210,660
020072006,412,21,234,667
020072007,426,31,215,672
020072008,650,31,304,985
020072009,489,24,230,743
020072010,606,52,255,913
020072011,582,39,262,883
020072012,346,18,185,549
020072013,917,50,387,1354
020072101,630,18,205,853
020072102,702,16,215,933
020072103,598,23,208,829
020072104,335,9,129,473
020072105,412,9,154,575
020072106,582,24,186,792
020072107,449,21,149,619
020072108,254,5,114,373
020072109,420,8,183,611
020072110,532,24,244,800
020072111,476,10,215,701
020072112,516,18,203,737
020072201,408,17,125,550
020072202,584,25,158,767
020072203,534,21,194,749
020072204,538,9,250,797
020072205,604,17,194,815
020072206,522,23,229,774
020072207,314,14,142,470
020072208,326,7,145,478
020072209,368,9,165,542
020072210,459,18,189,666
020072211,423,13,204,640
020072212,334,20,156,510
020072213,448,15,168,631
020072301,495,19,186,700
020072302,537,17,212,766
020072303,466,16,147,629
020072304,381,9,150,540
020072305,430,9,197,636
020072306,414,21,169,604
020072307,450,13,210,673
020072308,465,22,184,671
020072309,418,17,208,643
020072401,498,18,255,771
020072402,528,38,196,762
020072403,664,29,282,975
020072404,573,32,287,892
020072405,517,26,273,816
020072406,614,27,223,864
020072407,488,14,202,704
020072408,489,32,228,749
020072409,509,19,277,805
020072410,534,20,253,807
020072411,528,24,293,845
020080101,560,38,201,799
020080102,799,64,327,1190
020080103,617,45,261,923
020080104,774,57,399,1230
020080105,689,48,433,1170
020080106,989,54,577,1620
020080107,522,26,423,971
020080108,605,33,256,894
020080109,1365,78,415,1858
020080110,708,50,342,1100
020080111,292,11,173,476
020080112,1758,91,522,2371
020080201,624,55,346,1025
020080202,250,22,141,413
020080203,231,20,153,404
020080204,412,36,179,627
020080205,258,23,158,439
020080206,323,21,245,589
020080207,600,48,346,994
020080208,508,36,157,701
020080209,428,30,221,679
020080210,288,17,160,465
020080301,495,30,255,780
020080302,454,21,193,668
020080303,296,18,154,468
020080304,408,34,210,652
020080305,356,27,226,609
020080306,198,13,125,336
020080307,403,12,218,633
020080308,894,77,304,1275
020080309,1018,59,400,1477
020080310,813,63,358,1234
020080401,477,22,219,718
020080402,303,23,182,508
020080403,339,20,181,540
020080404,351,11,198,560
020080405,478,34,268,780
020080406,533,34,328,895
020080407,427,33,234,694
020080408,435,29,249,713
020080409,376,21,234,631
020080410,463,24,251,738
020080411,395,15,201,611
020080501,414,19,227,660
020080502,369,25,250,644
020080503,396,29,237,662
020080504,421,17,292,730
020080505,317,14,183,514
020080506,410,29,256,695
020080507,507,55,276,838
020080508,309,17,209,535
020080509,471,40,239,750
020080510,645,35,281,961
020080511,485,42,246,773
020080601,537,52,184,773
020080602,651,38,298,987
020080603,609,82,308,999
020080604,396,24,187,607
020080605,558,28,218,804
020080606,533,33,228,794
020080607,273,16,192,481
020080608,405,22,197,624
020080609,474,19,206,699
020080610,346,19,163,528
020080611,344,30,148,522
020080701,615,52,303,970
020080702,789,48,347,1184
020080703,751,51,398,1200
020080704,704,58,325,1087
020080705,824,62,325,1211
020080706,591,51,274,916
020080707,1022,80,354,1456
020080708,789,54,362,1205
020080709,1323,114,586,2023
020080710,444,34,207,685
020080711,758,74,323,1155
020080712,721,89,394,1204
020080713,680,78,338,1096
020080714,874,68,338,1280
020080801,468,18,242,728
020080802,462,28,286,776
020080803,351,14,205,570
020080804,431,15,237,683
020080805,342,19,159,520
020080806,457,20,231,708
020080807,494,12,216,722
020080808,331,14,188,533
020080809,356,34,209,599
020080810,495,38,206,739
020080811,553,35,206,794
020080901,416,22,232,670
020080902,489,19,237,745
020080903,515,37,295,847
020080904,273,5,166,444
020080905,508,37,253,798
020080906,489,39,272,800
020080907,389,18,213,620
020080908,406,15,202,623
020080909,466,22,276,764
020081001,472,24,253,749
020081002,395,16,227,638
020081003,502,32,290,824
020081004,1127,89,601,1817
020081005,1236,80,634,1950
020081006,804,45,435,1284
020081007,810,63,429,1302
020081008,549,31,223,803
020081101,1455,117,783,2355
020081102,1034,87,524,1645
020081103,1522,103,880,2505
020081104,1002,76,525,1603
020081105,627,74,353,1054
020081201,491,34,238,763
020081202,541,20,281,842
020081203,523,40,285,848
020081204,466,19,322,807
020081205,489,39,268,796
020081206,377,20,195,592
020081207,434,29,218,681
020081301,24,1,7,32
020081302,176,5,107,288
020081303,538,18,257,813
020081304,547,32,275,854
020081305,470,33,288,791
020081306,357,10,166,533
020081307,388,43,190,621
020081308,495,26,218,739
020081401,793,80,366,1239
020081402,728,59,248,1035
020081403,971,66,383,1420
020081404,1223,63,487,1773
020081405,621,35,295,951
020081406,394,33,186,613
020081407,484,34,241,759
020081408,376,26,258,660
020081409,538,44,214,796
020081410,464,39,287,790
020081501,1211,98,494,1803
020081502,1050,92,459,1601
020081503,1075,69,505,1649
020081504,393,29,207,629
020081505,1403,117,757,2277
020081506,399,33,224,656
020081507,414,42,181,637
020081508,583,62,276,921
020081509,848,61,355,1264
020081510,631,48,298,977
020081601,489,44,261,794
020081602,231,35,184,450
020081603,525,70,239,834
020081604,379,38,259,676
020081605,409,45,315,769
020081606,366,27,254,647
020081607,457,41,251,749
020081608,345,16,220,581
020081609,374,42,296,712
020081610,433,43,244,720
020081701,266,8,180,454
020081702,315,20,192,527
020081703,377,19,168,564
020081704,418,13,224,655
020081705,272,8,68,348
020090101,258,16,167,441
020090102,246,11,109,366
020090103,366,19,147,532
020090104,413,26,180,619
020090105,419,19,173,611
020090106,435,18,179,632
020090107,362,27,194,583
020090108,414,26,141,581
020090109,485,5,138,628
020090201,442,14,253,709
020090202,397,14,248,659
020090203,480,12,205,697
020090204,555,28,238,821
020090205,651,20,281,952
020090206,370,23,199,592
020090207,462,16,175,653
020090208,362,23,182,567
020090209,518,19,194,731
020090210,459,14,174,647
020090211,496,26,230,752
020090212,330,18,148,496
020090301,351,20,172,543
020090302,371,10,155,536
020090303,322,14,173,509
020090304,368,19,173,560
020090305,311,16,132,459
020090306,466,8,184,658
020090307,448,21,236,705
020090308,403,16,237,656
020090309,385,13,200,598
020090310,482,18,190,690
020090311,424,29,272,725
020090312,342,21,136,499
020090313,496,25,236,757
020090401,490,23,288,801
020090402,466,37,257,760
020090403,480,23,238,741
020090404,483,23,267,773
020090405,540,40,252,832
020090406,359,24,176,559
020090407,357,15,219,591
020090408,329,28,271,628
020090409,392,14,196,602
020090410,406,21,210,637
020090411,514,24,260,798
020090501,452,30,252,734
020090502,438,24,222,684
020090503,348,17,180,545
020090504,463,21,235,719
020090505,607,11,246,864
020090506,423,15,272,710
020090507,446,11,216,673
020090508,449,25,232,706
020090509,454,26,198,678
020090510,467,19,217,703
020090511,471,31,257,759
020090601,592,21,282,895
020090602,433,32,182,647
020090603,508,31,242,781
020090604,504,27,249,780
020090605,625,31,288,944
020090606,393,19,198,610
020090607,579,22,254,855
020090608,429,28,176,633
020090609,564,15,115,694
020090610,506,21,230,757
020090611,434,27,222,683
020090612,469,11,201,681
020090701,454,15,188,657
020090702,470,19,250,739
020090703,297,19,178,494
020090704,351,19,197,567
020090705,375,19,215,609
020090706,435,18,273,726
020090707,323,26,163,512
020090708,416,14,184,614
020090709,432,14,271,717
020090710,368,19,167,554
020090711,365,18,244,627
020090712,499,48,244,791
020090713,460,21,228,709
020090714,398,21,229,648
020090801,396,19,232,647
020090802,402,18,194,614
020090803,441,23,248,712
020090804,398,32,176,606
020090805,504,21,240,765
020090806,561,36,241,838
020090807,550,37,266,853
020090808,552,36,237,825
020090809,414,17,182,613
020090810,529,16,205,750
020090811,460,41,267,768
020090812,489,53,260,802
020090813,333,21,165,519
020090901,417,31,188,636
020090902,386,25,193,604
020090903,579,29,236,844
020090904,338,7,179,524
020090905,398,16,192,606
020090906,444,20,260,724
020090907,571,26,232,829
020090908,295,34,168,497
020090909,442,18,207,667
020090910,450,29,223,702
020090911,397,24,209,630
020090912,356,12,188,556
020090913,334,11,168,513
020090914,490,30,262,782
020091001,471,33,204,708
020091002,523,27,232,782
020091003,534,44,238,816
020091004,318,12,189,519
020091005,507,29,202,738
020091006,435,19,192,646
020091007,379,18,161,558
020091008,488,31,264,783
020091009,255,24,93,372
020091010,388,25,235,648
020091011,320,24,158,502
020091012,269,14,167,450
020091101,667,37,262,966
020091102,600,31,236,867
020091103,447,23,233,703
020091104,580,24,242,846
020091105,654,27,306,987
020091106,517,34,217,768
020091107,589,26,299,914
020091108,471,31,207,709
020091109,497,22,243,762
020091110,481,26,211,718
020091111,493,24,261,778
020091112,644,39,336,1019
020091201,563,30,250,843
020091202,277,14,159,450
020091203,485,24,199,708
020091204,436,18,233,687
020091205,450,21,196,667
020091206,535,39,282,856
020091207,385,29,177,591
020091208,528,25,255,808
020091209,440,31,266,737
020091210,595,32,235,862
020091211,433,24,256,713
020091212,383,23,188,594
020091301,525,23,243,791
020091302,575,39,311,925
020091303,659,29,287,975
020091304,378,17,275,670
020091305,538,27,231,796
020091306,530,31,221,782
020091307,617,47,254,918
020091401,573,37,330,940
020091402,481,24,239,744
020091403,430,16,166,612
020091404,428,38,185,651
020091405,794,65,446,1305
020091406,959,100,691,1750
020091407,604,55,340,999
020091408,763,80,365,1208
020091409,473,29,220,722
020091410,858,35,387,1280
020091501,303,17,163,483
020091502,417,35,252,704
020091503,477,28,192,697
020091504,472,17,187,676
020091505,500,22,248,770
020091506,601,27,240,868
020091507,559,36,282,877
020091508,434,29,214,677
020091509,405,12,224,641
020091510,354,16,181,551
020091511,509,33,215,757
020091601,454,35,293,782
020091602,457,27,245,729
020091603,311,14,177,502
020091604,407,22,153,582
020091605,410,34,250,694
020091606,509,32,256,797
020091607,471,52,287,810
020091608,500,36,216,752
020091609,540,28,270,838
020091610,426,19,216,661
020091611,368,31,201,600
020091612,378,27,224,629
020091613,417,29,196,642
020100101,354,9,186,549
020100102,482,15,251,748
020100103,512,31,242,785
020100104,429,22,215,666
020100105,362,16,204,582
020100106,437,24,225,686
020100107,424,25,182,631
020100108,580,15,247,842
020100201,502,25,288,815
020100202,354,15,150,519
020100203,372,21,209,602
020100204,489,29,226,744
020100205,455,21,225,701
020100206,638,22,256,916
020100207,541,35,243,819
020100208,504,32,225,761
020100301,315,18,184,517
020100302,484,24,196,704
020100303,427,28,212,667
020100304,322,17,156,495
020100305,423,31,232,686
020100306,374,26,209,609
020100307,520,36,226,782
020100308,515,26,246,787
020100401,622,15,218,855
020100402,619,33,255,907
020100403,455,19,252,726
020100404,448,21,223,692
020100405,447,11,207,665
020100406,379,15,181,575
020100407,430,26,191,647
020100408,381,20,204,605
020100409,431,17,199,647
020100501,386,17,194,597
020100502,408,15,173,596
020100503,557,22,220,799
020100504,481,22,261,764
020100505,474,23,195,692
020100506,460,26,224,710
020100507,443,28,254,725
020100508,549,19,241,809
020100509,395,13,172,580
020100510,399,31,248,678
020100511,370,15,187,572
020100512,418,12,209,639
020100513,473,24,199,696
020100514,418,13,201,632
020100601,365,14,186,565
020100602,366,15,199,580
020100603,586,46,274,906
020100604,477,16,241,734
020100605,497,31,215,743
020100606,482,21,229,732
020100607,471,22,212,705
020100608,497,26,217,740
020100609,565,18,206,789
020100610,633,25,249,907
020100611,434,15,209,658
020100612,384,24,201,609
020100613,549,32,283,864
020100701,568,27,265,860
020100702,649,25,198,872
020100703,669,32,330,1031
020100704,606,29,258,893
020100705,497,37,208,742
020100706,530,16,227,773
020100707,904,70,361,1335
020100708,567,28,253,848
020100709,535,28,207,770
020100710,632,31,258,921
020100801,599,35,290,924
020100802,668,43,306,1017
020100803,471,19,194,684
020100804,550,25,257,832
020100805,471,20,215,706
020100806,472,17,240,729
020100807,652,29,271,952
020100808,621,32,272,925
020100809,360,18,172,550
020100901,438,33,227,698
020100902,469,31,255,755
020100903,446,26,225,697
020100904,440,18,219,677
020100905,506,20,220,746
020100906,544,23,236,803
020100907,490,22,226,738
020100908,417,16,174,607
020100909,390,9,190,589
020100910,455,32,188,675
020101001,386,16,230,632
020101002,525,37,262,824
020101003,546,33,207,786
020101004,465,16,202,683
020101005,512,36,195,743
020101006,525,18,239,782
020101007,427,16,247,690
020101008,395,13,203,611
020101009,528,24,252,804
020101010,382,17,211,610
020101011,443,22,215,680
020101012,501,25,238,764
020101101,481,44,189,714
020101102,641,34,256,931
020101103,501,24,197,722
020101104,581,30,219,830
020101105,505,16,214,735
020101106,267,18,128,413
020101107,638,22,219,879
020101108,477,21,218,716
020101109,591,21,232,844
020101110,397,15,155,567
020101111,407,10,132,549
020101201,587,20,180,787
020101202,498,24,235,757
020101203,459,12,184,655
020101204,355,10,126,491
020101205,317,9,117,443
020101206,335,15,146,496
020101207,382,14,154,550
020101208,432,15,196,643
020101209,462,20,153,635
020101210,343,20,162,525
020101301,388,21,156,565
020101302,391,12,183,586
020101303,409,21,176,606
020101304,396,9,107,512
020101305,454,29,191,674
020101306,409,29,201,639
020101307,396,26,150,572
020101308,437,24,237,698
020101309,393,23,193,609
020101310,321,13,152,486
020101311,357,11,178,546
020101312,361,13,160,534
020101401,516,23,219,758
020101402,536,24,215,775
020101403,403,29,237,669
020101404,473,24,213,710
020101405,419,14,177,610
020101406,345,16,122,483
020101407,448,23,232,703
020101408,328,30,164,522
020101409,546,30,173,749
020101410,517,13,186,716
020101411,416,21,126,563
020101501,356,11,173,540
020101502,514,21,241,776
020101503,281,22,159,462
020101504,384,19,175,578
020101505,486,20,201,707
020101506,355,15,161,531
020101507,315,19,121,455
020101508,567,34,237,838
020101509,752,67,265,1084
020101601,420,9,127,556
020101602,628,27,272,927
020101603,404,17,182,603
020101604,498,21,249,768
020101605,573,14,285,872
020101606,601,11,229,841
020101607,464,12,180,656
020101608,451,27,235,713
020101609,472,33,281,786
020101701,407,14,250,671
020101702,479,17,230,726
020101703,538,27,268,833
020101704,615,36,218,869
020101705,580,24,258,862
020101706,486,18,219,723
020101707,459,19,232,710
020101708,362,21,198,581
020101709,358,12,173,543
020101710,447,18,140,605
020101801,403,25,197,625
020101802,439,19,188,646
020101803,468,17,196,681
020101804,654,27,209,890
020101805,352,25,152,529
020101806,389,13,118,520
020101807,478,18,211,707
020101808,299,9,122,430
020101809,684,24,263,971
020101810,302,9,127,438
020101811,363,19,137,519
020101812,422,22,230,674
020101901,347,21,126,494
020101902,643,37,235,915
020101903,569,45,186,800
020101904,463,15,201,679
020101905,490,15,195,700
020101906,495,22,173,690
020101907,436,29,203,668
020101908,299,10,120,429
020101909,411,19,168,598
020101910,551,22,219,792
020101911,519,15,241,775
020101912,659,33,249,941
020110101,534,13,212,759
020110102,551,16,235,802
020110103,400,13,172,585
020110104,480,22,194,696
020110105,355,14,135,504
020110106,421,26,227,674
020110107,347,19,186,552
020110108,403,13,171,587
020110109,466,32,173,671
020110110,486,16,207,709
020110111,541,20,204,765
020110112,393,21,160,574
020110201,466,27,214,707
020110202,572,24,230,826
020110203,440,12,162,614
020110204,317,19,139,475
020110205,590,28,277,895
020110206,568,22,245,835
020110207,453,22,210,685
020110208,476,21,254,751
020110209,387,17,175,579
020110210,553,10,265,828
020110211,514,11,209,734
020110301,425,4,184,613
020110302,448,13,216,677
020110303,373,8,158,539
020110304,326,14,162,502
020110305,321,11,148,480
020110306,421,25,197,643
020110307,412,21,236,669
020110308,415,19,201,635
020110309,436,23,174,633
020110310,442,8,221,671
020110311,365,17,185,567
020110312,435,16,174,625
020110401,467,18,198,683
020110402,476,14,184,674
020110403,334,10,168,512
020110404,418,16,260,694
020110405,466,22,196,684
020110406,380,9,158,547
020110407,371,13,235,619
020110408,424,15,180,619
020110409,458,19,236,713
020110410,377,15,217,609
020110411,503,19,226,748
020110412,503,33,228,764
020110413,458,22,203,683
020110501,417,12,159,588
020110502,497,22,220,739
020110503,527,32,276,835
020110504,356,15,172,543
020110505,452,23,259,734
020110506,480,29,240,749
020110507,412,15,210,637
020110508,449,20,263,732
020110509,421,14,250,685
020110510,470,23,221,714
020110601,412,16,174,602
020110602,561,14,255,830
020110603,454,16,228,698
020110604,534,23,208,765
020110605,403,24,208,635
020110606,471,32,228,731
020110607,518,18,195,731
020110608,416,21,209,646
020110609,433,24,272,729
020110610,438,23,217,678
020110611,452,24,259,735
020110701,289,20,115,424
020110702,507,14,222,743
020110703,446,29,197,672
020110704,495,26,270,791
020110705,505,21,218,744
020110706,438,16,207,661
020110707,438,19,207,664
020110708,395,13,162,570
020110709,473,16,184,673
020110710,419,12,241,672
020110711,478,19,198,695
020110712,462,16,226,704
020110801,503,20,211,734
020110802,500,19,232,751
020110803,292,15,149,456
020110804,410,13,210,633
020110805,354,14,199,567
020110806,589,23,242,854
020110807,540,19,284,843
020110808,555,28,251,834
020110809,478,26,220,724
020110901,511,10,204,725
020110902,489,25,172,686
020110903,622,22,199,843
020110904,406,18,145,569
020110905,418,28,189,635
020110906,342,10,163,515
020110907,436,19,163,618
020110908,508,9,195,712
020110909,304,22,145,471
020110910,401,28,151,580
020110911,328,21,171,520
020110912,376,8,208,592
020111001,399,18,192,609
020111002,560,11,236,807
020111003,415,14,201,630
020111004,584,21,208,813
020111005,541,24,232,797
020111006,582,18,247,847
020111007,607,21,200,828
020111008,437,20,158,615
020111009,450,17,171,638
020111010,447,15,140,602
020111101,474,16,220,710
020111102,530,22,199,751
020111103,555,24,201,780
020111104,165,12,75,252
020111105,540,24,235,799
020111106,558,33,271,862
020111107,517,26,194,737
020111108,474,16,231,721
020111109,477,27,250,754
020111201,346,11,149,506
020111202,337,14,154,505
020111203,553,23,222,798
020111204,353,16,186,555
020111205,388,16,163,567
020111206,502,22,214,738
020111207,391,17,150,558
020111208,385,18,212,615
020111209,342,6,153,501
020111210,375,9,134,518
020111301,395,19,206,620
020111302,457,21,263,741
020111303,388,22,239,649
020111304,434,20,222,676
020111305,487,17,299,803
020111306,506,25,253,784
020111307,438,17,211,666
020111308,387,15,205,607
020111309,572,16,222,810
020111310,366,14,170,550
020111311,471,19,228,718
020111401,552,28,225,805
020111402,444,22,249,715
020111403,542,24,274,840
020111404,405,20,161,586
020111405,506,20,282,808
020111406,596,38,240,874
020111407,882,42,465,1389
020111501,566,28,242,836
020111502,502,16,238,756
020111503,543,40,295,878
020111504,545,21,256,822
020111505,488,18,177,683
020111506,557,14,191,762
020111507,403,11,153,567
020111508,488,22,205,715
020111509,453,25,219,697
020111510,556,17,209,782
020111511,617,35,281,933
020111601,498,14,207,719
020111602,526,13,200,739
020111603,404,18,165,587
020111604,360,19,174,553
020111605,457,32,155,644
020111606,512,17,132,661
020111607,497,20,191,708
020111608,579,38,238,855
020111609,350,11,188,549
020111610,357,17,169,543
020111701,426,12,225,663
020111702,461,25,201,687
020111703,544,14,178,736
020111704,502,31,249,782
020111705,426,21,256,703
020111706,644,22,257,923
020111707,527,21,199,747
020111708,498,20,214,732
020111801,439,22,211,672
020111802,500,21,135,656
020111803,530,14,191,735
020111804,542,19,176,737
020111805,476,18,174,668
020111806,824,29,215,1068
020111807,506,26,186,718
020111808,522,15,225,762
020111809,468,18,185,671
020111901,340,15,137,492
020111902,496,11,174,681
020111903,430,20,136,586
020111904,549,23,197,769
020111905,482,24,176,682
020111906,549,22,215,786
020111907,528,29,206,763
020111908,499,17,176,692
020111909,487,24,195,706
020112001,523,24,210,757
020112002,532,23,173,728
020112003,642,36,239,917
020112004,530,15,198,743
020112005,481,20,231,732
020112006,408,19,173,600
020112007,366,20,162,548
020112008,340,4,73,417
020112009,448,18,167,633
020112010,470,19,168,657
020112011,387,11,191,589
020112101,450,19,175,644
020112102,420,13,204,637
020112103,585,31,238,854
020112104,448,21,180,649
020112105,588,16,165,769
020112106,602,23,201,826
020112107,397,22,177,596
020112108,427,16,150,593
020112109,332,11,90,433
020112110,495,30,170,695
020112111,549,24,206,779
020112201,523,31,174,728
020112202,577,35,195,807
020112203,564,26,244,834
020112204,427,30,110,567
020112205,529,20,176,725
020112206,648,23,183,854
020112207,489,28,205,722
020112208,404,19,209,632
020112209,443,21,175,639
020112210,472,17,173,662
020112211,416,13,158,587
020120101,308,10,178,496
020120102,311,15,179,505
020120103,312,12,177,501
020120104,482,31,225,738
020120105,339,19,164,522
020120106,403,19,221,643
020120107,598,32,293,923
020120108,311,14,116,441
020120109,533,22,279,834
020120110,508,33,213,754
020120111,555,34,289,878
020120201,543,28,253,824
020120202,413,21,204,638
020120203,509,23,212,744
020120204,584,24,272,880
020120205,611,20,221,852
020120206,526,20,260,806
020120207,477,24,231,732
020120208,534,19,255,808
020120301,132,11,64,207
020120302,414,9,182,605
020120303,414,21,236,671
020120304,433,30,194,657
020120305,448,19,230,697
020120306,892,71,400,1363
020120307,576,32,243,851
020120308,389,19,177,585
020120309,353,33,159,545
020120310,500,23,193,716
020120311,452,25,173,650
020120401,460,27,205,692
020120402,450,14,199,663
020120403,620,18,271,909
020120404,476,14,199,689
020120405,386,9,131,526
020120406,453,26,177,656
020120407,620,35,256,911
020120408,470,24,146,640
020120409,328,10,162,500
020120410,372,17,152,541
020120501,371,13,138,522
020120502,412,13,129,554
020120503,889,26,209,1124
020120504,409,9,149,567
020120505,426,22,161,609
020120506,413,21,130,564
020120507,492,19,142,653
020120508,622,17,205,844
020120509,445,23,191,659
020120510,462,16,128,606
020120511,488,25,163,676
020120601,451,17,197,665
020120602,520,34,172,726
020120603,370,18,200,588
020120604,551,20,229,800
020120605,565,22,258,845
020120606,596,33,196,825
020120607,446,13,167,626
020120608,451,15,163,629
020120609,443,12,160,615
020120610,465,19,197,681
020120701,501,21,206,728
020120702,514,16,196,726
020120703,493,30,223,746
020120704,549,17,231,797
020120705,453,13,174,640
020120706,566,18,187,771
020120707,497,26,186,709
020120708,539,18,210,767
020120709,813,31,208,1052
020120710,697,34,197,928
020120801,834,39,325,1198
020120802,431,15,177,623
020120803,510,55,162,727
020120804,456,24,166,646
020120805,416,12,115,543
020120806,495,21,202,718
020120807,515,31,191,737
020120808,606,10,114,730
020120809,625,17,200,842
020120810,425,10,155,590
020120811,394,11,163,568
020120901,498,32,244,774
020120902,636,29,290,955
020120903,581,31,234,846
020120904,616,28,228,872
020120905,556,18,250,824
020120906,587,20,220,827
020120907,488,16,219,723
020121001,573,22,232,827
020121002,586,17,221,824
020121003,420,24,174,618
020121004,467,13,140,620
020121005,440,14,168,622
020121006,524,27,190,741
020121007,467,13,139,619
020121008,688,25,257,970
020121009,492,18,198,708
020121010,434,16,188,638
020121011,526,24,183,733
020121101,447,13,194,654
020121102,383,18,165,566
020121103,350,15,106,471
020121104,517,19,202,738
020121105,504,46,170,720
020121106,513,19,194,726
020121107,456,19,194,669
020121108,557,18,174,749
020121109,546,22,179,747
020121110,484,27,215,726
020121111,438,30,186,654
020121201,381,11,124,516
020121202,693,26,229,948
020121203,792,13,189,994
020121204,562,25,209,796
020121205,507,21,184,712
020121206,341,5,150,496
020121207,534,24,190,748
020121208,435,29,155,619
020121301,531,21,210,762
020121302,522,20,225,767
020121303,993,33,307,1333
020121304,745,19,244,1008
020121305,644,34,228,906
020121306,560,21,207,788
020121307,271,15,140,426
020121401,489,20,226,735
020121402,499,31,257,787
020121403,434,4,201,639
020121404,526,11,204,741
020121405,597,21,236,854
020121406,461,10,184,655
020121407,639,17,233,889
020121408,665,17,191,873
020121409,462,14,203,679
020121410,640,15,229,884
020121501,528,19,189,736
020121502,535,17,186,738
020121503,579,20,247,846
020121504,603,25,187,815
020121505,505,17,233,755
020121506,459,20,245,724
020121507,530,10,214,754
020121508,534,21,234,789
020121509,615,17,174,806
020121510,496,13,217,726
020121511,427,18,228,673
020121512,492,12,162,666
020121513,366,20,212,598
020121601,644,24,280,948
020121602,543,19,194,756
020121603,508,19,272,799
020121604,721,23,219,963
020121605,881,26,264,1171
020121606,970,22,201,1193
020121607,480,14,156,650
020121608,718,19,179,916
020121609,506,13,195,714
020121610,415,15,165,595
020121611,460,24,205,689
020121612,415,18,181,614
020121613,313,8,107,428
020121614,198,12,104,314
020121701,540,28,254,822
020121702,605,38,261,904
020121703,495,28,254,777
020121704,476,15,185,676
020121705,730,9,187,926
020121706,562,17,265,844
020121707,564,33,264,861
020121708,798,28,260,1086
020121801,344,17,170,531
020121802,491,18,276,785
020121803,479,25,253,757
020121804,457,25,228,710
020121805,466,16,226,708
020121806,498,25,216,739
020121807,532,17,214,763
020121808,529,14,211,754
020121809,470,12,200,682
020121810,413,21,177,611
020121811,369,18,161,548
020121812,663,22,242,927
020121813,404,13,245,662
020121901,511,26,234,771
020121902,326,24,148,498
020121903,445,21,174,640
020121904,592,33,280,905
020121905,663,22,248,933
020121906,571,28,283,882
020121907,543,41,277,861
020121908,563,17,226,806
020121909,426,25,199,650
020121910,568,19,267,854
020121911,633,25,251,909
020121912,503,21,190,714
020121913,397,9,175,581
020122001,490,25,212,727
020122002,805,28,276,1109
020122003,599,24,229,852
020122004,625,28,239,892
020122005,575,20,234,829
020122006,586,30,246,862
020122007,539,15,208,762
020122008,533,29,240,802
020122101,656,18,240,914
020122102,671,12,226,909
020122103,552,17,214,783
020122104,616,30,221,867
020122105,492,15,194,701
020122106,493,22,247,762
020122107,545,33,220,798
020122108,481,24,191,696
020122109,435,24,213,672
020122110,379,14,187,580
020122201,402,23,236,661
020122202,517,19,268,804
020122203,441,22,204,667
020122204,461,24,248,733
020122205,693,30,308,1031
020122206,703,30,224,957
020122207,657,24,267,948
020122208,516,16,308,840
020122209,520,20,234,774
020122210,551,27,266,844
020122211,529,26,260,815
020130101,442,11,172,625
020130102,479,20,169,668
020130103,392,5,135,532
020130104,523,13,137,673
020130105,580,12,116,708
020130106,565,20,162,747
020130107,289,15,137,441
020130108,316,8,140,464
020130109,273,4,143,420
020130110,441,14,189,644
020130111,407,16,160,583
020130112,322,18,131,471
020130113,347,24,167,538
020130114,347,10,119,476
020130201,685,17,225,927
020130202,559,20,182,761
020130203,353,11,154,518
020130204,373,19,174,566
020130205,502,14,145,661
020130206,656,17,147,820
020130207,423,8,139,570
020130208,395,9,123,527
020130209,618,20,159,797
020130210,686,30,211,927
020130211,415,4,94,513
020130301,556,19,136,711
020130302,373,6,134,513
020130303,503,18,170,691
020130304,691,12,187,890
020130305,489,17,157,663
020130306,399,21,138,558
020130307,411,13,146,570
020130308,409,23,102,534
020130309,574,13,166,753
020130310,643,14,141,798
020130401,398,11,116,525
020130402,480,22,158,660
020130403,460,16,110,586
020130404,588,15,272,875
020130405,478,11,187,676
020130406,534,15,216,765
020130407,377,16,166,559
020130408,363,15,169,547
020130409,468,16,143,627
020130410,257,22,106,385
020130411,541,7,154,702
020130412,881,29,259,1169
020130413,417,21,182,620
020130414,403,8,205,616
020130501,496,21,151,668
020130502,602,29,173,804
020130503,732,18,228,978
020130504,656,27,204,887
020130505,561,22,178,761
020130506,617,20,170,807
020130507,477,18,156,651
020130508,585,20,143,748
020130601,405,14,189,608
020130602,648,27,242,917
020130603,580,26,188,794
020130604,615,16,126,757
020130605,592,28,205,825
020130606,473,23,197,693
020130607,596,29,212,837
020130608,483,17,193,693
020130701,448,20,149,617
020130702,320,5,139,464
020130703,628,18,204,850
020130704,512,10,134,656
020130705,620,13,281,914
020130706,511,18,184,713
020130707,488,9,185,682
020130708,457,13,153,623
020130709,517,15,153,685
020130801,396,17,168,581
020130802,365,14,112,491
020130803,578,22,208,808
020130804,562,17,157,736
020130805,649,11,139,799
020130806,393,15,169,577
020130807,494,20,177,691
020130808,620,12,224,856
020130809,405,14,182,601
020130810,394,15,153,562
020130901,411,10,158,579
020130902,423,16,165,604
020130903,328,8,118,454
020130904,377,10,127,514
020130905,702,27,254,983
020130906,446,9,133,588
020130907,399,15,136,550
020130908,484,22,198,704
020130909,490,9,252,751
020130910,333,15,132,480
020131001,569,12,80,661
020131002,581,21,153,755
020131003,611,21,175,807
020131004,550,19,191,760
020131005,350,17,110,477
020131006,574,26,179,779
020131007,455,12,123,590
020131008,536,17,227,780
020131009,395,8,207,610
020131010,576,22,194,792
020131011,407,14,130,551
020131101,266,10,146,422
020131102,402,10,196,608
020131103,310,14,177,501
020131104,330,15,149,494
020131105,345,14,151,510
020131106,655,17,269,941
020131107,464,22,138,624
020131201,396,6,191,593
020131202,569,8,186,763
020131203,371,19,146,536
020131204,537,15,142,694
020131205,407,4,110,521
020131206,349,22,121,492
020131207,479,27,201,707
020131208,382,12,140,534
020131209,577,24,197,798
020131210,339,18,147,504
020131301,623,14,263,900
020131302,189,10,82,281
020131303,426,17,210,653
020131304,532,19,205,756
020131305,535,26,178,739
020131306,159,2,68,229
020131307,383,17,144,544
020131308,398,8,154,560
020131309,383,16,273,672
020131310,519,13,263,795
020131311,340,9,144,493
020131312,505,17,240,762
020131313,758,21,277,1056
020131314,449,18,111,578
020131401,489,15,191,695
020131402,221,5,113,339
020131403,445,10,142,597
020131404,433,9,196,638
020131405,300,12,161,473
020131406,451,12,268,731
020131407,208,4,122,334
020131408,359,14,162,535
020131409,279,11,172,462
020131410,411,10,233,654
020131411,454,10,191,655
020131501,456,14,194,664
020131502,428,23,197,648
020131503,390,20,255,665
020131504,270,6,80,356
020131505,489,24,180,693
020131506,400,16,154,570
020131507,445,22,246,713
020131508,435,17,195,647
020131509,533,13,228,774
020131510,398,12,162,572
020131511,462,19,171,652
020131512,407,11,155,573
020131601,541,16,145,702
020131602,537,23,218,778
020131603,335,12,106,453
020131604,451,10,177,638
020131605,324,10,117,451
020131606,250,6,103,359
020131607,466,17,182,665
020131608,368,6,201,575
020131609,455,24,241,720
020131610,494,22,210,726
020131611,461,14,167,642
020131612,437,23,179,639
020131613,323,11,141,475
020131701,674,15,201,890
020131702,669,29,233,931
020131703,553,18,140,711
020131704,358,10,112,480
020131705,458,21,146,625
020131706,458,22,196,676
020131707,518,15,192,725
020131708,439,20,193,652
020131709,577,13,203,793
020131710,528,24,263,815
020131711,321,13,155,489
020131801,495,22,188,705
020131802,564,11,182,757
020131803,565,31,218,814
020131804,418,15,173,606
020131805,404,8,176,588
020131806,443,16,186,645
020131807,588,17,223,828
020131808,433,9,184,626
020131809,264,14,136,414
020131810,425,14,237,676
020131901,469,19,203,691
020131902,557,15,219,791
020131903,406,10,179,595
020131904,305,14,118,437
020131905,475,10,238,723
020131906,268,23,150,441
020131907,439,9,138,586
020131908,414,17,204,635
020131909,398,13,154,565
020131910,419,14,151,584
020131911,266,9,63,338
020131912,413,10,181,604
020132001,396,13,166,575
020132002,556,19,230,805
020132003,228,12,126,366
020132004,416,9,172,597
020132005,370,13,165,548
020132006,539,19,185,743
020132007,508,12,198,718
020132008,502,14,176,692
020132009,336,15,129,480
020132010,351,10,126,487
020132011,353,18,163,534
020132012,338,12,154,504
020132101,363,4,148,515
020132102,202,4,73,279
020132103,314,5,141,460
020132104,476,16,254,746
020132105,473,10,213,696
020132106,409,12,223,644
020132107,622,22,327,971
020132108,423,17,182,622
020132109,506,15,221,742
020132110,508,15,309,832
020132201,336,10,160,506
020132202,304,9,137,450
020132203,273,15,141,429
020132204,573,11,200,784
020132205,663,20,297,980
020132206,627,17,302,946
020132207,689,25,283,997
020132208,496,18,198,712
020132209,312,7,151,470
020132301,762,18,264,1044
020132302,330,8,122,460
020132303,706,19,236,961
020132304,369,10,161,540
020132305,305,10,126,441
020132306,450,16,217,683
020132307,319,11,131,461
020132308,656,27,232,915
020132309,635,13,239,887
020132310,316,15,162,493
020132311,531,20,203,754
020132401,267,8,118,393
020132402,343,18,141,502
020132403,375,15,180,570
020132404,500,13,173,686
020132405,426,14,201,641
020132406,433,23,162,618
020132407,558,25,221,804
020132408,492,18,223,733
020132409,627,24,178,829
020132410,456,12,133,601
020132501,356,12,150,518
020132502,424,24,163,611
020132503,542,17,200,759
020132504,416,16,150,582
020132505,372,14,102,488
020132506,444,12,149,605
020132507,699,28,271,998
020132508,497,14,173,684
020132601,506,20,156,682
020132602,484,21,161,666
020132603,415,10,148,573
020132604,525,21,198,744
020132605,469,5,162,636
020132606,377,14,118,509
020132607,281,20,103,404
020132608,276,10,111,397
020132609,305,11,99,415
020132610,611,18,181,810
020132611,408,12,154,574
020132701,258,7,119,384
020132702,500,25,233,758
020132703,569,23,226,818
020132704,557,14,155,726
020132705,363,17,161,541
020132706,676,27,252,955
020132707,653,26,217,896
020132708,497,12,207,716
020132709,516,25,216,757
020132801,345,10,105,460
020132802,251,11,110,372
020132803,418,24,149,591
020132804,265,8,66,339
020132805,317,9,125,451
020132806,523,11,179,713
020132807,432,19,145,596
020132808,546,22,249,817
020132809,517,18,157,692
020132810,377,13,162,552
020132901,444,15,123,582
020132902,408,10,133,551
020132903,323,16,140,479
020132904,558,22,155,735
020132905,378,13,96,487
020132906,456,18,198,672
020132907,528,31,182,741
020132908,671,21,226,918
020132909,281,17,194,492
020132910,482,19,167,668
020132911,496,25,120,641
020140101,286,7,104,397
020140102,318,20,157,495
020140103,541,6,222,769
020140104,547,17,235,799
020140105,789,27,342,1158
020140106,657,17,211,885
020140107,501,15,243,759
020140108,492,13,256,761
020140109,578,17,285,880
020140110,686,21,333,1040
020140201,687,19,291,997
020140202,330,10,128,468
020140203,555,16,187,758
020140204,434,8,143,585
020140205,435,9,199,643
020140206,376,18,177,571
020140207,448,25,132,605
020140208,541,16,251,808
020140209,544,19,223,786
020140210,660,31,289,980
020140301,1026,33,356,1415
020140302,301,16,109,426
020140303,266,11,101,378
020140304,430,11,192,633
020140305,534,17,222,773
020140306,231,8,103,342
020140307,398,12,148,558
020140308,504,17,222,743
020140309,557,23,213,793
020140310,392,10,142,544
020140311,422,20,186,628
020140312,449,13,119,581
020140401,519,24,218,761
020140402,352,19,128,499
020140403,350,9,109,468
020140404,362,8,209,579
020140405,526,11,206,743
020140406,589,26,196,811
020140407,616,20,169,805
020140408,640,33,338,1011
020140409,552,19,157,728
020140410,963,33,289,1285
020140501,456,19,216,691
020140502,540,28,196,764
020140503,573,28,172,773
020140504,342,19,129,490
020140505,620,27,241,888
020140506,389,18,133,540
020140507,356,13,89,458
020140508,299,9,86,394
020140509,788,20,181,989
020140510,803,26,283,1112
020140601,708,19,141,868
020140602,602,9,117,728
020140603,594,14,207,815
020140604,529,9,112,650
020140605,528,18,149,695
020140606,704,29,252,985
020140607,459,15,216,690
020140608,351,10,111,472
020140609,522,21,168,711
020140610,263,9,81,353
020140701,566,30,161,757
020140702,611,22,149,782
020140703,458,20,189,667
020140704,637,16,202,855
020140705,423,24,165,612
020140706,434,23,192,649
020140707,424,14,113,551
020140708,374,12,92,478
020140709,365,18,127,510
020140801,590,13,120,723
020140802,373,20,136,529
020140803,224,6,71,301
020140804,320,10,85,415
020140805,610,39,223,872
020140806,605,28,207,840
020140807,397,16,130,543
020140808,442,23,150,615
020140809,677,27,155,859
020140901,754,23,205,982
020140902,492,19,138,649
020140903,730,15,208,953
020140904,773,27,189,989
020140905,268,10,81,359
020140906,405,14,172,591
020140907,390,15,160,565
020140908,538,20,105,663
020140909,515,19,155,689
020140910,614,11,172,797
020140911,553,13,120,686
020140912,554,14,200,768
020140913,467,5,126,598
020141001,9,0,4,13
020141101,415,11,98,524
020141102,632,21,134,787
020141103,308,7,123,438
020141104,449,10,146,605
020141105,518,10,153,681
020141106,598,15,146,759
020141107,352,17,75,444
020141108,689,22,202,913
020141109,526,23,81,630
020141110,253,15,85,353
020141111,366,23,89,478
020141112,461,20,123,604
020141113,510,22,161,693
020141114,305,15,130,450
020141201,297,13,87,397
020141202,520,21,169,710
020141203,442,6,112,560
020141204,424,17,145,586
020141205,508,17,207,732
020141206,345,12,123,480
020141207,214,6,69,289
020141208,215,14,70,299
020141209,391,14,130,535
020141210,498,12,165,675
020141211,354,10,133,497
020141301,436,22,133,591
020141302,451,12,120,583
020141303,504,14,146,664
020141304,412,5,104,521
020141305,444,14,145,603
020141306,369,11,138,518
020141307,199,6,76,281
020141308,361,14,145,520
020141309,465,22,176,663
020141310,429,19,140,588
020141311,378,13,83,474
020141312,349,15,139,503
020141401,583,19,152,754
020141402,399,11,121,531
020141403,480,19,128,627
020141404,246,14,83,343
020141405,275,17,80,372
020141406,267,18,110,395
020141407,325,6,127,458
020141408,557,27,258,842
020141409,663,20,188,871
020141410,453,13,152,618
020141411,473,24,250,747
020141501,421,27,139,587
020141502,449,32,196,677
020141503,391,10,217,618
020141504,501,23,177,701
020141505,609,14,152,775
020141506,589,24,189,802
020141507,388,20,171,579
020141508,1179,45,467,1691
020141601,817,26,300,1143
020141602,474,20,136,630
020141603,714,20,246,980
020141604,609,10,182,801
020141605,570,15,215,800
020141606,176,4,81,261
020141607,476,17,128,621
020141701,527,13,173,713
020141702,528,16,180,724
020141703,490,16,204,710
020141704,269,4,100,373
020141705,453,21,160,634
020141706,430,8,149,587
020141707,477,12,162,651
020141708,806,36,338,1180
020141801,476,17,185,678
020141802,447,10,183,640
020141803,668,21,257,946
020141804,550,25,224,799
020141805,630,26,232,888
020141806,489,17,215,721
020141807,365,21,189,575
020141808,600,20,233,853
020141901,336,18,130,484
020141902,630,22,220,872
020141903,658,22,248,928
020141904,817,30,270,1117
020141905,911,23,365,1299
020142001,780,25,312,1117
020142002,825,45,302,1172
020142003,587,27,263,877
020142004,534,19,167,720
020142005,469,22,201,692
020142006,329,15,107,451
020142007,205,7,80,292
020142101,543,24,198,765
020142102,440,27,126,593
020142103,202,13,75,290
020142104,350,10,116,476
020142105,238,9,80,327
020142106,348,20,121,489
020142107,460,11,117,588
020142108,447,23,158,628
020142109,346,23,122,491
020142110,325,11,122,458
020142111,437,16,171,624
020142201,501,19,209,729
020142202,527,22,202,751
020142203,298,14,109,421
020142204,344,15,131,490
020142205,568,36,212,816
020142206,643,28,251,922
020142207,475,15,168,658
020142208,497,25,167,689
020142209,622,24,148,794
020142210,433,28,150,611
020142301,370,14,147,531
020142302,300,11,104,415
020142303,360,20,114,494
020142304,480,14,167,661
020142305,650,33,216,899
020142306,280,11,103,394
020142307,455,13,147,615
020142308,691,38,174,903
020142309,634,40,166,840
020142310,524,27,124,675
020142311,553,26,206,785
020142401,392,8,125,525
020142402,284,21,105,410
020142403,361,11,106,478
020142404,251,13,94,358
020142405,534,24,175,733
020142406,422,14,175,611
020142407,454,15,147,616
020142408,308,15,160,483
020142409,427,16,167,610
020142501,504,14,182,700
020142502,275,7,122,404
020142503,393,12,187,592
020142504,362,8,97,467
020142505,288,12,108,408
020142506,343,8,69,420
020142507,495,19,154,668
020142508,455,11,159,625
020142509,444,23,167,634
020142601,631,31,280,942
020142602,467,23,178,668
020142603,244,16,100,360
020142604,1063,43,470,1576
020142605,592,25,232,849
020142606,611,13,215,839
020142607,662,24,369,1055
020142701,764,27,328,1119
020142702,705,42,266,1013
020142703,369,16,156,541
020142704,505,13,183,701
020142705,573,20,235,828
020142706,271,6,113,390
020142707,274,8,97,379
020142801,342,14,208,564
020142802,373,17,140,530
020142803,413,16,151,580
020142804,413,22,193,628
020142805,301,13,141,455
020142806,507,37,292,836
020142807,456,21,191,668
020142808,338,16,133,487
020142809,355,16,130,501
020142810,489,12,217,718
020142811,608,12,282,902
020142812,303,10,210,523
020142901,339,11,133,483
020142902,331,15,111,457
020142903,336,9,109,454
020142904,485,20,159,664
020142905,328,14,95,437
020142906,562,17,163,742
020142907,540,10,168,718
020142908,394,11,145,550
020142909,466,17,167,650
020142910,489,11,177,677
020142911,410,14,134,558
020143001,499,19,194,712
020143002,580,28,192,800
020143003,545,16,177,738
020143004,374,8,117,499
020143005,581,17,231,829
020143006,295,7,115,417
020143007,259,7,91,357
020143008,956,35,432,1423
020143009,794,17,309,1120
020143101,356,8,153,517
020143102,495,19,215,729
020143103,407,8,136,551
020143104,378,8,157,543
020143105,374,15,149,538
020143106,632,15,227,874
020143107,544,11,197,752
020143108,495,6,138,639
020143109,386,2,157,545
020143110,343,12,109,464
020143111,249,8,102,359
020143112,355,6,152,513
020150101,630,23,217,870
020150102,512,27,245,784
020150103,392,10,181,583
020150104,355,11,145,511
020150105,418,20,196,634
020150106,418,13,180,611
020150107,381,15,200,596
020150108,446,20,144,610
020150109,545,18,230,793
020150110,548,34,225,807
020150111,347,15,148,510
020150112,435,11,195,641
020150201,403,16,214,633
020150202,472,21,198,691
020150203,473,21,219,713
020150204,327,15,137,479
020150205,290,7,157,454
020150206,406,16,177,599
020150207,383,17,187,587
020150208,360,21,184,565
020150209,313,18,172,503
020150210,357,13,142,512
020150301,435,16,177,628
020150302,599,10,208,817
020150303,540,40,218,798
020150304,410,15,174,599
020150305,438,19,174,631
020150306,442,13,194,649
020150307,453,7,204,664
020150308,549,16,211,776
020150309,518,13,195,726
020150310,527,31,168,726
020150311,449,27,175,651
020150312,724,31,238,993
020150313,477,12,138,627
020150401,497,32,186,715
020150402,399,17,172,588
020150403,595,28,185,808
020150404,327,18,127,472
020150405,366,20,136,522
020150406,452,17,129,598
020150407,476,29,191,696
020150408,477,22,147,646
020150409,413,13,116,542
020150410,396,16,136,548
020150411,454,19,182,655
020150412,521,19,172,712
020150413,489,18,168,675
020150414,544,19,187,750
020150501,465,26,162,653
020150502,587,26,233,846
020150503,449,19,185,653
020150504,360,22,117,499
020150505,488,18,154,660
020150506,441,26,174,641
020150507,417,22,176,615
020150508,510,33,232,775
020150509,396,26,194,616
020150510,342,23,177,542
020150511,411,17,181,609
020150512,423,20,163,606
020150513,429,18,199,646
020150514,393,19,207,619
020150601,439,17,133,589
020150602,369,23,171,563
020150603,394,9,155,558
020150604,376,19,159,554
020150605,299,13,136,448
020150606,281,16,129,426
020150607,369,14,180,563
020150701,497,25,204,726
020150702,394,19,178,591
020150703,383,21,155,559
020150704,355,17,121,493
020150705,548,21,178,747
020150706,549,20,173,742
020150707,591,25,227,843
020150708,588,21,204,813
020150709,425,31,211,667
020150710,599,36,188,823
020150711,487,22,247,756
020150712,551,29,254,834
020150801,549,29,200,778
020150802,421,37,148,606
020150803,568,32,252,852
020150804,514,28,219,761
020150805,456,20,148,624
020150806,414,27,167,608
020150807,605,18,184,807
020150808,554,14,198,766
020150809,617,27,220,864
020150810,537,27,204,768
020150901,321,16,93,430
020150902,296,8,116,420
020150903,337,11,88,436
020150904,422,24,155,601
020150905,446,19,175,640
020150906,354,12,155,521
020150907,416,29,143,588
020150908,1335,55,365,1755
020151001,475,17,131,623
020151002,519,14,175,708
020151003,675,19,209,903
020151004,480,13,193,686
020151005,428,24,132,584
020151006,305,6,106,417
020151007,562,25,134,721
020151008,415,18,200,633
020151009,445,28,140,613
020151010,389,12,92,493
020151011,354,10,149,513
020151012,501,20,152,673
020151013,454,11,176,641
020151101,493,23,134,650
020151102,515,14,111,640
020151103,432,17,167,616
020151104,467,27,205,699
020151105,418,21,117,556
020151106,484,15,147,646
020151107,396,21,156,573
020151108,417,21,150,588
020151109,604,25,159,788
020151110,374,32,155,561
020151111,753,26,204,983
020151112,556,20,145,721
020151113,499,33,243,775
020151201,457,26,148,631
020151202,474,21,143,638
020151203,470,26,117,613
020151204,423,17,170,610
020151205,497,23,184,704
020151206,460,20,141,621
020151207,318,10,120,448
020151208,484,11,163,658
020151209,338,9,94,441
020151301,498,21,185,704
020151302,444,22,146,612
020151303,430,16,112,558
020151304,421,15,129,565
020151305,289,6,82,377
020151306,280,13,118,411
020151307,433,11,136,580
020151308,263,14,104,381
020151309,661,10,238,909
020151310,437,11,107,555
020151401,490,23,211,724
020151402,544,31,234,809
020151403,427,23,149,599
020151404,432,18,169,619
020151405,593,22,196,811
020151406,327,16,120,463
020151407,562,10,113,685
020151408,525,23,181,729
020151409,522,11,227,760
020151410,426,28,140,594
020151411,653,18,200,871
020151501,425,15,164,604
020151502,441,21,216,678
020151503,566,36,320,922
020151504,593,40,194,827
020151505,493,29,199,721
020151506,464,14,265,743
020151507,542,11,186,739
020151508,410,22,143,575
020151509,629,20,216,865
020151510,590,20,195,805
020151601,526,20,192,738
020151602,533,28,147,708
020151603,627,30,211,868
020151604,436,21,179,636
020151605,405,17,137,559
020151606,472,17,157,646
020151607,522,30,171,723
020151608,510,18,196,724
020151609,447,12,172,631
020151610,511,14,148,673
020151611,448,13,213,674
020151701,446,16,175,637
020151702,377,19,125,521
020151703,538,17,186,741
020151704,639,13,202,854
020151705,531,20,182,733
020151706,435,10,170,615
020151707,474,13,163,650
020151708,416,11,101,528
020151709,427,15,136,578
020151710,487,8,176,671
020151711,518,18,175,711
020151712,460,18,162,640
020151801,361,23,115,499
020151802,310,5,111,426
020151803,442,17,148,607
020151804,308,3,108,419
020151805,309,10,110,429
020151806,330,17,112,459
020151807,491,12,140,643
020151808,340,14,110,464
020151809,292,0,126,418
020151810,374,9,111,494
020151811,398,15,138,551
020151812,351,21,111,483
020151813,342,14,126,482
020151901,283,4,130,417
020151902,486,17,170,673
020151903,432,11,144,587
020151904,471,17,156,644
020151905,550,10,176,736
020151906,499,21,157,677
020151907,469,16,181,666
020151908,384,10,134,528
020151909,450,11,115,576
020151910,576,27,225,828
020151911,546,21,158,725
020152001,530,21,184,735
020152002,495,11,189,695
020152003,494,20,170,684
020152004,381,9,162,552
020152005,390,22,114,526
020152006,445,17,158,620
020152007,449,9,138,596
020152008,402,7,134,543
020152009,301,16,91,408
020152010,491,21,165,677
020152011,446,17,158,621
020152012,477,23,152,652
020152101,463,22,112,597
020152102,553,15,135,703
020152103,405,19,134,558
020152104,462,12,153,627
020152105,274,11,104,389
020152106,642,30,193,865
020152107,258,5,96,359
020152108,374,14,127,515
020152109,549,20,177,746
020152110,372,12,139,523
020152111,485,15,101,601
020152112,334,13,95,442
020152113,538,26,190,754
060280101,595,62,349,1006
060280102,593,41,262,896
060280103,593,49,266,908
060280104,491,40,211,742
060280105,295,20,167,482
060280106,436,42,217,695
060280107,579,42,241,862
060280108,749,85,397,1231
060280109,760,31,468,1259
060280110,366,31,163,560
060280111,631,56,321,1008
060280112,470,44,279,793
060280113,453,38,225,716
060280114,528,65,232,825
060280115,772,42,314,1128
060280201,813,60,358,1231
060280202,662,66,320,1048
060280203,771,55,377,1203
060280204,794,83,403,1280
060280205,482,65,262,809
060280206,575,48,303,926
060280207,490,63,308,861
060280208,545,57,292,894
060280301,823,50,396,1269
060280302,754,46,387,1187
060280303,866,72,471,1409
060280304,363,29,221,613
060280305,672,45,394,1111
060280306,393,24,129,546
060280307,638,61,262,961
060280308,882,101,487,1470
060280309,488,27,260,775
060280310,517,32,259,808
060280311,470,28,202,700
060280312,452,45,260,757
060280401,785,51,508,1344
060280402,634,58,315,1007
060280403,754,46,358,1158
060280404,564,74,268,906
060280405,589,50,346,985
060280406,606,38,495,1139
060280407,733,51,357,1141
060280408,771,53,334,1158
060280409,788,67,405,1260
060280410,592,67,390,1049
060280411,642,64,368,1074
060280412,829,49,456,1334
060280501,33,1,23,57
060280502,44,5,20,69
060280503,16,5,10,31
060280504,475,49,315,839
060280505,42,3,21,66
060280506,311,35,214,560
060280507,195,11,94,300
060280508,116,12,67,195
060280509,106,5,64,175
060280510,91,7,64,162
060280511,562,28,316,906
060280512,49,3,39,91
060280513,582,31,403,1016
060280601,652,26,307,985
060280602,1109,77,645,1831
060280603,734,44,423,1201
060280604,2005,180,1071,3256
060280605,880,99,540,1519
060280606,923,44,483,1450
060280607,742,57,312,1111
060280608,373,53,223,649
060280609,586,33,262,881
060280610,1744,127,896,2767
060280611,513,22,239,774
060280612,440,53,232,725
060280613,385,12,192,589
060280614,1408,80,634,2122
060280615,1865,151,900,2916
060280701,1074,84,619,1777
060280702,905,70,459,1434
060280703,1033,70,474,1577
060280704,655,67,396,1118
060280705,687,64,378,1129
060280706,728,63,366,1157
060280707,1237,83,518,1838
060280708,464,34,316,814
060280709,588,62,385,1035
060280710,585,42,259,886
060280711,783,65,362,1210
060280801,145,28,71,244
060280802,108,21,86,215
060280803,40,3,12,55
060280804,102,6,54,162
060280805,614,54,290,958
060280806,462,29,218,709
060280807,434,36,249,719
060280808,567,35,261,863
060280809,60,6,20,86
060280810,795,51,424,1270
060280811,730,29,402,1161
060280812,583,27,251,861
060280813,630,27,195,852
060280901,794,60,394,1248
060280902,627,40,316,983
060280903,563,28,245,836
060280904,897,86,476,1459
060280905,429,21,272,722
060280906,655,34,318,1007
060280907,638,30,251,919
060280908,600,43,344,987
060280909,856,58,342,1256
060281001,430,24,180,634
060281002,377,17,187,581
060281003,609,52,250,911
060281004,413,26,186,625
060281005,438,44,240,722
060281006,438,43,302,783
060281007,701,40,258,999
060281008,753,57,383,1193
060281009,436,52,284,772
060281010,548,35,283,866
060281011,545,50,272,867
060281012,540,53,262,855
060281013,932,79,466,1477
060281014,633,49,273,955
060281015,477,60,236,773
060281016,517,39,262,818
060281017,441,37,180,658
060281101,547,49,214,810
060281102,518,24,241,783
060281103,417,23,242,682
060281104,371,18,197,586
060281105,409,24,164,597
060281106,367,21,135,523
060281107,337,13,145,495
060281108,227,7,95,329
060281109,728,79,347,1154
060281110,727,45,409,1181
060281111,785,57,430,1272
060281112,418,44,218,680
060281113,400,18,168,586
060281201,606,35,357,998
060281202,514,18,256,788
060281203,657,36,302,995
060281204,469,16,250,735
060281205,473,18,229,720
060281206,264,2,100,366
060281207,399,14,179,592
060281208,502,19,194,715
060281209,539,23,269,831
060281210,707,53,368,1128
060281211,582,22,336,940
060281301,680,33,334,1047
060281302,358,27,191,576
060281303,443,37,213,693
060281304,771,66,457,1294
060281305,533,36,290,859
060281306,509,42,285,836
060281307,430,26,257,713
060281308,560,62,283,905
060281309,581,61,296,938
060281310,583,45,313,941
060281311,568,46,336,950
060281312,493,23,226,742
060281313,369,32,203,604
060281401,753,65,319,1137
060281402,557,65,227,849
060281403,764,61,448,1273
060281404,750,62,407,1219
060281405,672,44,371,1087
060281406,786,54,406,1246
060281407,817,43,424,1284
060281408,485,73,267,825
060281409,444,49,228,721
060281410,545,61,285,891
060281501,451,33,221,705
060281502,382,33,247,662
060281503,456,53,239,748
060281504,439,44,287,770
060281505,537,43,243,823
060281506,471,31,216,718
060281507,709,40,359,1108
060281508,405,20,198,623
060281509,921,63,417,1401
060281510,629,53,332,1014
060281511,377,30,163,570
060281512,459,54,265,778
060281601,470,60,190,720
060281602,548,35,288,871
060281603,985,103,424,1512
060281604,556,56,219,831
060281605,568,54,225,847
060281606,739,64,357,1160
060281607,415,40,178,633
060281608,478,54,187,719
060281701,437,41,150,628
060281702,571,84,204,859
060281703,314,12,144,470
060281704,401,45,233,679
060281705,440,51,207,698
060281706,807,53,333,1193
060281707,624,31,171,826
060281708,749,28,326,1103
060281709,485,24,213,722
060281801,723,42,348,1113
060281802,498,52,185,735
060281803,779,67,395,1241
060281804,432,30,195,657
060281805,407,36,212,655
060281806,830,67,437,1334
060281807,555,40,262,857
060281808,787,77,326,1190
060281809,524,52,257,833
060281810,544,36,303,883
060281811,364,22,196,582
060281901,631,65,273,969
060281902,565,44,238,847
060281903,673,75,320,1068
060281904,667,81,331,1079
060281905,258,32,116,406
060281906,141,6,73,220
060281907,386,22,157,565
060281908,553,43,284,880
060281909,710,78,318,1106
060281910,286,30,231,547
060281911,637,64,366,1067
060281912,560,40,287,887
060281913,299,34,133,466
060282001,658,46,336,1040
060282002,545,44,363,952
060282003,388,18,122,528
060282004,858,53,417,1328
060282005,698,64,288,1050
060282006,690,36,310,1036
060282007,433,51,232,716
060282008,544,53,289,886
060282009,541,35,240,816
060282010,522,49,304,875
060282011,453,29,277,759
060282012,333,13,165,511
060282013,671,61,310,1042
060282014,582,35,344,961
060282015,614,33,354,1001
060282101,341,20,164,525
060282102,396,20,204,620
060282103,631,59,350,1040
060282104,362,31,213,606
060282105,490,43,222,755
060282106,296,17,175,488
060282107,569,35,183,787
060282108,538,41,236,815
060282109,550,47,297,894
060282110,410,31,256,697
060282111,565,44,263,872
060282112,461,48,297,806
060282113,397,18,213,628
060282201,233,9,111,353
060282202,490,31,250,771
060282203,595,38,294,927
060282204,460,45,222,727
060282205,824,100,352,1276
060282206,740,63,331,1134
060282207,395,18,106,519
060282208,340,34,288,662
060282209,665,70,296,1031
060282210,880,81,423,1384
060282211,461,30,191,682
060282212,399,40,197,636
060282213,409,35,245,689
060282214,395,41,214,650
060282215,413,26,188,627
060282216,952,67,460,1479
060282217,384,18,166,568
060282218,373,30,197,600
060282301,734,41,352,1127
060282302,721,41,390,1152
060282303,410,27,217,654
060282304,557,38,291,886
060282305,343,36,216,595
060282306,469,17,272,758
060282307,507,20,243,770
060282308,324,13,169,506
060282309,430,35,250,715
060282310,433,17,212,662
060282311,404,16,200,620
060282312,303,44,200,547
060282313,323,22,164,509
060282401,610,21,346,977
060282402,759,48,319,1126
060282403,511,24,198,733
060282404,423,9,336,768
060282405,795,26,374,1195
060282406,531,28,258,817
060282407,644,28,269,941
060282408,489,15,257,761
060282409,496,30,272,798
060282501,416,12,210,638
060282502,493,18,250,761
060282503,167,3,132,302
060282504,193,4,102,299
060282505,507,20,273,800
060282506,610,56,256,922
060282507,328,21,128,477
060282508,286,13,114,413
060282509,330,10,123,463
060282510,562,42,324,928
060282511,634,29,282,945
060282512,478,22,203,703
060282513,433,19,267,719
060282601,237,12,131,380
060282602,198,10,116,324
060282603,433,41,268,742
060282604,326,21,187,534
060282605,330,22,197,549
060282606,360,32,194,586
060282607,270,27,155,452
060282608,262,11,130,403
060282609,447,24,243,714
060282610,286,29,153,468
060282611,240,16,133,389
060282612,237,21,94,352
060282701,306,9,215,530
060282702,514,28,215,757
060282703,652,44,349,1045
060282704,488,38,231,757
060282705,416,31,206,653
060282706,664,56,252,972
060282707,286,30,97,413
060282708,761,32,420,1213
060282709,238,9,69,316
060282710,227,10,110,347
060282711,366,31,174,571
060282712,446,26,247,719
060282713,515,37,259,811
060282801,538,45,309,892
060282802,423,36,203,662
060282803,617,69,316,1002
060282804,554,39,330,923
060282805,793,51,366,1210
060282806,925,80,471,1476
060282807,603,49,364,1016
060282808,431,26,223,680
060282809,626,47,334,1007
060282810,575,47,281,903
060282811,280,13,133,426
060282901,585,54,286,925
060282902,355,29,194,578
060282903,478,42,275,795
060282904,564,55,185,804
060282905,453,42,211,706
060282906,418,24,247,689
060282907,529,56,296,881
060282908,500,51,220,771
060282909,487,92,252,831
060282910,431,62,203,696
060282911,507,46,287,840
060282912,512,61,246,819
060282913,442,47,234,723
060283001,434,42,190,666
060283002,431,39,180,650
060283003,387,21,204,612
060283004,563,51,257,871
060283005,522,22,204,748
060283006,460,43,258,761
060283007,596,53,308,957
060283008,871,56,400,1327
060283009,540,65,279,884
060283010,667,52,316,1035
060283011,525,36,242,803
060283012,437,36,219,692
060283013,423,34,211,668
060283014,512,52,286,850
060283015,567,45,226,838
060283016,487,43,251,781
060283017,25,0,5,30
060283101,452,8,234,694
060283102,391,10,181,582
060283103,450,28,214,692
060283104,291,20,142,453
060283105,401,23,183,607
060283106,614,38,370,1022
060283107,596,58,320,974
060283108,345,48,229,622
060283109,530,50,209,789
060283110,677,29,396,1102
060283111,551,55,288,894
060283112,462,44,241,747
060283201,443,32,227,702
060283202,413,37,162,612
060283203,530,28,288,846
060283204,424,22,221,667
060283205,347,19,196,562
060283206,430,17,174,621
060283207,473,29,291,793
060283208,611,60,319,990
060283209,721,39,371,1131
060283301,983,68,381,1432
060283302,765,20,320,1105
060283303,402,43,185,630
060283304,432,26,177,635
060283305,411,26,146,583
060283306,1,0,1,2
060283307,682,78,336,1096
060283308,705,55,275,1035
060283309,556,39,314,909
060283310,477,13,203,693
060283311,595,42,284,921
060283312,598,42,291,931
060283313,671,58,370,1099
060283314,820,63,384,1267
060283401,476,44,232,752
060283402,625,36,363,1024
060283403,661,64,320,1045
060283404,627,42,300,969
060283405,512,35,213,760
060283406,604,46,303,953
060283407,399,27,142,568
060283408,474,7,271,752
060283409,594,48,341,983
060283410,524,34,313,871
060283411,501,29,255,785
060283412,574,32,336,942
060283501,656,44,295,995
060283502,594,52,348,994
060283503,556,45,371,972
060283504,509,52,281,842
060283505,792,120,416,1328
060283506,670,67,298,1035
060283507,789,59,358,1206
060283508,509,43,262,814
060283509,743,77,365,1185
060283601,327,13,158,498
060283602,283,12,93,388
060283603,432,36,126,594
060283604,679,48,358,1085
060283605,752,46,352,1150
060283606,665,36,394,1095
060283607,707,48,385,1140
060283608,393,25,230,648
060283609,449,54,200,703
060283610,521,39,298,858
060283611,510,30,288,828
060283612,637,43,237,917
060283613,515,54,151,720
060283614,736,38,373,1147
060283615,812,47,412,1271
060283701,548,30,301,879
060283702,412,33,255,700
060283703,447,34,247,728
060283704,515,21,294,830
060283705,677,54,254,985
060283706,680,50,360,1090
060283707,382,46,236,664
060283708,405,31,183,619
060283709,430,39,234,703
060283710,551,61,312,924
060283711,615,51,300,966
060283712,638,60,415,1113
060283713,507,21,270,798
060283714,440,28,288,756
060283801,927,82,380,1389
060283802,574,54,280,908
060283803,555,39,388,982
060283804,675,38,417,1130
060283805,596,33,297,926
060283806,478,37,198,713
060283807,361,21,178,560
060283808,613,38,278,929
060283809,482,21,249,752
060283810,467,34,226,727
060283811,428,32,208,668
060283812,478,27,275,780
060283901,549,72,328,949
060283902,646,58,405,1109
060283903,530,51,300,881
060283904,633,44,316,993
060283905,576,42,260,878
060283906,408,20,185,613
060283907,543,26,150,719
060283908,433,22,249,704
060283909,848,65,367,1280
060283910,803,55,331,1189
060283911,634,58,315,1007
060283912,680,66,299,1045
060283913,861,95,402,1358
060283914,379,41,183,603
060283915,444,45,239,728
060350101,1144,67,541,1752
060350102,708,63,375,1146
060350103,375,21,200,596
060350104,327,39,192,558
060350105,254,12,98,364
060350106,361,24,153,538
060350107,403,21,158,582
060350108,256,13,109,378
060350109,223,21,100,344
060350110,504,37,256,797
060350111,430,28,192,650
060350201,484,29,199,712
060350202,484,45,234,763
060350203,532,30,203,765
060350301,512,33,240,785
060350302,555,63,311,929
060350303,497,38,196,731
060350304,566,41,234,841
060350305,441,20,156,617
060350306,592,36,269,897
060350307,541,40,184,765
060350308,465,30,191,686
060350309,302,26,133,461
060350310,363,35,165,563
060350311,548,17,272,837
060350312,373,26,238,637
060350313,539,29,276,844
060350314,424,25,223,672
060350315,540,27,215,782
060350401,668,37,307,1012
060350402,443,16,250,709
060350403,567,39,205,811
060350404,697,66,267,1030
060350405,581,56,308,945
060350406,544,42,252,838
060350407,564,57,245,866
060350408,434,26,223,683
060350409,736,40,344,1120
060350410,375,24,205,604
060350411,693,45,396,1134
060350412,440,28,233,701
060350413,478,30,287,795
060350414,414,32,155,601
060350415,388,13,124,525
060350501,285,20,168,473
060350502,696,24,260,980
060350503,463,16,112,591
060350504,567,45,312,924
060350505,1506,123,583,2212
060350506,827,84,340,1251
060350507,759,35,329,1123
060350508,509,21,288,818
060350509,453,31,250,734
060350510,461,23,235,719
060350511,385,20,244,649
060350512,398,31,211,640
060350601,548,36,283,867
060350602,572,28,313,913
060350603,502,27,235,764
060350604,413,26,223,662
060350605,427,23,256,706
060350606,479,38,247,764
060350607,338,22,141,501
060350608,490,39,221,750
060350609,593,67,236,896
060350610,526,42,177,745
060350611,387,34,172,593
060350612,453,24,261,738
060350701,367,28,179,574
060350702,573,42,271,886
060350703,428,43,226,697
060350704,415,19,246,680
060350705,410,34,228,672
060350706,549,29,305,883
060350707,295,23,158,476
060350708,178,5,97,280
060350709,176,12,85,273
060350710,209,14,101,324
060350711,291,16,131,438
060350712,168,8,70,246
060350801,444,21,271,736
060350802,313,30,185,528
060350803,535,40,287,862
060350804,444,46,313,803
060350805,184,21,121,326
060350806,354,31,187,572
060350807,379,19,132,530
060350808,297,13,196,506
060350809,424,35,175,634
060350810,311,21,111,443
060350811,393,20,194,607
060350812,1604,125,909,2638
060350813,585,28,247,860
060350814,318,23,191,532
060350815,894,53,332,1279
060350901,369,38,134,541
060350902,283,30,147,460
060350903,302,9,86,397
060350904,1094,62,630,1786
060350905,328,72,151,551
060350906,294,26,174,494
060350907,381,62,213,656
060350908,493,32,277,802
060350909,258,15,158,431
060350910,609,40,342,991
060350911,463,65,309,837
060350912,352,14,112,478
060350913,451,36,177,664
060350914,378,29,204,611
060351001,374,26,152,552
060351002,1357,55,283,1695
060351003,459,34,187,680
060351004,463,50,216,729
060351005,289,11,126,426
060351006,416,25,197,638
060351007,476,25,210,711
060351008,295,8,105,408
060351009,178,6,88,272
060351010,461,8,148,617
060351011,392,14,142,548
060351012,398,11,160,569
060351101,309,20,100,429
060351102,442,20,134,596
060351103,265,22,120,407
060351104,455,19,182,656
060351105,747,32,377,1156
060351106,475,36,236,747
060351107,162,9,95,266
060351108,521,18,195,734
060351109,328,9,154,491
060351110,481,12,231,724
060351201,386,16,169,571
060351202,430,17,275,722
060351203,223,12,108,343
060351204,207,12,81,300
060351205,405,31,247,683
060351206,308,17,114,439
060351207,212,3,80,295
060351208,478,18,183,679
060351209,163,4,41,208
060351210,488,13,208,709
060351211,481,15,182,678
060351212,320,10,143,473
060351301,536,39,194,769
060351302,496,25,221,742
060351303,404,26,186,616
060351304,445,16,141,602
060351305,367,32,189,588
060351306,371,14,137,522
060351307,323,30,186,539
060351308,384,29,162,575
060351309,258,11,132,401
060351310,361,16,152,529
060351401,379,10,185,574
060351402,287,10,182,479
060351403,538,29,214,781
060351404,466,22,212,700
060351405,366,22,160,548
060351406,327,14,142,483
060351407,297,11,127,435
060351408,469,21,226,716
060351409,388,17,180,585
060351410,453,28,223,704
060351411,250,17,117,384
060351412,381,14,147,542
060351413,320,26,136,482
060351501,380,34,202,616
060351502,421,40,236,697
060351503,449,27,267,743
060351504,470,20,147,637
060351505,517,21,217,755
060351506,716,48,420,1184
060351507,427,24,237,688
060351508,456,26,253,735
060351509,387,27,208,622
060351510,345,26,179,550
060351511,401,17,177,595
060351512,348,21,174,543
060351601,258,18,122,398
060351602,507,20,251,778
060351603,417,34,268,719
060351604,201,19,103,323
060351605,398,29,206,633
060351606,427,32,218,677
060351607,287,30,151,468
060351608,548,46,248,842
060351609,478,39,233,750
060351610,490,29,279,798
060351611,348,20,232,600
060351701,397,27,239,663
060351702,403,20,216,639
060351703,460,33,228,721
060351704,467,19,248,734
060351705,528,31,333,892
060351706,353,42,219,614
060351707,450,24,249,723
060351708,384,30,228,642
060351709,343,31,258,632
060351710,508,26,321,855
060351711,320,22,215,557
060351801,449,25,188,662
060351802,488,26,247,761
060351803,425,31,197,653
060351804,363,25,237,625
060351805,417,33,185,635
060351806,449,23,263,735
060351807,370,12,169,551
060351808,339,13,193,545
060351809,417,20,265,702
060351810,328,43,211,582
060351811,391,43,306,740
060351901,428,29,254,711
060351902,534,21,253,808
060351903,448,24,259,731
060351904,385,34,216,635
060351905,473,26,248,747
060351906,445,32,302,779
060351907,423,22,231,676
060351908,392,26,258,676
060351909,472,33,221,726
060351910,583,58,342,983
060351911,566,33,279,878
060352001,515,24,276,815
060352002,503,19,367,889
060352003,635,28,268,931
060352004,367,27,197,591
060352005,445,22,241,708
060352006,453,29,246,728
060352007,493,32,303,828
060352008,476,34,295,805
060352009,402,29,280,711
060352010,469,40,265,774
060352011,403,34,253,690
060352101,637,35,274,946
060352102,576,29,264,869
060352103,326,18,143,487
060352104,271,12,146,429
060352105,241,8,84,333
060352106,247,16,145,408
060352107,340,12,171,523
060352108,312,10,167,489
060352109,383,25,160,568
060352110,424,30,196,650
060352201,661,36,346,1043
060352202,378,22,162,562
060352203,265,20,107,392
060352204,255,10,109,374
060352205,295,14,109,418
060352206,387,27,195,609
060352207,369,5,197,571
060352208,223,13,185,421
060352209,321,11,158,490
060352210,415,17,221,653
060352211,278,7,125,410
060352212,67,5,35,107
060352301,258,10,135,403
060352302,223,12,156,391
060352303,346,21,174,541
060352304,186,10,102,298
060352305,529,33,287,849
060352306,580,32,236,848
060352307,598,35,237,870
060352308,411,38,192,641
060352309,421,29,215,665
060352310,499,26,257,782
060352311,487,42,286,815
060352312,656,51,292,999
060352401,491,31,284,806
060352402,469,33,273,775
060352403,619,67,332,1018
060352404,494,62,280,836
060352405,349,17,244,610
060352406,457,24,287,768
060352407,452,34,289,775
060352408,552,38,279,869
060352409,544,60,283,887
060352410,526,42,298,866
060352411,702,51,323,1076
060352501,308,36,186,530
060352502,409,28,267,704
060352503,685,62,403,1150
060352504,404,26,217,647
060352505,518,46,278,842
060352506,497,43,284,824
060352507,436,28,226,690
060352508,440,28,314,782
060352509,466,50,246,762
060352510,904,72,522,1498
060352511,571,29,406,1006
060352601,679,60,356,1095
060352602,754,79,321,1154
060352603,361,26,195,582
060352604,107,30,92,229
060352605,942,77,533,1552
060352606,382,41,217,640
060352607,484,54,234,772
060352608,403,21,217,641
060352609,560,27,293,880
060352610,865,93,436,1394
060352611,688,66,436,1190
060352612,382,23,172,577
060352613,378,34,179,591
060352614,418,29,231,678
060352615,556,35,221,812
060352701,122,8,44,174
060352702,396,44,231,671
060352703,424,34,211,669
060352704,1005,66,540,1611
060352705,381,40,202,623
060352706,781,87,411,1279
060352707,733,64,249,1046
060352708,211,26,85,322
060352709,488,20,259,767
060352710,469,45,233,747
060352711,760,51,366,1177
060352712,687,66,331,1084
060352713,360,15,181,556
060352714,508,50,235,793
060352801,560,38,285,883
060352802,515,53,282,850
060352803,442,20,290,752
060352804,383,19,214,616
060352805,469,36,231,736
060352806,480,47,250,777
060352807,390,38,214,642
060352808,502,26,274,802
060352901,311,18,219,548
060352902,468,15,264,747
060352903,496,38,308,842
060352904,443,17,227,687
060352905,364,31,235,630
060352906,411,25,256,692
060352907,349,20,261,630
060352908,425,26,188,639
060352909,281,25,197,503
060353001,519,58,249,826
060353002,501,45,297,843
060353003,456,38,233,727
060353004,594,66,256,916
060353005,401,21,214,636
060353006,447,38,279,764
060353007,521,46,281,848
060353008,493,9,342,844
060353009,418,35,243,696
060353010,455,26,213,694
060353101,221,17,132,370
060353102,234,8,147,389
060353103,400,8,220,628
060353104,576,28,198,802
060353105,580,46,314,940
060353106,273,27,167,467
060353107,226,13,130,369
060353108,374,20,206,600
060353109,333,23,154,510
060353201,529,29,289,847
060353202,390,25,190,605
060353203,471,28,261,760
060353204,449,22,242,713
060353205,323,24,186,533
060353206,488,28,230,746
060353207,535,23,268,826
060353208,432,18,224,674
060353301,513,32,231,776
060353302,485,18,189,692
060353303,648,36,262,946
060353304,425,19,257,701
060353305,242,20,160,422
060353306,461,21,189,671
060353307,463,28,180,671
060353308,383,27,196,606
060353401,412,33,160,605
060353402,383,15,189,587
060353403,291,8,193,492
060353404,370,28,164,562
060353405,389,35,182,606
060353406,539,19,265,823
060353407,322,18,151,491
060353408,435,24,183,642
060353409,401,23,168,592
060353501,592,26,248,866
060353502,437,37,257,731
060353503,372,30,242,644
060353504,388,24,247,659
060353505,800,34,383,1217
060353506,371,31,213,615
060353507,369,22,202,593
060353508,363,23,208,594
060910101,746,46,327,1119
060910102,744,80,324,1148
060910103,302,35,185,522
060910104,352,25,179,556
060910105,375,21,189,585
060910106,373,26,160,559
060910107,606,43,328,977
060910108,506,35,244,785
060910109,695,56,353,1104
060910110,535,53,167,755
060910201,580,47,299,926
060910202,469,25,285,779
060910203,304,13,173,490
060910204,384,13,282,679
060910205,347,14,228,589
060910206,303,10,159,472
060910207,289,28,197,514
060910208,530,38,291,859
060910209,670,81,362,1113
060910301,588,22,250,860
060910302,745,60,342,1147
060910303,323,23,157,503
060910304,495,39,286,820
060910305,367,40,209,616
060910306,671,62,346,1079
060910307,689,50,302,1041
060910308,416,35,187,638
060910309,611,46,317,974
060910310,535,30,354,919
060910311,411,20,224,655
060910312,229,8,125,362
060910313,264,13,151,428
060910401,704,56,338,1098
060910402,598,57,320,975
060910403,711,53,433,1197
060910404,828,128,430,1386
060910405,724,58,402,1184
060910406,618,61,463,1142
060910407,625,100,380,1105
060910408,309,25,212,546
060910409,907,85,485,1477
060910410,880,72,537,1489
060910411,671,85,332,1088
060910412,654,75,307,1036
060910501,876,104,393,1373
060910502,569,32,339,940
060910503,772,58,386,1216
060910504,447,25,190,662
060910505,576,32,342,950
060910506,417,29,199,645
060910507,533,28,239,800
060910508,436,21,152,609
060910509,301,14,115,430
060910510,63,1,6,70
060910601,580,37,271,888
060910602,454,55,267,776
060910603,384,27,226,637
060910604,427,25,197,649
060910605,382,26,188,596
060910606,543,24,301,868
060910607,665,87,357,1109
060910608,806,146,389,1341
060910609,641,39,395,1075
060910610,658,55,302,1015
060910611,585,71,230,886
060910701,616,65,321,1002
060910702,515,47,287,849
060910703,356,48,218,622
060910704,514,52,259,825
060910705,447,35,220,702
060910706,434,21,311,766
060910707,674,52,429,1155
060910708,645,79,307,1031
060910709,552,61,264,877
060910710,635,42,346,1023
060910801,395,26,214,635
060910802,286,25,202,513
060910803,384,46,254,684
060910804,535,37,269,841
060910805,433,41,160,634
060910806,483,49,253,785
060910807,673,67,397,1137
060910808,759,68,417,1244
060910809,603,45,400,1048
060910810,575,46,309,930
060910901,310,22,186,518
060910902,603,31,373,1007
060910903,671,50,345,1066
060910904,640,77,345,1062
060910905,323,21,161,505
060910906,538,41,261,840
060910907,687,32,345,1064
060910908,318,37,188,543
060911001,569,28,252,849
060911002,347,22,145,514
060911003,746,44,361,1151
060911004,388,25,168,581
060911005,660,44,371,1075
060911006,694,76,433,1203
060911007,476,45,283,804
060911008,444,34,272,750
060911009,511,13,178,702
060911010,886,83,449,1418
060911011,699,94,352,1145
060911101,673,62,327,1062
060911102,723,75,320,1118
060911103,304,27,170,501
060911104,320,9,165,494
060911105,584,20,196,800
060911106,488,29,254,771
060911107,594,45,324,963
060911108,629,58,415,1102
060911109,626,47,394,1067
060911201,635,31,323,989
060911202,715,67,407,1189
060911203,637,40,274,951
060911204,605,43,314,962
060911205,564,45,260,869
060911206,784,47,446,1277
060911207,433,41,256,730
060911208,821,65,417,1303
060911301,652,51,316,1019
060911302,628,60,254,942
060911303,570,72,258,900
060911304,637,67,340,1044
060911305,769,76,347,1192
060911306,660,35,281,976
060911307,463,31,314,808
060911308,521,100,279,900
060911309,754,59,409,1222
060911310,700,50,330,1080
060911311,442,59,243,744
060911312,483,24,203,710
060911401,1007,118,329,1454
060911402,622,84,381,1087
060911403,460,30,289,779
060911404,588,44,277,909
060911405,651,54,303,1008
060911406,617,74,315,1006
060911407,741,35,329,1105
060911408,590,60,371,1021
060911409,432,31,245,708
060911410,931,95,431,1457
060911411,691,80,434,1205
060911412,475,39,282,796
060911413,510,56,271,837
060911501,430,30,206,666
060911502,377,38,274,689
060911503,479,31,262,772
060911504,708,52,342,1102
060911505,503,40,234,777
060911506,519,29,241,789
060911507,376,34,237,647
060911508,529,55,309,893
060911509,344,26,211,581
060911510,500,25,257,782
060911511,715,41,378,1134
060911512,494,23,196,713
060911513,415,38,180,633
060911601,623,56,327,1006
060911602,738,55,347,1140
060911603,410,52,232,694
060911604,705,68,379,1152
060911605,705,88,405,1198
060911606,487,36,199,722
060911607,279,30,146,455
060911608,489,37,191,717
060911609,458,38,183,679
060911610,452,38,294,784
060911611,807,114,475,1396
060911612,426,15,189,630
060911613,741,88,305,1134
060911614,584,90,325,999
060911701,483,45,227,755
060911702,678,79,383,1140
060911703,794,63,413,1270
060911704,424,59,211,694
060911705,618,35,357,1010
060911706,650,31,298,979
060911707,656,49,370,1075
060911708,485,41,187,713
060911709,662,51,325,1038
060911710,694,54,275,1023
060911711,574,25,376,975
060911712,562,41,369,972
060911713,423,54,213,690
060911714,765,101,380,1246
060911801,406,45,192,643
060911802,367,30,227,624
060911803,908,108,486,1502
060911804,626,67,405,1098
060911805,657,57,292,1006
060911806,672,78,388,1138
060911807,712,44,341,1097
060911808,559,25,287,871
060911809,379,23,227,629
060911810,346,21,225,592
060911811,745,72,419,1236
060911812,711,48,313,1072
060911901,370,18,179,567
060911902,825,34,231,1090
060911903,563,70,228,861
060911904,606,81,345,1032
060911905,331,31,163,525
060911906,353,6,123,482
060911907,356,23,205,584
060911908,608,61,296,965
060911909,360,13,175,548
060911910,493,39,273,805
060911911,442,37,274,753
060911912,695,43,293,1031
060912001,596,57,255,908
060912002,666,38,262,966
060912003,302,13,94,409
060912004,309,46,222,577
060912005,672,68,376,1116
060912006,319,51,216,586
060912007,604,25,223,852
060912008,328,15,180,523
060912009,441,22,124,587
060912010,548,44,244,836
060912011,637,32,241,910
060912012,371,51,138,560
060912013,336,40,214,590
060912101,462,43,248,753
060912102,480,29,227,736
060912103,443,37,267,747
060912104,359,24,229,612
060912105,356,17,210,583
060912106,462,56,209,727
060912107,592,51,330,973
060912108,399,47,195,641
060912109,399,20,231,650
060912110,402,33,292,727
060912111,631,42,306,979
060912112,708,78,374,1160
060912113,534,49,264,847
060912114,554,54,266,874
060912115,448,44,236,728
060912116,569,60,265,894
060912117,785,64,299,1148
060912201,595,52,334,981
060912202,498,29,225,752
060912203,665,45,310,1020
060912204,604,40,295,939
060912205,501,4,207,712
060912206,707,66,372,1145
060912207,557,44,242,843
060912208,438,40,192,670
060912209,367,34,166,567
060912210,808,81,364,1253
060912211,250,4,57,311
060912212,224,3,59,286
060912213,436,10,249,695
060912214,334,10,101,445
060912215,673,57,346,1076
060912216,730,77,293,1100
060912217,378,3,81,462
060912301,472,34,203,709
060912302,533,29,252,814
060912303,440,22,169,631
060912304,645,50,330,1025
060912305,346,35,176,557
060912306,658,33,311,1002
060912307,331,25,198,554
060912308,376,23,216,615
060912309,308,13,150,471
060912310,744,112,391,1247
060912311,546,64,264,874
060912312,344,25,129,498
060912313,322,13,108,443
060912314,141,8,27,176
060912315,488,3,110,601
060912316,172,11,91,274
060912317,248,5,127,380
060912318,114,9,26,149
060912319,135,4,56,195
060912401,315,19,158,492
060912402,363,34,141,538
060912403,450,36,236,722
060912404,595,28,362,985
060912405,439,51,283,773
060912406,476,33,180,689
060912407,239,15,103,357
060912408,203,12,93,308
060912409,170,7,63,240
060912410,415,37,98,550
060912411,445,31,142,618
060912412,319,12,110,441
060912413,372,5,73,450
062600101,830,73,311,1214
062600102,681,19,238,938
062600103,515,23,208,746
062600104,382,27,124,533
062600105,471,24,142,637
062600106,952,58,370,1380
062600107,636,50,277,963
062600108,764,65,360,1189
062600109,623,42,312,977
062600110,775,66,369,1210
062600111,499,19,165,683
062600112,731,50,260,1041
062600113,436,31,213,680
062600114,578,60,286,924
062600115,529,60,224,813
062600116,547,37,249,833
062600117,832,53,362,1247
062600118,255,30,186,471
062600119,742,62,352,1156
062600201,1044,108,426,1578
062600202,901,81,420,1402
062600203,891,65,365,1321
062600204,759,80,266,1105
062600205,827,67,512,1406
062600206,566,25,234,825
062600207,737,35,279,1051
062600208,132,4,53,189
062600209,886,75,314,1275
062600210,631,59,368,1058
062600211,778,51,269,1098
062600212,652,52,289,993
062600213,607,36,291,934
062600214,668,63,293,1024
062600215,789,49,364,1202
062600216,685,49,288,1022
062600301,1153,64,298,1515
062600302,481,36,222,739
062600303,596,72,277,945
062600304,857,126,345,1328
062600305,714,74,348,1136
062600306,519,53,248,820
062600307,575,99,300,974
062600308,577,37,189,803
062600309,402,32,130,564
062600310,794,53,299,1146
062600311,739,79,327,1145
062600312,798,73,303,1174
062600313,758,66,278,1102
062600314,448,42,235,725
062600315,478,40,217,735
062600316,805,70,327,1202
062600317,739,63,261,1063
062600318,604,53,303,960
062600319,537,63,278,878
062600401,508,39,190,737
062600402,638,79,320,1037
062600403,547,72,306,925
062600404,573,82,258,913
062600405,544,56,221,821
062600406,560,53,304,917
062600407,525,37,241,803
062600408,589,53,298,940
062600409,515,48,298,861
062600410,345,38,200,583
062600411,396,21,174,591
062600412,590,47,236,873
062600501,581,48,294,923
062600502,537,51,280,868
062600503,413,45,193,651
062600504,581,70,320,971
062600505,652,55,361,1068
062600506,745,71,384,1200
062600507,542,43,289,874
062600508,301,15,137,453
062600509,678,53,311,1042
062600510,477,49,260,786
062600511,738,63,347,1148
062600512,586,39,243,868
062600513,691,59,278,1028
062600514,681,22,325,1028
062600515,581,58,282,921
062600516,439,35,187,661
062600517,489,31,206,726
062600601,667,61,331,1059
062600602,490,24,240,754
062600603,498,46,237,781
062600604,645,58,359,1062
062600605,618,47,342,1007
062600606,363,22,167,552
062600607,436,47,200,683
062600608,383,32,202,617
062600609,380,14,217,611
062600610,291,16,175,482
062600611,358,35,167,560
062600612,543,20,258,821
062600613,545,41,275,861
062600614,492,33,289,814
062600615,450,27,247,724
062600616,587,32,332,951
062600701,805,47,329,1181
062600702,608,27,257,892
062600703,636,28,311,975
062600704,551,18,219,788
062600705,403,42,210,655
062600706,521,45,280,846
062600707,575,49,268,892
062600708,473,28,150,651
062600709,435,43,255,733
062600710,722,26,313,1061
062600711,493,41,271,805
062600712,434,13,247,694
062600713,476,22,211,709
062600801,580,83,286,949
062600802,736,61,382,1179
062600803,641,42,238,921
062600804,733,110,378,1221
062600805,489,53,225,767
062600806,579,46,301,926
062600807,462,53,266,781
062600808,585,52,340,977
062600809,548,32,318,898
062600810,469,23,184,676
062600811,746,41,299,1086
062600812,735,94,354,1183
062600813,770,69,360,1199
062600814,448,52,296,796
062600901,544,45,346,935
062600902,613,43,269,925
062600903,940,74,384,1398
062600904,775,100,437,1312
062600905,601,55,209,865
062600906,141,20,100,261
062600907,713,57,314,1084
062600908,783,85,359,1227
062600909,457,12,198,667
062600910,666,51,290,1007
062600911,750,48,367,1165
062600912,531,46,240,817
062600913,721,81,341,1143
062600914,495,61,238,794
062601001,546,57,292,895
062601002,444,51,260,755
062601003,549,45,338,932
062601004,497,30,235,762
062601005,213,16,83,312
062601006,1923,121,715,2759
062601007,617,59,355,1031
062601008,550,46,304,900
062601009,431,41,184,656
062601010,500,37,135,672
062601011,574,45,302,921
062601012,495,24,261,780
062601013,719,82,358,1159
062601014,452,47,259,758
062601015,218,16,100,334
062601101,171,8,63,242
062601102,280,6,95,381
062601103,551,17,238,806
062601104,499,27,260,786
062601105,442,23,241,706
062601106,284,12,146,442
062601107,628,33,309,970
062601108,563,26,315,904
062601109,570,21,312,903
062601110,622,48,325,995
062601201,430,17,218,665
062601202,308,23,102,433
062601203,250,9,116,375
062601204,445,28,262,735
062601205,671,35,282,988
062601206,557,25,303,885
062601207,359,27,157,543
062601208,503,21,243,767
062601209,440,21,232,693
062601210,363,16,166,545
062601211,471,35,217,723
062601212,572,47,298,917
062601301,416,18,209,643
062601302,729,54,338,1121
062601303,548,30,289,867
062601304,517,34,273,824
062601305,705,38,355,1098
062601306,525,35,297,857
062601307,587,40,298,925
062601308,544,31,330,905
062601309,529,36,285,850
062601310,293,15,187,495
062601311,359,16,160,535
062601312,225,6,103,334
062601313,322,11,153,486
062601314,232,2,140,374
062601401,628,42,328,998
062601402,431,35,265,731
062601403,454,30,236,720
062601404,357,21,174,552
062601405,574,42,321,937
062601406,696,37,348,1081
062601407,435,30,233,698
062601408,665,38,279,982
062601409,630,40,336,1006
062601410,651,49,336,1036
062601411,559,54,294,907
062601412,324,17,263,604
062601413,459,46,290,795
062601501,799,44,387,1230
062601502,591,52,277,920
062601503,363,9,163,535
062601504,405,44,232,681
062601505,616,48,249,913
062601506,543,55,244,842
062601507,529,34,217,780
062601508,475,42,237,754
062601509,654,66,333,1053
062601510,872,46,382,1300
062601511,779,76,375,1230
062601512,462,35,262,759
062601513,601,44,297,942
062601514,503,49,157,709
062601515,581,50,205,836
062601516,583,57,281,921
062601517,812,75,469,1356
062601518,795,66,349,1210
062601519,520,65,253,838
062601601,698,54,346,1098
062601602,505,35,287,827
062601603,695,52,349,1096
062601604,504,52,218,774
062601605,624,46,296,966
062601606,608,65,322,995
062601607,703,59,288,1050
062601608,232,21,82,335
062601609,539,45,266,850
062601610,534,50,192,776
062601611,541,57,211,809
062601612,585,50,298,933
062601613,491,35,321,847
062601614,852,62,380,1294
062601615,790,47,357,1194
062601616,625,41,275,941
062601617,727,63,345,1135
062601701,833,53,226,1112
062601702,28,2,16,46
062601703,1676,153,431,2260
062601704,439,27,227,693
062601705,111,1,32,144
062601706,789,41,282,1112
062601707,107,3,38,148
062601708,359,12,147,518
062601709,154,4,49,207
062601710,182,3,71,256
062601711,161,2,45,208
062601712,219,5,66,290
062601713,1224,27,412,1663
062601714,92,3,34,129
062700101,336,6,94,436
062700102,344,5,112,461
062700103,211,16,87,314
062700104,599,38,231,868
062700105,236,8,154,398
062700106,269,17,106,392
062700201,895,88,411,1394
062700202,425,39,205,669
062700203,450,18,262,730
062700204,505,40,244,789
062700205,488,32,211,731
062700206,748,49,359,1156
062700207,649,76,355,1080
062700208,839,67,409,1315
062700209,889,63,322,1274
062700210,728,70,362,1160
062700211,823,57,334,1214
062700212,752,68,318,1138
062700213,458,41,225,724
062700214,489,29,221,739
062700215,469,31,173,673
062700216,595,59,281,935
062700217,692,60,333,1085
062700301,413,32,184,629
062700302,483,34,188,705
062700303,771,90,347,1208
062700304,940,73,428,1441
062700305,791,61,324,1176
062700306,682,41,316,1039
062700307,480,40,194,714
062700308,656,48,322,1026
062700309,704,69,324,1097
062700310,713,60,243,1016
062700311,559,45,289,893
062700312,727,49,367,1143
062700313,437,28,216,681
062700314,468,24,226,718
062700315,382,20,177,579
062700316,433,26,190,649
062700401,297,23,126,446
062700402,458,24,187,669
062700403,595,27,203,825
062700404,666,48,241,955
062700405,672,43,316,1031
062700406,841,31,401,1273
062700407,623,15,205,843
062700408,276,17,130,423
062700409,655,36,319,1010
062700410,593,56,281,930
062700411,870,50,388,1308
062700412,608,39,325,972
062700413,657,26,257,940
062700414,610,32,288,930
062700501,475,21,199,695
062700502,408,17,156,581
062700503,460,19,302,781
062700504,878,80,367,1325
062700505,710,47,301,1058
062700506,723,35,309,1067
062700507,627,47,296,970
062700508,764,50,353,1167
062700509,19,0,11,30
062700510,773,36,310,1119
062700511,389,19,159,567
062700512,404,21,138,563
062700601,503,32,217,752
062700602,342,8,90,440
062700603,176,4,69,249
062700604,283,9,68,360
062700605,619,29,219,867
062700606,700,60,267,1027
062700607,714,42,259,1015
062700608,718,36,267,1021
062700609,611,41,216,868
062700610,949,62,351,1362
062700611,715,52,252,1019
062700612,202,11,77,290
062700613,196,10,59,265
062700614,384,23,190,597
062700615,347,17,128,492
062700616,553,46,264,863
062700617,781,59,316,1156
062700701,468,29,163,660
062700702,340,34,208,582
062700703,561,35,251,847
062700704,315,15,148,478
062700705,596,52,242,890
062700706,423,39,228,690
062700707,756,55,314,1125
062700708,395,12,182,589
062700709,324,29,157,510
062700710,365,19,158,542
062700711,641,58,274,973
062700712,773,90,388,1251
062700713,482,33,199,714
062700714,575,49,236,860
062700715,465,48,198,711
062700716,593,78,205,876
062700717,610,63,300,973
062700718,842,90,382,1314
062700719,664,81,305,1050
062700801,136,4,30,170
062700802,77,1,16,94
062700803,122,6,38,166
062700804,29,1,7,37
062700805,80,5,29,114
062700806,53,1,16,70
062700807,120,13,42,175
062700808,676,48,275,999
062700809,470,40,192,702
062700810,457,44,176,677
062700811,548,50,270,868
062700812,52,0,9,61
062700813,106,7,36,149
062700814,180,19,81,280
062700815,282,17,99,398
062700816,337,34,125,496
062700817,64,0,27,91
062700901,1059,76,580,1715
062700902,628,83,302,1013
062700903,497,55,237,789
062700904,447,42,243,732
062700905,494,54,285,833
062700906,561,85,334,980
062700907,403,20,200,623
062700908,354,38,182,574
062700909,635,46,375,1056
062700910,630,59,279,968
062700911,401,20,196,617
062700912,479,31,225,735
062700913,499,46,260,805
062701001,692,27,254,973
062701002,1000,55,487,1542
062701003,1062,91,473,1626
062701004,807,91,391,1289
062701005,633,51,350,1034
062701006,644,52,284,980
062701007,711,43,291,1045
062701008,642,73,237,952
062701009,675,43,241,959
062701010,546,71,238,855
062701101,642,50,220,912
062701102,21,0,5,26
062701103,39,1,4,44
062701104,185,12,59,256
062701105,17,0,12,29
062740101,607,43,312,962
062740102,587,29,240,856
062740103,336,30,187,553
062740104,329,22,174,525
062740105,767,63,432,1262
062740106,491,28,231,750
062740107,443,30,189,662
062740108,267,13,125,405
062740109,439,37,245,721
062740110,452,24,234,710
062740111,452,76,215,743
062740112,420,39,237,696
062740113,785,46,437,1268
062740114,409,29,236,674
062740115,865,68,479,1412
062740201,641,43,333,1017
062740202,650,54,318,1022
062740203,734,52,351,1137
062740204,471,32,216,719
062740205,549,41,277,867
062740206,774,70,461,1305
062740207,572,43,197,812
062740208,506,72,246,824
062740209,469,69,192,730
062740210,492,79,291,862
062740211,716,69,443,1228
062740212,561,61,278,900
062740213,607,62,239,908
062740214,618,50,357,1025
062740215,650,44,331,1025
062740301,641,52,280,973
062740302,457,48,243,748
062740303,378,18,227,623
062740304,823,71,387,1281
062740305,709,54,337,1100
062740306,349,42,181,572
062740307,727,66,412,1205
062740308,520,39,278,837
062740309,471,54,222,747
062740310,645,50,318,1013
062740311,612,48,265,925
062740312,744,79,370,1193
062740313,682,58,314,1054
062740314,618,43,339,1000
062740315,416,55,272,743
062740316,511,43,249,803
062740401,601,86,307,994
062740402,692,54,388,1134
062740403,639,82,314,1035
062740404,638,32,321,991
062740405,574,40,218,832
062740406,499,46,275,820
062740407,491,52,228,771
062740408,390,41,197,628
062740409,722,71,374,1167
062740410,566,59,313,938
062740411,474,41,297,812
062740412,783,126,379,1288
062740413,504,75,361,940
062740414,468,42,251,761
062740415,572,67,368,1007
062740416,533,56,229,818
062740417,530,35,283,848
062740501,446,29,191,666
062740502,466,28,208,702
062740503,462,27,218,707
062740504,556,41,293,890
062740505,411,35,217,663
062740506,425,32,169,626
062740507,575,51,289,915
062740508,683,27,289,999
062740509,451,26,236,713
062740510,480,51,252,783
062740511,617,40,288,945
062740512,585,25,323,933
062740513,503,42,272,817
062740514,665,54,303,1022
062740515,613,42,299,954
062740516,451,51,243,745
062740601,708,38,343,1089
062740602,541,14,196,751
062740603,501,39,261,801
062740604,481,35,270,786
062740605,678,46,332,1056
062740606,706,39,314,1059
062740607,478,40,184,702
062740608,428,32,226,686
062740609,410,60,227,697
062740610,419,21,252,692
062740611,391,42,219,652
062740612,437,42,264,743
062740613,400,41,229,670
062740614,483,61,188,732
062740615,671,78,301,1050
062740616,354,32,206,592
062740617,581,38,211,830
062740618,440,38,221,699
062740619,315,22,228,565
062740620,631,57,341,1029
062740701,300,18,117,435
062740702,421,44,165,630
062740703,481,33,255,769
062740704,489,32,215,736
062740705,509,52,240,801
062740706,609,55,333,997
062740707,598,73,289,960
062740708,667,82,334,1083
062740709,566,67,292,925
062740710,471,63,248,782
062740711,363,41,200,604
062740712,450,41,234,725
062740713,519,49,323,891
062740801,324,25,122,471
062740802,419,33,216,668
062740803,346,13,242,601
062740804,435,38,191,664
062740805,365,38,206,609
062740806,262,39,207,508
062740807,597,58,281,936
062740808,359,37,218,614
062740809,369,28,231,628
062740810,468,73,270,811
062740811,381,40,202,623
062740812,405,30,226,661
062740813,594,48,395,1037
062740814,582,44,290,916
062740815,550,49,262,861
062740816,480,30,252,762
062740817,379,52,227,658
062740818,527,44,253,824
062740819,501,68,294,863
062740820,592,45,278,915
062740901,592,39,239,870
062740902,458,37,275,770
062740903,468,43,304,815
062740904,463,37,256,756
062740905,427,32,211,670
062740906,678,48,312,1038
062740907,367,30,208,605
062740908,345,25,185,555
062740909,313,31,200,544
062740910,584,61,256,901
062740911,376,33,185,594
062740912,368,30,211,609
062740913,414,40,227,681
062740914,420,39,213,672
062740915,683,51,332,1066
062740916,414,36,200,650
062740917,459,51,262,772
062740918,453,47,245,745
062740919,489,45,331,865
062740920,603,45,269,917
062740921,525,58,325,908
062740922,449,38,257,744
062741001,585,29,260,874
062741002,479,53,184,716
062741003,707,53,393,1153
062741004,469,48,262,779
062741005,405,46,196,647
062741006,418,35,217,670
062741007,604,51,307,962
062741008,651,71,262,984
062741009,477,19,282,778
062741010,497,41,208,746
062741011,390,25,134,549
062741012,604,9,199,812
062741013,246,10,157,413
062741014,362,60,212,634
062741015,539,14,162,715
062741101,468,50,237,755
062741102,576,40,281,897
062741103,578,51,257,886
062741104,539,34,263,836
062741105,758,98,386,1242
062741106,1069,96,486,1651
062741107,545,24,347,916
062741108,582,38,266,886
062741109,917,109,434,1460
062741110,938,117,483,1538
062741111,443,29,250,722
062741112,488,59,232,779
062741113,548,41,182,771
062741114,470,38,254,762
062741115,509,59,264,832
062741116,485,37,270,792
062741117,632,91,310,1033
062741118,452,75,270,797
062741201,730,64,351,1145
062741202,429,33,217,679
062741203,526,22,251,799
062741204,301,16,126,443
062741205,338,12,167,517
062741206,371,43,142,556
062741207,456,23,157,636
062741208,783,56,410,1249
062741209,683,62,370,1115
062741210,525,45,273,843
062741211,653,49,322,1024
062741212,703,80,356,1139
062741213,386,51,208,645
062741214,407,31,235,673
062741215,667,49,278,994
062741216,560,23,253,836
062741217,565,39,321,925
062741301,653,58,287,998
062741302,320,25,166,511
062741303,374,18,206,598
062741304,399,35,209,643
062741305,404,35,229,668
062741306,561,64,334,959
062741307,478,33,225,736
062741308,437,32,175,644
062741309,471,73,264,808
062741310,406,34,198,638
062741311,405,38,265,708
062741312,616,47,334,997
062741313,277,6,154,437
062741314,295,12,160,467
062741315,312,7,183,502
062741316,425,25,211,661
062741317,746,74,314,1134
062741401,636,46,398,1080
062741402,477,32,316,825
062741403,305,10,159,474
062741404,439,26,205,670
062741405,570,25,273,868
062741406,301,9,126,436
062741407,360,14,146,520
062741408,480,22,250,752
062741409,570,31,281,882
062741410,450,17,227,694
062741411,515,32,301,848
062741501,569,35,323,927
062741502,570,35,249,854
062741503,511,37,212,760
062741504,762,75,375,1212
062741505,346,27,192,565
062741506,404,32,175,611
062741507,462,47,324,833
062741508,530,57,237,824
062741509,422,50,247,719
062741510,730,56,398,1184
062741511,421,33,228,682
062741512,433,60,202,695
062741513,496,45,289,830
062741514,407,30,289,726
062741515,383,34,244,661
062741516,561,61,301,923
062741517,656,58,351,1065
062741518,676,59,354,1089
062741601,690,48,271,1009
062741602,738,55,347,1140
062741603,639,51,365,1055
062741604,812,111,431,1354
062741605,421,40,233,694
062741606,559,29,318,906
062741607,490,47,247,784
062741608,515,38,246,799
062741609,367,40,262,669
062741610,513,75,276,864
062741611,381,31,249,661
062741612,495,42,276,813
062741613,658,41,366,1065
062741614,515,63,276,854
062741701,356,25,198,579
062741702,406,38,193,637
062741703,459,50,275,784
062741704,561,33,323,917
062741705,466,36,271,773
062741706,524,75,249,848
062741707,422,28,201,651
062741708,369,36,208,613
062741709,514,49,283,846
062741710,584,61,273,918
062741711,382,35,208,625
062741712,413,49,248,710
062741713,568,45,323,936
062741714,565,46,431,1042
062741801,812,48,413,1273
062741802,467,58,263,788
062741803,546,40,199,785
062741804,387,67,248,702
062741805,403,49,243,695
062741806,680,93,409,1182
062741807,701,32,350,1083
062741808,431,29,215,675
062741809,459,72,278,809
062741810,531,37,268,836
062741811,609,50,322,981
062741812,359,12,111,482
062741813,541,16,239,796
062741814,428,37,216,681
062741815,363,28,190,581
062741816,666,37,397,1100
062741817,654,56,343,1053
062741818,779,72,406,1257
062741901,456,64,278,798
062741902,741,52,342,1135
062741903,602,46,202,850
062741904,695,79,351,1125
062741905,822,83,402,1307
062741906,623,60,380,1063
062741907,709,67,468,1244
062741908,365,38,189,592
062741909,367,44,198,609
062741910,900,55,390,1345
062741911,828,47,469,1344
062741912,634,97,376,1107
062741913,423,25,262,710
062742001,725,52,401,1178
062742002,706,72,358,1136
062742003,585,55,305,945
062742004,1010,80,578,1668
062742005,755,104,410,1269
062742006,688,77,422,1187
062742007,973,73,503,1549
062742008,521,54,309,884
062742009,470,50,286,806
062742010,537,39,281,857
062742011,512,45,332,889
062742012,638,56,311,1005
062742013,649,50,370,1069
062742014,84,17,46,147
062742015,28,0,7,35
062742016,413,43,251,707
062742101,330,23,187,540
062742102,344,16,205,565
062742103,688,43,378,1109
062742104,532,33,342,907
062742105,602,84,308,994
062742106,715,75,372,1162
062742107,640,62,416,1118
062742108,688,61,347,1096
062742109,460,40,257,757
062742110,409,56,253,718
062742111,430,44,223,697
062742112,365,41,207,613
062742113,664,56,314,1034
062742114,497,60,304,861
062742115,721,59,372,1152
062742116,398,59,243,700
062742117,643,62,312,1017
062742118,637,46,293,976
062742119,529,43,360,932
062742120,347,46,222,615
062742121,383,39,187,609
062742122,492,29,214,735
062742123,495,59,257,811
062742201,404,36,185,625
062742202,432,42,234,708
062742203,714,62,416,1192
062742204,490,35,214,739
062742205,403,41,244,688
062742206,514,49,297,860
062742207,84,1,23,108
062742208,163,3,64,230
062742209,237,26,102,365
062742210,568,35,266,869
062742211,640,60,273,973
062742212,370,31,202,603
063710101,628,38,283,949
063710102,435,27,263,725
063710103,723,50,338,1111
063710104,435,21,185,641
063710105,337,36,139,512
063710106,239,37,163,439
063710107,177,8,67,252
063710108,178,26,110,314
063710109,682,56,210,948
063710110,870,56,286,1212
063710111,37,2,16,55
063710201,689,70,307,1066
063710202,728,38,286,1052
063710203,708,42,253,1003
063710204,772,36,283,1091
063710205,1017,58,296,1371
063710206,569,40,257,866
063710207,408,28,216,652
063710208,465,22,236,723
063710209,703,39,243,985
063710210,648,29,353,1030
063710211,448,42,202,692
063710212,410,33,198,641
063710301,681,44,323,1048
063710302,427,21,242,690
063710303,273,22,138,433
063710304,800,56,393,1249
063710305,542,22,293,857
063710306,545,38,286,869
063710307,485,52,295,832
063710308,670,38,353,1061
063710309,572,62,256,890
063710310,441,34,209,684
063710311,586,45,343,974
063710312,229,23,90,342
063710313,376,23,188,587
063710314,348,19,196,563
063710315,543,24,263,830
063710401,771,37,345,1153
063710402,560,34,308,902
063710403,428,23,174,625
063710404,334,14,178,526
063710405,546,18,295,859
063710406,714,45,287,1046
063710407,567,25,299,891
063710408,330,18,121,469
063710501,518,21,232,771
063710502,500,19,303,822
063710503,279,13,142,434
063710504,360,15,192,567
063710505,447,12,145,604
063710506,645,25,253,923
063710507,388,27,212,627
063710508,325,22,171,518
063710509,636,36,287,959
063710510,608,41,315,964
063710601,398,21,145,564
063710602,405,33,191,629
063710603,480,18,281,779
063710604,347,30,216,593
063710605,378,23,228,629
063710606,497,19,220,736
063710607,490,18,253,761
063710608,445,27,167,639
063710609,680,46,321,1047
063710610,678,57,385,1120
063710611,723,41,411,1175
063710612,513,29,211,753
063710701,469,28,257,754
063710702,873,56,398,1327
063710703,640,63,259,962
063710704,644,53,274,971
063710705,492,62,228,782
063710706,740,58,404,1202
063710707,952,56,275,1283
063710708,414,3,165,582
063710709,624,30,310,964
063710710,327,10,172,509
063710711,387,17,175,579
063710712,506,22,257,785
063710713,419,24,210,653
063710801,751,72,284,1107
063710802,582,28,300,910
063710803,506,19,238,763
063710804,495,26,239,760
063710805,469,20,241,730
063710806,691,30,280,1001
063710807,431,22,225,678
063710808,573,28,277,878
063710809,600,49,241,890
063710810,541,33,234,808
063710811,537,20,229,786
063710812,555,34,270,859
063710901,715,31,239,985
063710902,634,32,292,958
063710903,432,25,206,663
063710904,395,21,147,563
063710905,506,33,210,749
063710906,786,29,368,1183
063710907,527,25,266,818
063710908,570,36,311,917
063710909,658,44,252,954
063710910,569,36,289,894
063710911,262,17,141,420
063710912,396,19,152,567
063710913,393,28,187,608
063710914,556,30,262,848
063710915,357,15,119,491
063710916,343,17,172,532
063710917,523,42,286,851
063711001,474,12,218,704
063711002,577,44,302,923
063711003,521,28,287,836
063711004,306,13,147,466
063711005,367,16,169,552
063711006,573,32,313,918
063711007,650,33,367,1050
063711008,431,22,244,697
063711009,466,20,220,706
063711010,550,33,245,828
063711011,477,21,192,690
063711012,206,8,73,287
063711013,691,43,357,1091
063711014,478,36,208,722
063711015,491,20,274,785
063711016,330,10,158,498
063711101,427,12,176,615
063711102,331,12,109,452
063711103,466,6,125,597
063711104,441,11,169,621
063711105,364,8,125,497
063711106,322,7,120,449
063711107,576,11,240,827
063711108,326,10,128,464
063711109,329,14,75,418
063711110,674,37,261,972
063711201,598,22,271,891
063711202,467,15,182,664
063711203,338,14,122,474
063711204,589,35,293,917
063711205,309,18,119,446
063711206,329,13,99,441
063711207,465,14,213,692
063711208,661,36,317,1014
063711209,376,13,208,597
063711210,405,14,143,562
063711301,520,28,268,816
063711302,503,18,262,783
063711303,664,31,304,999
063711304,555,28,233,816
063711305,523,18,259,800
063711306,560,46,300,906
063711307,575,37,356,968
063711308,489,31,237,757
063711309,657,29,356,1042
063711310,617,40,331,988
063711311,490,22,257,769
063711312,612,21,276,909
063711401,594,36,284,914
063711402,469,15,223,707
063711403,340,22,126,488
063711404,438,23,197,658
063711405,351,38,164,553
063711406,619,30,346,995
063711407,290,26,184,500
063711408,414,40,161,615
063711409,430,38,160,628
063711410,452,33,164,649
063711411,458,31,232,721
063711412,434,38,231,703
063711413,412,23,205,640
063711414,481,59,195,735
063711501,130,19,65,214
063711502,386,24,275,685
063711503,625,67,392,1084
063711504,260,30,165,455
063711505,1369,58,482,1909
063711506,722,23,266,1011
063711507,368,26,153,547
063711508,380,5,135,520
063711509,327,12,127,466
063711510,229,8,77,314
063711511,691,42,289,1022
063711512,553,42,211,806
063711513,409,22,192,623
063711514,527,11,178,716
063711601,313,34,243,590
063711602,342,13,178,533
063711603,311,30,175,516
063711604,717,22,208,947
063711605,180,14,111,305
063711606,443,7,67,517
063711607,442,20,134,596
063711608,546,34,306,886
063711609,532,44,285,861
063711610,446,19,208,673
063711611,479,23,251,753
063711612,188,4,64,256
063711613,571,52,263,886
063711614,421,69,216,706
063711701,577,27,263,867
063711702,476,31,286,793
063711703,515,18,244,777
063711704,503,29,264,796
063711705,446,23,187,656
063711706,470,27,275,772
063711707,440,21,256,717
063711708,484,13,221,718
063711709,500,25,209,734
063711710,689,42,314,1045
063711711,567,30,267,864
063711712,420,17,204,641
063711713,618,36,265,919
063711714,552,7,268,827
063711801,614,34,278,926
063711802,341,12,161,514
063711803,511,24,259,794
063711804,575,36,226,837
063711805,536,31,254,821
063711806,572,35,278,885
063711807,575,26,292,893
063711808,445,20,249,714
063711809,464,18,185,667
063711810,356,14,194,564
063711811,619,38,353,1010
063711812,379,28,178,585
063711813,758,64,324,1146
063711814,727,47,364,1138
063711815,751,62,354,1167
063711901,322,10,107,439
063711902,427,15,145,587
063711903,428,19,219,666
063711904,487,22,220,729
063711905,483,27,289,799
063711906,434,27,212,673
063711907,565,28,292,885
063711908,502,23,277,802
063711909,558,29,264,851
063712001,550,25,274,849
063712002,632,44,263,939
063712003,451,41,223,715
063712004,617,37,271,925
063712005,407,29,246,682
063712006,588,27,251,866
063712007,710,31,271,1012
063712008,351,24,179,554
063712101,547,13,203,763
063712102,656,17,234,907
063712103,328,16,158,502
063712104,254,16,139,409
063712105,681,47,314,1042
063712106,203,8,91,302
063712107,446,13,230,689
063712108,560,26,338,924
063712109,491,17,207,715
063712110,509,28,242,779
063712111,575,31,280,886
063712112,337,6,133,476
063712113,410,28,215,653
063712114,458,30,217,705
063712115,551,61,217,829
063712201,461,21,238,720
063712202,422,16,178,616
063712203,428,34,219,681
063712204,469,20,209,698
063712205,317,20,155,492
063712206,256,11,100,367
063712207,511,30,247,788
063712208,332,9,134,475
063712209,259,5,98,362
063712210,269,9,109,387
063712211,167,2,72,241
063712212,271,7,133,411
063712213,307,19,135,461
063712214,313,13,146,472
063712301,417,15,193,625
063712302,659,20,342,1021
063712303,201,5,82,288
063712304,348,10,111,469
063712305,296,9,126,431
063712306,389,17,194,600
063712307,415,16,165,596
063712308,473,28,227,728
063712309,372,12,119,503
063712310,269,5,110,384
063712311,456,12,131,599
063712312,413,11,113,537
063712313,440,15,120,575
063712314,491,12,258,761
063712315,688,41,319,1048
063712316,676,33,313,1022
063712317,478,13,181,672
063712401,603,24,268,895
063712402,411,16,128,555
063712403,693,26,252,971
063712404,279,15,127,421
063712405,308,23,153,484
063712406,344,12,156,512
063712407,355,16,165,536
063712408,326,15,159,500
063712501,466,14,167,647
063712502,466,29,183,678
063712503,298,19,137,454
063712504,494,22,204,720
063712505,581,40,235,856
063712506,477,29,268,774
063712507,477,33,268,778
063712508,462,29,202,693
063712601,587,24,284,895
063712602,358,7,202,567
063712603,495,27,230,752
063712604,522,31,238,791
063712605,332,19,170,521
063712606,513,36,248,797
063712607,357,28,213,598
063712608,370,24,222,616
063712701,380,33,179,592
063712702,549,29,236,814
063712703,827,77,473,1377
063712704,583,28,312,923
063712705,527,17,193,737
063712706,262,16,153,431
063712707,292,7,169,468
063712708,351,20,164,535
063712801,317,29,116,462
063712802,75,5,24,104
063712803,38,4,24,66
063712804,179,8,70,257
063712805,125,2,30,157
063712806,553,36,165,754
063712807,145,7,58,210
063712808,501,25,239,765
063712901,456,14,190,660
063712902,296,7,115,418
063712903,321,15,136,472
063712904,555,10,196,761
063712905,691,41,253,985
063712906,314,8,122,444
063712907,794,35,382,1211
063712908,1010,61,475,1546
063712909,519,53,233,805
063713001,493,19,194,706
063713002,586,44,365,995
063713003,549,22,304,875
063713004,445,21,148,614
063713005,422,22,243,687
063713006,449,34,241,724
063713007,336,20,151,507
063713008,375,19,188,582
063713009,453,16,204,673
063713010,236,18,106,360
063713011,426,36,255,717
063713101,525,40,255,820
063713102,333,27,164,524
063713103,644,49,290,983
063713104,249,14,143,406
063713105,459,33,238,730
063713106,667,12,435,1114
063713107,451,24,229,704
063713108,484,23,254,761
063713201,104,8,50,162
063713202,769,68,316,1153
063713203,665,41,309,1015
063713204,642,38,301,981
063713205,555,51,245,851
063713206,518,45,267,830
063713207,487,29,228,744
063713208,695,67,396,1158
063713209,349,26,193,568
063713210,668,59,428,1155
063713211,724,51,312,1087
063713212,579,54,285,918
063713213,591,50,328,969
063713214,755,83,361,1199
063713215,484,26,233,743
063713301,399,32,244,675
063713302,703,37,335,1075
063713303,693,60,352,1105
063713304,537,29,206,772
063713305,606,36,389,1031
063713306,659,48,369,1076
063713307,541,48,242,831
063713308,396,26,227,649
063713309,601,36,239,876
063713310,273,17,134,424
063713401,446,21,160,627
063713402,665,35,269,969
063713403,238,17,109,364
063713404,411,19,155,585
063713405,775,68,365,1208
063713406,464,41,232,737
063713407,519,43,255,817
063713408,511,34,318,863
063713409,416,19,145,580
063713501,575,54,347,976
063713502,330,31,195,556
063713503,408,28,225,661
063713504,376,29,198,603
063713505,404,26,230,660
063713506,575,43,306,924
063713507,57,7,28,92
063713508,93,6,47,146
063713509,72,6,20,98
063713510,515,43,189,747
063713511,732,70,347,1149
063713512,616,38,244,898
063713513,522,36,287,845
063713514,362,37,195,594
063713601,1160,96,491,1747
063713602,672,21,244,937
063713603,826,56,299,1181
063713604,1050,25,338,1413
063713605,513,30,257,800
063713606,548,54,246,848
063713607,732,84,305,1121
063713608,574,15,259,848
063713609,834,62,391,1287
063713610,537,35,318,890
063713611,659,30,299,988
063713701,502,19,160,681
063713702,627,36,231,894
063713703,397,15,127,539
063713704,249,7,77,333
063713705,330,17,137,484
063713706,418,30,140,588
063713707,899,49,290,1238
063713708,1163,60,383,1606
063713709,877,44,462,1383
063713710,813,43,255,1111
063713711,775,53,307,1135
063713712,597,41,291,929
063713713,766,52,399,1217
063713714,631,59,315,1005
063713715,710,45,317,1072
063713716,791,47,421,1259
064080101,641,29,224,894
064080102,491,25,165,681
064080103,540,39,300,879
064080104,602,36,279,917
064080105,614,34,358,1006
064080106,351,11,141,503
064080107,658,24,323,1005
064080108,730,29,353,1112
064080109,734,37,411,1182
064080110,388,22,179,589
064080111,952,41,414,1407
064080112,658,41,364,1063
064080113,700,48,316,1064
064080114,57,6,31,94
064080115,178,12,86,276
064080116,379,11,71,461
064080117,467,28,235,730
064080201,537,64,243,844
064080202,638,46,260,944
064080203,726,33,211,970
064080204,645,47,328,1020
064080205,382,21,174,577
064080206,476,32,235,743
064080207,657,52,301,1010
064080208,784,58,401,1243
064080209,812,81,353,1246
064080210,707,46,394,1147
064080211,534,42,260,836
064080301,202,5,69,276
064080302,184,9,58,251
064080303,641,66,338,1045
064080304,516,46,231,793
064080305,476,47,232,755
064080306,587,59,251,897
064080307,946,86,358,1390
064080308,1139,65,527,1731
064080309,533,27,238,798
064080310,376,23,212,611
064080401,679,68,296,1043
064080402,1138,83,439,1660
064080403,454,77,212,743
064080404,902,103,407,1412
064080405,606,47,278,931
064080406,507,43,225,775
064080407,682,65,348,1095
064080408,967,69,488,1524
064080409,677,44,330,1051
064080410,983,56,468,1507
064080411,601,38,224,863
064080412,693,41,249,983
064080501,468,32,200,700
064080502,605,38,237,880
064080503,646,51,249,946
064080504,528,32,321,881
064080505,230,20,129,379
064080506,396,18,208,622
064080507,454,45,227,726
064080508,500,29,221,750
064080509,496,49,293,838
064080510,431,25,215,671
064080511,436,31,209,676
064080512,355,57,206,618
064080601,687,32,346,1065
064080602,304,4,136,444
064080603,533,24,300,857
064080604,452,14,226,692
064080605,589,34,301,924
064080606,172,10,78,260
064080607,536,28,286,850
064080608,443,31,228,702
064080609,519,21,282,822
064080701,541,26,249,816
064080702,450,43,217,710
064080703,452,24,228,704
064080704,663,43,315,1021
064080705,566,31,245,842
064080706,509,25,236,770
064080707,147,10,73,230
064080708,525,32,262,819
064080709,369,23,168,560
064080710,442,35,198,675
064080801,549,55,256,860
064080802,540,55,252,847
064080803,328,35,182,545
064080804,285,18,182,485
064080805,356,27,201,584
064080806,497,40,226,763
064080807,428,67,210,705
064080808,472,25,261,758
064080809,396,10,231,637
064080810,544,41,247,832
064080811,614,29,290,933
064080812,321,37,189,547
064080813,443,21,218,682
064080814,746,44,395,1185
064080901,578,35,313,926
064080902,362,32,193,587
064080903,448,27,243,718
064080904,409,14,209,632
064080905,545,26,259,830
064080906,525,28,289,842
064080907,706,18,424,1148
064080908,632,42,282,956
064081001,523,27,280,830
064081002,516,26,225,767
064081003,705,38,326,1069
064081004,615,22,264,901
064081005,721,33,382,1136
064081006,536,26,260,822
064081007,708,37,331,1076
064081008,415,8,190,613
064081101,502,31,197,730
064081102,604,52,221,877
064081103,489,24,265,778
064081104,567,36,242,845
064081105,821,49,403,1273
064081106,555,58,225,838
064081107,113,15,65,193
064081108,671,49,268,988
064081109,134,17,67,218
064081110,338,28,139,505
064081111,127,14,55,196
064081201,1644,83,448,2175
064081202,434,31,167,632
064081203,634,41,199,874
064081204,653,48,279,980
064081205,861,37,370,1268
064081206,1049,87,525,1661
064081207,683,41,252,976
064081208,877,48,363,1288
064081209,552,29,193,774
064081301,707,74,382,1163
064081302,519,67,235,821
064081303,562,58,268,888
064081304,462,39,261,762
064081305,394,25,240,659
064081306,644,45,379,1068
064081307,578,38,344,960
064081308,535,33,275,843
064081309,488,67,268,823
064081310,596,81,289,966
064081311,687,36,285,1008
064081312,604,25,267,896
064081313,391,25,217,633
064081401,592,35,338,965
064081402,578,47,334,959
064081403,648,73,305,1026
064081404,655,85,405,1145
064081405,315,29,143,487
064081406,412,26,190,628
064081407,392,14,236,642
064081408,398,23,185,606
064081409,418,31,222,671
064081410,422,37,228,687
064081411,525,30,229,784
064081412,550,34,182,766
064081413,496,30,290,816
064081501,661,33,323,1017
064081502,797,54,318,1169
064081503,98,1,43,142
064081504,579,71,285,935
064081505,768,68,352,1188
064081506,142,9,79,230
064081507,460,30,150,640
064081508,376,24,218,618
064081509,510,39,320,869
064081510,307,15,203,525
064081511,383,43,199,625
064081512,179,20,152,351
064081513,584,28,230,842
064100101,715,57,258,1030
064100102,745,40,296,1081
064100103,785,56,193,1034
064100104,766,51,321,1138
064100105,446,25,185,656
064100106,408,18,125,551
064100107,431,7,124,562
064100108,781,52,247,1080
064100109,471,19,184,674
064100110,602,28,229,859
064100111,1504,85,535,2124
064100112,590,40,231,861
064100113,377,4,80,461
064100201,525,14,148,687
064100202,498,13,224,735
064100203,421,27,145,593
064100204,107,9,40,156
064100205,636,62,354,1052
064100206,178,8,54,240
064100207,426,28,185,639
064100208,737,53,329,1119
064100209,590,29,262,881
064100210,484,29,198,711
064100301,651,50,305,1006
064100302,592,48,235,875
064100303,441,27,151,619
064100304,583,62,260,905
064100305,666,50,257,973
064100306,520,33,198,751
064100307,468,30,249,747
064100308,469,37,241,747
064100309,784,38,394,1216
064100310,586,37,225,848
064100311,426,27,177,630
064100312,260,15,87,362
064100401,658,58,295,1011
064100402,621,36,262,919
064100403,588,73,358,1019
064100404,414,21,210,645
064100405,415,19,189,623
064100406,641,36,240,917
064100407,394,35,213,642
064100408,461,33,241,735
064100409,856,50,396,1302
064100410,426,46,187,659
064100411,369,23,203,595
064100412,660,46,293,999
064100413,475,54,253,782
064100414,669,28,331,1028
064100415,145,15,71,231
064100416,318,5,85,408
064100501,437,34,177,648
064100502,485,46,237,768
064100503,665,47,344,1056
064100504,466,23,180,669
064100505,566,28,257,851
064100506,448,25,142,615
064100507,348,33,150,531
064100508,617,51,310,978
064100509,612,27,282,921
064100510,649,60,328,1037
064100511,509,34,248,791
064100512,563,44,281,888
064100513,673,47,297,1017
064100514,562,30,203,795
064100515,981,85,425,1491
064100601,678,43,260,981
064100602,615,45,276,936
064100603,557,53,355,965
064100604,526,41,290,857
064100605,557,28,219,804
064100606,465,22,257,744
064100607,585,33,199,817
064100608,692,62,329,1083
064100609,454,37,209,700
064100610,487,32,215,734
064100611,359,16,207,582
064100612,725,46,358,1129
064100613,648,34,383,1065
064100614,609,43,309,961
064100615,495,27,276,798
064100701,347,21,192,560
064100702,287,19,145,451
064100703,451,29,273,753
064100704,678,54,331,1063
064100705,617,35,300,952
064100706,399,28,274,701
064100707,770,73,350,1193
064100708,544,27,234,805
064100709,482,41,270,793
064100710,630,40,365,1035
064100711,495,25,255,775
064100712,471,42,213,726
064100713,634,41,328,1003
064100714,586,34,223,843
064100715,487,36,191,714
064100716,757,51,364,1172
064100801,357,24,174,555
064100802,405,37,201,643
064100803,659,40,300,999
064100804,424,32,214,670
064100805,535,37,209,781
064100806,723,38,350,1111
064100807,608,58,291,957
064100808,478,27,268,773
064100809,756,51,362,1169
064100901,642,46,303,991
064100902,422,32,210,664
064100903,672,37,387,1096
064100904,609,33,280,922
064100905,783,38,245,1066
064100906,524,18,252,794
064100907,451,29,251,731
064100908,435,22,209,666
064100909,446,27,194,667
064101001,661,29,340,1030
064101002,688,32,321,1041
064101003,563,45,289,897
064101004,645,33,323,1001
064101005,494,36,244,774
064101006,450,29,264,743
064101007,714,47,376,1137
064101008,530,33,222,785
064101009,543,46,250,839
064101010,540,36,299,875
064101101,525,25,289,839
064101102,532,26,283,841
064101103,435,17,241,693
064101104,443,22,239,704
064101105,290,19,157,466
064101106,288,20,176,484
064101107,435,35,252,722
064101108,502,15,214,731
064101109,590,30,284,904
064101110,529,39,266,834
064101111,472,41,257,770
064101201,532,19,242,793
064101202,559,28,236,823
064101203,303,20,179,502
064101204,366,25,169,560
064101205,400,27,202,629
064101206,453,28,178,659
064101207,389,20,220,629
064101208,256,12,140,408
064101209,372,23,173,568
064101210,404,15,124,543
064101211,454,43,215,712
064101212,495,39,255,789
064101213,757,59,344,1160
064101301,664,32,311,1007
064101302,427,23,187,637
064101303,394,4,206,604
064101304,348,35,178,561
064101305,390,28,200,618
064101306,809,44,311,1164
064101307,819,49,396,1264
064101308,453,31,221,705
064101309,440,23,237,700
064101310,426,33,192,651
064101311,549,53,202,804
064120101,411,14,108,533
064120102,313,8,104,425
064120103,132,5,35,172
064120104,345,14,78,437
064120105,207,12,80,299
064120106,545,34,206,785
064120107,177,6,59,242
064120108,227,23,70,320
064120109,572,42,238,852
064120110,672,40,307,1019
064120111,392,17,133,542
064120112,533,42,238,813
064120113,501,33,273,807
064120114,511,42,288,841
064120115,505,56,287,848
064120116,781,58,450,1289
064120117,782,62,374,1218
064120118,849,71,365,1285
064120201,251,2,93,346
064120202,580,41,250,871
064120203,580,25,305,910
064120204,720,63,338,1121
064120205,721,62,357,1140
064120206,474,36,263,773
064120207,570,30,283,883
064120208,592,40,345,977
064120209,686,57,380,1123
064120210,587,32,229,848
064120211,477,22,283,782
064120301,729,60,239,1028
064120302,742,63,400,1205
064120303,743,55,360,1158
064120304,670,48,324,1042
064120305,716,39,340,1095
064120306,505,14,278,797
064120307,736,31,346,1113
064120308,545,34,255,834
064120309,483,39,237,759
064120310,573,41,285,899
064120311,540,53,239,832
064120312,256,21,119,396
064120313,355,16,168,539
064120401,694,45,333,1072
064120402,679,44,260,983
064120403,691,69,405,1165
064120404,821,63,381,1265
064120405,443,35,245,723
064120406,478,36,247,761
064120407,651,46,200,897
064120408,339,16,187,542
064120409,329,22,229,580
064120410,635,45,375,1055
064120411,606,37,366,1009
064120412,808,37,457,1302
064120501,381,33,194,608
064120502,569,27,263,859
064120503,585,22,305,912
064120504,403,27,174,604
064120505,330,17,190,537
064120506,348,28,153,529
064120507,547,23,304,874
064120508,629,38,294,961
064120509,718,47,338,1103
064120510,706,58,342,1106
064120511,578,48,260,886
064120512,530,44,255,829
064120513,658,44,320,1022
064120514,459,34,254,747
064120601,255,2,136,393
064120602,410,35,249,694
064120603,429,19,256,704
064120604,423,16,203,642
064120605,421,11,188,620
064120606,649,39,311,999
064120607,651,56,364,1071
064120608,757,77,435,1269
064120609,474,41,271,786
064120610,457,25,247,729
064120611,735,64,429,1228
064120612,635,30,312,977
064120613,550,28,311,889
064120701,664,67,334,1065
064120702,736,62,316,1114
064120703,724,53,361,1138
064120704,529,51,247,827
064120705,454,27,262,743
064120706,383,37,258,678
064120707,389,19,209,617
064120708,537,40,249,826
064120709,351,21,159,531
064120710,657,56,384,1097
064120711,684,45,347,1076
064120712,604,50,352,1006
064120713,669,54,302,1025
064120714,521,42,277,840
064120715,475,57,176,708
064120716,493,49,234,776
064120717,505,42,233,780
064120801,778,67,363,1208
064120802,614,43,398,1055
064120803,391,20,188,599
064120804,392,18,254,664
064120805,406,27,225,658
064120806,613,44,280,937
064120807,485,44,257,786
064120808,470,14,236,720
064120809,588,27,297,912
064120810,550,30,302,882
064120811,468,32,297,797
064120812,539,27,241,807
064120813,651,53,301,1005
064120814,593,43,296,932
064120815,516,45,232,793
064120901,378,37,171,586
064120902,478,59,189,726
064120903,596,82,282,960
064120904,638,44,294,976
064120905,529,85,337,951
064120906,134,15,54,203
064120907,236,15,98,349
064120908,658,38,308,1004
064120909,611,42,335,988
064120910,761,50,247,1058
064120911,715,38,352,1105
064120912,398,38,217,653
064120913,388,32,231,651
064120914,792,65,325,1182
064120915,698,41,283,1022
064120916,384,15,204,603
064120917,321,23,210,554
064120918,672,45,376,1093
064121001,667,99,284,1050
064121002,668,61,279,1008
064121003,750,49,337,1136
064121004,754,57,395,1206
064121005,693,62,257,1012
064121006,596,32,306,934
064121007,617,75,204,896
064121008,710,38,305,1053
064121009,488,33,197,718
064121010,529,46,249,824
064121011,585,30,257,872
064121012,400,42,202,644
064121013,455,31,174,660
064121014,690,66,309,1065
064121015,492,72,189,753
064121016,548,25,254,827
064121017,823,101,427,1351
064121018,524,65,287,876
064121019,629,72,344,1045
064121020,644,78,274,996
064121021,533,43,246,822
064121101,566,44,321,931
064121102,565,36,214,815
064121103,825,83,463,1371
064121104,413,77,197,687
064121105,727,76,403,1206
064121106,580,114,299,993
064121107,476,16,306,798
064121108,438,38,290,766
064121109,464,28,268,760
064121110,373,23,272,668
064121111,541,45,224,810
064121112,440,19,201,660
064121113,476,27,208,711
064121114,496,36,183,715
064121115,584,61,327,972
064121116,475,40,193,708
064121117,406,28,167,601
064121118,579,110,309,998
064121119,710,57,426,1193
064121120,920,54,427,1401
064121201,533,53,327,913
064121202,590,51,332,973
064121203,635,44,439,1118
064121204,717,63,447,1227
064121205,786,48,470,1304
064121206,585,53,293,931
064121207,756,58,404,1218
064121208,617,64,385,1066
064121209,674,41,391,1106
064121301,628,62,317,1007
064121302,674,53,313,1040
064121303,392,18,212,622
064121304,469,33,231,733
064121305,802,51,497,1350
064121306,725,70,449,1244
064121307,539,72,279,890
064121308,766,68,325,1159
064121309,462,20,313,795
064121310,423,16,202,641
064121311,527,44,302,873
064121312,691,42,370,1103
064121401,430,30,207,667
064121402,613,39,246,898
064121403,867,41,467,1375
064121404,480,33,231,744
064121405,595,41,255,891
064121406,713,41,230,984
064121407,667,39,256,962
064121408,659,56,315,1030
064121409,592,45,291,928
064121410,633,33,302,968
064121411,670,39,324,1033
064121412,661,57,415,1133
064121413,519,32,286,837
064121501,490,22,219,731
064121502,741,56,451,1248
064121503,815,69,441,1325
064121504,653,65,294,1012
064121505,420,25,245,690
064121506,485,74,247,806
064121507,533,58,249,840
064121508,483,39,264,786
064121509,530,45,238,813
064121510,482,44,271,797
064121511,614,26,387,1027
064121512,729,62,372,1163
064270101,257,8,97,362
064270102,244,8,75,327
064270103,704,15,194,913
064270104,176,6,51,233
064270105,166,9,33,208
064270106,656,16,206,878
064270107,617,14,207,838
064270108,376,13,156,545
064270109,379,2,122,503
064270110,445,21,209,675
064270111,447,11,220,678
064270112,393,14,141,548
064270113,465,22,179,666
064270201,425,8,139,572
064270202,380,7,92,479
064270203,177,4,88,269
064270204,436,16,149,601
064270205,290,10,118,418
064270206,243,4,89,336
064270207,353,14,126,493
064270208,354,15,170,539
064270209,414,6,144,564
064270210,439,17,113,569
064270211,125,2,36,163
064270212,393,16,125,534
064270213,336,7,104,447
064270214,282,12,114,408
064270215,263,12,115,390
064270216,256,4,69,329
064270217,356,11,114,481
064270218,474,17,170,661
064270301,382,14,111,507
064270302,506,15,214,735
064270303,303,13,156,472
064270304,367,16,121,504
064270305,406,19,176,601
064270306,538,30,248,816
064270307,407,30,180,617
064270308,374,30,204,608
064270309,334,7,104,445
064270310,507,13,186,706
064270311,487,36,222,745
064270312,559,23,247,829
064270401,559,17,182,758
064270402,618,32,284,934
064270403,779,39,315,1133
064270404,494,15,192,701
064270405,540,21,251,812
064270406,539,36,225,800
064270407,568,20,233,821
064270408,566,41,289,896
064270409,690,36,341,1067
064270501,979,42,340,1361
064270502,495,14,198,707
064270503,489,21,200,710
064270504,721,38,355,1114
064270505,746,34,351,1131
064270506,700,34,303,1037
064270507,747,57,365,1169
064270508,394,32,174,600
064270509,400,17,179,596
064270510,514,9,223,746
064270511,493,57,254,804
064270601,666,29,196,891
064270602,928,43,366,1337
064270603,636,34,181,851
064270604,1068,40,399,1507
064270605,353,10,142,505
064270606,367,26,183,576
064270607,338,30,198,566
064270608,334,13,132,479
064270609,595,43,292,930
064270610,395,23,200,618
064270611,325,20,228,573
064270612,390,18,264,672
064270613,464,24,193,681
064270614,440,14,218,672
064270701,600,44,318,962
064270702,655,52,327,1034
064270703,517,23,286,826
064270704,548,20,309,877
064270705,642,36,308,986
064270706,500,27,167,694
064270707,321,5,197,523
064270708,448,25,218,691
064270709,493,28,233,754
064270710,949,57,382,1388
064270711,607,14,253,874
064270712,811,29,274,1114
064270713,532,18,251,801
064270801,719,53,306,1078
064270802,700,22,384,1106
064270803,637,26,277,940
064270804,785,37,383,1205
064270805,694,38,235,967
064270806,840,41,408,1289
064270807,628,40,351,1019
064270808,390,19,155,564
064270809,361,17,165,543
064270810,862,48,378,1288
064270811,744,35,319,1098
064270812,781,52,394,1227
064270901,850,46,319,1215
064270902,776,26,257,1059
064270903,1115,53,407,1575
064270904,1139,48,431,1618
064270905,828,40,387,1255
064270906,1105,62,334,1501
064270907,670,37,306,1013
064270908,591,28,274,893
064270909,327,13,139,479
064270910,608,24,182,814
064270911,611,30,227,868
064270912,574,7,245,826
064271001,802,44,362,1208
064271002,476,18,192,686
064271003,454,21,193,668
064271004,718,51,351,1120
064271005,743,61,286,1090
064271006,623,21,286,930
064271007,691,40,353,1084
064271008,676,33,294,1003
064271009,818,62,386,1266
064271010,370,28,196,594
064271011,312,12,155,479
064271012,692,35,335,1062
064271101,720,36,315,1071
064271102,622,31,280,933
064271103,823,16,373,1212
064271104,525,49,294,868
064271105,541,24,277,842
064271106,664,28,351,1043
064271107,587,22,290,899
064271108,716,33,358,1107
064271109,669,23,347,1039
064271110,461,36,221,718
064271111,448,24,200,672
064271201,756,43,368,1167
064271202,645,49,384,1078
064271203,286,11,145,442
064271204,357,13,167,537
064271205,609,41,314,964
064271206,710,39,299,1048
064271207,398,20,223,641
064271208,367,14,163,544
064271209,400,20,183,603
064271210,364,13,232,609
064271301,774,37,321,1132
064271302,836,42,339,1217
064271303,542,27,259,828
064271304,1145,56,364,1565
064271305,1089,34,407,1530
064271306,485,23,199,707
064271307,494,18,139,651
064271308,579,22,198,799
064271309,561,33,214,808
064271310,705,32,350,1087
064271311,747,29,327,1103
064271401,669,22,274,965
064271402,642,28,250,920
064271403,780,30,183,993
064271404,798,33,218,1049
064271405,893,46,378,1317
064271406,282,15,112,409
064271407,1087,33,501,1621
064271408,1858,80,652,2590
064271409,669,22,323,1014
064271410,1475,71,594,2140
064271411,1441,76,717,2234
064271412,492,27,131,650
064271413,1389,78,469,1936
064271414,327,6,131,464
064271415,468,27,258,753
064271416,804,23,257,1084
064271417,517,13,150,680
064271418,454,14,184,652
064271419,595,21,219,835
064271420,433,19,171,623
064271501,473,39,210,722
064271502,456,34,176,666
064271503,407,25,176,608
064271504,636,50,336,1022
064271505,440,16,170,626
064271506,495,37,249,781
064271507,420,27,214,661
064271508,492,20,170,682
064271509,426,15,181,622
064271510,468,18,176,662
064271511,375,17,212,604
064271512,709,35,279,1023
064271513,382,19,200,601
064271514,620,20,186,826
064271515,547,39,224,810
064271601,705,32,319,1056
064271602,694,29,369,1092
064271603,753,24,203,980
064271604,698,18,192,908
064271605,1156,27,380,1563
064271606,706,17,272,995
064271607,718,32,284,1034
064271608,435,31,252,718
064271609,597,41,441,1079
064271610,440,28,154,622
064271611,584,31,240,855
064271612,538,30,253,821
064271613,228,10,121,359
064271701,646,23,274,943
064271702,489,39,204,732
064271703,669,48,296,1013
064271704,432,53,222,707
064271705,461,18,229,708
064271706,528,41,150,719
064271707,2954,76,860,3890
064271708,1219,43,341,1603
064271709,502,41,256,799
064271710,1116,58,500,1674
064271711,2158,86,681,2925
064271801,955,44,370,1369
064271802,1100,47,407,1554
064271803,760,26,177,963
064271804,1508,55,442,2005
064271805,2472,107,817,3396
064271806,134,3,26,163
064271807,1264,81,450,1795
064271808,1279,39,394,1712
064271809,1737,68,445,2250
064271810,990,37,288,1315
064271811,998,37,309,1344
064271812,199,3,59,261
064271813,2614,167,907,3688
064271901,398,17,187,602
064271902,370,24,155,549
064271903,794,36,377,1207
064271904,516,20,208,744
064271905,439,17,168,624
064271906,653,52,326,1031
064271907,623,31,318,972
064271908,730,32,320,1082
064271909,745,40,337,1122
064271910,563,45,259,867
064272001,499,39,196,734
064272002,427,20,257,704
064272003,480,35,192,707
064272004,375,24,183,582
064272005,292,7,142,441
064272006,596,27,215,838
064272007,390,11,214,615
064272008,414,19,221,654
064272009,493,41,237,771
064272010,495,46,234,775
064272011,743,42,314,1099
064272012,202,16,111,329
064272013,359,18,118,495
064272014,1507,81,409,1997
064272015,732,35,210,977
064272016,1346,70,517,1933
064272101,756,50,407,1213
064272102,817,69,374,1260
064272103,909,45,438,1392
064272104,840,63,378,1281
064272105,521,27,292,840
064272106,623,20,298,941
064272107,528,19,268,815
064272108,642,36,359,1037
064272201,507,39,182,728
064272202,390,29,209,628
064272203,726,40,365,1131
064272204,654,46,351,1051
064272205,517,30,336,883
064272206,503,34,316,853
064272207,674,53,362,1089
064272208,522,29,234,785
064272209,629,36,347,1012
064272301,232,20,100,352
064272302,595,25,254,874
064272303,952,50,499,1501
064272304,914,57,412,1383
064272305,627,44,321,992
064272306,705,47,290,1042
064272307,666,49,298,1013
064272308,830,48,342,1220
064272309,934,72,532,1538
064272310,848,59,452,1359
064272311,927,50,486,1463
064272401,665,39,310,1014
064272402,501,13,110,624
064272403,1319,78,265,1662
064272404,598,26,158,782
064272405,1230,37,315,1582
064272406,588,40,313,941
064272407,868,58,542,1468
064272408,600,44,345,989
064272409,629,37,307,973
064272410,498,26,186,710
064272501,403,23,147,573
064272502,453,10,206,669
064272503,616,38,312,966
064272504,555,32,230,817
064272505,1240,36,350,1626
064272506,535,31,229,795
064272507,315,8,167,490
064272508,278,12,95,385
064272509,549,34,354,937
064272510,1960,120,738,2818
064272511,1390,105,648,2143
064272512,1560,100,742,2402
064272513,287,22,137,446
064272514,294,17,136,447
064272515,541,20,199,760
064272601,360,19,154,533
064272602,614,22,214,850
064272603,817,28,302,1147
064272604,817,39,276,1132
064272605,591,22,248,861
064272606,400,21,183,604
064272607,790,51,450,1291
064272608,579,40,298,917
064272609,634,23,289,946
064272610,570,22,234,826
064272611,680,32,293,1005
064272701,918,57,491,1466
064272702,319,14,156,489
064272703,398,24,234,656
064272704,413,28,196,637
064272705,460,29,181,670
064272706,562,36,258,856
064272707,667,34,257,958
064272708,587,36,328,951
064272709,723,34,396,1153
064272801,576,19,291,886
064272802,398,12,181,591
064272803,417,19,222,658
064272804,448,14,209,671
064272805,425,14,207,646
064272806,658,9,342,1009
064272807,608,33,296,937
064272808,509,15,196,720
064272809,421,8,185,614
064272810,689,29,302,1020
064272811,566,31,217,814
064272812,610,8,291,909
064272901,667,26,268,961
064272902,570,25,294,889
064272903,378,21,166,565
064272904,413,10,163,586
064272905,588,22,225,835
064272906,520,12,211,743
064272907,711,29,341,1081
064272908,719,21,294,1034
064272909,311,15,132,458
064272910,330,12,149,491
064272911,741,26,326,1093
064272912,706,40,324,1070
064272913,519,31,284,834
064272914,630,50,307,987
064273001,447,12,140,599
064273002,651,37,246,934
064273003,422,13,125,560
064273004,448,14,114,576
064273005,241,8,94,343
064273006,534,19,173,726
064273007,506,14,172,692
064273008,260,9,80,349
064273009,268,10,96,374
064273010,449,13,147,609
064273011,212,5,109,326
064273012,355,8,139,502
064273013,513,24,251,788
064273101,417,16,125,558
064273102,463,14,203,680
064273103,622,23,263,908
064273104,536,15,201,752
064273105,727,35,262,1024
064273106,595,19,261,875
064273107,404,36,192,632
064273108,266,7,120,393
064273109,399,30,170,599
064273110,428,31,157,616
064273201,393,9,171,573
064273202,447,16,166,629
064273203,355,28,216,599
064273204,386,16,176,578
064273205,635,27,273,935
064273206,405,20,216,641
064273207,588,26,238,852
064273208,687,39,347,1073
064273209,345,8,156,509
064273210,356,14,146,516
064273211,437,25,180,642
064273212,340,11,182,533
064273301,358,16,187,561
064273302,610,28,285,923
064273303,354,25,124,503
064273304,202,8,105,315
064273305,302,20,148,470
064273306,257,14,112,383
064273307,330,14,106,450
064273308,487,13,186,686
064273309,435,16,151,602
064273310,518,19,238,775
064273311,536,22,251,809
064273312,863,44,379,1286
064273313,521,26,191,738
064273314,704,27,274,1005
064273315,487,14,189,690
064273401,566,26,272,864
064273402,471,18,181,670
064273403,811,36,396,1243
064273404,507,23,243,773
064273405,638,16,194,848
064273406,1027,75,431,1533
064273407,589,30,273,892
064273408,552,16,199,767
064273409,638,40,341,1019
064273410,446,12,145,603
064273411,379,21,175,575
064273412,752,47,362,1161
064273413,524,18,217,759
064273414,546,20,208,774
064273415,651,41,362,1054
064273501,654,31,284,969
064273502,346,13,167,526
064273503,328,9,139,476
064273504,369,22,192,583
064273505,539,34,248,821
064273506,639,44,367,1050
064273507,419,27,135,581
064273508,588,43,261,892
064273509,747,41,405,1193
064273510,411,21,192,624
064273511,698,41,268,1007
064273512,659,45,298,1002
064273513,472,26,203,701
064273601,403,14,183,600
064273602,591,29,237,857
064273603,423,24,202,649
064273604,352,25,121,498
064273605,403,11,153,567
064273606,425,22,132,579
064273607,240,16,145,401
064273608,218,13,70,301
064273609,522,35,321,878
064273610,478,18,250,746
064273611,468,24,302,794
064273612,316,6,126,448
064273701,277,18,157,452
064273702,365,23,160,548
064273703,342,15,166,523
064273704,725,36,362,1123
064273705,510,19,206,735
064273706,908,29,481,1418
064273707,734,44,364,1142
064273708,593,40,329,962
064273709,772,36,363,1171
064273710,1070,73,434,1577
064273801,805,26,274,1105
064273802,801,25,307,1133
064273803,1211,54,483,1748
064273804,454,19,229,702
064273805,608,35,237,880
064273806,532,33,267,832
064273807,646,30,421,1097
064273808,666,48,386,1100
064273809,296,22,127,445
064273810,663,46,347,1056
064273901,959,40,323,1322
064273902,634,36,259,929
064273903,441,20,212,673
064273904,651,50,416,1117
064273905,736,42,359,1137
064273906,487,35,233,755
064273907,495,29,276,800
064273908,37,5,23,65
064273909,765,37,310,1112
064273910,555,29,256,840
064273911,681,28,248,957
064274001,704,33,256,993
064274002,864,57,334,1255
064274003,457,35,212,704
064274004,855,42,307,1204
064274005,677,40,341,1058
064274006,729,43,298,1070
064274007,1847,73,534,2454
064274008,1337,62,472,1871
064274009,443,26,138,607
064274010,1037,59,491,1587
064274011,901,55,369,1325
064274012,447,23,211,681
064274101,1268,54,349,1671
064274102,1371,41,449,1861
064274103,1185,53,441,1679
064274104,703,48,357,1108
064274105,602,58,343,1003
064274106,712,66,361,1139
064274107,1932,136,748,2816
064274108,1237,73,641,1951
064274109,1142,79,495,1716
064274110,571,24,247,842
064274201,849,28,295,1172
064274202,947,34,371,1352
064274203,1175,70,522,1767
064274204,1170,36,478,1684
064274205,875,40,232,1147
064274206,578,32,222,832
064274207,491,28,211,730
064274208,365,19,243,627
064274209,861,60,423,1344
064274210,388,27,236,651
064274211,510,18,255,783
064274301,738,48,328,1114
064274302,785,47,296,1128
064274303,726,49,382,1157
064274304,611,29,274,914
064274305,781,31,339,1151
064274306,776,53,467,1296
064274307,543,56,356,955
064274308,568,37,325,930
064274309,586,38,304,928
064274310,537,28,242,807
064274311,495,23,221,739
064274401,1081,58,354,1493
064274402,528,29,233,790
064274403,757,40,382,1179
064274404,713,46,322,1081
064274405,358,11,147,516
064274406,395,21,264,680
064274407,346,14,176,536
064274408,418,21,183,622
064274409,395,19,184,598
064274410,544,26,240,810
064274411,348,26,158,532
064274412,798,45,357,1200
064274501,967,71,410,1448
064274502,704,46,237,987
064274503,512,35,242,789
064274504,793,30,363,1186
064274505,547,39,220,806
064274506,449,22,230,701
064274507,953,49,402,1404
064274508,839,37,491,1367
064274509,514,34,220,768
064274510,587,21,269,877
064274511,631,28,306,965
064274601,658,41,316,1015
064274602,425,48,213,686
064274603,1029,51,525,1605
064274604,995,63,500,1558
064274605,873,100,474,1447
064274606,1048,54,535,1637
064274607,597,53,362,1012
064274608,377,24,188,589
064274609,2152,152,1012,3316
064274610,601,43,211,855
064274611,604,57,275,936
064274612,738,24,328,1090
064274613,775,45,392,1212
064274701,504,45,248,797
064274702,781,37,203,1021
064274703,477,16,67,560
064274704,369,27,206,602
064274705,403,65,234,702
064274706,526,12,87,625
064274707,634,28,216,878
064274708,458,19,163,640
064274709,412,29,186,627
064274710,513,47,314,874
064274711,481,28,232,741
064274712,1545,10,355,1910
064274801,337,27,149,513
064274802,1108,74,419,1601
064274803,865,73,379,1317
064274804,697,38,332,1067
064274805,474,26,240,740
064274806,1044,40,543,1627
064274807,640,49,433,1122
064274808,864,67,469,1400
064274809,757,68,424,1249
064274810,832,52,410,1294
064274811,794,65,455,1314
064274812,880,65,534,1479
064274813,716,47,330,1093
064274814,725,91,509,1325
064274901,1098,59,549,1706
064274902,564,43,282,889
064274903,659,43,351,1053
064274904,776,59,370,1205
064274905,685,51,344,1080
064274906,1256,55,571,1882
064274907,881,16,385,1282
064274908,768,31,265,1064
064274909,1011,96,410,1517
064274910,689,53,359,1101
064274911,348,16,249,613
064274912,435,48,260,743
064275001,690,47,404,1141
064275002,541,32,319,892
064275003,679,13,325,1017
064275004,629,54,387,1070
064275005,623,40,257,920
064275006,915,32,317,1264
064275007,664,39,364,1067
064275008,653,16,160,829
064275009,494,24,289,807
064275010,640,38,292,970
064275011,739,35,287,1061
064275012,826,64,321,1211
064275013,477,17,225,719
064275101,608,33,173,814
064275102,640,21,193,854
064275103,557,14,212,783
064275104,539,26,252,817
064275105,588,35,254,877
064275106,498,17,166,681
064275107,601,18,254,873
064275108,959,40,301,1300
064275109,657,49,330,1036
064275110,739,16,321,1076
064275111,601,49,313,963
064275112,641,33,266,940
064275113,781,24,267,1072
064275114,949,37,401,1387
064275115,167,4,74,245
064275201,1032,66,378,1476
064275202,1032,54,428,1514
064275203,648,42,344,1034
064275204,779,42,320,1141
064275205,853,33,281,1167
064275206,808,72,305,1185
064275207,723,72,246,1041
064275208,726,51,239,1016
064275209,968,47,430,1445
064275210,620,46,222,888
064275211,664,34,215,913
064275212,854,42,274,1170
064275213,1026,41,343,1410
064275301,1042,49,511,1602
064275302,574,42,193,809
064275303,424,35,289,748
064275304,976,95,405,1476
064275305,1146,100,509,1755
064275306,959,119,587,1665
064275307,909,69,373,1351
064275308,764,90,410,1264
064275309,337,27,201,565
064275310,927,70,437,1434
064275401,868,60,400,1328
064275402,1094,82,493,1669
064275403,628,33,300,961
064275404,583,33,284,900
064275405,514,32,261,807
064275406,501,41,227,769
064275407,763,28,409,1200
064275408,723,64,337,1124
064275409,807,65,467,1339
064275410,1758,139,809,2706
064275411,550,21,332,903
064275412,742,76,465,1283
064275501,498,28,181,707
064275502,446,17,196,659
064275503,462,11,152,625
064275504,478,38,217,733
064275505,804,39,354,1197
064275506,816,36,364,1216
064275507,467,16,205,688
064275508,573,47,306,926
064275509,570,35,295,900
064275510,898,55,280,1233
064275511,906,76,392,1374
064275512,1032,69,387,1488
064275513,821,51,376,1248
064275601,495,25,282,802
064275602,820,84,481,1385
064275603,3417,110,854,4381
064275604,424,25,302,751
064275605,534,24,250,808
064275606,819,53,453,1325
064275607,380,31,158,569
064275608,614,46,280,940
064275609,632,40,291,963
064275610,716,45,354,1115
064275611,607,32,304,943
064275612,682,65,401,1148
064275613,516,39,259,814
064275701,647,51,305,1003
064275702,650,29,243,922
064275703,560,26,250,836
064275704,559,24,293,876
064275705,609,42,305,956
064275706,810,50,324,1184
064275707,693,61,407,1161
064275708,449,20,296,765
064275709,359,12,183,554
064275710,547,48,290,885
064275711,478,40,243,761
064275712,679,74,397,1150
064275713,773,47,446,1266
064275714,367,37,208,612
064275715,367,23,195,585
064275801,857,54,449,1360
064275802,699,51,450,1200
064275803,692,51,263,1006
064275804,697,49,298,1044
064275805,437,22,212,671
064275806,431,21,224,676
064275807,622,78,294,994
064275808,819,63,402,1284
064275809,319,25,74,418
064275810,544,35,276,855
064275811,401,21,233,655
064275812,508,34,224,766
064275813,548,26,220,794
064275814,477,23,188,688
064275815,1430,46,320,1796
064275901,1047,76,386,1509
064275902,339,16,172,527
064275903,967,62,578,1607
064275904,456,32,248,736
064275905,918,78,409,1405
064275906,437,41,173,651
064275907,426,30,204,660
064275908,595,45,292,932
064275909,436,25,256,717
064275910,577,37,326,940
064275911,607,60,310,977
064275912,494,38,263,795
064275913,512,35,218,765
064276001,1023,52,415,1490
064276002,847,32,264,1143
064276003,784,19,213,1016
064276004,620,30,260,910
064276005,1027,47,367,1441
064276006,1134,59,393,1586
064276007,1073,56,405,1534
064276008,1162,85,449,1696
064276009,982,78,357,1417
064276010,821,27,318,1166
064276011,972,39,344,1355
064276012,786,44,182,1012
064276013,463,20,264,747
064276014,400,25,176,601
064276015,438,23,258,719
064276016,751,59,365,1175
064276017,473,55,276,804
064276018,497,44,278,819
064276101,988,51,488,1527
064276102,1077,66,472,1615
064276103,835,48,417,1300
064276104,1014,45,426,1485
064276105,1020,57,595,1672
064276106,884,44,232,1160
064276107,863,63,323,1249
064276108,836,68,504,1408
064276109,919,95,495,1509
064276110,1056,77,476,1609
064276111,497,32,259,788
064276112,542,42,257,841
064276113,614,56,273,943
064276114,661,31,312,1004
064276201,605,41,233,879
064276202,807,85,361,1253
064276203,618,44,287,949
064276204,590,32,313,935
064276205,1259,100,557,1916
064276206,618,33,344,995
064276207,603,45,296,944
064276208,401,26,253,680
064276209,711,37,289,1037
064276210,1150,49,378,1577
064276211,759,25,218,1002
064276212,657,42,235,934
064276213,839,49,244,1132
064276214,457,25,211,693
064276215,560,49,239,848
064276216,808,49,333,1190
064276301,855,45,455,1355
064276302,242,9,80,331
064276303,565,40,329,934
064276304,518,36,305,859
064276305,565,26,250,841
064276306,735,69,398,1202
064276307,637,55,365,1057
064276308,810,56,441,1307
064276309,1046,114,455,1615
064276310,1346,123,577,2046
064276311,1128,58,411,1597
064276312,739,71,317,1127
064276401,473,17,295,785
064276402,539,20,198,757
064276403,904,62,296,1262
064276404,506,52,222,780
064276405,659,80,272,1011
064276406,574,36,297,907
064276407,823,52,414,1289
064276408,537,34,278,849
064276409,790,71,472,1333
064276410,882,44,458,1384
064276411,524,19,129,672
064276412,717,40,330,1087
064276413,439,62,184,685
064276414,530,40,261,831
064276415,867,41,262,1170
064276416,1338,39,294,1671
064276417,485,24,164,673
064276501,1052,51,373,1476
064276502,1031,48,411,1490
064276503,782,38,275,1095
064276504,1093,68,452,1613
064276505,499,22,207,728
064276506,709,68,283,1060
064276507,922,51,420,1393
064276508,512,24,226,762
064276509,467,29,155,651
064276510,556,39,219,814
064276511,1119,82,461,1662
064276512,602,34,231,867
064276513,422,66,304,792
064276514,577,40,259,876
064276515,780,32,367,1179
064276516,943,83,392,1418
064276517,916,87,485,1488
064276601,783,19,229,1031
064276602,610,42,322,974
064276603,1173,62,482,1717
064276604,856,35,412,1303
064276605,793,50,507,1350
064276606,546,40,307,893
064276607,537,33,267,837
064276608,622,34,305,961
064276609,580,40,256,876
064276610,695,47,242,984
064276611,570,70,280,920
064276701,676,55,243,974
064276702,1169,38,237,1444
064276703,531,33,197,761
064276704,1610,95,690,2395
064276705,677,47,247,971
064276706,811,54,345,1210
064276707,637,43,323,1003
064276708,637,45,281,963
064276709,667,40,158,865
064276710,525,34,213,772
064276711,618,32,227,877
064276712,869,55,325,1249
064276713,682,32,242,956
064276714,629,32,184,845
064276715,636,40,330,1006
064276716,571,57,291,919
064276717,678,42,255,975
064276718,900,32,358,1290
064276801,496,29,315,840
064276802,748,25,278,1051
064276803,381,18,221,620
064276804,514,13,242,769
064276805,457,11,258,726
064276806,689,36,287,1012
064276807,447,26,299,772
064276808,526,34,326,886
064276809,569,32,246,847
064276810,448,38,221,707
064276901,562,43,232,837
064276902,796,40,315,1151
064276903,734,35,318,1087
064276904,798,37,317,1152
064276905,1540,64,562,2166
064276906,653,38,283,974
064276907,746,52,316,1114
064276908,610,26,288,924
064276909,1042,48,396,1486
064276910,318,9,202,529
064276911,431,33,209,673
064276912,418,36,282,736
064276913,790,69,389,1248
064276914,709,29,367,1105
064276915,695,51,368,1114
064276916,535,81,284,900
064276917,654,48,410,1112
064277001,1277,11,209,1497
064277002,705,27,281,1013
064277003,683,44,260,987
064277004,938,46,447,1431
064277005,806,30,402,1238
064277006,671,32,215,918
064277007,548,21,239,808
064277008,860,46,315,1221
064277009,649,23,313,985
064277010,534,29,258,821
064277011,458,16,313,787
064277012,796,51,349,1196
064277013,428,18,216,662
064277014,609,31,271,911
064277015,421,50,238,709
064277016,419,35,255,709
064277017,440,27,247,714
064277018,414,25,261,700
064277101,680,71,275,1026
064277102,719,56,365,1140
064277103,551,34,186,771
064277104,459,36,194,689
064277105,423,38,193,654
064277106,453,35,210,698
064277107,871,56,354,1281
064277108,446,29,181,656
064277109,456,28,235,719
064277110,363,21,226,610
064277111,567,34,214,815
064277112,888,90,366,1344
064277113,817,68,313,1198
064277114,837,90,326,1253
064277115,698,48,329,1075
064277116,755,54,367,1176
064277201,1500,67,372,1939
064277202,496,46,275,817
064277203,431,18,190,639
064277204,599,39,336,974
064277205,756,43,333,1132
064277206,481,48,269,798
064277207,485,37,273,795
064277208,447,36,244,727
064277209,569,63,328,960
064277210,591,32,282,905
064277211,836,72,458,1366
064277212,622,66,353,1041
064277301,890,65,333,1288
064277302,940,79,441,1460
064277303,651,46,335,1032
064277304,585,46,248,879
064277305,683,39,460,1182
064277306,847,48,305,1200
064277307,1671,48,514,2233
064277308,921,66,482,1469
064277309,956,64,445,1465
064277310,924,63,398,1385
064277311,507,70,266,843
064277312,577,47,260,884
064277313,824,61,371,1256
064277314,498,38,404,940
064277315,635,60,285,980
064277316,504,54,264,822
064277401,889,44,383,1316
064277402,1074,100,440,1614
064277403,896,69,374,1339
064277404,898,25,245,1168
064277405,715,57,406,1178
064277406,966,69,433,1468
064277407,802,57,396,1255
064277408,716,85,323,1124
064277409,512,41,218,771
064277410,863,37,316,1216
064277411,1525,66,473,2064
064277412,788,46,334,1168
064277413,528,24,328,880
064277414,714,56,420,1190
064277415,753,45,296,1094
064277416,449,47,282,778
064277417,605,56,302,963
064277418,2291,139,764,3194
064277501,1213,45,268,1526
064277502,1443,46,334,1823
064277503,865,38,241,1144
064277504,1071,70,401,1542
064277505,924,87,449,1460
064277506,758,67,376,1201
064277507,803,60,248,1111
064277508,721,69,263,1053
064277509,599,46,309,954
064277510,884,74,357,1315
064277511,870,99,412,1381
064277512,722,56,309,1087
064277513,682,78,340,1100
064277514,584,52,289,925
064277515,688,75,314,1077
064277516,723,89,364,1176
064277601,839,74,348,1261
064277602,1295,34,362,1691
064277603,1399,88,429,1916
064277604,871,63,519,1453
064277605,802,123,455,1380
064277606,773,40,426,1239
064277607,1199,68,441,1708
064277608,1089,36,329,1454
064277609,884,127,371,1382
064277610,924,137,392,1453
064277611,1137,101,462,1700
064277612,1180,65,466,1711
064277613,487,26,173,686
064277614,524,69,226,819
064277615,1058,60,352,1470
064277616,1048,81,393,1522
064277617,537,52,264,853
064277618,524,29,261,814
064277701,616,49,412,1077
064277702,719,82,383,1184
064277703,855,58,502,1415
064277704,923,64,511,1498
064277705,511,37,311,859
064277706,884,50,497,1431
064277707,661,50,336,1047
064277708,547,48,255,850
064277709,559,25,177,761
064277710,903,72,361,1336
064277711,666,48,304,1018
064277712,962,65,429,1456
064277713,551,32,327,910
064277714,514,36,257,807
064277715,464,36,257,757
064277716,463,37,248,748
064277801,1860,86,412,2358
064277802,1668,64,434,2166
064277803,716,53,396,1165
064277804,662,35,276,973
064277805,854,56,352,1262
064277806,556,62,283,901
064277807,774,57,361,1192
064277808,472,46,286,804
064277809,551,49,277,877
064277810,664,57,332,1053
064277811,545,70,285,900
064277812,755,66,359,1180
064277813,878,54,379,1311
064277901,1332,76,457,1865
064277902,451,56,269,776
064277903,582,46,319,947
064277904,601,79,367,1047
064277905,897,55,458,1410
064277906,618,37,267,922
064277907,425,44,230,699
064277908,464,28,255,747
064277909,460,28,303,791
064277910,748,59,453,1260
064277911,867,85,425,1377
064278001,2078,78,540,2696
064278002,839,69,396,1304
064278003,867,58,406,1331
064278004,546,43,208,797
064278005,753,57,370,1180
064278006,850,56,403,1309
064278007,687,38,314,1039
064278008,760,98,398,1256
064278009,608,58,309,975
064278010,367,26,177,570
064278011,467,22,216,705
064278012,469,37,174,680
064278013,447,37,161,645
064278014,492,46,283,821
064278015,445,23,192,660
064278016,575,33,225,833
064278101,901,116,399,1416
064278102,741,35,284,1060
064278103,688,59,340,1087
064278104,723,24,283,1030
064278105,413,29,178,620
064278106,455,10,140,605
064278107,425,26,125,576
064278108,87,3,18,108
064278109,269,8,52,329
064278110,249,13,61,323
064278111,508,46,229,783
064278112,117,9,66,192
064278201,1015,87,360,1462
064278202,592,57,262,911
064278203,807,52,310,1169
064278204,677,38,197,912
064278205,1031,38,252,1321
064278206,1250,50,239,1539
064278207,987,80,415,1482
064278208,832,93,330,1255
064278209,1765,61,528,2354
064278210,712,49,318,1079
064278211,716,32,240,988
064278212,575,24,257,856
064278213,645,23,338,1006
064278301,639,44,325,1008
064278302,661,61,374,1096
064278303,675,43,433,1151
064278304,961,83,365,1409
064278305,1213,48,332,1593
064278306,813,48,283,1144
064278307,502,36,236,774
064278308,605,45,325,975
064278309,553,52,379,984
064278310,602,82,346,1030
064278311,642,24,307,973
064278312,632,46,339,1017
064278313,770,82,402,1254
064278314,685,36,348,1069
064278401,397,30,168,595
064278402,419,32,182,633
064278403,569,95,288,952
064278404,672,71,419,1162
064278405,862,60,482,1404
064278406,655,35,227,917
064278407,623,77,359,1059
064278408,700,41,339,1080
064278409,935,102,472,1509
064278410,650,36,264,950
064278411,807,62,395,1264
064278412,666,58,263,987
064278413,873,57,359,1289
064278414,377,16,185,578
064278415,948,44,476,1468
064278416,748,61,333,1142
064278417,813,79,379,1271
064278501,1114,44,434,1592
064278502,1045,66,405,1516
064278503,793,44,321,1158
064278504,602,43,248,893
064278505,581,19,329,929
064278506,728,55,358,1141
064278507,802,58,368,1228
064278508,405,14,221,640
064278509,869,45,432,1346
064278510,514,10,217,741
064278511,753,60,370,1183
064278512,691,64,394,1149
064278513,888,66,423,1377
064278601,639,45,334,1018
064278602,587,41,276,904
064278603,645,43,324,1012
064278604,652,40,304,996
064278605,574,38,254,866
064278606,529,44,267,840
064278607,779,40,379,1198
064278608,501,46,253,800
064278609,632,50,219,901
064278610,531,40,255,826
064278611,659,49,272,980
064278612,543,50,244,837
064278613,764,37,299,1100
064278614,711,44,354,1109
064278701,563,74,315,952
064278702,548,74,307,929
064278703,473,33,231,737
064278704,691,77,303,1071
064278705,900,72,393,1365
064278706,479,62,266,807
064278707,601,52,308,961
064278708,738,82,450,1270
064278709,510,32,273,815
064278710,639,55,292,986
064278711,75,6,35,116
064278712,434,53,234,721
064278713,557,41,303,901
064278714,490,38,307,835
064278715,422,53,218,693
064278801,636,67,337,1040
064278802,1039,72,489,1600
064278803,1028,76,479,1583
064278804,1053,59,442,1554
064278805,1348,93,482,1923
064278806,522,59,199,780
064278807,602,54,277,933
064278808,757,62,423,1242
064278809,748,96,420,1264
064278810,682,57,330,1069
064278811,354,45,177,576
064278812,562,41,270,873
064278813,716,82,321,1119
064278901,2118,89,417,2624
064278902,1386,99,317,1802
064278903,1009,89,540,1638
064278904,1116,66,572,1754
064278905,930,62,450,1442
064278906,942,75,426,1443
064278907,1135,39,477,1651
064278908,1035,65,387,1487
064278909,486,19,272,777
064278910,656,22,326,1004
064278911,969,121,436,1526
064278912,1035,55,474,1564
064278913,982,47,498,1527
064278914,986,43,511,1540
064279001,756,29,494,1279
064279002,927,67,478,1472
064279003,487,40,135,662
064279004,514,92,342,948
064279005,422,37,309,768
064279006,548,72,354,974
064279007,477,41,260,778
064279008,730,49,282,1061
064279009,1161,78,593,1832
064279010,1264,62,457,1783
064279011,574,23,207,804
064279012,549,36,167,752
064279013,481,26,207,714
064279014,664,25,286,975
064279101,1188,60,315,1563
064279102,586,28,177,791
064279103,802,29,375,1206
064279104,633,77,337,1047
064279105,438,27,259,724
064279106,506,31,281,818
064279107,550,77,264,891
064279108,645,37,261,943
064279109,500,33,203,736
064279110,339,35,160,534
064279111,406,50,212,668
064279112,1014,55,288,1357
064279113,246,17,91,354
064279114,229,10,57,296
064279115,202,9,89,300
064279116,163,4,54,221
064279201,705,50,313,1068
064279202,799,59,333,1191
064279203,483,27,193,703
064279204,885,86,332,1303
064279205,818,44,371,1233
064279206,877,39,425,1341
064279207,940,88,437,1465
064279208,871,54,357,1282
064279209,838,33,300,1171
064279210,817,38,306,1161
064279211,689,61,335,1085
064279212,596,54,307,957
064279213,621,35,346,1002
064279214,690,83,380,1153
064279215,445,36,236,717
064279216,613,29,358,1000
064279217,464,36,201,701
064279218,420,20,212,652
064279219,621,52,393,1066
064279301,800,54,193,1047
064279302,854,48,257,1159
064279303,620,44,226,890
064279304,712,45,294,1051
064279305,727,33,202,962
064279306,882,92,493,1467
064279307,828,61,388,1277
064279308,904,44,332,1280
064279309,777,50,343,1170
064279310,812,49,293,1154
064279311,903,94,433,1430
064279312,758,43,365,1166
064279313,830,52,400,1282
064279314,750,68,413,1231
064279315,854,56,293,1203
064279401,998,49,396,1443
064279402,855,74,404,1333
064279403,930,91,379,1400
064279404,1048,61,368,1477
064279405,1234,74,378,1686
064279406,1350,66,454,1870
064279407,551,25,271,847
064279408,489,59,236,784
064279409,696,59,392,1147
064279410,732,38,310,1080
064279411,761,67,392,1220
064279412,733,59,412,1204
064279413,710,55,357,1122
064279501,581,28,320,929
064279502,729,91,342,1162
064279503,894,97,441,1432
064279504,1050,58,448,1556
064279505,802,60,400,1262
064279506,837,50,243,1130
064279507,2371,84,665,3120
064279508,1175,37,298,1510
064279509,744,43,345,1132
064279510,846,51,313,1210
064279511,756,67,388,1211
064279512,990,101,459,1550
064279513,650,54,389,1093
064279514,691,52,349,1092
064279601,855,56,379,1290
064279602,791,40,234,1065
064279603,790,32,288,1110
064279604,1320,53,460,1833
064279605,1016,34,354,1404
064279606,1039,39,332,1410
064279607,540,35,280,855
064279608,945,45,344,1334
064279609,933,91,408,1432
064279610,907,72,384,1363
064279611,556,53,240,849
064279612,702,51,326,1079
064279613,74,2,22,98
064279614,876,57,281,1214
064279615,353,30,221,604
064279616,252,12,88,352
064279701,549,38,290,877
064279702,2184,85,603,2872
064279703,1023,48,348,1419
064279704,839,50,369,1258
064279705,350,42,185,577
064279706,897,76,375,1348
064279707,872,64,276,1212
064279708,709,50,290,1049
064279709,439,41,257,737
064279710,363,49,184,596
064279711,148,12,109,269
064279712,214,20,120,354
064279713,436,22,234,692
064279714,627,49,313,989
064279715,341,24,188,553
064279716,259,11,144,414
064279717,455,59,214,728
064279718,293,16,160,469
064279719,352,31,185,568
064279720,585,45,295,925
064279721,534,53,200,787
064279722,334,20,166,520
064279723,452,33,270,755
064279724,370,36,202,608
064340101,901,54,342,1297
064340102,448,16,212,676
064340103,382,22,249,653
064340104,481,23,276,780
064340105,526,37,284,847
064340106,595,38,250,883
064340107,412,22,205,639
064340108,462,29,200,691
064340109,364,21,189,574
064340110,516,23,203,742
064340111,457,27,267,751
064340201,400,36,196,632
064340202,90,5,48,143
064340203,438,17,240,695
064340204,318,25,195,538
064340205,409,19,224,652
064340206,416,16,235,667
064340207,101,5,33,139
064340208,270,18,179,467
064340209,84,2,33,119
064340210,328,12,125,465
064340211,562,36,241,839
064340212,476,28,197,701
064340301,524,20,281,825
064340302,409,23,217,649
064340303,791,51,428,1270
064340304,501,28,235,764
064340305,506,34,231,771
064340306,375,22,200,597
064340307,502,29,265,796
064340308,668,49,407,1124
064340309,773,59,390,1222
064340310,507,29,250,786
064340401,535,26,267,828
064340402,440,39,216,695
064340403,422,24,198,644
064340404,315,16,169,500
064340405,338,27,198,563
064340406,563,23,256,842
064340407,316,18,203,537
064340408,233,7,108,348
064340409,289,14,141,444
064340410,538,26,291,855
064340501,640,45,345,1030
064340502,591,39,298,928
064340503,369,24,245,638
064340504,456,15,234,705
064340505,530,52,272,854
064340506,398,24,199,621
064340507,549,42,266,857
064340508,436,43,276,755
064340601,515,31,272,818
064340602,436,57,272,765
064340603,512,37,324,873
064340604,551,38,254,843
064340605,437,28,212,677
064340606,580,27,297,904
064340607,512,39,262,813
064340608,538,41,306,885
064340609,554,60,281,895
064340701,372,25,213,610
064340702,407,49,246,702
064340703,452,49,237,738
064340704,334,42,163,539
064340705,454,45,234,733
064340706,230,22,132,384
064340707,2190,114,848,3152
064340708,256,19,135,410
064340709,302,28,138,468
064340710,341,24,176,541
064340711,215,45,148,408
064340801,318,18,170,506
064340802,691,47,382,1120
064340803,363,32,190,585
064340804,556,36,261,853
064340805,473,47,217,737
064340806,837,64,404,1305
064340807,386,34,200,620
064340808,155,11,77,243
064340809,469,25,166,660
064340810,614,47,240,901
064340811,570,44,274,888
064340812,682,71,438,1191
064340813,555,42,263,860
064340814,346,35,182,563
064340815,682,51,409,1142
064340816,568,114,362,1044
064340901,446,28,210,684
064340902,596,61,334,991
064340903,583,62,361,1006
064340904,376,37,193,606
064340905,398,39,194,631
064340906,510,45,207,762
064340907,515,26,228,769
064340908,504,42,207,753
064340909,551,57,265,873
064340910,496,39,252,787
064340911,394,30,214,638
064340912,411,53,251,715
064340913,455,40,205,700
064340914,611,54,320,985
064340915,549,28,361,938
064340916,452,51,354,857
064340917,383,23,165,571
064340918,463,40,281,784
064341001,464,49,255,768
064341002,231,18,157,406
064341003,300,14,167,481
064341004,336,35,185,556
064341005,355,33,183,571
064341006,487,52,282,821
064341007,497,45,306,848
064341008,522,35,296,853
064341009,580,33,318,931
064341010,562,39,312,913
064341011,743,101,399,1243
064341012,493,40,276,809
064341101,506,41,270,817
064341102,623,77,323,1023
064341103,357,29,262,648
064341104,428,26,243,697
064341105,376,19,222,617
064341106,374,42,221,637
064341107,307,33,156,496
064341108,366,31,196,593
064341109,391,42,252,685
064341110,296,29,159,484
064341111,433,55,259,747
064341112,571,56,320,947
064341113,609,48,268,925
064341114,412,19,193,624
064341201,489,27,292,808
064341202,581,42,303,926
064341203,497,22,265,784
064341204,563,46,254,863
064341205,446,35,269,750
064341206,543,40,321,904
064341207,605,39,353,997
064341208,461,30,239,730
064341301,526,30,259,815
064341302,329,15,179,523
064341303,456,24,194,674
064341304,269,23,166,458
064341305,530,41,303,874
064341306,390,17,221,628
064341307,455,22,220,697
064341308,530,38,295,863
064341309,499,28,310,837
064341310,529,38,265,832
064341311,669,70,358,1097
064341312,497,44,305,846
064341401,391,23,237,651
064341402,346,21,132,499
064341403,371,19,165,555
064341404,451,27,223,701
064341405,385,20,183,588
064341406,543,17,186,746
064341407,535,21,269,825
064341408,479,35,272,786
064341501,281,8,95,384
064341502,393,13,151,557
064341503,233,9,73,315
064341504,324,17,157,498
064341505,352,12,146,510
064341506,292,4,120,416
064341507,312,13,174,499
064341508,355,10,138,503
064341509,274,18,125,417
064341510,249,11,97,357
064341511,232,6,99,337
064341512,209,6,65,280
064341513,485,30,249,764
064341514,351,12,217,580
064341515,461,17,222,700
064341601,515,23,264,802
064341602,414,18,227,659
064341603,461,22,207,690
064341604,317,18,115,450
064341605,269,7,140,416
064341606,264,19,136,419
064341607,377,28,148,553
064341608,313,13,129,455
064341609,469,23,306,798
064341610,566,26,297,889
064341611,482,26,201,709
064341612,642,26,295,963
064341613,567,38,326,931
064341701,406,18,213,637
064341702,472,38,260,770
064341703,512,42,272,826
064341704,448,21,249,718
064341705,379,24,266,669
064341706,297,21,174,492
064341707,249,18,114,381
064341708,402,19,169,590
064341709,354,19,200,573
064341710,197,5,85,287
064341711,408,23,187,618
064341801,538,26,281,845
064341802,364,26,200,590
064341803,593,50,297,940
064341804,337,18,152,507
064341805,485,24,223,732
064341806,523,29,217,769
064341807,259,17,111,387
064341808,340,18,165,523
064341809,277,10,120,407
064341810,224,5,89,318
064341811,261,10,99,370
064341812,277,17,139,433
064341813,450,6,199,655
064341814,165,4,55,224
064341901,531,27,279,837
064341902,530,34,316,880
064341903,537,32,307,876
064341904,469,22,248,739
064341905,525,33,288,846
064341906,523,49,252,824
064341907,463,31,254,748
064341908,323,19,235,577
064341909,407,7,204,618
064342001,411,8,193,612
064342002,559,34,271,864
064342003,596,27,324,947
064342004,306,13,158,477
064342005,508,23,197,728
064342006,643,33,324,1000
064342007,408,26,193,627
064342008,508,23,277,808
064342009,439,25,244,708
064342010,438,40,233,711
064342101,565,30,203,798
064342102,388,23,206,617
064342103,379,13,216,608
064342104,329,23,144,496
064342105,343,18,235,596
064342106,330,24,187,541
064342107,290,11,180,481
064342108,429,28,190,647
064342109,272,13,223,508
064342110,320,11,143,474
064342111,303,16,167,486
064342112,493,44,261,798
064342113,488,44,276,808
064342201,550,32,168,750
064342202,544,32,158,734
064342203,331,31,137,499
064342204,552,45,258,855
064342205,456,8,210,674
064342206,531,51,232,814
064342207,396,27,171,594
064342208,555,56,254,865
064342209,682,34,274,990
064342210,766,66,392,1224
064342211,466,33,228,727
064342212,494,27,219,740
064342213,585,28,336,949
064342214,468,43,255,766
064342301,562,53,297,912
064342302,479,44,217,740
064342303,643,79,307,1029
064342304,738,52,362,1152
064342305,647,51,350,1048
064342306,686,42,387,1115
064342307,332,14,148,494
064342308,631,39,297,967
064342309,430,20,279,729
064342310,451,27,209,687
064342311,661,39,345,1045
064342312,447,35,236,718
064342313,22,2,10,34
064342314,383,53,249,685
064342315,555,20,233,808
064342401,431,27,210,668
064342402,327,30,138,495
064342403,288,30,160,478
064342404,337,33,219,589
064342405,375,16,252,643
064342406,354,29,211,594
064342407,324,18,202,544
064342408,659,54,338,1051
064342409,444,19,242,705
064342410,452,30,203,685
064342501,643,43,376,1062
064342502,315,38,174,527
064342503,266,28,154,448
064342504,303,32,172,507
064342505,367,31,217,615
064342506,512,30,195,737
064342507,559,35,231,825
064342508,511,35,291,837
064342509,371,23,191,585
064342510,449,26,209,684
064342511,467,22,256,745
064342512,371,24,194,589
064342513,453,29,225,707
064342514,379,17,230,626
064342515,314,20,242,576
064342516,538,49,276,863
064342517,385,40,220,645
064342518,321,36,173,530
064342601,601,37,238,876
064342602,290,20,121,431
064342603,625,33,230,888
064342604,639,41,338,1018
064342605,233,13,121,367
064342606,270,4,108,382
064342607,355,18,153,526
064342608,446,47,328,821
064342609,394,29,195,618
064342610,639,31,299,969
064342611,374,42,202,618
064342612,379,33,212,624
064342613,666,53,273,992
064342614,562,43,343,948
064342615,305,36,161,502
064342616,468,29,264,761
064342617,562,32,237,831
064342618,598,41,366,1005
064342619,683,70,296,1049
064342701,425,48,240,713
064342702,535,14,255,804
064342703,649,40,342,1031
064342704,436,42,263,741
064342705,272,30,176,478
064342706,528,55,277,860
064342707,480,27,249,756
064342708,478,30,214,722
064342709,590,41,261,892
064342710,702,53,403,1158
064342801,592,30,321,943
064342802,607,42,369,1018
064342803,718,84,367,1169
064342804,494,42,278,814
064342805,432,43,212,687
064342806,541,35,320,896
064342807,409,50,219,678
064342808,841,49,368,1258
064342809,648,27,390,1065
064342810,628,48,304,980
064342811,384,31,159,574
064342812,336,15,250,601
064342813,363,18,190,571
064342814,499,25,213,737
064342901,514,37,300,851
064342902,626,38,314,978
064342903,453,20,271,744
064342904,445,20,251,716
064342905,439,39,213,691
064342906,426,35,232,693
064342907,520,33,282,835
064342908,460,21,255,736
064342909,554,33,287,874
064342910,263,42,205,510
064342911,303,18,164,485
064343001,368,19,200,587
064343002,328,20,175,523
064343003,468,20,209,697
064343004,490,35,255,780
064343005,474,18,245,737
064343006,514,23,220,757
064343007,522,28,302,852
064343008,407,12,139,558
064343009,485,24,256,765
064343101,561,46,291,898
064343102,369,9,125,503
064343103,386,23,189,598
064343104,325,19,185,529
064343105,516,26,237,779
064343106,396,18,129,543
064343107,235,7,139,381
064343108,262,13,111,386
064343109,292,13,133,438
064343110,232,11,108,351
064343111,256,12,105,373
064343112,319,16,112,447
064343113,384,9,161,554
064343114,351,11,113,475
064343115,204,8,98,310
064343201,440,19,242,701
064343202,445,10,177,632
064343203,279,10,123,412
064343204,196,12,76,284
064343205,253,11,126,390
064343206,243,16,110,369
064343207,482,32,227,741
064343208,439,16,195,650
064343209,540,22,255,817
064343210,455,39,294,788
064343211,391,26,162,579
064343212,323,19,189,531
064343213,415,23,198,636
064343301,440,27,236,703
064343302,569,29,272,870
064343303,509,34,260,803
064343304,351,18,190,559
064343305,425,27,297,749
064343306,529,28,243,800
064343307,503,34,260,797
064343308,350,11,196,557
064343401,486,22,302,810
064343402,547,37,329,913
064343403,445,35,231,711
064343404,322,46,207,575
064343405,349,26,202,577
064343406,410,28,219,657
064343407,389,34,262,685
064343408,341,26,179,546
064343409,298,19,172,489
064343410,534,29,303,866
064343411,516,43,255,814
064343412,796,67,436,1299
064343413,566,30,276,872
064343414,573,39,252,864
064343501,551,29,314,894
064343502,279,24,171,474
064343503,270,12,173,455
064343504,753,43,313,1109
064343505,219,14,121,354
064343506,453,28,214,695
064343507,424,37,197,658
064343508,725,56,334,1115
064343509,423,39,228,690
064343510,558,30,255,843
064343511,488,39,323,850
064343512,305,6,134,445
064343513,525,15,257,797
064343601,415,92,368,875
064343602,618,38,294,950
064343603,499,35,278,812
064343604,461,33,276,770
064343605,422,34,242,698
064343606,515,42,307,864
064343607,401,23,181,605
064343608,373,31,183,587
064343701,339,21,183,543
064343702,421,39,212,672
064343703,328,31,191,550
064343704,433,29,273,735
064343705,493,28,271,792
064343706,487,23,259,769
064343707,411,30,256,697
064343708,378,17,160,555
064343801,269,17,108,394
064343802,481,35,220,736
064343803,436,21,231,688
064343804,431,22,228,681
064343805,321,6,181,508
064343806,477,30,217,724
064343807,261,18,145,424
064343808,462,12,247,721
064343809,356,11,201,568
064343901,369,25,196,590
064343902,336,20,182,538
064343903,381,33,217,631
064343904,312,13,215,540
064343905,423,22,291,736
064343906,388,26,226,640
064343907,406,22,226,654
064343908,261,10,128,399
064343909,404,61,205,670
064344001,562,27,295,884
064344002,488,36,294,818
064344003,259,30,175,464
064344004,204,21,134,359
064344005,270,23,186,479
064344006,350,11,178,539
064344007,371,10,153,534
064344008,506,22,288,816
064344101,451,20,187,658
064344102,391,30,223,644
064344103,557,46,301,904
064344104,538,39,261,838
064344105,457,28,302,787
064344106,566,44,236,846
064344107,275,18,162,455
064344108,488,41,291,820
064344201,526,50,301,877
064344202,553,32,267,852
064344203,289,15,184,488
064344204,402,35,259,696
064344205,377,29,260,666
064344206,434,35,231,700
064344207,425,34,197,656
064344208,416,33,219,668
064344301,560,23,309,892
064344302,414,40,214,668
064344303,579,31,280,890
064344304,400,40,239,679
064344305,351,24,217,592
064344306,413,14,290,717
064344307,411,20,223,654
064344308,326,20,204,550
064344401,274,24,138,436
064344402,382,54,261,697
064344403,422,31,215,668
064344404,313,26,153,492
064344405,594,50,259,903
064344406,682,61,434,1177
064344407,673,62,417,1152
064344408,324,21,214,559
064344409,286,47,166,499
064344410,410,33,247,690
064344411,396,29,215,640
064344412,577,29,341,947
064344501,550,42,312,904
064344502,841,74,392,1307
064344503,558,24,233,815
064344504,583,44,232,859
064344505,615,44,326,985
064344506,385,43,173,601
064344507,564,36,282,882
064344508,678,33,250,961
064344509,433,38,219,690
064344510,405,27,215,647
064344511,528,37,285,850
064344512,781,42,434,1257
064900101,365,44,221,630
064900102,493,93,269,855
064900103,287,59,232,578
064900104,376,71,248,695
064900105,431,71,275,777
064900106,342,60,216,618
064900107,340,66,218,624
064900108,371,46,234,651
064900109,345,31,253,629
064900110,246,54,170,470
064900111,390,48,263,701
064900112,450,62,289,801
064900113,252,31,147,430
064900114,353,40,245,638
064900201,693,43,535,1271
064900202,896,72,552,1520
064900203,604,42,385,1031
064900204,601,40,218,859
064900205,654,26,337,1017
064900206,607,63,398,1068
064900207,837,45,389,1271
064900208,1029,69,441,1539
064900209,778,44,411,1233
064900210,673,38,303,1014
064900301,598,36,291,925
064900302,633,64,376,1073
064900303,514,19,209,742
064900304,233,8,106,347
064900305,253,28,166,447
064900306,723,35,329,1087
064900307,438,16,266,720
064900308,431,20,186,637
064900309,531,34,329,894
064900310,776,75,521,1372
064900311,253,14,118,385
064900312,515,44,308,867
064900313,507,31,319,857
064900401,663,68,357,1088
064900402,520,50,312,882
064900403,452,20,246,718
064900404,434,25,238,697
064900405,566,67,300,933
064900406,631,56,334,1021
064900407,693,48,295,1036
064900408,588,27,235,850
064900409,348,28,205,581
064900410,599,11,183,793
064900411,715,39,421,1175
064900412,390,42,204,636
064900413,508,26,229,763
064900414,879,69,369,1317
064900501,490,74,219,783
064900502,619,37,335,991
064900503,435,32,210,677
064900504,440,29,192,661
064900505,384,15,182,581
064900506,532,35,272,839
064900507,461,33,227,721
064900508,793,40,283,1116
064900509,516,16,188,720
064900510,875,39,318,1232
064900511,562,29,250,841
064900512,692,66,400,1158
064900513,385,57,131,573
064900514,581,51,237,869
064900515,839,61,376,1276
064900516,919,45,421,1385
064900601,375,28,243,646
064900602,542,36,328,906
064900603,423,21,167,611
064900604,472,47,319,838
064900605,347,28,183,558
064900606,280,13,178,471
064900607,568,38,255,861
064900608,634,38,329,1001
064900609,403,34,176,613
064900610,331,20,214,565
064900611,376,31,245,652
064900612,424,20,225,669
064900613,537,32,232,801
064900614,561,41,233,835
064900615,485,30,227,742
064900701,418,31,194,643
064900702,452,34,237,723
064900703,611,55,318,984
064900704,460,43,209,712
064900705,574,20,319,913
064900706,633,35,260,928
064900707,555,40,258,853
064900708,429,4,91,524
064900709,376,20,154,550
064900710,528,33,218,779
064900711,361,29,185,575
064900712,574,28,272,874
064900713,353,15,212,580
064900714,419,28,211,658
064900715,499,22,249,770
064900801,364,24,180,568
064900802,365,17,200,582
064900803,661,26,316,1003
064900804,316,14,96,426
064900805,250,17,99,366
064900806,300,10,162,472
064900807,299,6,82,387
064900808,544,23,268,835
064900809,553,27,302,882
064900901,548,29,316,893
064900902,441,36,220,697
064900903,312,14,186,512
064900904,305,10,146,461
064900905,598,35,300,933
064900906,521,18,255,794
064900907,431,15,166,612
064900908,412,13,205,630
064900909,289,9,180,478
064901001,359,15,198,572
064901002,610,37,279,926
064901003,483,23,190,696
064901004,519,12,268,799
064901005,553,30,247,830
064901006,314,15,120,449
064901007,322,12,142,476
064901008,431,15,239,685
064901009,393,28,229,650
064901010,495,26,240,761
064901011,587,16,307,910
064901012,440,14,276,730
064901013,513,13,253,779
064901014,435,15,166,616
064901015,393,10,216,619
064901101,248,10,108,366
064901102,468,33,182,683
064901103,423,25,228,676
064901104,473,14,223,710
064901105,478,25,219,722
064901106,247,11,78,336
064901107,220,4,111,335
064901108,217,9,64,290
064901109,265,15,103,383
064901110,265,6,136,407
064901111,248,14,93,355
064901112,314,12,119,445
064901113,433,13,218,664
064901114,424,28,269,721
064901115,325,16,167,508
064901116,504,28,222,754
064901117,455,8,217,680
064901118,432,9,175,616
064901201,414,17,216,647
064901202,544,41,317,902
064901203,470,22,267,759
064901204,276,16,139,431
064901205,288,17,132,437
064901206,517,23,285,825
064901207,506,33,229,768
064901208,432,26,245,703
064901209,469,43,241,753
064901210,487,35,259,781
064901301,543,27,298,868
064901302,579,32,270,881
064901303,496,32,240,768
064901304,328,17,164,509
064901305,379,20,151,550
064901306,612,46,249,907
064901307,355,14,198,567
064901308,392,30,240,662
064901309,651,26,336,1013
064901310,600,36,359,995
064901311,572,56,346,974
064901312,452,44,307,803
064901313,528,44,218,790
064901314,606,51,336,993
064901315,707,36,408,1151
064901401,527,33,266,826
064901402,560,45,259,864
064901403,408,30,141,579
064901404,365,49,225,639
064901405,508,38,243,789
064901406,351,22,193,566
064901407,431,23,207,661
064901408,436,10,184,630
064901409,408,27,180,615
064901410,554,38,356,948
064901411,565,56,274,895
064901412,636,54,417,1107
064901501,492,87,260,839
064901502,527,54,248,829
064901503,412,23,207,642
064901504,456,23,237,716
064901505,466,38,288,792
064901506,292,20,154,466
064901507,391,23,209,623
064901508,426,22,211,659
064901509,321,18,152,491
064901510,471,54,269,794
064901511,609,34,309,952
064901601,667,86,389,1142
064901602,329,28,156,513
064901603,535,50,296,881
064901604,283,9,159,451
064901605,584,44,306,934
064901606,415,16,222,653
064901607,424,38,201,663
064901608,502,39,269,810
064901609,570,34,289,893
064901701,540,36,346,922
064901702,554,42,371,967
064901703,414,47,229,690
064901704,636,41,320,997
064901705,669,41,398,1108
064901706,625,54,420,1099
064901707,647,39,322,1008
064901708,729,49,402,1180
064901709,442,32,295,769
064901801,592,44,335,971
064901802,513,44,232,789
064901803,573,33,288,894
064901804,636,31,319,986
064901805,357,30,158,545
064901806,361,40,190,591
064901807,543,43,323,909
064901808,554,38,300,892
064901809,564,26,317,907
064901810,486,65,257,808
064901811,605,26,286,917
064901812,667,27,372,1066
064901813,773,36,322,1131
064901814,715,52,377,1144
064901815,813,60,431,1304
064901816,504,34,249,787
064901901,497,43,274,814
064901902,461,22,232,715
064901903,401,27,180,608
064901904,331,26,159,516
064901905,414,20,213,647
064901906,440,10,220,670
064901907,565,33,295,893
064901908,390,20,209,619
064901909,237,14,151,402
064901910,477,34,263,774
064901911,327,30,205,562
064901912,274,7,191,472
064902001,471,31,242,744
064902002,484,19,183,686
064902003,518,40,312,870
064902004,319,22,170,511
064902005,447,24,230,701
064902006,458,29,230,717
064902007,581,39,270,890
064902008,334,34,205,573
064902009,335,16,191,542
064902101,570,23,296,889
064902102,508,23,310,841
064902103,545,32,229,806
064902104,346,19,215,580
064902105,520,27,187,734
064902106,487,15,174,676
064902107,429,14,197,640
064902108,239,5,68,312
064902109,335,12,129,476
064902110,451,23,241,715
064902201,461,12,168,641
064902202,332,15,157,504
064902203,350,13,121,484
064902204,230,0,91,321
064902205,250,6,121,377
064902206,323,9,83,415
064902207,212,5,70,287
064902208,125,11,49,185
064902209,244,5,89,338
064902210,440,10,221,671
064902211,266,8,149,423
064902212,54,0,30,84
064902301,459,20,216,695
064902302,350,22,167,539
064902303,413,15,253,681
064902304,391,17,215,623
064902305,390,29,173,592
064902306,492,19,208,719
064902307,347,14,145,506
064902308,155,3,38,196
064902309,353,8,142,503
064902310,270,7,117,394
064902311,244,8,149,401
064902312,249,3,140,392
064902313,233,5,103,341
064902401,424,20,183,627
064902402,489,28,229,746
064902403,295,9,121,425
064902404,501,20,209,730
064902405,385,21,194,600
064902406,407,19,188,614
064902407,282,8,115,405
064902408,243,5,66,314
064902409,209,2,62,273
064902410,305,8,131,444
064902411,208,6,119,333
064902501,498,38,275,811
064902502,425,22,234,681
064902503,421,17,209,647
064902504,379,16,207,602
064902505,366,11,181,558
064902506,407,26,246,679
064902507,447,24,204,675
064902508,548,31,263,842
064902601,506,24,210,740
064902602,380,19,238,637
064902603,507,21,249,777
064902604,239,19,130,388
064902605,337,11,195,543
064902606,511,18,258,787
064902607,652,17,240,909
064902608,377,23,188,588
064902609,202,17,142,361
064902610,632,27,236,895
064902611,434,13,202,649
064902612,426,34,230,690
064902613,438,24,259,721
064902701,493,27,174,694
064902702,667,46,395,1108
064902703,490,21,267,778
064902704,406,20,184,610
064902705,716,39,331,1086
064902706,520,41,229,790
064902707,457,22,262,741
064902708,456,32,279,767
064902709,346,47,303,696
064902710,689,52,432,1173
064902711,789,49,391,1229
064902712,631,74,360,1065
064902713,285,27,152,464
064902801,517,42,250,809
064902802,351,22,181,554
064902803,580,26,343,949
064902804,714,47,394,1155
064902805,490,20,252,762
064902806,652,33,324,1009
064902807,331,29,205,565
064902808,292,21,182,495
064902809,309,12,156,477
064902810,642,29,395,1066
064902811,464,29,215,708
064902901,651,32,360,1043
064902902,761,64,414,1239
064902903,530,50,286,866
064902904,642,35,288,965
064902905,612,51,218,881
064902906,700,84,321,1105
064902907,694,57,372,1123
064902908,680,92,410,1182
064902909,673,41,392,1106
064902910,528,36,362,926
064902911,714,55,412,1181
064903001,495,16,223,734
064903002,940,68,468,1476
064903003,494,36,240,770
064903004,484,38,232,754
064903005,797,57,373,1227
064903006,527,29,289,845
064903007,501,39,229,769
064903008,455,44,300,799
064903009,545,47,241,833
064903010,576,49,299,924
064903101,422,44,200,666
064903102,497,30,258,785
064903103,676,60,365,1101
064903104,689,51,346,1086
064903105,568,38,293,899
064903106,634,53,356,1043
064903107,608,62,328,998
064903108,836,78,280,1194
064903109,516,70,269,855
064903110,464,36,215,715
064903201,840,48,408,1296
064903202,777,82,377,1236
064903203,783,58,262,1103
064903204,557,77,251,885
064903205,518,29,189,736
064903206,895,63,425,1383
064903207,654,34,245,933
064903208,727,67,395,1189
064903209,427,16,230,673
064903210,561,50,273,884
064903301,331,21,264,616
064903302,508,48,269,825
064903303,755,67,362,1184
064903304,585,52,235,872
064903305,909,72,310,1291
064903306,607,75,231,913
064903307,456,37,175,668
064903308,565,19,241,825
064903309,694,32,276,1002
064903310,756,53,281,1090
064903401,1048,63,471,1582
064903402,726,46,354,1126
064903403,582,35,250,867
064903404,582,41,376,999
064903405,727,57,382,1166
064903406,568,25,214,807
064903407,528,59,250,837
064903408,498,22,187,707
064903409,499,37,239,775
064903410,596,74,309,979
064903411,636,62,342,1040
064903412,546,28,336,910
064903413,609,90,353,1052
064903414,624,57,338,1019
064903415,492,21,200,713
064903501,500,43,165,708
064903502,525,24,170,719
064903503,627,31,246,904
064903504,635,54,224,913
064903505,523,22,258,803
064903506,686,77,277,1040
064903507,506,31,229,766
064903508,827,47,401,1275
064903509,458,32,220,710
064903510,548,40,293,881
064903511,412,61,240,713
064903512,539,23,170,732
064903513,804,99,481,1384
064903514,784,61,306,1151
064903515,461,30,187,678
064903516,377,23,149,549
064903517,644,36,203,883
064903518,653,44,324,1021
064903601,867,32,308,1207
064903602,819,82,358,1259
064903603,469,64,258,791
064903604,577,66,331,974
064903605,529,49,263,841
064903606,692,39,248,979
064903607,499,27,292,818
064903608,520,49,258,827
064903609,465,23,292,780
064903610,765,71,350,1186
064903611,583,15,252,850
064903612,559,19,321,899
064903701,608,57,283,948
064903702,573,32,170,775
064903703,398,22,202,622
064903704,481,16,217,714
064903705,505,40,235,780
064903706,616,42,296,954
064903707,513,24,191,728
064903708,381,20,187,588
064903709,988,49,441,1478
064903710,676,38,358,1072
064903711,1082,46,362,1490
064903712,572,45,317,934
064903713,768,56,426,1250
064903714,736,45,416,1197
064903801,417,15,158,590
064903802,594,47,333,974
064903803,376,8,98,482
064903804,385,30,248,663
064903805,714,36,332,1082
064903806,582,33,251,866
064903807,707,40,253,1000
064903808,989,40,398,1427
064903809,554,21,251,826
064903810,564,37,215,816
064903811,643,47,296,986
064903812,472,25,204,701
064903813,419,19,188,626
064903814,478,27,149,654
064903815,341,24,167,532
064903816,988,16,413,1417
064903817,965,51,450,1466
064903901,622,23,161,806
064903902,342,23,94,459
064903903,1439,72,594,2105
064903904,842,28,325,1195
064903905,902,42,250,1194
064903906,869,44,290,1203
064903907,380,24,135,539
064903908,538,38,223,799
064903909,601,26,325,952
064903910,445,23,263,731
064903911,768,47,461,1276
064903912,609,22,190,821
064903913,409,21,189,619
064903914,725,44,287,1056
064903915,1104,38,442,1584
064903916,652,37,277,966
064904001,446,26,178,650
064904002,430,41,208,679
064904003,604,23,246,873
064904004,898,68,315,1281
064904005,503,17,232,752
064904006,1061,75,473,1609
064904007,773,64,248,1085
064904008,706,71,424,1201
064904009,1019,48,311,1378
064904010,721,61,308,1090
064904011,572,39,250,861
064904012,801,73,352,1226
064904013,808,51,302,1161
064904101,32,0,2,34
064904102,50,8,36,94
064904201,438,22,223,683
064904202,467,31,283,781
064904203,462,25,181,668
064904204,466,24,259,749
064904205,432,17,174,623
064904206,508,32,246,786
064904207,533,27,334,894
064904208,481,20,184,685
064904301,28,0,5,33
064904302,369,8,145,522
064904303,392,30,235,657
064904304,520,32,286,838
064904305,3,0,1,4
064904306,478,41,252,771
064904307,395,35,243,673
064904308,376,47,146,569
064904309,731,55,347,1133
064904310,575,35,298,908
064904311,302,15,186,503
064904312,399,12,300,711
064904313,444,41,252,737
064904314,355,10,191,556
064904401,456,17,200,673
064904402,543,27,303,873
064904403,460,13,252,725
064904404,671,36,273,980
064904405,667,56,365,1088
064904406,707,24,281,1012
064904407,564,27,287,878
064904408,572,40,278,890
064904409,722,35,433,1190
064904410,444,42,197,683
064904411,408,25,180,613
064904412,420,44,251,715
064904413,509,27,236,772
064904501,437,26,193,656
064904502,603,47,266,916
064904503,559,52,283,894
064904504,638,33,351,1022
064904505,611,33,305,949
064904506,562,38,304,904
064904507,275,15,146,436
064904508,354,15,187,556
064904601,461,14,223,698
064904602,357,23,177,557
064904603,434,18,199,651
064904604,478,15,191,684
064904605,159,5,112,276
064904606,248,6,160,414
064904607,469,27,249,745
064904608,394,34,200,628
064904609,456,38,224,718
064904610,33,0,22,55
064904611,574,28,252,854
064904612,431,20,184,635
064904701,146,5,43,194
064904702,458,19,260,737
064904703,315,11,175,501
064904704,310,9,195,514
064904705,447,18,212,677
064904706,349,21,176,546
064904707,508,36,271,815
064904708,448,26,225,699
064904709,351,19,179,549
064904710,424,16,176,616
064904711,491,15,192,698
064904712,411,17,235,663
064904713,376,12,198,586
064904801,448,8,238,694
064904802,457,8,214,679
064904803,391,13,210,614
064904804,509,21,213,743
064904805,257,8,145,410
064904806,196,22,123,341
064904807,413,29,226,668
064904808,459,42,216,717
064904809,303,16,111,430
064904810,371,27,184,582
064904811,367,26,196,589
064904901,396,19,194,609
064904902,531,25,199,755
064904903,399,4,142,545
064904904,630,33,245,908
064904905,396,22,191,609
064904906,546,21,299,866
064904907,465,20,174,659
064904908,298,6,123,427
064904909,309,21,161,491
064904910,513,17,216,746
064904911,497,15,182,694
064905001,556,17,256,829
064905002,582,20,293,895
064905003,436,19,153,608
064905004,162,17,86,265
064905005,412,29,205,646
064905006,574,32,287,893
064905007,529,9,281,819
064905008,462,24,250,736
064905009,314,16,164,494
064905010,709,26,270,1005
064905011,363,20,193,576
064905101,380,28,200,608
064905102,474,40,186,700
064905103,321,34,186,541
064905104,280,55,152,487
064905105,668,37,369,1074
064905106,518,40,282,840
064905107,586,25,316,927
064905108,552,38,262,852
064905109,422,25,227,674
064905110,280,11,135,426
064905111,233,18,145,396
065150101,331,35,113,479
065150102,1,0,0,1
065150103,848,86,409,1343
065150104,830,75,348,1253
065150105,874,52,354,1280
065150106,677,68,268,1013
065150107,418,50,218,686
065150108,875,82,404,1361
065150109,458,38,260,756
065150110,753,79,340,1172
065150111,776,69,389,1234
065150112,958,80,376,1414
065150113,1009,106,461,1576
065150201,140,10,56,206
065150202,574,48,217,839
065150203,281,26,115,422
065150204,50,0,31,81
065150205,363,26,166,555
065150206,326,14,146,486
065150207,744,36,275,1055
065150208,657,15,155,827
065150209,603,41,287,931
065150210,829,64,512,1405
065150211,644,29,252,925
065150212,538,30,241,809
065150213,368,47,169,584
065150214,763,106,387,1256
065150215,625,77,285,987
065150216,542,45,203,790
065150301,628,66,308,1002
065150302,659,46,348,1053
065150303,745,34,300,1079
065150304,648,70,264,982
065150305,407,50,167,624
065150306,534,43,255,832
065150307,580,36,223,839
065150308,422,44,224,690
065150309,468,58,203,729
065150310,498,49,267,814
065150311,432,26,257,715
065150312,533,38,244,815
065150313,384,31,197,612
065150314,489,39,197,725
065150401,652,36,239,927
065150402,547,46,229,822
065150403,594,65,311,970
065150404,348,13,184,545
065150405,518,8,208,734
065150406,717,47,372,1136
065150407,520,54,270,844
065150408,677,29,322,1028
065150409,552,41,273,866
065150410,491,45,262,798
065150411,382,28,158,568
065150501,438,28,218,684
065150502,430,49,188,667
065150503,840,45,434,1319
065150504,831,74,318,1223
065150505,511,32,224,767
065150506,600,18,280,898
065150507,599,28,229,856
065150508,356,17,186,559
065150509,609,43,248,900
065150510,171,17,61,249
065150511,802,29,416,1247
065150512,715,69,364,1148
065150601,472,49,190,711
065150602,584,47,240,871
065150603,384,45,229,658
065150604,492,38,272,802
065150605,334,24,161,519
065150606,681,29,292,1002
065150607,714,40,257,1011
065150608,476,31,221,728
065150609,767,59,356,1182
065150610,447,33,205,685
065150611,338,26,195,559
065150612,402,34,165,601
065150613,333,26,137,496
065150614,541,28,241,810
065150615,395,32,147,574
065150616,475,42,232,749
065150701,902,91,424,1417
065150702,582,41,262,885
065150703,518,44,259,821
065150704,930,83,495,1508
065150705,501,52,230,783
065150706,610,44,248,902
065150707,641,35,267,943
065150708,704,82,323,1109
065150709,813,74,396,1283
065150710,437,25,233,695
065150711,314,26,163,503
065150712,852,43,346,1241
065150713,480,22,166,668
065150714,424,46,238,708
065150801,576,33,325,934
065150802,553,30,219,802
065150803,515,38,271,824
065150804,457,31,209,697
065150805,428,19,190,637
065150806,400,33,224,657
065150807,618,43,281,942
065150808,633,37,258,928
065150809,690,41,284,1015
065150810,571,57,264,892
065150811,560,51,366,977
065150812,527,24,272,823
065150901,453,20,200,673
065150902,744,22,280,1046
065150903,445,41,230,716
065150904,401,24,202,627
065150905,684,50,362,1096
065150906,609,30,205,844
065150907,338,22,176,536
065150908,445,28,216,689
065150909,705,55,325,1085
065150910,811,56,342,1209
065150911,496,28,225,749
065150912,588,30,253,871
065150913,655,60,408,1123
065150914,594,56,321,971
065151001,501,42,301,844
065151002,820,50,412,1282
065151003,718,39,325,1082
065151004,439,24,197,660
065151005,469,23,251,743
065151006,634,31,274,939
065151007,148,5,61,214
065151008,721,52,311,1084
065151009,572,30,286,888
065151010,441,16,140,597
065151011,395,41,183,619
065151012,309,15,117,441
065151013,516,30,263,809
065151014,601,41,266,908
065151015,513,24,191,728
065151101,634,27,238,899
065151102,701,49,325,1075
065151103,619,38,366,1023
065151104,378,32,197,607
065151105,353,29,200,582
065151106,428,33,193,654
065151107,429,20,187,636
065151108,477,29,197,703
065151109,644,43,303,990
065151110,634,40,373,1047
065151111,448,26,186,660
065151112,421,52,214,687
065151113,576,43,215,834
065151201,463,15,126,604
065151202,457,18,109,584
065151203,518,48,288,854
065151204,436,26,212,674
065151205,551,40,280,871
065151206,451,36,256,743
065151207,824,69,345,1238
065151208,417,36,220,673
065151209,707,78,343,1128
065151210,471,11,299,781
065151211,603,46,314,963
065151212,554,35,304,893
065151213,490,65,240,795
065151214,513,21,269,803
065151215,471,58,200,729
065151216,524,61,219,804
065151217,402,29,184,615
065151301,512,69,274,855
065151302,532,55,310,897
065151303,457,36,225,718
065151304,473,52,288,813
065151305,725,65,358,1148
065151306,728,56,387,1171
065151307,433,19,178,630
065151308,465,28,238,731
065151309,680,61,378,1119
065151310,612,57,305,974
065151311,715,46,374,1135
065151312,675,49,303,1027
065151313,527,29,236,792
065151314,468,38,210,716
065151401,526,63,245,834
065151402,510,59,224,793
065151403,567,60,350,977
065151404,899,113,453,1465
065151405,304,13,174,491
065151406,499,18,303,820
065151407,438,40,178,656
065151408,843,83,403,1329
065151409,373,59,232,664
065151410,642,52,324,1018
065151411,489,37,309,835
065151501,701,33,340,1074
065151502,542,23,200,765
065151503,597,59,338,994
065151504,620,55,270,945
065151505,653,69,355,1077
065151506,662,58,306,1026
065151507,698,51,358,1107
065151508,619,45,412,1076
065151509,606,45,277,928
065151510,683,76,325,1084
065151511,655,45,382,1082
065151512,619,38,230,887
065151513,730,42,257,1029
065151601,519,26,162,707
065151602,518,36,271,825
065151603,444,35,158,637
065151604,379,15,164,558
065151605,392,18,178,588
065151606,547,39,197,783
065151607,695,25,245,965
065151608,679,52,267,998
065151609,443,32,196,671
065151701,661,42,251,954
065151702,655,42,265,962
065151703,307,12,134,453
065151704,304,15,165,484
065151705,330,18,132,480
065151706,647,82,317,1046
065151707,596,25,168,789
065151708,238,17,95,350
065151709,163,10,74,247
065151710,554,38,261,853
065151801,874,64,383,1321
065151802,551,21,244,816
065151803,744,53,259,1056
065151804,597,77,369,1043
065151805,562,50,251,863
065151806,667,44,256,967
065151807,629,47,317,993
065151808,491,50,291,832
065151809,388,62,182,632
065151810,536,43,269,848
065151811,518,42,276,836
065151812,662,92,344,1098
065151813,578,19,209,806
065151901,832,69,320,1221
065151902,520,54,269,843
065151903,692,71,381,1144
065151904,743,79,390,1212
065151905,512,48,279,839
065151906,403,29,261,693
065151907,860,79,485,1424
065151908,706,59,334,1099
065151909,578,40,294,912
065151910,784,76,377,1237
065151911,906,78,394,1378
065151912,423,30,280,733
065151913,260,26,134,420
065151914,460,20,195,675
065152001,828,69,407,1304
065152002,469,29,237,735
065152003,559,58,265,882
065152004,448,38,254,740
065152005,508,23,233,764
065152006,386,32,212,630
065152007,445,36,195,676
065152008,578,41,253,872
065152009,558,44,302,904
065152010,812,81,349,1242
065152011,388,19,184,591
065152012,369,32,215,616
065152013,621,62,409,1092
065152014,782,66,533,1381
065152015,726,52,363,1141
065152101,206,8,111,325
065152102,247,12,120,379
065152103,389,12,112,513
065152104,427,32,151,610
065152105,517,34,153,704
065152106,478,28,234,740
065152107,359,25,160,544
065152108,541,34,199,774
065152109,618,56,309,983
065152110,557,38,266,861
065152111,489,40,244,773
065152112,444,34,191,669
065152113,537,36,184,757
065152114,406,33,169,608
065152115,352,30,169,551
065390101,662,43,353,1058
065390102,610,48,273,931
065390103,522,29,208,759
065390104,486,62,261,809
065390105,665,47,326,1038
065390106,727,53,417,1197
065390107,565,36,293,894
065390108,599,47,279,925
065390109,438,32,221,691
065390110,445,44,214,703
065390111,595,43,312,950
065390112,457,34,230,721
065390113,428,25,260,713
065390114,576,37,316,929
065390201,413,27,173,613
065390202,358,30,242,630
065390203,468,62,219,749
065390204,709,33,350,1092
065390205,465,26,198,689
065390206,608,34,409,1051
065390207,647,10,337,994
065390208,656,43,338,1037
065390209,347,13,151,511
065390210,372,21,227,620
065390211,430,36,282,748
065390212,392,30,187,609
065390213,402,20,220,642
065390214,375,30,155,560
065390301,433,39,303,775
065390302,447,40,281,768
065390303,390,16,346,752
065390304,605,21,297,923
065390305,542,9,205,756
065390306,421,9,187,617
065390307,518,28,243,789
065390308,296,12,134,442
065390309,423,23,232,678
065390310,699,42,338,1079
065390311,627,37,312,976
065390401,855,35,302,1192
065390402,783,23,332,1138
065390403,666,39,278,983
065390404,804,64,379,1247
065390405,498,32,270,800
065390406,792,37,350,1179
065390407,276,6,83,365
065390408,588,25,286,899
065390409,763,27,260,1050
065390410,396,12,192,600
065390411,567,16,216,799
065390412,425,23,222,670
065390413,377,16,163,556
065390414,284,10,122,416
065390501,417,20,234,671
065390502,662,44,333,1039
065390503,696,46,345,1087
065390504,550,43,285,878
065390505,423,38,213,674
065390506,496,15,175,686
065390507,647,31,347,1025
065390508,583,23,249,855
065390509,630,38,339,1007
065390601,725,41,311,1077
065390602,436,34,208,678
065390603,449,25,199,673
065390604,481,32,235,748
065390605,355,18,227,600
065390606,653,42,411,1106
065390607,779,49,397,1225
065390608,581,53,328,962
065390609,464,29,232,725
065390701,636,58,342,1036
065390702,499,33,340,872
065390703,760,45,309,1114
065390704,889,81,455,1425
065390705,627,49,276,952
065390706,593,55,316,964
065390707,375,8,173,556
065390708,486,48,277,811
065390709,683,65,372,1120
065390801,382,20,168,570
065390802,465,36,245,746
065390803,598,44,345,987
065390804,425,34,252,711
065390805,767,26,374,1167
065390806,485,59,259,803
065390807,490,39,269,798
065390808,907,100,528,1535
065390809,634,39,369,1042
065390810,532,41,272,845
065390811,475,32,231,738
065390812,1384,104,749,2237
065390813,600,43,296,939
065390814,525,49,256,830
065390815,558,35,289,882
065390901,41,1,25,67
065390902,276,16,133,425
065390903,592,33,258,883
065390904,638,53,350,1041
065390905,666,44,347,1057
065390906,815,64,385,1264
065390907,963,72,545,1580
065390908,751,72,386,1209
065390909,134,10,103,247
065390910,744,63,366,1173
065390911,552,8,79,639
065390912,700,35,336,1071
065391001,636,52,312,1000
065391002,698,70,357,1125
065391003,742,29,275,1046
065391004,543,49,268,860
065391005,382,30,146,558
065391006,450,27,237,714
065391007,1157,89,639,1885
065391008,946,68,453,1467
065391009,757,39,376,1172
065391010,915,69,359,1343
065391011,801,48,419,1268
065391012,906,118,383,1407
065391013,834,75,328,1237
065391014,667,51,406,1124
065391015,579,34,271,884
065391016,830,87,352,1269
065391017,157,16,106,279
065391101,477,28,280,785
065391102,671,44,360,1075
065391103,478,52,254,784
065391104,570,27,302,899
065391105,483,39,242,764
065391106,385,39,237,661
065391107,898,68,463,1429
065391108,837,107,510,1454
065391109,603,50,328,981
065391110,712,52,294,1058
065391111,621,71,286,978
065391112,387,42,254,683
065391113,577,52,286,915
065391114,715,76,398,1189
065391115,634,43,361,1038
065391116,664,116,341,1121
065391201,617,54,311,982
065391202,498,44,244,786
065391203,606,60,296,962
065391204,853,63,385,1301
065391205,562,33,229,824
065391206,531,26,278,835
065391207,532,27,316,875
065391208,639,71,326,1036
065391209,604,41,271,916
065391210,598,56,282,936
065391211,565,45,200,810
065391212,675,59,351,1085
065391213,521,47,331,899
065391214,565,87,253,905
065391215,510,28,200,738
065391301,804,65,430,1299
065391302,488,37,222,747
065391303,469,48,265,782
065391304,598,77,322,997
065391305,515,43,281,839
065391306,583,56,323,962
065391307,443,54,322,819
065391308,534,26,310,870
065391309,345,42,195,582
065391401,551,27,221,799
065391402,353,20,152,525
065391403,427,18,230,675
065391404,377,22,179,578
065391405,421,30,150,601
065391406,669,43,390,1102
065391407,838,58,418,1314
065391408,622,37,304,963
065391409,852,67,381,1300
065391410,438,29,191,658
065391411,428,35,219,682
065391412,497,29,270,796
065391413,509,44,202,755
065391414,459,33,229,721
065391415,454,43,234,731
065391416,470,29,214,713
065391501,340,7,158,505
065391502,368,19,183,570
065391503,326,10,99,435
065391504,599,40,340,979
065391505,195,7,116,318
065391506,361,16,132,509
065391507,425,27,235,687
065391508,391,14,174,579
065391509,340,18,240,598
065391510,305,19,153,477
065391511,466,38,246,750
065391601,371,17,226,614
065391602,701,37,354,1092
065391603,281,14,166,461
065391604,302,10,118,430
065391605,271,16,153,440
065391606,395,14,184,593
065391607,644,35,291,970
065391608,344,31,168,543
065391609,330,25,176,531
065391610,457,15,255,727
065391611,514,12,235,761
065391701,570,46,274,890
065391702,576,28,236,840
065391703,529,49,257,835
065391704,540,23,278,841
065391705,614,38,246,898
065391706,463,49,222,734
065391707,408,30,225,663
065391708,398,29,217,644
065391709,269,10,171,450
065391710,463,41,248,752
065391711,415,19,194,628
065391712,370,32,194,596
065391713,424,23,236,683
065391714,368,20,219,607
065391715,332,15,187,534
065391716,256,13,119,388
065391717,345,27,175,547
065391801,718,50,244,1012
065391802,653,30,252,935
065391803,746,48,370,1164
065391804,483,29,260,772
065391805,672,45,290,1007
065391806,714,52,321,1087
065391807,746,50,312,1108
065391808,738,52,279,1069
065391809,610,38,380,1028
065391901,496,49,294,839
065391902,550,55,313,918
065391903,475,42,292,809
065391904,445,34,294,773
065391905,576,36,300,912
065391906,512,37,188,737
065391907,498,43,297,838
065391908,448,35,285,768
065391909,456,27,297,780
065392001,391,29,199,619
065392002,19,2,3,24
065392003,452,44,249,745
065392004,496,36,241,773
065392005,501,43,277,821
065392006,642,49,299,990
065392007,373,23,149,545
065392008,716,77,419,1212
065392009,721,94,368,1183
065392010,787,55,419,1261
065392011,676,60,328,1064
065392012,724,57,377,1158
065392013,407,36,250,693
065392014,434,25,235,694
065392101,398,34,272,704
065392102,375,33,187,595
065392103,681,55,330,1066
065392104,734,60,369,1163
065392105,433,18,209,660
065392106,428,24,197,649
065392107,431,28,239,698
065392108,369,24,239,632
065392201,775,35,443,1253
065392202,796,115,476,1387
065392203,798,39,347,1184
065392204,595,41,278,914
065392205,626,80,366,1072
065392206,675,34,391,1100
065392207,758,72,428,1258
065392208,789,68,412,1269
065392301,457,43,287,787
065392302,602,77,311,990
065392303,493,36,333,862
065392304,499,52,271,822
065392305,710,67,389,1166
065392306,683,85,298,1066
065392307,552,39,231,822
065392308,597,38,272,907
065392309,654,54,296,1004
065392310,613,65,261,939
065392311,657,44,291,992
065392312,706,70,435,1211
065392313,613,22,403,1038
065392314,566,59,308,933
065392401,767,62,441,1270
065392402,473,24,276,773
065392403,374,48,242,664
065392404,787,56,330,1173
065392405,515,38,272,825
065392406,450,35,252,737
065392407,445,36,266,747
065392408,362,37,273,672
065392409,434,27,240,701
065392410,390,37,225,652
065392411,488,24,303,815
065392412,435,26,289,750
065392413,470,43,269,782
065392414,668,57,492,1217
065392415,803,100,417,1320
065392501,704,84,469,1257
065392502,575,60,337,972
065392503,761,68,490,1319
065392504,370,31,269,670
065392505,489,36,273,798
065392506,430,27,312,769
065392507,571,64,247,882
065392508,655,47,384,1086
065392509,785,85,374,1244
065392510,670,35,311,1016
065392511,399,37,280,716
065392512,427,51,201,679
065392601,722,49,363,1134
065392602,735,108,418,1261
065392603,533,55,192,780
065392604,446,40,260,746
065392605,595,57,359,1011
065392606,606,42,334,982
065392607,795,63,436,1294
065392608,652,67,340,1059
065392609,574,67,377,1018
065392610,602,54,313,969
065392611,478,71,260,809
065392612,677,61,333,1071
065392613,389,24,183,596
065392614,463,22,224,709
065392701,803,40,348,1191
065392702,642,42,256,940
065392703,677,63,380,1120
065392704,592,40,328,960
065392705,562,29,289,880
065392706,741,57,334,1132
065392707,620,43,372,1035
065392708,763,46,297,1106
065392709,626,38,315,979
065392710,502,44,306,852
065392711,717,52,267,1036
065392712,795,47,307,1149
065392801,483,32,220,735
065392802,498,22,347,867
065392803,528,43,277,848
065392804,712,51,396,1159
065392805,654,57,297,1008
065392806,783,88,352,1223
065392807,627,40,301,968
065392808,737,62,380,1179
065392809,576,36,234,846
065392810,761,32,346,1139
065392811,779,53,266,1098
065392812,514,35,228,777
065392901,55,0,35,90
065392902,91,2,50,143
065392903,134,2,84,220
065392904,111,21,46,178
065392905,126,1,114,241
065392906,246,17,98,361
065392907,226,13,109,348
065392908,152,15,104,271
065392909,222,19,112,353
065392910,55,8,32,95
065392911,353,15,119,487
065392912,118,7,74,199
065392913,93,4,54,151
065392914,415,37,231,683
065392915,284,15,125,424
065392916,628,55,339,1022
065392917,43,2,7,52
065392918,455,30,224,709
065392919,313,25,208,546
065392920,781,37,343,1161
065392921,686,51,275,1012
065392922,628,47,269,944
065392923,514,13,255,782
065392924,784,69,394,1247
065392925,600,22,215,837
065393001,742,48,329,1119
065393002,710,40,405,1155
065393003,458,43,271,772
065393004,622,86,384,1092
065393005,488,61,242,791
065393006,429,39,198,666
065393007,320,35,173,528
065393008,390,47,212,649
065393009,632,36,274,942
065393010,501,44,284,829
065393011,569,42,279,890
065393012,503,32,239,774
065393013,627,38,330,995
065393014,789,115,375,1279
065393015,502,37,252,791
065393016,644,25,230,899
065393101,599,47,334,980
065393102,667,48,373,1088
065393103,614,36,307,957
065393104,743,64,427,1234
065393105,498,36,274,808
065393106,699,55,370,1124
065393107,766,61,423,1250
065393108,489,49,258,796
065393109,574,44,319,937
065393110,623,56,398,1077
065393111,588,53,380,1021
065393112,606,28,275,909
065393113,592,42,300,934
065393114,425,21,219,665
065393115,477,42,301,820
065393116,671,60,319,1050
065393117,599,49,320,968
065393201,684,63,337,1084
065393202,689,57,330,1076
065393203,831,52,353,1236
065393204,523,37,296,856
065393205,687,48,340,1075
065393206,712,76,279,1067
065393207,676,73,251,1000
065393208,672,21,279,972
065393209,456,31,175,662
065393210,438,44,231,713
065393211,732,47,338,1117
065393212,73,6,37,116
065393213,379,37,200,616
065393214,434,27,203,664
065393215,796,73,357,1226
065393301,512,46,326,884
065393302,453,40,265,758
065393303,525,21,277,823
065393304,399,47,170,616
065393305,346,30,120,496
065393306,513,23,243,779
065393307,679,61,355,1095
065393308,734,55,375,1164
065393309,708,68,387,1163
065393310,546,24,257,827
065393311,282,12,139,433
065393312,535,36,301,872
065393313,643,25,362,1030
065393314,333,30,157,520
065393315,260,14,134,408
065393316,14,0,16,30
065393401,549,33,288,870
065393402,615,56,319,990
065393403,557,25,308,890
065393404,506,54,305,865
065393405,536,50,379,965
065393406,584,29,273,886
065393407,690,58,361,1109
065393408,712,67,327,1106
065393409,665,54,437,1156
065393410,531,43,292,866
065393411,533,46,234,813
065393412,487,25,339,851
065393413,622,32,300,954
065393414,727,60,361,1148
065393415,442,32,187,661
065393416,68,2,35,105
065393417,514,54,228,796
065393418,330,24,217,571
065600101,635,74,360,1069
065600102,699,61,305,1065
065600103,714,81,288,1083
065600104,535,40,328,903
065600105,898,59,502,1459
065600106,495,62,236,793
065600107,479,48,228,755
065600108,658,56,348,1062
065600109,625,37,352,1014
065600110,590,49,287,926
065600111,548,47,319,914
065600112,487,46,268,801
065600113,533,51,239,823
065600114,757,64,368,1189
065600115,448,18,209,675
065600201,736,62,352,1150
065600202,799,61,356,1216
065600203,687,37,376,1100
065600204,853,62,407,1322
065600205,647,34,345,1026
065600206,708,120,346,1174
065600207,635,65,356,1056
065600208,736,62,293,1091
065600209,750,64,423,1237
065600210,737,49,409,1195
065600211,1461,114,647,2222
065600212,524,34,234,792
065600213,540,33,268,841
065600214,613,36,307,956
065600215,685,67,371,1123
065600216,1169,90,310,1569
065600301,1812,170,891,2873
065600302,809,76,478,1363
065600303,532,37,298,867
065600304,446,39,315,800
065600305,529,20,250,799
065600306,497,28,288,813
065600307,878,100,402,1380
065600308,591,54,287,932
065600309,765,91,366,1222
065600310,651,50,343,1044
065600311,658,51,306,1015
065600312,576,92,240,908
065600313,337,15,189,541
065600314,409,41,193,643
065600315,628,55,310,993
065600316,112,37,56,205
065600401,526,17,220,763
065600402,536,24,176,736
065600403,858,93,467,1418
065600404,805,98,395,1298
065600405,552,56,410,1018
065600406,360,61,247,668
065600407,437,44,226,707
065600408,494,2,70,566
065600409,579,29,372,980
065600410,642,37,362,1041
065600411,543,34,278,855
065600412,485,46,280,811
065600413,486,4,227,717
065600414,457,9,220,686
065600415,406,8,231,645
065600416,475,16,264,755
065600417,726,29,335,1090
065600418,491,35,244,770
065600419,727,65,324,1116
065600420,707,44,240,991
065600501,375,25,161,561
065600502,610,63,346,1019
065600503,326,45,139,510
065600504,610,66,300,976
065600505,158,15,71,244
065600506,88,13,57,158
065600507,578,33,338,949
065600508,148,7,66,221
065600509,155,12,67,234
065600510,645,74,334,1053
065600511,551,71,255,877
065600512,508,62,244,814
065600513,700,63,354,1117
065600514,586,52,339,977
065600515,464,38,234,736
065600601,668,36,292,996
065600602,721,58,420,1199
065600603,744,44,383,1171
065600604,502,36,188,726
065600605,1096,101,745,1942
065600606,851,75,288,1214
065600607,2218,114,1035,3367
065600608,712,77,305,1094
065600609,754,45,382,1181
065600610,610,41,248,899
065600611,751,62,313,1126
065600612,789,53,225,1067
065600613,452,25,198,675
065600614,385,21,160,566
065600615,452,37,214,703
065600616,624,60,263,947
065600617,590,87,288,965
065600618,539,28,189,756
065600701,384,32,186,602
065600702,571,56,261,888
065600703,596,67,276,939
065600704,522,42,214,778
065600705,651,67,309,1027
065600706,813,65,377,1255
065600707,402,33,200,635
065600708,130,17,116,263
065600709,393,17,183,593
065600710,377,32,121,530
065600711,315,24,172,511
065600712,349,36,137,522
065600713,643,76,363,1082
065600714,821,71,313,1205
065600715,696,71,274,1041
065600716,911,52,372,1335
065600717,675,86,331,1092
065600718,551,44,222,817
065600801,572,32,265,869
065600802,555,53,226,834
065600803,510,26,236,772
065600804,467,34,250,751
065600805,518,24,207,749
065600806,532,44,264,840
065600807,594,41,364,999
065600808,686,51,328,1065
065600809,449,30,215,694
065600810,464,40,257,761
065600811,459,50,213,722
065600812,349,15,212,576
065600901,320,74,215,609
065600902,150,17,96,263
065600903,83,5,60,148
065600904,212,21,152,385
065600905,157,16,114,287
065600906,158,26,115,299
065600907,198,7,182,387
065600908,126,17,85,228
065600909,159,28,108,295
065600910,83,11,52,146
065600911,86,7,45,138
065600912,140,28,81,249
065601001,266,24,122,412
065601002,469,17,201,687
065601003,509,61,244,814
065601004,577,47,355,979
065601005,705,40,281,1026
065601006,710,70,280,1060
065601007,792,46,365,1203
065601008,579,53,292,924
065601009,609,68,248,925
065601010,681,41,312,1034
065601011,604,77,251,932
065601012,596,44,292,932
065601013,566,41,266,873
065601101,489,38,272,799
065601102,634,33,349,1016
065601103,403,39,179,621
065601104,373,62,212,647
065601105,362,54,216,632
065601106,447,26,201,674
065601107,641,38,387,1066
065601108,697,42,276,1015
065601109,630,65,299,994
065601110,786,62,308,1156
065601111,752,84,300,1136
065601112,647,42,304,993
065601113,763,60,245,1068
065601114,588,33,258,879
065601115,503,41,261,805
065601116,383,11,170,564
065601117,410,39,211,660
065601201,696,24,234,954
065601202,541,79,264,884
065601203,723,47,433,1203
065601204,322,17,254,593
065601205,546,84,266,896
065601206,434,29,259,722
065601207,435,52,278,765
065601208,431,35,220,686
065601209,786,55,439,1280
065601210,488,46,197,731
065601211,372,23,188,583
065601212,466,42,251,759
065601213,473,33,273,779
065601214,727,47,336,1110
065601215,412,38,223,673
065601216,391,40,185,616
065601301,614,32,274,920
065601302,655,58,384,1097
065601303,821,86,449,1356
065601304,522,50,280,852
065601305,663,73,328,1064
065601306,437,51,296,784
065601307,747,79,397,1223
065601308,553,58,317,928
065601309,435,57,335,827
065601310,804,95,367,1266
065601311,809,101,412,1322
065601401,864,55,425,1344
065601402,758,65,333,1156
065601403,574,47,267,888
065601404,573,56,312,941
065601405,681,57,387,1125
065601406,719,86,344,1149
065601407,431,44,249,724
065601408,920,63,453,1436
065601409,428,35,244,707
065601410,432,33,220,685
065601411,508,53,251,812
065601412,660,48,312,1020
065601413,650,49,265,964
065601414,600,38,319,957
065601501,448,39,335,822
065601502,380,18,135,533
065601503,499,80,227,806
065601504,477,73,250,800
065601505,480,40,236,756
065601506,508,49,244,801
065601507,354,46,219,619
065601508,1137,180,538,1855
065601509,807,65,536,1408
065601510,493,41,299,833
065601511,697,66,311,1074
065601512,604,107,406,1117
065601513,676,72,321,1069
065601514,625,70,395,1090
065601515,698,108,354,1160
065601516,622,45,301,968
065601601,619,22,157,798
065601602,437,35,239,711
065601603,568,36,261,865
065601604,580,59,198,837
065601605,559,60,268,887
065601606,713,53,378,1144
065601607,602,53,257,912
065601608,640,118,338,1096
065601609,680,60,293,1033
065601610,666,39,291,996
065601611,689,62,372,1123
065601612,678,118,474,1270
065601613,675,35,297,1007
065601614,698,55,352,1105
065601615,411,25,277,713
065601616,394,17,182,593
065601701,674,35,302,1011
065601702,540,56,216,812
065601703,559,45,224,828
065601704,331,15,141,487
065601705,395,8,129,532
065601706,420,8,124,552
065601707,288,8,131,427
065601708,152,4,72,228
065601709,118,2,32,152
065601710,215,11,74,300
065601711,324,8,103,435
065601712,229,10,71,310
065601713,386,30,198,614
065601714,312,36,161,509
065601715,259,47,136,442
065601716,387,27,244,658
065601717,474,28,182,684
065601718,274,29,180,483
065601719,683,37,319,1039
065601720,400,24,154,578
065601721,360,14,152,526
065601722,409,13,158,580
065601723,383,4,180,567
065601724,397,5,185,587
065601801,411,27,128,566
065601802,601,48,294,943
065601803,395,33,161,589
065601804,414,29,137,580
065601805,321,27,108,456
065601806,979,26,306,1311
065601807,386,9,144,539
065601808,310,15,111,436
065601809,679,53,343,1075
065601810,769,91,361,1221
065601811,717,42,293,1052
065601812,418,32,204,654
065601813,498,44,197,739
065601814,704,41,414,1159
065601815,666,71,292,1029
065601901,365,30,238,633
065601902,498,43,205,746
065601903,597,118,238,953
065601904,522,49,199,770
065601905,336,25,137,498
065601906,354,13,127,494
065601907,495,36,231,762
065601908,443,30,236,709
065601909,477,15,246,738
065601910,609,76,291,976
065601911,414,35,219,668
065601912,366,20,185,571
065601913,298,16,150,464
065601914,439,10,173,622
065601915,509,67,342,918
065601916,325,23,153,501
065601917,250,15,138,403
065601918,213,3,87,303
065601919,279,41,128,448
065601920,308,31,140,479
065602001,674,44,708,1426
065602002,638,36,409,1083
065602003,727,62,323,1112
065602004,687,41,302,1030
065602005,521,30,223,774
065602006,529,47,292,868
065602007,540,72,270,882
065602008,487,42,287,816
065602009,593,51,246,890
065602010,577,43,323,943
065602011,442,38,272,752
065602012,489,61,248,798
065602013,783,51,339,1173
065602014,624,93,244,961
065602101,630,36,268,934
065602102,341,13,146,500
065602103,419,29,168,616
065602104,299,25,162,486
065602105,395,33,218,646
065602106,465,22,196,683
065602107,736,80,351,1167
065602108,737,49,315,1101
065602109,664,90,259,1013
065602110,406,32,183,621
065602111,667,110,462,1239
065602112,492,12,202,706
065602113,611,41,251,903
065602201,516,20,191,727
065602202,517,35,256,808
065602203,613,43,272,928
065602204,657,57,254,968
065602205,739,73,269,1081
065602206,424,38,191,653
065602207,394,31,205,630
065602208,636,28,313,977
065602209,553,43,270,866
065602210,572,48,286,906
065602301,534,36,322,892
065602302,553,22,273,848
065602303,412,53,198,663
065602304,654,38,305,997
065602305,588,48,259,895
065602306,609,30,217,856
065602307,536,30,228,794
065602308,294,17,148,459
065602309,283,16,131,430
065602310,307,25,188,520
065602311,208,3,96,307
065602312,266,6,141,413
065602313,487,15,243,745
065602314,326,11,159,496
065602315,380,20,195,595
065602316,447,27,234,708
065602317,557,28,240,825
065602401,301,11,159,471
065602402,255,18,143,416
065602403,372,14,192,578
065602404,417,24,235,676
065602405,386,37,284,707
065602406,453,36,250,739
065602407,530,29,250,809
065602408,448,20,266,734
065602409,343,22,175,540
065602410,317,15,150,482
065602411,411,7,191,609
065602412,287,5,115,407
065602413,292,18,178,488
065602414,318,13,192,523
065602415,276,10,119,405
065602416,440,17,227,684
065602417,729,60,315,1104
065602501,368,27,179,574
065602502,382,38,219,639
065602503,540,36,280,856
065602504,750,58,339,1147
065602505,416,18,126,560
065602506,431,30,194,655
065602507,456,11,184,651
065602508,665,36,340,1041
065602509,743,75,328,1146
065602510,752,41,445,1238
065602511,463,28,176,667
065602512,410,37,224,671
065602513,748,79,345,1172
065602514,528,23,311,862
065680101,207,16,119,342
065680102,466,30,133,629
065680103,561,42,274,877
065680201,434,35,214,683
065680202,276,16,169,461
065680203,517,19,274,810
065680204,426,16,193,635
065680205,443,19,243,705
065680206,486,24,314,824
065680207,484,46,295,825
065680208,539,19,339,897
065680209,751,30,312,1093
065680210,350,27,185,562
065680211,511,45,306,862
065680212,402,35,244,681
065680301,526,28,252,806
065680302,554,41,323,918
065680303,540,30,260,830
065680304,413,24,253,690
065680305,449,15,170,634
065680306,389,21,215,625
065680307,357,19,202,578
065680308,475,47,249,771
065680309,518,28,280,826
065680310,378,46,212,636
065680311,697,46,266,1009
065680312,546,26,279,851
065680313,664,54,337,1055
065680314,1038,134,583,1755
065680315,903,101,498,1502
065680316,554,97,332,983
065680401,365,22,175,562
065680402,334,22,185,541
065680403,339,23,158,520
065680404,486,8,187,681
065680405,551,25,257,833
065680406,301,12,160,473
065680407,411,20,222,653
065680408,512,23,266,801
065680409,602,37,290,929
065680410,466,23,211,700
065680411,572,18,227,817
065680501,419,33,238,690
065680502,713,28,327,1068
065680503,370,14,195,579
065680504,344,14,183,541
065680505,557,23,287,867
065680506,507,23,195,725
065680507,501,30,239,770
065680508,560,23,268,851
065680509,355,13,167,535
065680510,355,18,159,532
065680601,567,36,333,936
065680602,446,19,250,715
065680603,400,19,280,699
065680604,499,23,195,717
065680605,521,19,217,757
065680606,490,23,201,714
065680607,611,26,246,883
065680608,453,15,225,693
065680609,563,22,298,883
065680610,303,6,111,420
065680611,229,8,85,322
065680701,462,23,263,748
065680702,432,28,251,711
065680703,341,25,181,547
065680704,412,15,181,608
065680705,432,23,231,686
065680706,661,39,228,928
065680707,448,21,246,715
065680708,395,24,242,661
065680801,529,21,267,817
065680802,511,34,250,795
065680803,420,30,260,710
065680804,564,30,281,875
065680805,622,25,279,926
065680806,542,34,288,864
065680807,520,35,265,820
065680808,537,35,292,864
065680901,293,12,181,486
065680902,412,21,164,597
065680903,646,27,324,997
065680904,356,27,201,584
065680905,306,42,181,529
065680906,421,30,215,666
065680907,562,28,320,910
065680908,259,24,143,426
065680909,354,19,220,593
065680910,578,33,288,899
065680911,329,15,172,516
065680912,298,18,165,481
065681001,518,43,282,843
065681002,212,19,162,393
065681003,267,20,112,399
065681004,447,21,256,724
065681005,450,17,245,712
065681006,326,32,185,543
065681007,286,16,185,487
065681008,549,34,296,879
065681009,483,32,235,750
065681010,358,16,183,557
065681011,359,20,158,537
065681012,524,28,252,804
065681013,546,29,292,867
065681014,387,12,196,595
065681015,369,14,200,583
065681016,433,15,227,675
065681017,425,18,226,669
065681101,444,15,193,652
065681102,610,19,257,886
065681103,352,15,202,569
065681104,272,17,125,414
065681105,377,16,142,535
065681106,443,22,215,680
065681107,440,24,199,663
065681108,509,25,306,840
065681109,355,6,156,517
065681110,334,17,139,490
065681111,373,16,194,583
065681112,468,30,232,730
065681201,420,16,191,627
065681202,501,27,224,752
065681203,465,40,258,763
065681204,400,20,167,587
065681205,564,28,271,863
065681206,602,31,298,931
065681207,561,27,312,900
065681208,379,11,116,506
065681209,331,28,184,543
065681210,431,20,214,665
065681301,333,20,147,500
065681302,279,21,174,474
065681303,423,22,192,637
065681304,498,31,192,721
065681305,467,30,250,747
065681306,619,48,273,940
065681307,661,33,341,1035
065681308,547,43,310,900
065681309,637,36,273,946
065681310,631,61,276,968
065681401,426,4,158,588
065681402,489,31,195,715
065681403,609,57,362,1028
065681404,329,13,146,488
065681405,264,4,161,429
065681406,286,4,149,439
065681407,490,8,177,675
065681408,385,17,173,575
065681409,456,46,237,739
065681410,513,47,231,791
065681501,444,28,186,658
065681502,531,28,271,830
065681503,501,29,199,729
065681504,689,37,328,1054
065681505,439,39,277,755
065681506,476,34,229,739
065681507,542,46,234,822
065681508,666,31,270,967
065681509,305,14,189,508
065681510,497,28,217,742
065681601,600,50,299,949
065681602,577,51,262,890
065681603,435,27,211,673
065681604,721,44,326,1091
065681605,515,27,262,804
065681606,592,26,245,863
065681607,387,21,202,610
065681608,337,15,171,523
065681609,668,32,343,1043
065681610,575,24,299,898
065681611,475,32,244,751
065681612,577,19,286,882
065681701,581,43,231,855
065681702,558,41,208,807
065681703,465,27,178,670
065681704,367,21,169,557
065681705,663,41,304,1008
065681706,644,22,347,1013
065681707,574,23,285,882
065681708,555,15,310,880
065681709,406,16,191,613
065681710,439,16,228,683
065681711,452,20,259,731
065681712,424,25,242,691
065681801,324,24,117,465
065681802,207,3,69,279
065681803,236,11,123,370
065681804,313,10,87,410
065681805,352,8,166,526
065681806,245,4,107,356
065681807,510,24,247,781
065681808,390,21,191,602
065681809,496,23,315,834
065681810,493,14,253,760
065681811,482,16,239,737
065681812,468,15,236,719
065681813,418,25,194,637
065681814,340,23,201,564
065681901,406,20,191,617
065681902,582,36,248,866
065681903,659,42,323,1024
065681904,355,16,201,572
065681905,429,31,189,649
065681906,719,41,269,1029
065681907,562,32,279,873
065681908,601,46,284,931
065681909,589,30,317,936
065681910,327,12,185,524
065681911,657,60,314,1031
065682001,539,13,269,821
065682002,376,7,110,493
065682003,410,12,142,564
065682004,417,25,198,640
065682005,364,12,154,530
065682006,295,12,137,444
065682007,357,23,152,532
065682008,545,38,239,822
065682009,621,28,301,950
065682010,476,33,216,725
065682011,631,39,335,1005
065682012,524,23,234,781
065682013,450,16,167,633
065682014,416,23,155,594
065682101,235,8,79,322
065682102,203,6,63,272
065682103,195,8,64,267
065682104,334,22,110,466
065682105,180,6,63,249
065682106,145,6,45,196
065682107,54,0,10,64
065682108,167,6,64,237
065682109,220,4,62,286
065682110,225,5,78,308
065682111,152,5,80,237
065682112,326,11,84,421
065682113,514,27,209,750
065682201,274,17,126,417
065682202,217,2,74,293
065682203,219,2,95,316
065682204,274,12,147,433
065682205,166,10,105,281
065682206,382,11,133,526
065682207,205,8,117,330
065682208,311,10,111,432
065682209,260,22,117,399
065682210,296,5,101,402
065682211,228,2,74,304
065682212,260,16,113,389
065682213,432,8,172,612
065682214,512,59,270,841
065682215,244,7,107,358
065682216,307,27,168,502
065682217,294,30,142,466
065682218,188,3,93,284
065682301,298,23,170,491
065682302,347,23,161,531
065682303,415,29,188,632
065682304,382,18,117,517
065682305,313,14,123,450
065682306,561,41,241,843
065682307,540,38,279,857
065682308,607,28,363,998
065682309,454,31,292,777
065682310,388,19,196,603
065682311,400,24,175,599
065682401,594,39,254,887
065682402,507,23,235,765
065682403,278,17,129,424
065682404,569,52,314,935
065682405,536,34,291,861
065682406,401,27,190,618
065682407,433,25,188,646
065682408,605,55,373,1033
065682409,408,39,186,633
065682410,376,32,176,584
065682501,277,9,135,421
065682502,488,15,268,771
065682503,517,29,307,853
065682504,646,52,302,1000
065682505,334,32,182,548
065682506,725,70,415,1210
065682507,750,51,412,1213
065682508,666,49,303,1018
065682509,549,62,265,876
065682510,474,69,304,847
065682511,685,53,397,1135
065682512,698,49,305,1052
065682601,330,15,169,514
065682602,509,39,290,838
065682603,544,26,286,856
065682604,327,26,167,520
065682605,283,11,135,429
065682606,349,16,150,515
065682607,642,44,354,1040
065682608,346,38,188,572
065682609,354,22,179,555
065682610,619,38,319,976
065682611,560,50,337,947
065682612,551,41,313,905
065682701,23,2,13,38
065682702,630,16,371,1017
065682703,568,23,245,836
065682704,528,55,261,844
065682705,391,25,252,668
065682706,489,48,218,755
065682707,592,44,329,965
065682708,454,33,216,703
065682709,548,42,257,847
065682710,414,29,207,650
065682711,493,42,283,818
065682801,750,56,328,1134
065682802,615,40,276,931
065682803,874,66,422,1362
065682804,480,28,182,690
065682805,718,78,357,1153
065682806,617,74,325,1016
065682807,367,32,206,605
065682808,493,39,255,787
065682809,637,44,309,990
065682810,627,42,412,1081
065682901,531,46,299,876
065682902,495,38,281,814
065682903,426,52,221,699
065682904,524,60,200,784
065682905,462,55,204,721
065682906,489,37,208,734
065682907,552,50,267,869
065682908,514,51,240,805
065682909,569,50,246,865
065682910,514,31,292,837
065682911,1028,88,480,1596
065682912,604,53,311,968
065682913,481,46,278,805
065682914,481,31,230,742
065683001,582,70,369,1021
065683002,720,56,359,1135
065683003,678,61,396,1135
065683004,685,100,405,1190
065683005,428,39,235,702
065683006,477,50,231,758
065683007,670,65,405,1140
065683008,644,61,279,984
065683009,454,59,321,834
065683010,704,57,375,1136
065683011,636,61,385,1082
065683101,609,50,363,1022
065683102,625,52,343,1020
065683103,579,66,288,933
065683104,793,72,407,1272
065683105,640,50,287,977
065683106,530,44,317,891
065683107,603,43,363,1009
065683108,354,18,194,566
065683109,521,45,255,821
065683110,482,56,278,816
065683111,320,14,220,554
065683112,627,41,374,1042
066580101,2,0,3,5
066580102,548,34,348,930
066580103,532,32,239,803
066580104,352,15,206,573
066580105,446,29,243,718
066580106,468,43,287,798
066580107,340,20,220,580
066580108,373,17,194,584
066580109,460,41,276,777
066580110,932,61,426,1419
066580111,4,1,2,7
066580112,58,0,23,81
066580113,44,0,16,60
066580201,153,16,65,234
066580202,419,22,166,607
066580203,416,54,196,666
066580204,476,34,237,747
066580205,364,23,175,562
066580206,670,54,288,1012
066580207,499,55,209,763
066580208,563,54,264,881
066580209,476,23,223,722
066580210,422,50,236,708
066580211,620,49,312,981
066580212,465,39,241,745
066580301,516,52,209,777
066580302,557,29,261,847
066580303,616,41,278,935
066580304,469,43,240,752
066580305,591,48,397,1036
066580306,446,29,286,761
066580307,590,33,318,941
066580308,747,49,362,1158
066580309,629,51,403,1083
066580310,445,18,241,704
066580311,394,29,191,614
066580401,280,13,91,384
066580402,586,33,253,872
066580403,578,41,268,887
066580404,431,40,279,750
066580405,461,20,212,693
066580406,438,42,230,710
066580407,511,46,258,815
066580408,644,54,323,1021
066580409,462,34,267,763
066580410,489,22,237,748
066580411,570,35,273,878
066580412,549,63,345,957
066580413,319,21,235,575
066580414,345,22,90,457
066580415,475,23,229,727
066580501,331,20,205,556
066580502,249,14,149,412
066580503,429,31,296,756
066580504,342,15,166,523
066580505,362,43,188,593
066580506,485,21,289,795
066580507,633,39,337,1009
066580508,460,34,299,793
066580509,567,23,312,902
066580510,259,17,142,418
066580511,560,35,288,883
066580512,417,41,223,681
066580513,440,26,222,688
066580514,442,47,208,697
066580601,367,13,141,521
066580602,424,18,176,618
066580603,470,15,206,691
066580604,388,15,251,654
066580605,469,32,210,711
066580606,299,13,143,455
066580607,372,21,234,627
066580608,259,12,153,424
066580609,618,39,334,991
066580610,485,31,354,870
066580611,539,45,274,858
066580612,437,23,212,672
066580701,398,12,192,602
066580702,371,12,239,622
066580703,388,15,266,669
066580704,454,24,225,703
066580705,429,9,105,543
066580706,442,23,196,661
066580707,372,49,312,733
066580708,616,64,328,1008
066580709,534,32,236,802
066580710,837,68,405,1310
066580711,387,42,214,643
066580801,238,8,107,353
066580802,241,5,87,333
066580803,203,7,102,312
066580804,440,11,216,667
066580805,420,21,153,594
066580806,261,10,88,359
066580807,305,15,126,446
066580808,255,2,104,361
066580809,340,3,153,496
066580810,216,10,81,307
066580811,328,17,173,518
066580812,233,11,110,354
066580813,145,5,96,246
066580814,226,11,107,344
066580815,181,9,90,280
066580901,524,23,304,851
066580902,556,23,236,815
066580903,396,15,209,620
066580904,57,5,45,107
066580905,218,7,120,345
066580906,291,8,206,505
066580907,216,11,118,345
066580908,233,5,92,330
066580909,246,7,99,352
066580910,371,8,186,565
066580911,246,14,95,355
066580912,275,7,128,410
066580913,346,9,130,485
066581001,468,53,252,773
066581002,578,46,356,980
066581003,412,26,246,684
066581004,365,14,208,587
066581005,608,15,199,822
066581006,357,13,170,540
066581007,541,33,274,848
066581008,407,21,208,636
066581009,391,13,169,573
066581010,431,17,215,663
066581011,517,55,279,851
066581012,656,59,417,1132
066581013,361,33,193,587
066581101,484,28,250,762
066581102,348,13,204,565
066581103,294,10,222,526
066581104,299,16,160,475
066581105,221,11,128,360
066581106,413,26,217,656
066581107,417,31,210,658
066581108,432,22,224,678
066581109,420,18,232,670
066581110,435,23,222,680
066581111,351,20,175,546
066581112,393,15,255,663
066581113,307,12,185,504
066581201,695,43,328,1066
066581202,563,45,244,852
066581203,642,53,337,1032
066581204,550,24,289,863
066581205,470,24,266,760
066581206,444,19,197,660
066581207,329,11,193,533
066581208,374,26,216,616
066581209,435,14,244,693
066581210,411,6,185,602
066581211,509,29,283,821
066581212,490,22,291,803
066581213,380,9,172,561
066581301,302,22,138,462
066581302,249,3,88,340
066581303,197,12,53,262
066581304,422,21,182,625
066581305,246,13,102,361
066581306,334,36,196,566
066581307,502,28,197,727
066581308,402,45,194,641
066581309,438,40,198,676
066581310,391,30,158,579
066581401,235,21,155,411
066581402,121,4,56,181
066581403,133,10,82,225
066581404,327,33,145,505
066581405,177,28,152,357
066581406,165,37,135,337
066581407,437,40,198,675
066581408,321,28,216,565
066581409,705,56,348,1109
066581410,319,34,201,554
066581501,374,15,234,623
066581502,483,18,253,754
066581503,545,33,292,870
066581504,252,27,143,422
066581505,552,46,314,912
066581506,289,19,143,451
066581507,389,15,219,623
066581508,378,21,232,631
066581509,535,42,277,854
066581510,369,21,191,581
066581511,308,6,186,500
066581512,354,13,173,540
066581513,344,25,201,570
066581601,377,15,198,590
066581602,391,20,148,559
066581603,308,15,249,572
066581604,254,17,143,414
066581605,295,11,183,489
066581606,401,17,184,602
066581607,308,12,216,536
066581608,351,17,205,573
066581609,391,29,259,679
066581610,327,23,146,496
066581611,329,20,198,547
066581612,373,21,195,589
066581701,422,24,232,678
066581702,394,10,209,613
066581703,362,16,185,563
066581704,434,18,207,659
066581705,438,40,229,707
066581706,579,25,262,866
066581707,452,22,217,691
066581708,500,13,346,859
066581709,480,33,322,835
066581710,402,26,225,653
066581711,498,35,341,874
066581712,413,32,231,676
066581801,186,8,105,299
066581802,220,6,122,348
066581803,279,17,159,455
066581804,382,10,220,612
066581805,406,16,212,634
066581806,416,17,205,638
066581807,351,12,150,513
066581808,401,13,176,590
066581809,456,23,235,714
066581810,292,11,165,468
066581811,368,12,160,540
066581812,202,13,101,316
066581901,297,20,134,451
066581902,351,15,223,589
066581903,263,12,187,462
066581904,241,12,150,403
066581905,331,17,119,467
066581906,286,23,141,450
066581907,276,22,146,444
066581908,405,28,216,649
066581909,372,20,153,545
066581910,463,24,152,639
066581911,526,36,224,786
066582001,453,51,243,747
066582002,366,19,244,629
066582003,703,49,379,1131
066582004,630,60,274,964
066582005,644,65,300,1009
066582006,504,48,203,755
066582007,452,41,197,690
066582008,715,30,380,1125
066582009,951,97,456,1504
066582010,908,52,399,1359
066582011,770,63,403,1236
066582101,837,65,394,1296
066582102,860,64,383,1307
066582103,813,82,459,1354
066582104,633,60,292,985
066582105,692,54,375,1121
066582106,894,75,364,1333
066582107,929,62,437,1428
066582108,980,64,485,1529
066582109,657,61,237,955
066582110,491,38,273,802
066582111,716,47,289,1052
066582112,983,82,483,1548
066582113,969,56,377,1402
066582114,574,46,265,885
066582115,462,30,243,735
066582116,463,36,241,740
066582201,495,22,271,788
066582202,453,23,263,739
066582203,499,10,239,748
066582204,369,27,229,625
066582205,348,11,195,554
066582206,356,18,206,580
066582207,423,24,228,675
066582208,356,22,175,553
066582209,787,92,354,1233
066582210,583,41,338,962
066582211,539,30,309,878
066582301,378,25,250,653
066582302,619,52,312,983
066582303,715,43,337,1095
066582304,552,41,309,902
066582305,569,31,223,823
066582306,336,29,189,554
066582307,272,11,175,458
066582308,282,22,194,498
066582309,626,36,338,1000
066582310,663,69,309,1041
066582311,535,35,279,849
066582312,390,22,236,648
066582401,504,17,225,746
066582402,505,34,269,808
066582403,628,47,384,1059
066582404,413,13,258,684
066582405,440,31,271,742
066582406,550,52,285,887
066582407,487,41,268,796
066582408,405,23,211,639
066582409,421,21,185,627
066582410,358,14,201,573
066582411,318,20,224,562
066582412,355,16,196,567
066582501,306,25,187,518
066582502,365,18,181,564
066582503,437,22,258,717
066582504,331,21,171,523
066582505,384,20,247,651
066582506,378,32,278,688
066582507,383,16,237,636
066582508,470,35,278,783
066582509,303,35,202,540
066582510,492,31,317,840
066582511,597,65,275,937
066582512,503,50,268,821
066582513,602,60,316,978
066582514,213,12,127,352
066582601,784,64,453,1301
066582602,679,61,384,1124
066582603,526,35,280,841
066582604,530,30,278,838
066582605,367,16,241,624
066582606,458,33,312,803
066582607,375,37,234,646
066582608,376,20,212,608
066582609,362,20,221,603
066582610,543,30,260,833
066582701,665,82,301,1048
066582702,620,22,199,841
066582703,368,19,117,504
066582704,234,13,93,340
066582705,230,12,91,333
066582706,744,65,260,1069
066582707,528,49,219,796
066582708,374,37,176,587
066582709,794,78,409,1281
066582710,513,36,236,785
066582711,694,63,372,1129
066582712,641,52,321,1014
066582713,582,34,178,794
066582714,404,26,187,617
066582715,508,51,248,807
066582716,396,16,142,554
066582801,347,16,164,527
066582802,572,34,305,911
066582803,398,27,254,679
066582804,515,45,335,895
066582805,393,22,257,672
066582806,714,37,276,1027
066582807,652,29,300,981
066582808,725,44,392,1161
066582809,582,46,342,970
066582810,520,49,348,917
066582901,669,41,348,1058
066582902,387,22,229,638
066582903,321,21,168,510
066582904,415,26,205,646
066582905,536,26,302,864
066582906,653,39,280,972
066582907,595,52,358,1005
066582908,706,31,367,1104
066582909,556,54,262,872
066582910,650,36,411,1097
066582911,581,48,294,923
066582912,876,39,317,1232
066583001,553,46,349,948
066583002,591,50,278,919
066583003,474,37,285,796
066583004,374,13,230,617
066583005,564,51,314,929
066583006,517,51,294,862
066583007,721,76,331,1128
066583008,674,46,301,1021
066583009,772,64,346,1182
066583010,585,51,331,967
066583011,615,93,360,1068
066583012,475,36,230,741
066583101,462,19,223,704
066583102,610,36,267,913
066583103,1057,68,519,1644
066583104,684,36,342,1062
066583105,550,37,220,807
066583106,1659,99,892,2650
066583107,463,21,247,731
066583108,356,26,140,522
066583109,433,25,205,663
066583110,630,34,395,1059
066583111,612,66,373,1051
066583112,363,23,160,546
066583113,337,13,119,469
066583201,401,30,197,628
066583202,630,31,336,997
066583203,631,21,271,923
066583204,321,21,186,528
066583205,464,41,233,738
066583206,207,14,70,291
066583207,774,55,455,1284
066583208,870,51,415,1336
066583209,233,19,137,389
066583210,739,49,369,1157
066583211,330,27,170,527
066583212,872,64,374,1310
066583213,528,39,266,833
066583301,904,99,517,1520
066583302,706,67,367,1140
066583303,641,89,301,1031
066583304,722,77,263,1062
066583305,1267,111,489,1867
066583306,878,61,350,1289
066583307,719,65,312,1096
066583308,379,31,150,560
066583309,649,53,376,1078
066583310,429,23,227,679
066583311,643,33,267,943
066583312,522,29,205,756
066583313,484,37,173,694
066583401,614,46,339,999
066583402,572,35,266,873
066583403,570,35,267,872
066583404,487,55,313,855
066583405,504,58,263,825
066583406,647,33,330,1010
066583407,513,26,240,779
066583408,519,36,296,851
066583409,507,28,252,787
066583410,388,24,178,590
066583411,648,48,282,978
066583412,685,26,265,976
066583413,618,48,380,1046
066583501,563,36,220,819
066583502,648,43,349,1040
066583503,402,27,283,712
066583504,623,41,365,1029
066583505,423,41,214,678
066583506,639,58,362,1059
066583507,513,41,262,816
066583508,669,61,335,1065
066583509,561,55,266,882
066583510,804,72,389,1265
066583601,897,83,449,1429
066583602,824,100,537,1461
066583603,550,39,308,897
066583604,407,12,210,629
066583605,578,43,291,912
066583606,365,23,221,609
066583607,822,74,460,1356
066583608,477,47,262,786
066583609,579,33,282,894
066583610,498,50,265,813
066583611,732,75,403,1210
066583612,625,78,383,1086
066583613,534,45,269,848
066583614,455,33,297,785
066583701,887,84,410,1381
066583702,959,57,410,1426
066583703,441,57,270,768
066583704,311,31,232,574
066583705,296,28,198,522
066583706,465,67,332,864
066583707,791,72,420,1283
066583708,699,71,389,1159
066583709,512,71,287,870
066583710,465,52,248,765
066583711,964,54,434,1452
066583712,891,89,476,1456
066583713,914,54,551,1519
066583801,942,71,420,1433
066583802,883,67,424,1374
066583803,375,34,238,647
066583804,610,50,332,992
066583805,792,74,379,1245
066583806,722,114,390,1226
066583807,190,20,112,322
066583808,382,34,299,715
066583809,317,51,195,563
066583810,369,43,172,584
066583811,786,66,468,1320
066583812,607,35,253,895
066583813,514,41,288,843
066583814,700,35,401,1136
066583815,754,85,399,1238
066583816,991,70,457,1518
066583901,734,58,430,1222
066583902,704,60,393,1157
066583903,691,80,371,1142
066583904,393,32,188,613
066583905,689,70,361,1120
066583906,537,38,335,910
066583907,574,54,369,997
066583908,490,62,241,793
066583909,401,27,233,661
066583910,816,86,594,1496
066584001,762,94,290,1146
066584002,508,36,313,857
066584003,483,40,185,708
066584004,718,59,361,1138
066584005,500,55,297,852
066584006,218,27,139,384
066584007,685,78,421,1184
066584008,421,23,362,806
066584009,330,36,187,553
066584010,294,29,196,519
066584011,350,27,248,625
066584012,620,45,428,1093
066584013,557,45,354,956
066584014,485,28,292,805
066584015,922,89,532,1543
066584016,564,44,305,913
066584017,809,66,479,1354
066584101,513,33,292,838
066584102,1096,138,599,1833
066584103,645,59,404,1108
066584104,731,49,487,1267
066584105,701,58,411,1170
066584106,791,54,399,1244
066584107,887,43,470,1400
066584108,682,83,422,1187
066584109,819,93,380,1292
066584110,806,88,428,1322
066584111,471,23,226,720
066584112,486,57,270,813
066584113,831,62,508,1401
066584114,570,33,233,836
066584115,527,25,286,838
066584201,384,19,223,626
066584202,479,45,225,749
066584203,640,81,368,1089
066584204,563,18,293,874
066584205,506,45,249,800
066584206,480,24,220,724
066584207,388,32,201,621
066584208,550,57,305,912
066584209,764,44,411,1219
066584210,586,55,355,996
066584211,437,39,216,692
066584212,693,17,339,1049
066584213,785,58,398,1241
066584301,464,41,271,776
066584302,670,60,404,1134
066584303,821,57,469,1347
066584304,768,72,489,1329
066584305,485,38,354,877
066584306,551,82,407,1040
066584307,503,29,207,739
066584308,766,79,458,1303
066584309,369,26,213,608
066584310,384,32,223,639
066584311,608,52,360,1020
066584312,546,63,316,925
066584401,589,39,290,918
066584402,604,55,298,957
066584403,676,47,408,1131
066584404,1017,72,502,1591
066584405,681,55,287,1023
066584406,586,57,301,944
066584407,369,19,190,578
066584408,770,47,305,1122
066584409,926,64,508,1498
066584410,620,52,377,1049
066584411,820,108,530,1458
066584412,749,64,287,1100
066584413,240,21,113,374
066584414,287,28,189,504
067490101,41,9,23,73
067490102,688,68,295,1051
067490103,527,32,225,784
067490104,190,16,130,336
067490105,272,20,114,406
067490201,323,2,124,449
067490202,596,28,294,918
067490203,573,19,231,823
067490204,571,27,256,854
067490205,645,20,239,904
067490206,206,2,79,287
067490207,450,20,218,688
067490208,543,17,302,862
067490209,595,12,244,851
067490210,578,37,269,884
067490211,426,23,219,668
067490212,409,12,192,613
067490213,412,14,193,619
067490301,458,20,235,713
067490302,221,5,94,320
067490303,342,15,114,471
067490304,508,23,221,752
067490305,417,17,230,664
067490306,287,9,149,445
067490307,341,19,170,530
067490308,407,6,180,593
067490309,338,12,139,489
067490310,380,14,137,531
067490311,425,6,139,570
067490312,558,16,184,758
067490401,166,10,60,236
067490402,172,13,55,240
067490403,313,11,177,501
067490404,445,9,124,578
067490405,182,22,74,278
067490406,433,32,200,665
067490501,239,18,108,365
067490502,379,17,180,576
067490503,420,9,173,602
067490504,405,20,188,613
067490505,363,15,137,515
067490506,354,14,147,515
067490507,250,5,104,359
067490508,227,9,82,318
067490509,361,15,140,516
067490510,339,14,155,508
067490511,203,10,75,288
067490512,262,7,88,357
067490513,165,4,85,254
067490601,322,13,126,461
067490602,424,19,161,604
067490603,537,20,208,765
067490604,336,19,144,499
067490605,481,14,206,701
067490701,667,42,291,1000
067490702,440,20,237,697
067490703,476,23,214,713
067490704,626,30,258,914
067490705,758,51,314,1123
067490706,498,31,178,707
067490707,553,40,244,837
067490708,730,36,303,1069
067490709,416,29,204,649
067490801,421,17,223,661
067490802,282,16,146,444
067490803,374,31,188,593
067490804,626,54,253,933
067490805,708,69,299,1076
067490806,505,47,235,787
067490807,759,69,309,1137
067490808,605,40,314,959
067490809,530,32,239,801
067490901,537,30,190,757
067490902,660,43,253,956
067490903,851,75,335,1261
067490904,716,35,317,1068
067490905,739,72,321,1132
067490906,620,53,193,866
067490907,412,33,120,565
067490908,567,22,262,851
067490909,508,29,252,789
067490910,387,36,169,592
067490911,699,31,305,1035
067490912,710,59,295,1064
067490913,247,14,101,362
067491001,801,48,352,1201
067491002,682,45,256,983
067491003,751,56,254,1061
067491004,642,49,254,945
067491005,666,43,306,1015
067491006,607,46,323,976
067491007,508,46,197,751
067491008,331,16,127,474
067491009,540,47,211,798
067491010,400,41,180,621
067491011,650,29,348,1027
067491012,578,31,261,870
067491013,314,23,139,476
067491101,520,40,269,829
067491102,696,61,348,1105
067491103,549,17,226,792
067491104,352,30,142,524
067491105,506,50,232,788
067491106,351,13,192,556
067491107,600,36,225,861
067491108,324,25,169,518
067491109,253,18,115,386
067491110,626,24,252,902
067491111,522,26,249,797
067491112,390,11,179,580
067491113,724,34,307,1065
067491114,718,34,273,1025
067491201,558,32,255,845
067491202,569,46,254,869
067491203,800,82,381,1263
067491204,728,60,345,1133
067491205,684,51,299,1034
067491206,516,34,179,729
067491207,507,48,234,789
067491208,572,37,266,875
067491209,411,36,230,677
067491210,715,56,282,1053
067491211,678,60,335,1073
067491301,564,67,289,920
067491302,943,55,422,1420
067491303,508,52,209,769
067491304,837,60,356,1253
067491305,805,97,297,1199
067491306,924,47,350,1321
067491307,21,1,12,34
067491308,480,30,127,637
067491309,455,50,212,717
067491310,465,31,189,685
067491311,447,20,191,658
067491312,490,46,194,730
067491313,511,33,189,733
067491314,584,24,203,811
067491315,390,49,198,637
067491316,931,81,368,1380
067491317,458,61,242,761
067491318,596,36,175,807
067491319,585,35,300,920
067491320,457,31,222,710
067491321,382,25,139,546
067491401,404,17,118,539
067491402,507,34,213,754
067491403,505,55,261,821
067491404,535,57,223,815
067491405,588,29,224,841
067491406,581,78,275,934
067491407,715,36,250,1001
067491408,578,52,277,907
067491409,649,41,250,940
067491410,505,47,238,790
067491411,191,5,92,288
067491412,672,32,310,1014
067491413,669,57,305,1031
067491414,717,54,331,1102
067491415,580,42,312,934
067491416,545,41,333,919
067491417,909,82,480,1471
067491418,257,5,64,326
067491419,722,65,356,1143
067491420,375,30,202,607
067491501,37,3,19,59
067491502,143,1,48,192
067491503,46,2,35,83
067491504,146,5,51,202
067491505,125,7,44,176
067491506,33,1,25,59
067491507,42,0,16,58
067491508,75,2,52,129
067491509,164,6,90,260
067491510,171,7,96,274
067491511,178,2,118,298
067491512,167,3,76,246
067491513,121,8,55,184
067560101,422,12,158,592
067560102,355,4,129,488
067560103,457,14,182,653
067560104,606,12,223,841
067560105,538,19,238,795
067560106,483,12,178,673
067560107,737,28,233,998
067560108,292,16,105,413
067560109,301,12,133,446
067560110,658,30,308,996
067560111,287,11,126,424
067560112,571,13,258,842
067560113,481,19,247,747
067560114,647,22,301,970
067560115,331,10,124,465
067560116,505,39,251,795
067560117,558,35,258,851
067560201,561,14,182,757
067560202,453,16,201,670
067560203,785,26,212,1023
067560204,557,31,148,736
067560205,521,37,181,739
067560206,503,21,193,717
067560207,603,15,278,896
067560208,361,17,174,552
067560209,373,5,86,464
067560301,266,7,78,351
067560302,167,7,71,245
067560303,288,7,91,386
067560304,314,19,110,443
067560305,145,7,83,235
067560306,201,8,76,285
067560307,499,22,164,685
067560308,340,7,146,493
067560309,299,15,130,444
067560310,393,14,180,587
067560401,449,25,153,627
067560402,494,13,189,696
067560403,586,12,270,868
067560404,502,20,227,749
067560405,574,17,320,911
067560406,403,15,177,595
067560407,521,17,243,781
067560408,312,8,136,456
067560501,464,8,241,713
067560502,519,18,223,760
067560503,364,10,180,554
067560504,568,17,274,859
067560505,405,20,197,622
067560506,431,11,170,612
067560507,390,15,183,588
067560508,390,22,188,600
067560509,307,12,224,543
067560510,504,10,167,681
067560601,524,16,237,777
067560602,290,9,176,475
067560603,236,12,119,367
067560604,154,5,70,229
067560605,226,6,202,434
067560606,303,8,127,438
067560607,355,19,198,572
067560608,369,14,190,573
067560609,294,4,197,495
067560610,373,10,237,620
067560611,296,15,173,484
067560612,405,7,142,554
067560701,429,14,175,618
067560702,303,10,147,460
067560703,190,16,106,312
067560704,488,25,210,723
067560705,401,10,137,548
067560706,375,17,212,604
067560707,418,18,212,648
067560708,374,13,229,616
067560709,451,16,234,701
067560710,488,30,280,798
067560801,524,33,238,795
067560802,507,31,218,756
067560803,482,36,247,765
067560804,584,25,286,895
067560805,567,36,268,871
067560806,682,27,348,1057
067560807,502,22,238,762
067560808,529,22,295,846
067560809,479,23,263,765
067560901,354,16,125,495
067560902,274,14,107,395
067560903,531,18,249,798
067560904,574,23,238,835
067560905,597,29,285,911
067560906,625,25,303,953
067560907,674,39,316,1029
067560908,619,30,281,930
067560909,535,29,257,821
067560910,525,29,284,838
067560911,423,26,234,683
067560912,497,28,250,775
067560913,485,34,235,754
067560914,579,19,284,882
067560915,571,20,271,862
067560916,473,30,225,728
067561001,324,12,139,475
067561002,239,12,94,345
067561003,409,14,159,582
067561004,374,13,156,543
067561005,239,9,131,379
067561006,384,12,255,651
067561007,369,10,126,505
067561008,265,11,136,412
067561009,150,10,72,232
067561010,537,18,238,793
067561011,566,21,222,809
067561012,530,19,264,813
067561101,310,6,132,448
067561102,286,13,131,430
067561103,399,9,186,594
067561104,383,19,159,561
067561105,500,5,147,652
067561106,510,15,130,655
067561107,558,9,98,665
067561108,317,2,87,406
067561109,250,8,56,314
067561110,282,8,88,378
067561111,374,15,167,556
067561112,531,19,162,712
067561113,424,18,217,659
067561201,630,36,297,963
067561202,375,11,133,519
067561203,407,15,188,610
067561204,851,43,377,1271
067561205,500,24,232,756
067561206,251,6,96,353
067561207,229,1,52,282
067561208,500,25,174,699
067561209,564,19,238,821
067561210,514,15,212,741
067561211,522,25,313,860
067561301,402,7,103,512
067561302,269,14,156,439
067561303,801,31,306,1138
067561304,566,16,195,777
067561305,567,29,241,837
067561306,481,23,185,689
067561307,518,18,252,788
067561308,551,21,268,840
067561309,668,25,257,950
067561310,441,15,176,632
067561311,710,49,373,1132
067561312,622,44,273,939
067561313,611,32,288,931
067561314,1063,61,395,1519
067561401,1046,82,470,1598
067561402,1198,83,627,1908
067561403,297,21,189,507
067561404,414,11,167,592
067561405,346,22,222,590
067561406,436,25,147,608
067561407,594,30,334,958
067561408,578,40,289,907
067561409,645,59,357,1061
067561410,891,71,428,1390
067561411,482,51,279,812
067561412,425,14,272,711
067561413,369,13,194,576
067561414,475,18,217,710
067561415,497,15,280,792
067561501,825,40,261,1126
067561502,659,37,280,976
067561503,583,21,235,839
067561504,878,41,327,1246
067561505,629,49,400,1078
067561506,536,27,218,781
067561507,397,27,151,575
067561508,299,9,163,471
067561509,461,14,144,619
067561510,539,17,291,847
067561511,711,22,307,1040
067561512,389,14,171,574
067561601,566,42,231,839
067561602,365,10,222,597
067561603,538,13,264,815
067561604,555,18,201,774
067561605,372,8,205,585
067561606,295,14,165,474
067561607,388,8,73,469
067561608,478,11,150,639
067561609,514,32,209,755
067561610,381,10,202,593
067561611,614,12,338,964
067561612,529,25,251,805
067561613,537,20,240,797
067561701,450,22,188,660
067561702,672,12,259,943
067561703,577,19,241,837
067561704,463,31,258,752
067561705,290,9,184,483
067561706,502,11,264,777
067561707,593,20,259,872
067561708,648,18,323,989
067561709,620,28,336,984
067561710,447,13,106,566
067561801,430,25,198,653
067561802,640,30,283,953
067561803,444,17,240,701
067561804,585,25,321,931
067561805,346,17,191,554
067561806,393,24,162,579
067561807,358,14,129,501
067561808,84,3,56,143
067561809,334,19,117,470
067561810,405,19,185,609
067561811,682,32,306,1020
067561901,658,38,305,1001
067561902,647,34,338,1019
067561903,415,27,209,651
067561904,331,22,178,531
067561905,713,57,311,1081
067561906,667,37,345,1049
067561907,519,42,324,885
067561908,690,41,342,1073
067561909,622,35,321,978
067561910,454,28,246,728
067562001,482,18,241,741
067562002,479,26,271,776
067562003,696,22,269,987
067562004,357,8,120,485
067562005,389,26,158,573
067562006,322,16,152,490
067562007,801,31,355,1187
067562008,664,43,245,952
067562009,576,24,206,806
067562101,796,30,365,1191
067562102,700,30,294,1024
067562103,488,28,180,696
067562104,969,36,386,1391
067562105,486,21,243,750
067562106,686,23,242,951
067562107,380,16,173,569
067562108,724,46,301,1071
067562109,587,24,232,843
067562110,153,1,46,200
067562111,539,27,195,761
067562201,988,63,546,1597
067562202,547,51,312,910
067562203,777,49,477,1303
067562204,816,39,390,1245
067562205,574,27,247,848
067562206,717,56,337,1110
067562207,493,31,232,756
067562208,445,19,196,660
067562209,474,23,231,728
067562210,458,30,230,718
067562211,617,35,267,919
067562212,361,16,142,519
067562213,292,8,159,459
067562301,1013,100,646,1759
067562302,436,34,284,754
067562303,452,27,236,715
067562304,697,27,340,1064
067562305,576,26,314,916
067562306,407,27,257,691
067562307,585,33,309,927
067562308,613,22,244,879
067562309,613,41,332,986
067562310,513,58,304,875
067562401,526,41,243,810
067562402,304,11,137,452
067562403,368,10,193,571
067562404,349,29,192,570
067562405,377,25,186,588
067562406,534,32,245,811
067562407,298,16,132,446
067562408,348,19,148,515
067562409,395,19,172,586
067562410,390,15,237,642
067562411,629,37,285,951
067562412,709,38,304,1051
067562413,494,23,246,763
067562501,601,48,249,898
067562502,505,32,217,754
067562503,289,15,148,452
067562504,235,18,153,406
067562505,337,27,170,534
067562506,344,19,167,530
067562507,270,22,179,471
067562508,294,10,137,441
067562509,578,45,285,908
067562510,560,33,286,879
067562511,479,52,280,811
067562512,655,37,358,1050
067562513,477,26,216,719
067562514,427,23,232,682
067562515,515,25,252,792
067562516,532,35,312,879
067562517,390,8,200,598
067562518,597,43,312,952
067562519,544,22,318,884
067562601,583,82,259,924
067562602,386,40,145,571
067562603,265,55,118,438
067562604,362,59,148,569
067562605,361,46,127,534
067562606,535,87,239,861
067562607,576,82,233,891
067562608,583,90,262,935
067562609,348,46,141,535
067562610,313,41,159,513
067562611,617,72,269,958
067562701,909,61,329,1299
067562702,806,71,349,1226
067562703,644,54,286,984
067562704,618,35,234,887
067562705,775,80,285,1140
067562706,826,70,414,1310
067562707,357,26,129,512
067562708,455,22,176,653
067562709,347,33,164,544
067562710,450,41,196,687
067562711,786,30,336,1152
067562712,693,55,365,1113
067600101,614,34,202,850
067600102,595,29,297,921
067600103,657,44,243,944
067600104,498,32,242,772
067600105,840,32,332,1204
067600106,453,27,177,657
067600107,817,31,375,1223
067600108,779,42,426,1247
067600109,730,74,510,1314
067600110,680,83,289,1052
067600111,362,15,193,570
067600112,381,26,175,582
067600113,514,26,208,748
067600114,805,56,335,1196
067600115,427,19,219,665
067600116,361,16,158,535
067600117,368,13,134,515
067600201,672,24,336,1032
067600202,661,34,245,940
067600203,327,13,160,500
067600204,411,23,156,590
067600205,370,10,159,539
067600206,326,5,114,445
067600207,420,16,178,614
067600208,167,7,109,283
067600209,254,10,93,357
067600210,738,31,263,1032
067600211,419,16,170,605
067600212,491,22,176,689
067600213,554,25,263,842
067600214,313,12,105,430
067600215,260,5,95,360
067600216,251,3,71,325
067600217,238,10,119,367
067600301,382,20,92,494
067600302,817,52,344,1213
067600303,515,23,219,757
067600304,473,15,184,672
067600305,567,33,331,931
067600306,362,11,203,576
067600307,154,9,50,213
067600308,407,12,168,587
067600309,334,20,146,500
067600310,125,7,58,190
067600311,543,19,169,731
067600312,123,9,48,180
067600313,628,21,251,900
067600314,493,7,73,573
067600315,408,14,118,540
067600316,191,7,80,278
067600317,453,22,215,690
067600401,363,24,264,651
067600501,906,46,435,1387
067600502,540,17,204,761
067600503,808,35,357,1200
067600504,432,29,180,641
067600505,615,32,334,981
067600506,428,12,278,718
067600507,630,38,244,912
067600508,856,58,436,1350
067600509,712,35,357,1104
067600510,945,59,468,1472
067600511,1327,75,560,1962
067600512,615,30,265,910
067600601,535,27,294,856
067600602,600,48,297,945
067600603,443,31,231,705
067600604,449,33,276,758
067600605,463,19,233,715
067600606,440,21,228,689
067600607,565,34,306,905
067600608,734,43,215,992
067600609,766,58,386,1210
067600610,698,53,326,1077
067600701,1025,48,423,1496
067600702,981,55,429,1465
067600703,702,31,348,1081
067600704,678,43,305,1026
067600705,840,42,379,1261
067600706,442,14,210,666
067600707,461,15,189,665
067600708,524,25,234,783
067600709,652,24,315,991
067600710,872,44,377,1293
067600801,528,30,210,768
067600802,772,62,378,1212
067600803,590,29,227,846
067600804,608,39,305,952
067600805,333,19,172,524
067600806,577,38,284,899
067600807,937,47,408,1392
067600808,384,20,156,560
067600809,685,22,175,882
067600810,569,43,258,870
067600811,469,22,178,669
067600812,661,27,219,907
067600901,384,20,185,589
067600902,379,37,158,574
067600903,551,43,260,854
067600904,481,18,136,635
067600905,392,18,172,582
067600906,336,9,138,483
067600907,679,37,276,992
067600908,390,13,126,529
067600909,372,19,162,553
067600910,705,34,322,1061
067600911,743,54,360,1157
067600912,815,63,312,1190
067600913,739,97,314,1150
067600914,667,41,271,979
067600915,310,19,165,494
067600916,422,48,237,707
067601001,443,22,160,625
067601002,466,41,211,718
067601003,297,48,155,500
067601004,417,33,211,661
067601005,354,49,199,602
067601006,79,11,37,127
067601007,162,5,64,231
067601008,210,23,94,327
067601009,441,46,228,715
067601010,156,13,59,228
067601011,187,13,114,314
067601012,692,49,433,1174
067601013,676,59,321,1056
067601014,717,59,276,1052
067601015,749,44,306,1099
067601101,369,32,178,579
067601102,529,36,263,828
067601103,909,64,448,1421
067601104,729,56,353,1138
067601105,356,9,135,500
067601106,1204,56,560,1820
067601107,699,58,367,1124
067601108,1067,93,540,1700
067601109,439,19,182,640
067601110,699,61,417,1177
067601111,952,79,451,1482
067601112,413,17,172,602
067601113,403,25,203,631
067601114,287,28,119,434
067601115,334,20,142,496
067601116,263,16,112,391
067601117,433,15,151,599
067601201,385,31,158,574
067601202,445,19,174,638
067601203,207,10,82,299
067601204,415,11,156,582
067601205,518,35,232,785
067601206,306,12,109,427
067601207,227,5,121,353
067601208,495,14,193,702
067601209,391,13,140,544
067601210,422,50,172,644
067601211,556,37,281,874
067601212,641,50,203,894
067601213,11,2,1,14
067601214,602,48,282,932
067601215,582,55,283,920
067601216,631,34,311,976
067601217,764,44,349,1157
067601218,383,19,202,604
067601219,611,24,216,851
067601301,364,12,128,504
067601302,682,32,193,907
067601303,306,16,118,440
067601304,428,20,185,633
067601305,535,16,199,750
067601306,834,47,336,1217
067601307,429,25,237,691
067601308,512,29,195,736
067601309,813,36,231,1080
067601310,878,71,298,1247
067601311,663,28,281,972
067601312,629,43,245,917
067601313,574,18,204,796
067601314,826,34,237,1097
067601315,701,51,375,1127
067601316,356,22,162,540
067601401,445,13,214,672
067601402,491,35,202,728
067601403,546,29,262,837
067601404,827,63,332,1222
067601405,593,64,254,911
067601406,1086,71,347,1504
067601407,923,109,415,1447
067601408,605,21,182,808
067601409,667,92,266,1025
067601410,621,44,280,945
067601411,572,71,232,875
067601412,746,54,450,1250
067601413,783,62,373,1218
067601414,473,26,170,669
067601415,207,25,84,316
067601501,593,24,228,845
067601502,353,20,226,599
067601503,323,14,159,496
067601504,365,58,241,664
067601505,764,57,407,1228
067601506,408,35,209,652
067601507,529,35,300,864
067601508,649,44,319,1012
067601509,743,90,401,1234
067601510,372,22,170,564
067601511,483,14,253,750
067601512,591,31,322,944
067601513,566,29,196,791
067601514,422,20,226,668
067601515,334,22,188,544
067601516,375,26,204,605
067601601,503,41,223,767
067601602,500,46,210,756
067601603,629,50,306,985
067601604,575,47,294,916
067601605,687,46,316,1049
067601606,651,71,380,1102
067601607,570,32,226,828
067601608,617,50,365,1032
067601609,433,27,252,712
067601610,498,36,276,810
067601611,398,33,208,639
067601612,293,23,145,461
067601613,580,62,303,945
067601614,607,23,270,900
067601701,753,65,349,1167
067601702,673,24,312,1009
067601703,527,41,195,763
067601704,520,33,266,819
067601705,559,63,344,966
067601706,671,63,324,1058
067601707,489,41,311,841
067601708,745,51,321,1117
067601709,508,36,251,795
067601710,548,42,232,822
067601711,469,37,251,757
067601712,583,41,255,879
067601713,515,42,296,853
067601714,473,25,228,726
067601715,568,38,334,940
067601716,408,29,220,657
067601801,514,42,315,871
067601802,508,33,254,795
067601803,678,35,365,1078
067601804,764,54,382,1200
067601805,472,32,187,691
067601806,429,52,238,719
067601807,522,31,275,828
067601808,759,43,285,1087
067601809,542,35,280,857
067601810,495,47,254,796
067601811,522,57,283,862
067601812,681,57,365,1103
067601813,495,32,222,749
067601814,549,53,250,852
067601815,502,35,252,789
067601816,541,23,165,729
068050101,390,9,149,548
068050102,323,7,182,512
068050103,350,12,200,562
068050104,497,27,226,750
068050105,214,5,41,260
068050106,268,6,79,353
068050107,442,13,96,551
068050108,273,4,76,353
068050201,198,8,70,276
068050202,348,9,76,433
068050203,638,86,218,942
068050204,680,46,293,1019
068050205,824,51,349,1224
068050301,140,8,43,191
068050302,250,17,89,356
068050303,532,46,227,805
068050304,1134,16,379,1529
068050305,770,37,250,1057
068050306,570,7,152,729
068050307,694,9,244,947
068050308,429,7,154,590
068050309,308,6,77,391
068050310,259,5,93,357
068050311,689,14,233,936
068050401,393,13,133,539
068050402,453,25,144,622
068050403,951,56,410,1417
068050404,820,57,317,1194
068050405,980,44,310,1334
068050406,618,38,211,867
068050407,1316,85,487,1888
068050408,505,44,186,735
068050409,886,39,358,1283
068050410,869,66,417,1352
068050411,815,11,159,985
068050412,1281,28,327,1636
068050501,592,18,253,863
068050502,585,19,240,844
068050503,694,33,235,962
068050504,387,12,163,562
068050505,447,11,209,667
068050506,505,25,244,774
068050507,876,49,335,1260
068050508,607,35,275,917
068050509,454,15,200,669
068050510,482,23,181,686
068050511,928,45,354,1327
068050512,800,71,319,1190
068050513,749,45,251,1045
068050601,811,51,717,1579
068050602,473,17,183,673
068050603,591,36,269,896
068050604,638,20,301,959
068050605,352,19,127,498
068050606,362,10,117,489
068050607,192,7,36,235
068050608,450,12,159,621
068050609,580,15,207,802
068050610,539,15,207,761
068050611,477,22,250,749
068050612,532,18,231,781
068050701,253,16,120,389
068050702,416,21,215,652
068050703,551,35,313,899
068050704,449,29,197,675
068050705,537,34,200,771
068050706,237,19,126,382
068050707,255,18,89,362
068050708,38,0,26,64
068050709,131,3,68,202
068050710,44,3,27,74
068050711,49,3,17,69
068050801,226,6,97,329
068050802,146,2,27,175
068050803,390,13,167,570
068050804,362,5,72,439
068050805,305,15,124,444
068050806,477,28,211,716
068050807,763,73,334,1170
068050808,978,32,382,1392
068050809,813,84,387,1284
068050810,379,17,184,580
068050811,872,44,359,1275
068050812,408,46,187,641
068050813,1008,81,406,1495
068050814,885,48,270,1203
068050901,2,0,1,3
068050902,459,30,242,731
068050903,479,47,269,795
068050904,1038,76,468,1582
068050905,1058,21,324,1403
068050906,1041,22,364,1427
068051001,885,62,375,1322
068051002,451,33,265,749
068051003,483,18,256,757
068051004,976,44,386,1406
068051005,447,43,239,729
068051006,688,42,344,1074
068051007,680,86,381,1147
068051008,925,95,519,1539
068051009,956,67,332,1355
068051010,700,40,293,1033
068051011,781,40,150,971
068051012,555,13,245,813
068051013,422,10,195,627
068051101,608,64,305,977
068051102,393,23,254,670
068051103,927,33,598,1558
068051104,840,68,442,1350
068051105,754,38,287,1079
068051106,600,29,279,908
068051107,682,63,367,1112
068051108,1002,91,483,1576
068051109,758,51,406,1215
068051110,875,57,441,1373
068051201,409,28,191,628
068051202,477,30,264,771
068051203,544,20,241,805
068051204,427,15,220,662
068051205,483,24,195,702
068051206,355,21,180,556
068051207,441,35,217,693
068051208,416,22,179,617
068051209,301,8,184,493
068051210,994,45,463,1502
068051211,575,22,254,851
068051212,649,24,355,1028
068051213,477,12,197,686
068051214,493,17,198,708
068051301,696,17,171,884
068051302,701,17,245,963
068051303,855,30,305,1190
068051304,685,45,323,1053
068051305,636,51,240,927
068051306,512,48,187,747
068051307,516,30,253,799
068051308,987,104,481,1572
068051309,492,57,273,822
068051310,422,41,170,633
068051311,811,53,333,1197
068051312,681,59,306,1046
068051313,618,48,308,974
068051314,604,51,254,909
068051315,486,34,198,718
068051316,604,16,314,934
068051317,422,36,221,679
068051318,830,46,366,1242
068051401,697,57,324,1078
068051402,498,22,215,735
068051403,602,60,320,982
068051404,655,38,294,987
068051405,814,70,458,1342
068051406,538,51,246,835
068051407,541,35,224,800
068051408,524,38,246,808
068051409,535,24,256,815
068051410,491,24,253,768
068051411,590,49,277,916
068051412,578,56,276,910
068051413,605,90,352,1047
068051414,684,44,319,1047
068051415,648,53,265,966
068051416,947,56,447,1450
068051501,443,25,222,690
068051502,472,16,190,678
068051503,608,23,324,955
068051504,570,39,281,890
068051505,587,50,286,923
068051506,901,48,316,1265
068051507,741,33,263,1037
068051508,753,60,373,1186
068051509,654,33,320,1007
068051510,630,56,283,969
068051511,549,28,192,769
068051512,401,19,187,607
068051513,637,43,248,928
068051601,818,68,348,1234
068051602,978,75,382,1435
068051603,583,54,265,902
068051604,871,74,426,1371
068051605,469,19,188,676
068051606,601,39,245,885
068051607,655,48,225,928
068051608,587,25,313,925
068051609,558,26,266,850
068051610,1097,56,356,1509
068051611,667,35,276,978
068051701,686,78,338,1102
068051702,715,57,308,1080
068051703,397,23,163,583
068051704,467,28,186,681
068051705,680,42,339,1061
068051706,803,64,299,1166
068051707,772,54,400,1226
068051708,731,73,421,1225
068051709,857,98,455,1410
068051710,822,51,322,1195
068051711,772,59,356,1187
068051801,392,27,224,643
068051802,410,33,201,644
068051803,837,38,350,1225
068051804,648,27,410,1085
068051805,677,19,258,954
068051806,517,34,185,736
068051807,446,24,237,707
068051808,652,60,367,1079
068051809,722,46,352,1120
068051810,754,51,312,1117
068051811,714,36,367,1117
068051812,720,73,423,1216
068051901,476,32,168,676
068051902,519,32,214,765
068051903,568,21,218,807
068051904,462,24,154,640
068051905,543,24,243,810
068051906,883,67,378,1328
068051907,447,18,209,674
068051908,388,16,160,564
068051909,628,25,228,881
068051910,427,19,134,580
068051911,851,50,349,1250
068051912,718,32,329,1079
068051913,109,1,42,152
068051914,435,45,196,676
068052001,272,15,131,418
068052002,458,31,233,722
068052003,382,43,170,595
068052004,896,119,449,1464
068052005,728,39,333,1100
068052006,546,59,328,933
068052007,958,90,512,1560
068052008,443,25,248,716
068052009,646,64,252,962
068052010,606,29,281,916
068052011,738,29,274,1041
068052012,544,26,264,834
068052013,608,50,255,913
068052014,530,23,263,816
068052101,535,34,276,845
068052102,528,32,230,790
068052103,823,95,473,1391
068052104,1010,58,467,1535
068052105,658,48,222,928
068052106,600,63,266,929
068052107,408,75,245,728
068052108,521,65,260,846
068052109,562,47,289,898
068052110,619,45,223,887
068052111,632,66,353,1051
068052112,638,66,283,987
068052113,622,36,333,991
068052114,482,48,276,806
068052201,765,77,349,1191
068052202,823,85,424,1332
068052203,807,80,378,1265
068052204,942,63,408,1413
068052205,959,78,372,1409
068052206,732,62,279,1073
068052207,662,57,293,1012
068052208,587,37,270,894
068052209,779,36,307,1122
068052210,485,26,197,708
068052301,622,49,262,933
068052302,686,76,327,1089
068052303,836,70,312,1218
068052304,853,33,331,1217
068052305,664,44,259,967
068052306,566,36,236,838
068052307,866,71,335,1272
068052308,449,30,196,675
068052309,394,42,157,593
068052310,710,54,338,1102
068052311,375,29,159,563
068052312,2624,211,987,3822
068052313,584,22,172,778
068052314,738,59,422,1219
068052315,604,60,358,1022
068052401,754,50,311,1115
068052402,801,50,256,1107
068052403,561,25,169,755
068052404,614,33,273,920
068052405,1007,49,358,1414
068052406,438,36,131,605
068052407,326,7,90,423
068052408,696,39,199,934
068052409,742,46,310,1098
068052410,902,36,208,1146
068052501,574,31,150,755
068052502,584,18,143,745
068052503,306,9,78,393
068052504,240,10,82,332
068052505,717,44,317,1078
068052506,835,77,331,1243
068052507,1101,105,441,1647
068052508,408,10,258,676
068052509,490,25,156,671
068052510,465,36,180,681
068052511,612,46,295,953
068052512,746,51,359,1156
068052601,59,1,39,99
068052602,111,3,41,155
068052603,222,11,72,305
068052604,85,2,42,129
068052605,84,3,14,101
068052606,46,5,41,92
068052607,39,2,9,50
068052608,123,6,42,171
068052609,480,19,150,649
068052610,335,10,119,464
068052611,176,3,55,234
068052612,141,6,34,181
068052613,116,9,43,168
068052614,61,1,23,85
068052615,177,11,75,263
068052616,99,0,14,113
068052617,24,3,4,31
068052618,129,2,56,187
068052619,203,2,36,241
068052620,251,19,95,365
068052621,95,5,57,157
068400101,234,11,85,330
068400102,623,49,230,902
068400103,945,66,402,1413
068400104,489,36,248,773
068400105,858,90,430,1378
068400106,753,34,328,1115
068400107,815,78,310,1203
068400108,324,63,173,560
068400109,551,41,272,864
068400110,781,64,370,1215
068400111,524,41,294,859
068400112,653,28,291,972
068400113,1024,52,399,1475
068400201,663,56,352,1071
068400202,723,53,392,1168
068400203,471,35,280,786
068400204,455,33,251,739
068400205,501,18,296,815
068400206,498,31,252,781
068400207,360,35,154,549
068400208,382,16,188,586
068400209,588,28,281,897
068400210,481,7,218,706
068400211,528,31,210,769
068400212,616,48,365,1029
068400301,578,30,284,892
068400302,680,48,328,1056
068400303,486,40,279,805
068400304,670,58,332,1060
068400305,652,57,352,1061
068400306,541,31,399,971
068400307,669,50,364,1083
068400308,726,61,479,1266
068400309,454,35,300,789
068400310,440,41,225,706
068400311,811,54,343,1208
068400312,720,47,369,1136
068400401,861,58,401,1320
068400402,791,84,395,1270
068400403,468,14,273,755
068400404,408,15,191,614
068400405,416,31,266,713
068400406,437,34,205,676
068400407,493,27,250,770
068400408,234,4,120,358
068400409,486,26,205,717
068400410,723,41,382,1146
068400411,541,24,252,817
068400412,340,14,188,542
068400413,635,52,297,984
068400414,606,19,109,734
068400415,692,26,165,883
068400416,646,29,146,821
068400417,775,35,240,1050
068400501,678,44,256,978
068400502,485,24,250,759
068400503,481,47,280,808
068400504,413,34,239,686
068400505,501,22,215,738
068400506,327,18,160,505
068400507,439,26,260,725
068400508,755,41,289,1085
068400509,394,18,177,589
068400510,538,22,212,772
068400511,816,56,283,1155
068400512,735,45,314,1094
068400601,631,61,356,1048
068400602,356,26,163,545
068400603,475,31,181,687
068400604,499,43,263,805
068400605,585,29,335,949
068400606,667,35,300,1002
068400607,447,24,232,703
068400608,318,16,158,492
068400609,351,17,178,546
068400610,395,15,194,604
068400611,316,15,153,484
068400612,311,45,151,507
068400613,532,31,233,796
068400614,594,47,308,949
068400615,478,20,274,772
068400616,519,47,260,826
068400701,628,35,371,1034
068400702,635,42,275,952
068400703,473,28,236,737
068400704,475,31,222,728
068400705,392,23,208,623
068400706,454,13,206,673
068400707,507,28,262,797
068400708,574,28,279,881
068400709,531,16,274,821
068400710,612,30,312,954
068400711,521,27,271,819
068400801,445,15,256,716
068400802,336,19,148,503
068400803,282,21,137,440
068400804,487,52,209,748
068400805,504,24,251,779
068400806,376,16,175,567
068400807,403,24,230,657
068400808,367,29,173,569
068400809,638,44,304,986
068400810,374,15,157,546
068400811,498,23,237,758
068400812,590,31,306,927
068400901,492,33,257,782
068400902,314,17,182,513
068400903,455,15,268,738
068400904,382,13,184,579
068400905,291,7,181,479
068400906,417,29,185,631
068400907,440,17,198,655
068400908,373,14,155,542
068400909,349,11,198,558
068400910,504,16,216,736
068401001,639,37,294,970
068401002,651,34,348,1033
068401003,302,13,164,479
068401004,484,10,132,626
068401005,338,7,156,501
068401006,483,20,141,644
068401007,461,18,174,653
068401008,346,11,118,475
068401009,245,5,110,360
068401010,348,13,130,491
068401011,335,18,194,547
068401012,303,10,113,426
068401013,354,14,124,492
068401101,421,19,221,661
068401102,378,26,196,600
068401103,276,24,118,418
068401104,189,10,53,252
068401105,445,25,213,683
068401106,614,35,289,938
068401107,403,28,200,631
068401108,655,25,327,1007
068401109,473,14,214,701
068401110,623,23,331,977
068401111,579,23,253,855
068401112,515,29,235,779
068401201,592,23,242,857
068401202,545,33,308,886
068401203,581,18,269,868
068401204,283,13,168,464
068401205,490,23,245,758
068401206,7,0,8,15
068401207,320,19,181,520
068401208,394,18,149,561
068401209,444,15,196,655
068401210,472,21,244,737
068401211,602,35,263,900
068401301,479,22,292,793
068401302,300,13,169,482
068401303,583,34,310,927
068401304,513,15,277,805
068401305,440,19,213,672
068401306,352,14,161,527
068401307,303,11,131,445
068401308,336,10,151,497
068401309,534,20,220,774
068401310,621,46,355,1022
068401311,414,21,189,624
068401312,504,15,251,770
068401313,287,12,107,406
068401314,246,5,97,348
068401401,528,35,241,804
068401402,337,18,176,531
068401403,391,17,181,589
068401404,671,30,361,1062
068401405,449,31,248,728
068401406,383,19,192,594
068401407,432,27,222,681
068401408,247,15,134,396
068401409,466,32,227,725
068401410,457,29,283,769
068401501,349,16,126,491
068401502,614,23,242,879
068401503,385,22,186,593
068401504,364,11,218,593
068401505,533,26,269,828
068401506,590,36,210,836
068401507,276,14,128,418
068401508,338,12,122,472
068401509,508,23,211,742
068401510,569,22,226,817
068401511,266,11,139,416
068401512,299,15,159,473
068401513,499,23,232,754
068401514,537,16,211,764
068401601,370,10,213,593
068401602,377,32,233,642
068401603,470,13,227,710
068401604,475,16,183,674
068401605,442,33,228,703
068401606,471,31,204,706
068401607,377,15,148,540
068401608,481,18,240,739
068401609,441,17,226,684
068401610,335,19,172,526
068401611,257,8,177,442
068401612,330,21,129,480
068401613,451,16,183,650
068401614,259,15,106,380
068401701,376,13,217,606
068401702,685,38,276,999
068401703,460,15,273,748
068401704,363,20,204,587
068401705,487,37,212,736
068401706,687,33,273,993
068401707,321,19,210,550
068401708,436,27,250,713
068401709,332,16,129,477
068401710,378,22,193,593
068401711,297,22,154,473
068401712,343,36,149,528
068401713,286,17,185,488
068401801,177,9,160,346
068401802,417,16,179,612
068401803,245,10,127,382
068401804,276,6,144,426
068401805,223,15,128,366
068401806,551,20,215,786
068401807,584,35,251,870
068401808,581,27,358,966
068401809,551,38,251,840
068401810,519,25,327,871
068401811,362,20,125,507
068401812,350,21,151,522
068401813,503,26,302,831
068401814,390,25,206,621
068401901,280,11,91,382
068401902,320,8,126,454
068401903,543,21,212,776
068401904,713,33,325,1071
068401905,512,28,263,803
068401906,641,23,365,1029
068401907,441,20,208,669
068401908,544,23,270,837
068401909,387,32,200,619
068401910,359,12,159,530
068401911,511,31,277,819
068401912,500,30,231,761
068402001,460,20,196,676
068402002,444,24,217,685
068402003,590,22,317,929
068402004,538,26,281,845
068402005,493,32,252,777
068402006,486,31,275,792
068402007,459,35,208,702
068402008,410,28,183,621
068402009,539,30,249,818
068402010,387,23,192,602
068402011,576,47,291,914
068402101,436,16,209,661
068402102,326,20,167,513
068402103,227,14,151,392
068402104,335,37,222,594
068402105,395,30,153,578
068402106,626,23,318,967
068402107,566,27,312,905
068402108,522,34,288,844
068402109,654,40,315,1009
068402110,651,79,339,1069
068402201,636,45,336,1017
068402202,517,35,253,805
068402203,508,34,319,861
068402204,552,36,192,780
068402205,406,45,242,693
068402206,551,31,206,788
068402207,626,35,286,947
068402208,680,46,288,1014
068402301,363,35,227,625
068402302,456,27,226,709
068402303,282,17,131,430
068402304,329,21,184,534
068402305,619,22,244,885
068402306,286,21,165,472
068402307,288,26,155,469
068402308,726,68,361,1155
068402309,376,27,174,577
068402310,475,31,267,773
068402401,527,34,293,854
068402402,396,22,263,681
068402403,374,6,90,470
068402404,396,15,195,606
068402405,461,24,184,669
068402406,517,20,197,734
068402407,504,21,221,746
068402408,368,32,188,588
068402409,395,22,214,631
068402410,267,24,144,435
068402501,185,12,151,348
068402502,97,7,63,167
068402503,236,16,192,444
068402504,403,41,229,673
068402505,256,10,113,379
068402506,622,24,270,916
068402507,198,11,102,311
068402508,244,7,138,389
068402509,232,18,165,415
068402510,430,22,249,701
068402511,371,23,211,605
068402601,761,79,412,1252
068402602,1731,123,796,2650
068402603,585,45,298,928
068402604,244,18,133,395
068402605,517,37,254,808
068402606,1505,111,859,2475
068402607,332,16,103,451
068402608,11,0,1,12
068402701,386,16,206,608
068402702,630,43,291,964
068402703,520,49,264,833
068402704,586,37,278,901
068402705,158,10,50,218
068402706,235,10,93,338
068402707,428,17,198,643
068402708,453,31,238,722
068402709,438,36,223,697
068402710,569,41,257,867
068402711,411,17,155,583
068402712,487,29,282,798
068402713,441,20,242,703
068402801,525,37,230,792
068402802,465,21,270,756
068402803,339,27,147,513
068402804,501,34,144,679
068402805,688,24,299,1011
068402806,455,35,260,750
068402807,611,37,311,959
068402808,414,14,167,595
068402809,489,41,227,757
068402810,372,26,190,588
068402811,528,38,258,824
068402901,552,33,229,814
068402902,397,41,172,610
068402903,731,75,352,1158
068402904,477,26,293,796
068402905,582,45,300,927
068402906,368,19,188,575
068402907,493,41,274,808
068402908,466,39,203,708
068402909,520,45,272,837
068402910,635,40,276,951
068402911,287,17,137,441
068403001,434,11,197,642
068403002,255,10,131,396
068403003,370,12,200,582
068403004,461,27,214,702
068403005,252,19,129,400
068403006,369,27,154,550
068403007,380,24,152,556
068403008,493,32,238,763
068403009,361,22,165,548
068403010,314,10,107,431
068403011,464,20,209,693
068403012,252,23,107,382
068403013,302,13,81,396
068403101,225,11,64,300
068403102,525,22,257,804
068403103,525,32,208,765
068403104,385,13,122,520
068403105,524,30,183,737
068403106,542,23,249,814
068403107,472,15,199,686
068403108,513,30,229,772
068403109,585,27,277,889
068403110,428,27,207,662
068403201,223,20,120,363
068403202,473,17,232,722
068403203,353,17,183,553
068403204,475,41,238,754
068403205,449,22,168,639
068403206,406,13,198,617
068403207,471,34,241,746
068403208,543,20,227,790
068403209,464,30,269,763
068610101,377,18,192,587
068610102,274,11,123,408
068610103,340,14,154,508
068610104,421,23,198,642
068610105,457,18,186,661
068610106,313,17,137,467
068610107,344,12,134,490
068610108,403,10,196,609
068610109,465,11,136,612
068610110,322,20,124,466
068610111,302,16,123,441
068610201,468,23,153,644
068610202,350,9,147,506
068610203,199,4,104,307
068610204,490,14,281,785
068610205,293,6,110,409
068610206,248,4,110,362
068610207,338,16,120,474
068610208,206,3,55,264
068610209,495,20,212,727
068610210,489,19,238,746
068610211,433,12,179,624
068610212,302,11,151,464
068610301,422,19,157,598
068610302,338,13,112,463
068610303,461,13,193,667
068610304,486,13,186,685
068610305,352,11,120,483
068610306,314,11,122,447
068610307,332,9,94,435
068610308,394,8,130,532
068610309,191,6,94,291
068610310,277,9,123,409
068610311,382,21,142,545
068610401,346,9,91,446
068610402,354,7,77,438
068610403,365,13,92,470
068610404,216,4,72,292
068610405,329,10,130,469
068610406,388,7,126,521
068610407,487,12,164,663
068610408,301,9,48,358
068610409,334,12,149,495
068610410,428,17,158,603
068610411,284,12,107,403
068610501,338,15,178,531
068610502,274,5,104,383
068610503,364,8,112,484
068610504,395,17,191,603
068610505,389,19,150,558
068610506,0,0,0,0
068610507,330,7,128,465
068610508,585,22,262,869
068610509,360,9,225,594
068610601,149,11,50,210
068610602,295,10,70,375
068610603,431,5,166,602
068610604,362,10,105,477
068610605,187,2,60,249
068610606,398,11,118,527
068610607,340,20,136,496
068610608,208,11,51,270
068610609,341,12,123,476
068610610,562,25,217,804
068610611,198,5,85,288
068610701,479,10,182,671
068610702,310,14,126,450
068610703,345,9,109,463
068610704,431,10,181,622
068610705,493,13,135,641
068610706,249,13,146,408
068610707,377,17,197,591
068610708,403,6,189,598
068610709,466,12,216,694
068610801,442,22,173,637
068610802,472,24,172,668
068610803,349,7,139,495
068610804,487,6,194,687
068610805,281,15,93,389
068610806,330,4,148,482
068610807,265,6,139,410
068610808,364,15,141,520
068610809,257,7,98,362
068610810,511,26,164,701
068610811,291,21,122,434
068610901,540,15,171,726
068610902,316,9,83,408
068610903,403,7,99,509
068610904,390,11,115,516
068610905,631,26,238,895
068610906,521,20,218,759
068610907,495,20,207,722
068610908,353,6,165,524
068610909,190,6,66,262
068610910,418,23,153,594
068610911,709,16,246,971
068610912,473,15,236,724
068611001,532,26,250,808
068611002,653,26,221,900
068611003,599,38,259,896
068611004,534,11,269,814
068611005,486,19,259,764
068611006,534,27,195,756
068611007,468,23,233,724
068611008,536,21,211,768
068611009,485,22,160,667
068611010,459,18,260,737
068611101,539,18,230,787
068611102,401,20,166,587
068611103,463,23,207,693
068611104,352,16,164,532
068611105,320,14,155,489
068611106,518,17,252,787
068611107,671,18,233,922
068611108,369,14,171,554
068611109,450,21,224,695
068611110,346,17,149,512
068611201,399,14,150,563
068611202,402,12,220,634
068611203,283,8,121,412
068611204,299,13,152,464
068611205,520,20,221,761
068611206,362,18,193,573
068611207,490,26,218,734
068611208,503,19,233,755
068611209,455,24,232,711
068611301,257,4,95,356
068611302,338,5,113,456
068611303,316,13,136,465
068611304,351,18,195,564
068611305,415,10,175,600
068611306,479,14,223,716
068611307,395,9,196,600
068611308,341,20,196,557
068611309,533,18,248,799
068611401,300,10,132,442
068611402,329,9,101,439
068611403,345,15,190,550
068611404,458,30,209,697
068611405,322,11,100,433
068611406,264,13,149,426
068611407,489,22,225,736
068611408,409,18,165,592
068611409,546,16,248,810
068611410,368,17,184,569
068611411,215,9,66,290
068611412,297,6,100,403
068611501,324,9,127,460
068611502,364,12,149,525
068611503,560,21,248,829
068611504,140,8,46,194
068611505,248,2,75,325
068611506,419,16,169,604
068611507,426,22,195,643
068611508,513,27,201,741
068611509,286,18,163,467
068611510,523,23,188,734
068611601,324,14,150,488
068611602,314,12,118,444
068611603,455,11,170,636
068611604,506,29,231,766
068611605,460,19,247,726
068611606,469,15,208,692
068611607,548,15,196,759
068611608,420,14,209,643
068611609,569,31,272,872
068611610,504,21,217,742
068611611,495,21,181,697
068611701,502,17,255,774
068611702,502,19,245,766
068611703,394,26,197,617
068611704,337,15,168,520
068611705,424,21,175,620
068611706,403,20,219,642
068611707,536,17,276,829
068611708,502,24,236,762
068611709,491,26,255,772
068611801,611,32,265,908
068611802,585,28,261,874
068611803,492,24,217,733
068611804,391,24,179,594
068611805,336,14,110,460
068611806,580,26,215,821
068611807,468,17,226,711
068611808,483,19,242,744
068611809,485,18,226,729
068611810,589,21,277,887
068611901,450,27,191,668
068611902,164,6,78,248
068611903,419,17,189,625
068611904,479,15,193,687
068611905,505,34,300,839
068611906,455,25,239,719
068611907,547,21,238,806
068611908,411,19,215,645
068611909,412,22,227,661
068611910,415,14,213,642
068611911,462,17,297,776
068611912,543,24,308,875
068611913,306,18,217,541
068611914,378,29,183,590
068611915,331,9,116,456
068612001,587,21,209,817
068612002,429,25,150,604
068612003,549,24,201,774
068612004,476,21,188,685
068612005,507,18,224,749
068612006,555,13,210,778
068612007,476,10,194,680
068612008,359,22,116,497
068612101,548,25,250,823
068612102,449,17,183,649
068612103,494,16,237,747
068612104,511,29,209,749
068612105,439,30,228,697
068612106,582,22,236,840
068612107,523,44,251,818
068612108,589,34,304,927
068612109,454,25,172,651
068612201,508,16,216,740
068612202,562,29,240,831
068612203,525,19,253,797
068612204,474,23,204,701
068612205,564,23,251,838
068612206,501,18,233,752
068612207,568,30,233,831
068612208,558,23,290,871
068612209,378,13,153,544
068612210,352,19,168,539
068612211,318,16,147,481
068612212,334,26,116,476
068612301,725,59,297,1081
068612302,583,37,321,941
068612303,656,48,320,1024
068612304,526,54,287,867
068612305,680,63,323,1066
068612306,255,11,145,411
068612307,721,32,278,1031
068612308,376,10,149,535
068612309,405,20,154,579
068612401,681,23,255,959
068612402,634,24,322,980
068612403,389,24,199,612
068612404,372,21,187,580
068612405,647,34,272,953
068612406,450,20,221,691
068612407,720,22,285,1027
068612408,594,24,317,935
068612409,500,23,245,768
068612410,530,28,237,795
068612411,731,37,274,1042
068612501,382,15,155,552
068612502,739,30,319,1088
068612503,633,33,241,907
068612504,421,37,120,578
068612505,491,37,209,737
068612506,471,23,218,712
068612507,464,22,196,682
068612508,577,18,268,863
068612509,552,23,296,871
068612601,571,47,311,929
068612602,446,25,238,709
068612603,437,17,179,633
068612604,454,20,245,719
068612605,483,31,231,745
068612606,486,16,213,715
068612607,519,25,218,762
068612608,651,44,284,979
068612609,503,25,266,794
068612610,491,20,215,726
068612701,523,31,229,783
068612702,483,15,216,714
068612703,449,8,221,678
068612704,408,17,164,589
068612705,436,14,167,617
068612706,471,15,221,707
068612707,558,21,187,766
068612708,537,14,235,786
068612709,385,18,216,619
068612710,456,25,215,696
068612801,245,17,155,417
068612802,546,26,256,828
068612803,386,21,192,599
068612804,426,32,232,690
068612805,368,28,188,584
068612806,422,15,197,634
068612807,410,17,186,613
068612808,287,9,148,444
068612809,363,12,189,564
068612810,446,25,237,708
068612901,912,45,343,1300
068612902,452,14,194,660
068612903,529,28,252,809
068612904,410,14,185,609
068612905,441,24,243,708
068612906,330,12,125,467
068612907,428,28,189,645
068612908,942,66,361,1369
068612909,344,19,132,495
068612910,460,27,301,788
068612911,395,11,227,633
068612912,229,12,183,424
068613001,469,19,159,647
068613002,563,61,249,873
068613003,626,52,276,954
068613004,838,103,317,1258
068613005,429,63,159,651
068613006,394,28,173,595
068613007,468,50,286,804
068613008,110,15,55,180
068613009,828,15,335,1178
068613010,306,17,186,509
068613011,440,19,190,649
068613012,538,38,263,839
068613101,704,28,296,1028
068613102,864,45,406,1315
068613103,521,24,278,823
068613104,1080,42,451,1573
068613105,350,13,212,575
068613106,543,26,251,820
068613107,714,30,295,1039
068613108,632,35,282,949
068613109,512,36,235,783
068613110,665,50,283,998
068613201,322,6,134,462
068613202,599,29,249,877
068613203,100,6,61,167
068613204,132,6,77,215
068613205,223,4,83,310
068613206,432,8,144,584
068613207,650,13,226,889
068613208,376,16,158,550
068613209,284,4,139,427
068613210,567,6,214,787
068613301,559,24,202,785
068613302,576,20,220,816
068613303,572,26,222,820
068613304,368,14,164,546
068613305,567,14,217,798
068613306,393,24,175,592
068613307,530,16,188,734
068613308,508,18,199,725
068613309,599,8,210,817
068613310,632,6,232,870
060070101,236,12,138,386
060070102,327,14,216,557
060070103,15,1,6,22
060070104,2,0,0,2
060070105,24,1,2,27
060070106,6,0,6,12
060070107,106,7,56,169
060070108,13,0,5,18
060070109,9,0,5,14
060070110,12,0,6,18
060070111,10,0,3,13
060070112,8,0,5,13
060070113,18,0,13,31
060070114,41,0,7,48
060070115,183,9,123,315
060070201,15,0,4,19
060070202,10,0,5,15
060070203,17,0,12,29
060070204,5,1,4,10
060070205,10,0,4,14
060070206,22,0,9,31
060070207,1,0,2,3
060070208,4,0,4,8
060070209,7,0,5,12
060070301,11,0,1,12
060070302,8,4,3,15
060070303,23,1,11,35
060070304,20,0,9,29
060070305,3,0,3,6
060070306,31,0,13,44
060070307,7,0,5,12
060070308,16,0,5,21
060070401,16,0,7,23
060070402,101,6,30,137
060070403,243,6,201,450
060070404,377,21,163,561
060070405,412,21,222,655
060070406,183,5,127,315
060070407,252,7,137,396
060070408,12,0,6,18
060070409,7,0,2,9
060070410,5,0,0,5
060070411,5,2,2,9
060070412,2,0,0,2
060070413,5,0,8,13
060070501,50,2,37,89
060070502,0,0,0,0
060070503,3,1,9,13
060070504,17,0,4,21
060070505,5,0,2,7
060070506,7,0,0,7
060070507,5,0,4,9
060070508,5,0,1,6
060070509,11,2,2,15
060070510,7,0,1,8
060070511,6,0,4,10
060070512,4,0,8,12
060070513,3,0,0,3
060070514,12,1,7,20
060070515,21,0,8,29
060070516,5,0,3,8
060070601,206,7,141,354
060070602,11,0,7,18
060070603,12,0,3,15
060070604,1,0,0,1
060070605,11,1,7,19
060070606,21,0,9,30
060070607,1,0,0,1
060070608,7,0,4,11
060070609,17,0,1,18
060070610,11,0,7,18
060070611,5,0,9,14
060070612,48,2,51,101
060070613,15,0,2,17
060070614,4,0,6,10
060070615,18,0,1,19
060070701,13,1,9,23
060070702,307,37,158,502
060070703,11,0,3,14
060070704,6,0,4,10
060070801,42,3,23,68
060070802,154,14,95,263
060070803,393,22,170,585
060070804,307,30,172,509
060070805,238,19,113,370
060070806,406,32,199,637
060070807,382,28,223,633
060070808,340,10,154,504
060070809,475,14,255,744
060070810,380,13,256,649
060070811,344,13,114,471
060070812,236,26,159,421
060070813,271,60,158,489
060070814,504,49,261,814
060070901,4,0,4,8
060070902,10,0,9,19
060070903,12,0,2,14
060070904,9,1,0,10
060070905,2,2,0,4
060070906,8,0,5,13
060071001,10,2,9,21
060071002,5,0,0,5
060071003,9,0,1,10
060071004,9,0,1,10
060071005,21,1,7,29
060071006,13,1,11,25
060071007,11,0,3,14
060071008,3,0,1,4
060071009,9,0,3,12
060071010,16,0,9,25
060071011,12,0,8,20
060071012,8,0,0,8
060071101,21,0,6,27
060071102,0,0,0,0
060071103,11,0,0,11
060071104,10,0,6,16
060071105,6,0,4,10
060071106,5,0,0,5
060071107,4,1,5,10
060071108,17,0,1,18
060071109,0,0,0,0
060071110,8,0,4,12
060071111,10,0,3,13
060140101,42,0,10,52
060140201,18,0,6,24
060140301,78,3,68,149
060140302,60,1,13,74
060140401,58,0,19,77
060140501,197,5,104,306
060140502,66,3,28,97
060140503,74,0,19,93
060140504,413,8,247,668
060140505,224,9,112,345
060140601,25,0,12,37
060140701,24,0,5,29
060140801,45,0,11,56
060140901,26,0,6,32
060141001,142,11,115,268
060141002,50,0,17,67
060141003,208,15,122,345
060141004,270,15,142,427
060141005,297,17,196,510
060141006,267,6,180,453
060141007,193,20,139,352
060141008,325,18,169,512
060141009,341,6,222,569
060141010,432,40,278,750
060141011,354,11,251,616
060141012,226,20,170,416
060141013,415,7,239,661
060141014,283,8,176,467
060141015,478,19,222,719
060141101,25,0,17,42
060141201,25,0,12,37
060141202,23,0,6,29
060141301,32,1,13,46
060141401,11,0,3,14
060141501,3,0,2,5
060210101,9,0,5,14
060210102,7,0,6,13
060210201,210,1,121,332
060210202,169,3,161,333
060210203,28,0,6,34
060210204,11,0,5,16
060210205,6,0,4,10
060210206,68,0,58,126
060210207,17,1,10,28
060210301,9,0,2,11
060210302,16,0,3,19
060210401,18,0,9,27
060210402,6,0,5,11
060210501,166,13,135,314
060210502,14,0,9,23
060210503,6,0,4,10
060210601,188,8,74,270
060210602,615,33,324,972
060210603,328,10,270,608
060210604,506,12,327,845
060210605,315,9,194,518
060210606,378,4,232,614
060210607,578,15,318,911
060210608,188,2,114,304
060210609,37,2,23,62
060210610,137,7,68,212
060210611,494,13,250,757
060210612,319,11,194,524
060210701,9,0,6,15
060210702,8,0,2,10
060210801,96,3,52,151
060210802,8,0,3,11
060210803,19,1,12,32
060210804,18,0,13,31
060210901,17,0,7,24
060210902,14,0,1,15
060210903,17,1,11,29
060210904,17,0,12,29
060211001,18,1,2,21
060211002,55,2,40,97
060211003,9,0,11,20
060420101,597,28,321,946
060420102,356,17,186,559
060420103,329,15,244,588
060420104,296,14,172,482
060420105,385,9,176,570
060420106,332,12,191,535
060420107,337,9,195,541
060420108,449,14,329,792
060420109,561,16,358,935
060420201,80,0,38,118
060420301,100,1,36,137
060420401,56,2,29,87
060420501,137,2,94,233
060420601,86,0,27,113
060420701,87,1,33,121
060420801,63,0,25,88
060420901,151,0,37,188
060421001,96,0,22,118
060421101,28,0,16,44
060421102,222,11,106,339
060421103,423,18,233,674
060421201,75,2,30,107
060421301,72,1,7,80
060421401,83,0,45,128
060421501,53,0,22,75
060421601,44,0,20,64
060421701,66,1,11,78
060421801,43,0,5,48
060421901,463,31,258,752
060421902,427,14,233,674
060421903,570,43,275,888
060421904,393,18,232,643
060421905,394,10,287,691
060421906,383,8,265,656
060421907,378,20,160,558
060421908,423,17,156,596
060421909,721,46,382,1149
060490101,276,17,156,449
060490102,248,5,148,401
060490103,317,22,218,557
060490104,347,4,188,539
060490105,302,9,172,483
060490106,259,15,186,460
060490107,326,12,232,570
060490108,372,30,229,631
060490109,327,21,169,517
060490110,406,16,285,707
060490111,377,28,192,597
060490112,237,10,113,360
060490113,314,6,206,526
060490114,431,13,189,633
060490115,291,19,169,479
060490116,289,23,161,473
060490201,300,7,206,513
060490202,332,12,254,598
060490203,328,16,236,580
060490204,496,32,327,855
060490205,643,43,314,1000
060490206,378,10,253,641
060490207,294,11,230,535
060490208,400,22,251,673
060490209,446,41,260,747
060490210,304,24,185,513
060490211,405,29,223,657
060490212,465,30,240,735
060490213,361,27,212,600
060490301,78,2,24,104
060490302,36,0,23,59
060490401,198,6,98,302
060490402,148,3,45,196
060490403,157,6,54,217
060490404,170,2,57,229
060490405,226,8,85,319
060490406,216,9,124,349
060490407,302,16,127,445
060490501,290,15,231,536
060490502,300,9,187,496
060490503,281,7,191,479
060490504,586,34,350,970
060490505,435,21,254,710
060490506,345,17,218,580
060490507,376,7,298,681
060490508,544,37,311,892
060490601,448,13,240,701
060490602,386,18,99,503
060490603,616,31,286,933
060490604,365,27,224,616
060490605,352,14,228,594
060490606,483,23,291,797
060490607,534,28,235,797
060490608,596,38,364,998
060490609,514,21,237,772
060490610,243,6,100,349
060490611,545,51,255,851
060490612,482,38,211,731
060490613,701,42,308,1051
060490614,460,24,247,731
060490615,226,8,126,360
060490701,3,0,8,11
060490702,57,1,11,69
060490801,29,2,11,42
060490901,41,1,26,68
060491001,125,5,110,240
060491002,146,5,93,244
060491003,227,9,160,396
060491004,129,4,101,234
060491005,123,1,81,205
060491006,160,8,97,265
060491007,172,19,102,293
060491008,236,6,163,405
060491009,103,0,19,122
060491101,43,0,21,64
060491102,68,2,10,80
060491201,64,0,19,83
060491301,72,0,4,76
060491401,19,0,19,38
060491402,25,0,15,40
060491501,49,0,20,69
060491601,45,2,13,60
060491701,55,1,17,73
060491801,133,1,53,187
060491901,91,1,26,118
060492001,467,17,325,809
060492002,517,26,268,811
060492003,50,0,35,85
060492004,48,3,16,67
060492005,19,0,16,35
060492006,232,5,147,384
060492007,297,5,143,445
060492101,63,1,38,102
060492102,82,3,17,102
060492201,150,1,42,193
060492301,82,0,34,116
060492401,38,0,8,46
060492501,410,51,246,707
060492502,777,91,321,1189
060492503,307,27,147,481
060492504,407,35,243,685
060492505,393,36,239,668
060492506,375,14,177,566
060492507,648,25,340,1013
060492508,558,19,327,904
060492509,667,54,335,1056
060492510,494,43,167,704
060560101,409,30,192,631
060560102,372,21,276,669
060560103,333,33,293,659
060560104,189,12,113,314
060560105,195,17,151,363
060560106,175,18,141,334
060560107,181,20,166,367
060560108,415,60,463,938
060560109,177,10,150,337
060560110,244,15,184,443
060560111,307,16,217,540
060560112,299,12,195,506
060560113,241,12,214,467
060560114,216,14,148,378
060560115,290,22,152,464
060560116,207,13,184,404
060560117,237,15,167,419
060560118,195,6,105,306
060560119,354,14,199,567
060560201,468,46,239,753
060560202,637,31,253,921
060560203,280,11,199,490
060560204,298,5,219,522
060560205,303,5,176,484
060560206,238,11,142,391
060560207,394,19,207,620
060560208,500,32,236,768
060560209,380,17,203,600
060560210,427,25,243,695
060560211,512,26,245,783
060560212,435,27,313,775
060560213,242,17,141,400
060560214,357,16,192,565
060560301,226,12,92,330
060560302,283,11,129,423
060560303,358,19,193,570
060560304,365,9,215,589
060560305,165,7,98,270
060560306,384,21,201,606
060560307,310,18,171,499
060560308,279,13,135,427
060560309,264,16,196,476
060560310,376,13,209,598
060560311,460,28,304,792
060560312,283,25,215,523
060560401,561,26,280,867
060560402,384,21,183,588
060560403,509,25,286,820
060560404,607,29,404,1040
060560405,530,37,390,957
060560406,539,28,358,925
060560407,423,24,265,712
060560408,333,22,201,556
060560409,273,16,147,436
060560410,220,11,123,354
060560501,370,22,216,608
060560502,465,23,284,772
060560503,673,48,331,1052
060560504,577,36,359,972
060560505,270,15,144,429
060560506,444,22,301,767
060560507,452,36,270,758
060560508,326,23,155,504
060560509,557,58,320,935
060560601,473,35,196,704
060560602,443,36,308,787
060560603,429,21,241,691
060560604,308,15,156,479
060560605,614,56,359,1029
060560606,291,16,119,426
060560607,659,47,300,1006
060560608,540,60,271,871
060560609,587,54,288,929
060560701,557,47,321,925
060560702,357,26,293,676
060560703,479,42,337,858
060560704,548,22,349,919
060560705,329,25,195,549
060560706,339,34,229,602
060560707,516,32,276,824
060560708,367,21,256,644
060560709,600,42,293,935
060560710,505,37,278,820
060560711,560,58,281,899
060560801,794,63,416,1273
060560802,790,68,383,1241
060560803,605,33,337,975
060560804,694,47,371,1112
060560805,718,62,398,1178
060560806,391,31,245,667
060560807,434,8,209,651
060560808,129,19,80,228
060560809,812,77,440,1329
060560810,304,34,161,499
060560811,45,2,11,58
060560812,451,38,198,687
060560813,461,34,307,802
060560814,623,61,352,1036
060560815,290,30,179,499
060560901,325,18,219,562
060560902,305,12,201,518
060560903,316,26,159,501
060560904,371,14,158,543
060560905,282,17,190,489
060560906,423,20,246,689
060560907,282,9,164,455
060560908,351,18,186,555
060560909,197,20,154,371
060560910,225,28,172,425
060560911,300,17,174,491
060561001,122,8,101,231
060561002,181,8,119,308
060561003,286,9,167,462
060561004,343,18,177,538
060561005,196,18,132,346
060561006,229,10,82,321
060561007,282,11,166,459
060561008,399,15,174,588
060561009,280,12,146,438
060561010,284,9,127,420
060561011,246,13,161,420
060561101,236,14,183,433
060561102,192,2,108,302
060561103,191,2,95,288
060561104,200,13,160,373
060561105,211,19,117,347
060561106,213,12,131,356
060561107,256,11,170,437
060561108,243,9,131,383
060561109,170,4,140,314
060561110,287,15,187,489
060561111,251,13,136,400
060561112,336,20,152,508
060561113,287,20,144,451
060561114,214,20,136,370
060561201,341,20,186,547
060561202,311,28,153,492
060561203,190,18,144,352
060561204,286,22,189,497
060561205,298,3,155,456
060561206,244,18,154,416
060561207,194,8,134,336
060561208,246,11,174,431
060561209,289,13,143,445
060561210,126,5,97,228
060561211,173,9,111,293
060561301,583,50,316,949
060561302,341,30,260,631
060561303,322,30,214,566
060561304,191,13,95,299
060561305,218,18,123,359
060561306,315,20,198,533
060561307,330,26,223,579
060561308,303,28,244,575
060561309,168,13,124,305
060561310,270,16,162,448
060561401,285,16,123,424
060561402,300,23,164,487
060561403,291,34,171,496
060561404,273,15,145,433
060561405,229,13,154,396
060561406,527,25,296,848
060561407,263,20,178,461
060561408,296,18,235,549
060561409,188,15,120,323
060561410,305,17,222,544
060561411,245,20,140,405
060561412,199,7,124,330
060561413,275,12,191,478
060561414,387,17,221,625
060561415,179,15,105,299
060561416,376,32,183,591
060561417,291,15,204,510
060561418,217,13,144,374
060561419,243,40,191,474
060561420,83,11,79,173
060561421,194,7,125,326
060561501,501,41,244,786
060561502,607,37,304,948
060561503,508,23,239,770
060561504,330,31,200,561
060561505,414,28,251,693
060561506,555,27,240,822
060561507,472,25,252,749
060561508,613,41,363,1017
060561509,282,23,150,455
060561510,354,16,173,543
060561511,351,28,223,602
060561512,655,39,310,1004
060561513,420,24,128,572
060561514,582,53,290,925
060561515,699,56,321,1076
060561516,301,13,114,428
060561517,281,22,118,421
060561601,273,18,197,488
060561602,295,12,148,455
060561603,294,13,221,528
060561604,229,21,144,394
060561605,402,19,241,662
060561606,229,10,143,382
060561607,247,9,149,405
060561608,428,20,252,700
060561609,394,27,241,662
060561610,320,17,226,563
060561611,411,23,241,675
060561612,301,22,186,509
060561613,381,16,211,608
060561614,327,13,168,508
060561701,439,20,309,768
060561702,415,23,287,725
060561703,452,25,265,742
060561704,288,10,179,477
060561705,228,10,125,363
060561706,428,22,213,663
060561707,412,18,235,665
060561708,347,10,187,544
060561709,344,16,170,530
060561710,333,20,168,521
060561801,595,30,304,929
060561802,491,33,336,860
060561803,293,19,175,487
060561804,358,25,217,600
060561805,419,26,251,696
060561806,393,41,254,688
060561807,465,41,294,800
060561808,412,23,310,745
060561809,435,22,247,704
060561810,355,22,196,573
060561901,484,22,331,837
060561902,520,24,243,787
060561903,650,57,331,1038
060561904,486,86,343,915
060561905,643,68,349,1060
060561906,662,46,360,1068
060561907,644,53,353,1050
060561908,407,39,190,636
060561909,386,24,206,616
060561910,779,103,395,1277
060561911,516,35,281,832
060561912,626,30,329,985
060561913,624,48,343,1015
060561914,331,21,217,569
060562001,574,17,284,875
060562002,507,26,312,845
060562003,439,32,203,674
060562004,380,36,227,643
060562005,503,20,269,792
060562006,306,14,181,501
060562007,294,15,155,464
060562008,242,13,156,411
060562009,257,14,171,442
060562010,316,19,161,496
060562101,480,22,243,745
060562102,375,23,283,681
060562103,295,21,200,516
060562104,337,25,203,565
060562105,475,21,286,782
060562106,296,21,160,477
060562107,576,55,225,856
060562108,277,14,114,405
060562109,361,22,145,528
060562110,360,40,232,632
060562111,525,37,290,852
060562201,473,19,297,789
060562202,451,17,305,773
060562203,545,31,324,900
060562204,634,35,316,985
060562205,422,40,209,671
060562206,503,61,287,851
060562207,343,25,187,555
060562208,555,35,347,937
060562209,303,11,181,495
060562210,405,21,240,666
060562211,323,21,217,561
060562212,201,12,120,333
060562213,399,41,258,698
060562214,485,40,290,815
060562215,457,34,297,788
060562216,430,33,310,773
060562217,460,36,326,822
060562301,272,22,169,463
060562302,454,54,202,710
060562303,500,44,305,849
060562304,770,91,394,1255
060562305,354,28,203,585
060562306,467,49,272,788
060562307,416,42,222,680
060562308,363,34,335,732
060562309,589,60,332,981
060562310,330,17,301,648
060562311,233,24,179,436
060562312,268,25,179,472
060562313,311,33,202,546
060562314,401,41,253,695
060562315,389,54,224,667
060562316,369,62,292,723
060562401,674,33,230,937
060562402,782,60,369,1211
060562403,543,28,188,759
060562404,617,22,274,913
060562405,551,63,273,887
060562406,729,31,320,1080
060562407,695,48,323,1066
060562408,1100,92,441,1633
060562409,652,37,290,979
060562410,434,30,228,692
060562411,267,22,168,457
060562412,701,67,378,1146
060562413,650,62,322,1034
060562414,382,18,165,565
060562415,366,31,219,616
060562416,516,65,295,876
060562417,281,31,148,460
060562501,623,24,238,885
060562502,825,49,351,1225
060562503,452,16,188,656
060562504,677,44,294,1015
060562505,657,38,280,975
060562506,746,43,323,1112
060562507,708,49,300,1057
060562508,615,27,275,917
060562509,619,48,229,896
060562510,492,30,281,803
060562511,522,35,240,797
060562512,587,22,239,848
060562513,404,16,216,636
060562514,461,16,176,653
060562515,338,29,205,572
060562516,420,26,257,703
060562601,492,23,166,681
060562602,502,23,150,675
060562603,484,48,257,789
060562604,230,10,60,300
060562605,538,16,131,685
060562606,331,12,77,420
060562607,523,21,264,808
060562608,547,24,217,788
060562609,342,16,177,535
060562610,978,35,403,1416
060562611,730,21,248,999
060562612,282,9,131,422
060562613,739,54,278,1071
060562614,634,24,211,869
060562615,386,33,216,635
060562616,442,43,205,690
060562617,706,76,298,1080
060562618,325,36,174,535
060562619,309,31,162,502
060562701,71,4,23,98
060562702,387,37,186,610
060562703,519,34,253,806
060562704,513,27,196,736
060562705,201,7,120,328
060562706,171,9,77,257
060562707,510,56,241,807
060562708,223,25,153,401
060562801,29,2,12,43
060562901,34,1,1,36
060563001,71,1,33,105
060563002,186,15,130,331
060563003,248,5,210,463
060563004,220,10,212,442
060563005,123,13,109,245
060563006,79,2,81,162
060563007,35,3,24,62
060563101,80,1,36,117
060563201,28,1,5,34
060563202,327,19,152,498
060563203,512,31,257,800
060563204,162,2,83,247
060563205,467,30,313,810
060563206,503,37,308,848
060563207,247,19,158,424
060563208,410,23,224,657
060563209,520,35,361,916
060563210,449,21,264,734
060563211,391,24,333,748
060563212,22,0,0,22
060630101,434,33,267,734
060630102,438,29,271,738
060630103,511,36,255,802
060630104,501,49,268,818
060630105,555,35,416,1006
060630106,369,25,264,658
060630107,358,22,293,673
060630108,516,20,344,880
060630109,549,40,349,938
060630110,328,19,185,532
060630111,324,22,291,637
060630112,300,13,145,458
060630113,326,26,225,577
060630114,330,22,206,558
060630115,556,40,271,867
060630116,337,45,245,627
060630117,321,18,236,575
060630201,625,46,420,1091
060630202,355,17,263,635
060630203,362,13,281,656
060630204,431,36,266,733
060630205,467,29,337,833
060630206,224,20,136,380
060630207,443,16,304,763
060630208,479,25,292,796
060630301,17,0,10,27
060630302,230,9,135,374
060630303,74,4,34,112
060630304,29,1,10,40
060630305,54,1,13,68
060630306,36,0,9,45
060630401,10,0,8,18
060630402,18,0,33,51
060630403,27,0,19,46
060630404,51,0,28,79
060630405,18,0,12,30
060630406,42,0,19,61
060630501,13,0,7,20
060630502,26,2,3,31
060630601,77,0,14,91
060630602,28,1,16,45
060630603,31,1,29,61
060630604,32,3,19,54
060630605,49,2,16,67
060630606,26,0,5,31
060630607,27,1,8,36
060630701,728,51,447,1226
060630702,272,21,187,480
060630703,536,26,262,824
060630704,410,14,162,586
060630705,281,15,127,423
060630706,594,55,288,937
060630707,315,13,205,533
060630708,693,63,327,1083
060630709,434,11,199,644
060630801,7,0,3,10
060630802,62,6,67,135
060630803,14,0,2,16
060630804,31,0,27,58
060630805,73,1,44,118
060630806,65,6,75,146
060630901,91,10,85,186
060630902,21,0,12,33
060630903,23,0,12,35
060630904,5,0,5,10
060630905,15,0,3,18
060630906,107,9,97,213
060631001,30,1,20,51
060631002,172,8,100,280
060631003,59,1,20,80
060631004,35,0,9,44
060631101,40,0,9,49
060631102,82,1,37,120
060631103,64,2,23,89
060631104,83,0,26,109
060631105,55,5,27,87
060631106,67,0,18,85
060631107,22,3,13,38
060631201,25,0,9,34
060631202,20,0,13,33
060631203,12,0,4,16
060631301,322,14,229,565
060631302,435,19,309,763
060631303,540,22,420,982
060631304,396,13,294,703
060631305,415,17,283,715
060631306,364,22,262,648
060631307,516,22,314,852
060631308,566,24,283,873
060700101,219,7,135,361
060700102,184,6,129,319
060700103,319,13,188,520
060700104,185,20,113,318
060700105,299,11,173,483
060700106,351,20,280,651
060700107,379,20,260,659
060700108,335,14,257,606
060700109,362,14,281,657
060700110,385,11,240,636
060700111,203,11,129,343
060700112,180,9,101,290
060700113,201,11,164,376
060700201,717,35,365,1117
060700202,474,25,268,767
060700203,239,32,170,441
060700204,475,29,315,819
060700205,527,56,328,911
060700206,571,60,322,953
060700207,244,7,173,424
060700208,457,21,294,772
060700209,404,33,264,701
060700210,698,34,453,1185
060700211,353,18,245,616
060700212,561,52,353,966
060700213,398,17,273,688
060700214,519,26,324,869
060700215,457,23,244,724
060700216,293,25,182,500
060700217,160,9,137,306
060700218,238,14,111,363
060700301,81,5,52,138
060700302,141,5,48,194
060700303,119,3,66,188
060700304,101,10,63,174
060700305,644,36,374,1054
060700306,646,64,407,1117
060700401,518,37,351,906
060700402,32,0,5,37
060700403,38,1,6,45
060700404,152,13,108,273
060700501,55,2,21,78
060700502,44,2,12,58
060700601,27,0,11,38
060700602,63,0,30,93
060700701,34,1,8,43
060700702,22,3,16,41
060700801,180,4,113,297
060700802,16,0,2,18
060700803,11,1,8,20
060700804,23,1,7,31
060700805,28,1,3,32
060700806,6,0,3,9
060700901,9,0,2,11
060700902,7,0,1,8
060700903,18,0,6,24
060700904,13,0,0,13
060701001,92,5,46,143
060701002,48,0,10,58
060701003,19,1,11,31
060701004,16,0,2,18
060701101,12,0,2,14
060701102,5,0,0,5
060701201,27,0,18,45
060701202,30,1,14,45
060770101,464,37,292,793
060770102,401,30,255,686
060770103,259,22,232,513
060770104,282,5,232,519
060770105,333,17,307,657
060770106,510,27,336,873
060770107,162,5,111,278
060770108,260,15,192,467
060770109,347,12,261,620
060770201,32,0,17,49
060770202,24,0,19,43
060770301,28,0,4,32
060770302,10,0,4,14
060770401,336,7,230,573
060770402,174,19,200,393
060770403,20,0,11,31
060770404,16,1,3,20
060770405,21,0,12,33
060770501,551,25,325,901
060770502,305,5,194,504
060770503,513,27,238,778
060770504,246,4,146,396
060770505,381,53,250,684
060770506,38,4,24,66
060770507,15,0,12,27
060770508,37,1,9,47
060770509,744,25,311,1080
060770510,976,48,383,1407
060770511,435,29,286,750
060770512,279,6,168,453
060770513,300,12,164,476
060770514,145,13,67,225
060770601,34,0,15,49
060770602,44,1,16,61
060770603,24,0,13,37
060770701,18,0,11,29
060770801,16,1,6,23
060770901,18,0,5,23
060770902,10,0,8,18
060770903,18,1,8,27
060770904,36,0,12,48
060770905,15,0,5,20
060771001,4,0,1,5
060771002,15,0,6,21
060771003,11,1,3,15
060771101,9,0,3,12
060771102,14,0,3,17
060771103,22,0,4,26
060771201,22,1,26,49
060771202,23,0,10,33
060771302,14,0,21,35
060771303,23,0,8,31
060771401,517,28,343,888
060771402,510,18,317,845
060771403,420,22,259,701
060771404,458,19,338,815
060771405,310,6,229,545
060771406,406,20,296,722
060771407,329,13,270,612
060771408,743,45,367,1155
060771409,540,43,324,907
060840101,32,1,10,43
060840102,27,0,3,30
060840103,42,0,19,61
060840201,27,0,9,36
060840202,19,0,4,23
060840301,74,2,36,112
060840302,31,1,12,44
060840303,16,0,10,26
060840304,28,0,11,39
060840305,19,0,8,27
060840401,4,1,3,8
060840402,43,1,19,63
060840403,18,3,15,36
060840501,48,0,20,68
060840502,28,0,13,41
060840602,5,0,5,10
060840603,12,0,4,16
060840604,20,1,1,22
060840605,16,1,3,20
060840701,86,10,44,140
060840702,267,18,182,467
060840703,274,25,148,447
060840704,373,15,255,643
060840705,230,9,135,374
060840706,344,12,201,557
060840707,312,9,239,560
060840708,346,16,227,589
060840709,278,6,196,480
060840710,316,15,241,572
060840711,480,33,275,788
060840801,55,5,39,99
060840802,19,0,9,28
060840803,46,0,18,64
060840804,8,0,5,13
060840901,222,18,152,392
060840902,332,8,214,554
060840903,180,15,113,308
060840904,162,16,99,277
060840905,281,14,150,445
060840906,268,27,187,482
060840907,36,0,27,63
060840908,12,0,5,17
060840909,25,0,9,34
060841001,17,0,14,31
060841002,11,0,0,11
060841003,11,0,13,24
060841101,12,0,3,15
060841102,37,1,27,65
060841201,111,4,54,169
060841202,178,14,103,295
060841203,305,21,162,488
060841204,443,29,229,701
060841205,332,22,181,535
060841206,601,48,318,967
060841207,257,12,147,416
060841208,415,24,296,735
060841209,262,17,166,445
060841210,474,32,240,746
060980101,401,12,268,681
060980102,505,26,238,769
060980103,452,25,268,745
060980104,396,21,240,657
060980105,411,24,206,641
060980106,416,29,246,691
060980107,333,14,175,522
060980108,351,24,180,555
060980109,331,33,231,595
060980110,479,36,251,766
060980111,468,34,407,909
060980112,359,20,211,590
060980201,387,42,224,653
060980202,523,27,297,847
060980203,402,22,191,615
060980204,631,37,365,1033
060980205,423,40,296,759
060980206,410,17,271,698
060980207,620,53,291,964
060980208,579,52,295,926
060980209,343,50,174,567
060980210,530,52,253,835
060980211,363,38,157,558
060980212,796,82,397,1275
060980213,305,22,164,491
060980214,431,32,157,620
060980215,391,40,208,639
060980301,181,9,133,323
060980302,162,5,122,289
060980303,559,51,266,876
060980304,470,44,225,739
060980305,396,23,220,639
060980306,569,50,310,929
060980307,424,57,194,675
060980308,641,46,410,1097
060980309,792,52,468,1312
060980310,746,74,518,1338
060980311,332,19,202,553
060980312,207,9,173,389
060980313,204,17,131,352
060980401,95,9,49,153
060980402,228,13,93,334
060980403,271,22,112,405
060980404,167,4,54,225
060980405,10,0,12,22
060980406,273,12,137,422
060980407,110,5,45,160
060980408,63,4,32,99
060980501,540,35,195,770
060980502,599,69,266,934
060980503,528,41,247,816
060980504,489,42,190,721
060980505,595,50,224,869
060980506,421,21,205,647
060980507,381,41,179,601
060980508,433,28,194,655
060980509,485,31,213,729
060980510,524,48,259,831
060980601,369,26,223,618
060980602,579,31,313,923
060980603,777,97,341,1215
060980604,396,28,188,612
060980605,589,71,290,950
060980606,423,25,249,697
060980607,385,38,278,701
060980608,517,37,288,842
060980609,694,46,334,1074
060980610,381,40,167,588
060980611,513,57,265,835
060980612,329,25,116,470
060980613,394,52,137,583
060980614,436,44,179,659
060980615,362,43,231,636
060980616,533,52,227,812
060980617,378,23,207,608
060980701,374,60,174,608
060980702,955,82,400,1437
060980703,248,5,103,356
060980704,472,26,217,715
060980705,475,45,229,749
060980706,624,26,193,843
060980707,18,0,3,21
060980801,564,74,234,872
060980802,630,54,215,899
060980803,428,20,104,552
060980804,544,32,153,729
060980805,238,18,101,357
060980806,359,28,172,559
060980807,251,19,126,396
060980808,315,33,158,506
060980809,329,15,166,510
060980810,798,64,370,1232
060980811,402,27,152,581
060980812,323,15,199,537
060980813,330,31,245,606
060980814,496,36,217,749
060980815,572,28,210,810
060980816,469,31,284,784
060980817,613,55,319,987
061050101,502,15,332,849
061050102,479,16,256,751
061050103,325,6,265,596
061050104,403,11,355,769
061050105,265,5,210,480
061050106,279,17,223,519
061050107,363,10,253,626
061050108,419,20,277,716
061050109,265,10,228,503
061050201,454,15,295,764
061050202,411,17,305,733
061050203,448,10,242,700
061050204,177,5,132,314
061050205,342,8,240,590
061050206,328,10,251,589
061050207,455,18,284,757
061050208,180,6,113,299
061050209,240,3,190,433
061050210,337,17,241,595
061050211,433,11,282,726
061050301,175,0,49,224
061050401,88,0,16,104
061050402,32,0,14,46
061050403,92,2,75,169
061050501,60,0,19,79
061050601,87,1,32,120
061050602,64,1,15,80
061050701,62,0,35,97
061050801,209,7,123,339
061050802,259,8,174,441
061050803,386,18,256,660
061050804,9,0,1,10
061050805,105,1,46,152
061050806,78,1,9,88
061050807,71,0,13,84
061050808,83,0,29,112
061050809,47,1,34,82
061050901,71,0,17,88
061051001,72,1,38,111
061051002,83,0,40,123
061051101,86,0,39,125
061051102,201,3,136,340
061051103,188,3,121,312
061051104,226,6,154,386
061051105,390,13,257,660
061051106,121,2,84,207
061051107,139,9,91,239
061051201,65,0,15,80
061051301,223,3,145,371
061051302,142,3,136,281
061051303,350,10,222,582
061051304,105,5,63,173
061051401,614,33,420,1067
061051402,408,20,241,669
061051403,282,7,159,448
061051404,271,11,160,442
061051405,340,5,171,516
061051406,453,22,215,690
061051407,487,21,212,720
061051408,113,6,67,186
061051409,44,2,27,73
061051410,424,22,273,719
061051411,226,10,137,373
061051412,267,18,134,419
061051413,511,25,380,916
061120101,286,13,223,522
061120102,480,18,354,852
061120103,544,31,360,935
061120104,172,4,125,301
061120105,286,16,165,467
061120106,339,8,258,605
061120107,323,9,238,570
061120108,281,11,278,570
061120109,560,42,338,940
061120110,669,40,474,1183
061120111,438,17,272,727
061120112,647,26,386,1059
061120113,410,31,231,672
061120201,496,28,272,796
061120202,534,27,249,810
061120203,498,31,381,910
061120204,253,16,142,411
061120205,416,24,310,750
061120206,382,12,285,679
061120207,313,10,252,575
061120208,164,10,106,280
061120209,244,7,176,427
061120210,339,14,285,638
061120211,656,24,366,1046
061120301,98,0,68,166
061120302,16,0,8,24
061120303,14,0,14,28
061120304,10,0,8,18
061120305,17,1,12,30
061120306,13,0,12,25
061120307,20,1,2,23
061120308,13,0,11,24
061120309,17,0,8,25
061120310,80,0,70,150
061120401,12,0,7,19
061120402,8,0,2,10
061120403,10,0,1,11
061120501,218,4,126,348
061120502,12,1,14,27
061120503,3,0,3,6
061120504,8,0,3,11
061120505,12,0,7,19
061120506,13,0,1,14
061120601,20,0,10,30
061120602,14,0,6,20
061120603,20,0,14,34
061120604,27,1,13,41
061120605,19,0,4,23
061120606,10,0,4,14
061120701,225,5,137,367
061120702,514,13,309,836
061120703,103,13,80,196
061120704,8,0,12,20
061120705,16,0,7,23
061120706,9,1,7,17
061120707,9,1,6,16
061120708,11,0,9,20
061120709,236,3,133,372
061120710,117,3,60,180
061120801,9,0,4,13
061120802,32,0,15,47
061120803,20,0,11,31
061120804,9,0,6,15
061120805,31,0,5,36
061120901,48,1,40,89
061120902,4,0,0,4
061120903,12,0,10,22
061120904,21,0,4,25
061120905,6,0,7,13
061120906,42,0,17,59
061120907,16,0,7,23
061120908,5,0,4,9
061121001,68,2,23,93
061121002,234,13,123,370
061121003,585,36,197,818
061121004,79,2,40,121
061121005,303,9,154,466
061121101,232,14,176,422
061121102,87,3,79,169
061121103,229,15,143,387
061121104,76,4,43,123
061121105,0,0,0,0
061121106,47,0,33,80
061121107,11,1,2,14
061121108,542,30,242,814
061121109,704,52,257,1013
061121201,15,0,4,19
061121202,5,0,5,10
061121203,6,0,5,11
061121204,6,0,2,8
061121205,8,0,5,13
061121301,150,3,137,290
061121302,16,0,6,22
061121303,32,1,17,50
061121304,13,0,8,21
061121305,95,5,86,186
061121401,405,29,274,708
061121402,446,35,327,808
061121403,344,17,238,599
061121404,368,8,281,657
061121405,306,11,276,593
061121406,338,3,210,551
061121407,307,8,237,552
061121408,354,10,240,604
061121409,331,16,227,574
061121410,306,14,224,544
061190101,40,0,17,57
061190102,20,2,5,27
061190103,13,0,11,24
061190104,24,0,7,31
061190201,20,0,4,24
061190202,25,0,7,32
061190203,171,7,68,246
061190204,50,0,19,69
061190205,63,1,21,85
061190206,26,0,8,34
061190301,351,13,259,623
061190302,363,21,300,684
061190303,506,15,318,839
061190304,661,37,363,1061
061190305,678,26,275,979
061190306,306,22,119,447
061190307,437,12,210,659
061190308,506,41,246,793
061190309,441,22,221,684
061190310,94,4,45,143
061190401,228,14,109,351
061190402,20,0,10,30
061190403,192,5,80,277
061190404,94,1,25,120
061190405,36,0,14,50
061190406,58,3,22,83
061190407,439,24,249,712
061190408,174,14,74,262
061190409,360,16,179,555
061190501,127,2,52,181
061190502,66,0,17,83
061190601,23,0,11,34
061190602,32,1,7,40
061190603,36,0,15,51
061190701,312,20,139,471
061190702,491,25,327,843
061190703,31,0,12,43
061190704,17,1,5,23
061190705,24,2,18,44
061190706,11,1,2,14
061190707,297,16,182,495
061190801,98,0,75,173
061190802,21,1,7,29
061190804,14,0,2,16
061190805,21,1,8,30
061190806,38,2,13,53
061190901,110,2,35,147
061190902,46,1,9,56
061190903,29,0,13,42
061190904,150,3,73,226
061191001,100,8,64,172
061191002,539,29,307,875
061191003,546,23,271,840
061191004,317,30,163,510
061191005,451,29,235,715
061191006,685,35,303,1023
061191007,358,18,244,620
061191008,505,18,288,811
061191009,418,31,194,643
061191010,54,1,20,75
061260101,344,21,272,637
061260102,693,33,303,1029
061260103,437,33,276,746
061260104,334,11,203,548
061260105,387,13,212,612
061260106,375,29,206,610
061260107,375,17,201,593
061260108,399,23,199,621
061260109,515,35,221,771
061260110,453,22,176,651
061260111,367,15,186,568
061260112,569,24,272,865
061260113,368,28,165,561
061260114,349,18,180,547
061260201,640,58,364,1062
061260202,674,80,349,1103
061260203,566,23,278,867
061260204,564,21,264,849
061260205,556,10,339,905
061260206,354,18,247,619
061260207,426,23,164,613
061260208,495,29,211,735
061260209,627,34,262,923
061260210,523,43,281,847
061260211,317,22,112,451
061260301,367,16,155,538
061260302,364,8,141,513
061260303,498,15,231,744
061260304,202,12,116,330
061260305,260,5,151,416
061260306,348,14,190,552
061260307,438,22,272,732
061260308,300,15,187,502
061260309,427,17,260,704
061260310,585,19,273,877
061260311,423,23,262,708
061260401,345,17,218,580
061260402,338,8,193,539
061260403,27,2,11,40
061260404,623,42,468,1133
061260405,43,1,14,58
061260406,24,0,6,30
061260407,680,69,456,1205
061260501,497,89,247,833
061260502,554,42,304,900
061260503,374,60,248,682
061260504,572,38,252,862
061260505,630,35,348,1013
061260506,416,33,237,686
061260507,455,34,243,732
061260508,615,40,305,960
061260509,836,74,431,1341
061260510,390,36,213,639
061260511,388,39,225,652
061260512,667,38,359,1064
061260513,419,32,193,644
061260514,381,27,220,628
061260515,542,21,232,795
061260516,559,39,254,852
061260517,30,2,7,39
061260601,165,8,79,252
061260602,25,0,5,30
061260603,52,0,23,75
061260604,189,12,68,269
061260605,175,4,68,247
061260606,202,9,75,286
061260607,191,3,63,257
061260608,172,2,68,242
061260609,188,4,62,254
061260701,560,62,371,993
061260702,445,37,326,808
061260703,640,71,447,1158
061260704,480,49,313,842
061260705,577,47,273,897
061260706,387,25,211,623
061260707,497,44,307,848
061260708,585,41,268,894
061260709,791,51,261,1103
061260710,553,30,276,859
061260801,46,3,27,76
061260802,250,19,131,400
061260803,338,10,124,472
061260804,354,14,213,581
061260805,465,24,256,745
061260806,395,25,183,603
061260807,388,20,241,649
061260808,427,22,279,728
061260809,358,18,156,532
061260901,779,53,472,1304
061260902,465,30,211,706
061260903,447,29,262,738
061260905,157,4,55,216
061260906,144,5,59,208
061260907,906,70,239,1215
061260908,451,20,311,782
061260909,728,31,341,1100
061260910,739,39,389,1167
061260911,582,49,300,931
061260912,1,0,1,2
061260913,190,6,88,284
061260914,374,17,218,609
061260915,267,28,130,425
061260916,104,5,20,129
061260917,123,4,53,180
061260918,336,17,190,543
061260919,130,9,52,191
061261001,138,7,79,224
061261002,50,3,52,105
061261003,316,11,122,449
061261004,58,1,24,83
061261005,46,7,28,81
061340101,513,14,201,728
061340102,244,17,149,410
061340103,321,31,216,568
061340104,127,18,95,240
061340105,666,57,400,1123
061340106,398,32,208,638
061340107,233,12,160,405
061340108,112,3,25,140
061340109,259,17,163,439
061340110,215,9,109,333
061340111,183,14,113,310
061340112,367,6,184,557
061340113,61,0,30,91
061340114,69,4,28,101
061340201,565,42,271,878
061340202,425,16,200,641
061340203,471,42,219,732
061340204,672,25,336,1033
061340205,84,2,28,114
061340206,345,14,134,493
061340207,603,31,324,958
061340208,498,36,270,804
061340209,452,31,297,780
061340301,898,36,493,1427
061340302,475,32,264,771
061340303,356,28,258,642
061340304,538,23,379,940
061340305,414,14,260,688
061340306,443,15,245,703
061340307,697,27,416,1140
061340308,778,42,364,1184
061340309,609,26,328,963
061340401,65,1,45,111
061340402,293,9,159,461
061340403,96,1,24,121
061340404,111,3,44,158
061340405,22,0,4,26
061340406,250,8,106,364
061340501,259,10,79,348
061340502,61,0,22,83
061340601,55,1,35,91
061340602,56,1,32,89
061340701,37,1,10,48
061340702,24,0,17,41
061340801,139,10,84,233
061340802,23,1,4,28
061340803,56,0,14,70
061340804,16,0,12,28
061340901,54,3,36,93
061340902,236,11,112,359
061340903,190,2,106,298
061340904,193,28,111,332
061340905,171,18,111,300
061340906,225,23,172,420
061340907,317,39,209,565
061340908,449,61,326,836
061340909,615,37,393,1045
061340910,468,22,235,725
061340911,428,30,243,701
061340912,77,4,22,103
061340913,370,15,238,623
061340914,236,12,128,376
061341001,49,1,38,88
061341002,650,45,225,920
061341003,538,38,248,824
061341004,455,17,266,738
061341005,454,19,265,738
061341006,425,15,248,688
061341007,308,13,136,457
061341008,425,37,231,693
061341009,751,26,449,1226
061341010,602,23,348,973
061341011,115,3,53,171
061400101,68,0,20,88
061400102,33,1,7,41
061400103,50,1,18,69
061400201,12,0,2,14
061400202,20,0,9,29
061400203,55,0,4,59
061400204,33,0,2,35
061400301,328,11,170,509
061400302,570,22,342,934
061400303,412,16,232,660
061400304,389,14,238,641
061400305,447,20,288,755
061400306,415,27,182,624
061400307,420,14,236,670
061400308,406,9,292,707
061400309,380,23,190,593
061400310,339,20,146,505
061400311,22,0,12,34
061400312,26,0,16,42
061400313,22,0,2,24
061400314,22,0,8,30
061400315,585,24,235,844
061400316,518,29,313,860
061400317,368,9,235,612
061400318,396,12,209,617
061400319,420,15,234,669
061400401,111,0,68,179
061400402,33,1,15,49
061400403,38,2,16,56
061400501,39,1,14,54
061400502,18,0,13,31
061400503,14,1,10,25
061400601,15,0,0,15
061470101,487,18,256,761
061470102,395,10,284,689
061470103,300,5,182,487
061470104,405,14,223,642
061470105,346,10,215,571
061470106,371,7,239,617
061470107,420,13,184,617
061470108,399,11,195,605
061470109,605,37,248,890
061470201,181,3,166,350
061470202,20,0,10,30
061470203,59,4,44,107
061470204,22,0,5,27
061470205,11,0,5,16
061470301,206,5,139,350
061470302,27,2,31,60
061470303,7,0,0,7
061470304,18,1,8,27
061470305,20,0,10,30
061470306,12,0,1,13
061470307,23,0,13,36
061470401,9,1,5,15
061470402,21,0,11,32
061470403,25,0,5,30
061470501,774,42,362,1178
061470502,26,0,7,33
061470503,16,0,8,24
061470601,7,0,2,9
061470602,189,6,118,313
061470603,43,0,5,48
061470604,11,0,1,12
061470701,374,15,137,526
061470702,6,0,0,6
061470703,117,1,41,159
061470704,31,0,3,34
061470705,4,0,4,8
061470706,3,0,0,3
061470707,1,0,1,2
061470708,36,1,13,50
061470709,19,0,4,23
061470710,11,0,2,13
061470711,11,0,1,12
061470712,2,0,3,5
061470801,251,6,162,419
061470802,14,0,9,23
061470803,10,0,2,12
061470804,23,0,9,32
061470805,25,2,15,42
061470901,82,8,68,158
061470902,66,0,36,102
061470903,10,2,3,15
061470904,15,0,1,16
061470905,11,0,8,19
061470906,17,0,11,28
061470907,31,0,24,55
061471001,98,5,49,152
061471002,35,1,25,61
061471003,20,2,8,30
061471101,75,3,42,120
061471102,14,0,7,21
061471103,16,0,8,24
061471201,434,17,269,720
061471202,396,10,247,653
061471203,454,14,235,703
061471204,336,15,193,544
061471205,297,10,170,477
061471206,302,6,183,491
061471207,333,9,247,589
061471208,474,20,306,800
061471209,422,15,234,671
061471210,380,14,136,530
061540101,160,6,114,280
061540102,130,10,113,253
061540103,18,0,19,37
061540104,22,0,7,29
061540105,30,0,22,52
061540201,477,12,274,763
061540202,206,1,104,311
061540203,35,0,12,47
061540204,29,3,29,61
061540205,229,7,121,357
061540206,13,0,8,21
061540207,20,0,14,34
061540208,44,0,12,56
061540209,435,6,305,746
061540210,185,3,124,312
061540301,44,1,12,57
061540302,43,0,23,66
061540401,57,4,41,102
061540402,172,8,141,321
061540403,13,0,9,22
061540404,17,1,12,30
061540405,20,1,11,32
061540501,17,1,12,30
061540502,17,1,7,25
061540601,270,7,116,393
061540602,247,2,99,348
061540603,241,2,146,389
061540604,171,3,92,266
061540605,176,3,122,301
061540606,62,2,51,115
061540607,344,14,165,523
061540608,272,2,149,423
061540609,33,0,9,42
061540610,207,5,73,285
061540611,307,12,145,464
061540612,369,7,211,587
061540701,31,1,16,48
061540702,44,0,2,46
061540703,19,0,13,32
061540801,117,6,84,207
061540802,73,0,38,111
061540803,33,0,10,43
061540804,21,0,11,32
061540805,44,0,6,50
061540806,52,0,20,72
061540901,39,0,19,58
061540902,19,0,9,28
061610101,285,10,155,450
061610102,304,10,177,491
061610103,300,14,163,477
061610104,188,6,93,287
061610105,281,12,119,412
061610106,393,20,214,627
061610107,246,8,129,383
061610108,255,11,110,376
061610109,391,13,226,630
061610110,266,14,170,450
061610111,414,17,173,604
061610112,283,14,143,440
061610113,412,18,271,701
061610114,325,7,199,531
061610115,282,26,144,452
061610116,334,8,159,501
061610117,522,12,279,813
061610118,182,9,74,265
061610201,20,0,10,30
061610202,13,0,5,18
061610203,10,0,2,12
061610204,37,0,5,42
061610301,49,3,14,66
061610302,12,0,2,14
061610401,37,2,22,61
061610402,32,0,29,61
061610403,287,11,120,418
061610404,147,7,66,220
061610405,79,0,24,103
061610406,216,6,98,320
061610501,20,0,13,33
061610502,14,0,2,16
061610503,11,0,8,19
061610504,60,0,26,86
061610601,163,7,101,271
061610602,15,0,3,18
061610603,7,0,3,10
061610604,22,0,6,28
061610605,49,0,12,61
061610606,48,1,12,61
061610701,40,0,16,56
061610702,38,1,5,44
061610703,20,0,7,27
061610801,58,1,38,97
061610802,24,0,18,42
061610803,3,0,1,4
061610804,24,0,13,37
061680101,14,0,18,32
061680102,11,0,11,22
061680103,20,1,5,26
061680104,20,0,6,26
061680201,20,0,5,25
061680202,25,0,5,30
061680203,17,1,6,24
061680204,6,0,3,9
061680301,27,1,3,31
061680302,6,0,0,6
061680303,22,0,6,28
061680401,10,2,1,13
061680402,19,0,8,27
061680403,11,0,3,14
061680404,3,0,1,4
061680405,0,0,1,1
061680406,2,0,1,3
061680501,62,3,38,103
061680502,10,0,1,11
061680503,11,0,6,17
061680601,5,0,4,9
061680602,13,0,0,13
061680603,17,1,5,23
061680604,10,0,9,19
061680701,11,0,7,18
061680702,19,0,0,19
061680801,22,0,16,38
061680802,21,0,8,29
061680803,27,0,21,48
061680804,5,0,8,13
061680805,50,0,40,90
061680806,11,0,8,19
061680807,267,14,152,433
061680901,425,16,210,651
061680902,359,18,240,617
061680903,288,9,191,488
061680904,467,18,315,800
061680905,347,11,300,658
061680906,322,24,188,534
061680907,291,23,147,461
061680908,326,24,133,483
061681001,147,7,50,204
061681002,19,0,6,25
061681003,23,3,16,42
061681101,36,1,15,52
061681102,17,0,8,25
061750101,122,2,53,177
061750102,43,1,21,65
061750103,18,0,8,26
061750104,10,0,5,15
061750201,78,6,70,154
061750202,6,0,4,10
061750203,16,0,2,18
061750204,2,0,2,4
061750301,11,0,2,13
061750302,7,0,6,13
061750303,11,0,1,12
061750304,1,0,0,1
061750401,36,0,33,69
061750402,560,21,244,825
061750403,400,67,274,741
061750404,264,8,148,420
061750405,282,10,258,550
061750406,327,10,191,528
061750407,308,10,216,534
061750408,452,24,314,790
061750409,477,26,251,754
061750410,429,9,299,737
061750411,216,9,172,397
061750412,324,15,235,574
061750413,292,9,146,447
061750414,385,14,232,631
061750415,261,8,89,358
061750416,239,12,109,360
061750417,115,20,81,216
061750501,39,0,17,56
061750502,52,0,30,82
061750503,10,0,0,10
061750504,7,0,2,9
061750505,58,1,27,86
061750601,437,32,235,704
061750602,289,19,216,524
061750603,327,49,217,593
061750604,430,31,247,708
061750605,413,32,335,780
061750606,256,12,170,438
061750607,276,24,177,477
061750608,425,24,289,738
061750609,424,33,278,735
061750610,483,54,297,834
061750611,377,17,256,650
061750612,432,21,208,661
061750613,857,96,443,1396
061750614,124,5,60,189
061750615,22,1,11,34
061820101,401,38,188,627
061820102,587,43,244,874
061820103,617,51,346,1014
061820104,551,34,368,953
061820105,484,20,367,871
061820106,370,18,290,678
061820107,420,29,239,688
061820108,242,19,221,482
061820109,615,64,408,1087
061820110,524,46,275,845
061820111,570,72,307,949
061820112,497,36,353,886
061820113,339,27,284,650
061820114,526,33,208,767
061820201,296,15,164,475
061820202,416,20,279,715
061820203,356,19,240,615
061820204,352,20,211,583
061820205,342,19,206,567
061820206,334,27,211,572
061820207,350,13,207,570
061820208,388,27,212,627
061820209,328,9,147,484
061820210,368,13,201,582
061820211,313,21,193,527
061820212,275,27,189,491
061820213,320,15,193,528
061820301,52,2,27,81
061820302,4,0,4,8
061820303,90,0,27,117
061820304,78,4,73,155
061820305,107,5,31,143
061820306,1,0,0,1
061820307,0,0,0,0
061820308,17,4,13,34
061820309,292,10,177,479
061820310,24,1,9,34
061820311,228,17,118,363
061820312,31,1,15,47
061820401,34,1,12,47
061820501,216,5,79,300
061820502,191,11,96,298
061820503,220,13,122,355
061820504,340,30,293,663
061820505,173,9,79,261
061820601,35,1,16,52
061820602,84,5,46,135
061820603,20,0,14,34
061820604,482,39,334,855
061820605,701,60,404,1165
061820606,591,45,359,995
061820607,623,49,333,1005
061820608,452,45,320,817
061820609,378,15,238,631
061820701,25,2,10,37
061820702,327,25,172,524
061820703,505,24,340,869
061820704,340,14,236,590
061820705,427,58,255,740
061820706,188,12,99,299
061820707,0,0,0,0
061820708,363,18,262,643
061820709,387,21,266,674
061820710,505,52,351,908
061820801,31,1,21,53
061820901,139,3,82,224
061820902,56,1,29,86
061820903,27,2,11,40
061820904,111,3,41,155
061820905,47,5,29,81
061821001,280,13,149,442
061821002,215,16,141,372
061821003,466,16,244,726
061821004,410,21,285,716
061821005,368,16,257,641
061821006,327,36,218,581
061821007,339,20,210,569
061821008,416,20,311,747
061821009,419,21,377,817
061821010,459,22,252,733
061821011,370,23,223,616
061821101,275,26,201,502
061821102,428,42,250,720
061821103,422,28,305,755
061821104,326,13,240,579
061821105,273,14,164,451
061821106,330,34,194,558
061821107,250,34,199,483
061821108,400,38,251,689
061821109,489,40,266,795
061821110,119,13,64,196
061890101,21,0,1,22
061890102,13,0,6,19
061890103,7,0,2,9
061890104,6,0,7,13
061890201,2,0,0,2
061890202,3,0,0,3
061890203,3,0,5,8
061890204,2,0,0,2
061890205,2,0,0,2
061890206,11,0,1,12
061890207,14,0,4,18
061890301,30,2,21,53
061890302,10,0,1,11
061890303,13,1,4,18
061890304,3,0,0,3
061890305,4,0,6,10
061890401,5,1,1,7
061890402,8,0,2,10
061890403,19,0,0,19
061890501,5,0,2,7
061890502,7,0,0,7
061890503,8,0,4,12
061890504,7,1,3,11
061890505,6,0,3,9
061890601,12,2,16,30
061890602,20,1,6,27
061890603,11,0,3,14
061890604,22,1,3,26
061890605,1,0,0,1
061890606,1,0,1,2
061890607,5,0,4,9
061890608,12,0,4,16
061890701,9,0,4,13
061890702,6,0,1,7
061890703,12,0,10,22
061890704,3,0,2,5
061890705,10,0,0,10
061890706,3,0,0,3
061890707,13,0,6,19
061890801,4,0,0,4
061890802,16,0,10,26
061890803,9,0,1,10
061890804,3,0,0,3
061890901,12,0,2,14
061890902,19,0,6,25
061891001,277,29,193,499
061891002,348,19,198,565
061891003,372,28,237,637
061891004,358,28,236,622
061891005,350,19,245,614
061891006,354,14,258,626
061891007,380,28,323,731
061891008,324,14,167,505
061891009,293,13,136,442
061891010,21,2,11,34
061891101,7,0,2,9
061891102,21,0,1,22
061891103,7,0,2,9
061891104,5,0,4,9
061891105,23,0,6,29
061891106,5,0,4,9
061891107,5,0,0,5
061891201,208,9,143,360
061891202,7,1,6,14
061891203,7,0,6,13
061891204,4,0,3,7
061891205,9,0,2,11
061891206,13,0,0,13
061891207,4,0,0,4
061891208,7,0,5,12
061891209,3,0,2,5
061891210,13,0,4,17
061891211,176,7,116,299
061891301,31,0,30,61
061891302,12,0,1,13
061891303,14,0,8,22
061891304,6,0,4,10
061891305,5,0,1,6
061891306,5,0,1,6
061891307,10,0,3,13
061891308,6,0,3,9
061891309,1,0,1,2
061891401,9,0,2,11
061891402,8,0,1,9
061891403,9,0,8,17
061891404,2,0,2,4
061891405,7,0,1,8
061891406,9,0,0,9
061891501,203,7,115,325
061891502,463,10,282,755
061891503,84,6,50,140
061891504,26,0,22,48
061891505,25,1,11,37
061891506,3,0,1,4
061891507,8,0,0,8
061891508,9,0,1,10
061891509,198,8,140,346
061891601,25,1,1,27
061891602,1,0,1,2
061891603,17,2,3,22
061891604,4,0,1,5
061891605,5,0,0,5
061891701,35,1,18,54
061891702,259,13,150,422
061891703,315,24,302,641
061891704,244,27,213,484
061891705,237,11,238,486
061891706,241,7,186,434
061891707,393,17,283,693
061891708,375,15,261,651
061891709,18,0,6,24
061960101,395,41,255,691
061960102,402,33,273,708
061960103,330,18,238,586
061960104,333,18,206,557
061960105,148,21,94,263
061960106,129,34,90,253
061960107,199,10,84,293
061960108,463,23,240,726
061960109,213,18,87,318
061960110,182,12,96,290
061960111,182,12,71,265
061960112,589,29,240,858
061960113,295,17,211,523
061960114,250,5,170,425
061960115,230,8,147,385
061960116,414,13,267,694
061960117,216,12,156,384
061960118,190,10,150,350
061960119,227,22,131,380
061960201,80,6,101,187
061960202,134,19,90,243
061960203,135,18,103,256
061960204,271,34,227,532
061960205,403,24,302,729
061960206,342,8,251,601
061960207,253,9,214,476
061960208,307,8,223,538
061960209,378,17,255,650
061960210,393,28,262,683
061960211,232,17,108,357
061960212,207,14,114,335
061960213,249,9,161,419
061960214,260,17,170,447
061960301,10,0,12,22
061960302,12,0,6,18
061960303,12,0,6,18
061960304,6,0,2,8
061960305,10,0,0,10
061960306,12,0,8,20
061960401,29,0,11,40
061960402,20,0,8,28
061960403,9,0,5,14
061960404,8,0,5,13
061960501,7,0,8,15
061960502,3,0,1,4
061960503,19,1,4,24
061960504,6,0,1,7
061960601,10,1,3,14
061960602,21,0,1,22
061960603,9,0,4,13
061960604,5,0,1,6
061960701,186,13,122,321
061960702,8,0,1,9
061960703,5,0,0,5
061960704,4,0,7,11
061960705,15,0,6,21
061960706,1,0,6,7
061960707,30,0,9,39
061960708,48,3,25,76
061960709,35,0,13,48
061960801,13,0,4,17
061960802,16,0,2,18
061960803,15,1,6,22
061960804,18,1,9,28
061960805,1,0,1,2
061960806,13,0,9,22
061960901,0,0,1,1
061960902,7,0,5,12
061960903,25,0,2,27
061960904,22,1,8,31
061960905,17,0,7,24
061961001,13,0,6,19
061961002,14,0,0,14
061961003,9,0,4,13
061961004,9,0,0,9
061961005,16,0,10,26
061961101,17,0,2,19
061961102,27,0,15,42
061961103,19,0,2,21
061961104,10,0,2,12
061961105,25,0,9,34
061961106,14,0,2,16
061961107,9,0,0,9
061961108,9,0,6,15
061961201,6,0,3,9
061961202,22,0,10,32
061961203,12,0,2,14
061961204,3,0,1,4
061961205,20,0,9,29
061961206,12,0,1,13
061961301,9,0,2,11
061961302,11,0,1,12
061961303,12,0,10,22
061961304,22,0,4,26
061961305,15,0,10,25
061961401,11,1,1,13
061961402,24,0,3,27
061961403,12,0,9,21
061961501,82,0,63,145
061961502,13,0,8,21
061961503,12,0,0,12
061961504,9,0,4,13
061961505,2,0,1,3
061961506,112,1,79,192
061961507,188,3,115,306
061961508,131,3,71,205
062030101,423,16,272,711
062030102,308,9,186,503
062030103,337,5,235,577
062030104,334,5,226,565
062030105,371,8,205,584
062030106,389,6,209,604
062030107,284,6,147,437
062030108,436,8,206,650
062030109,270,6,198,474
062030110,488,15,247,750
062030111,472,12,221,705
062030112,492,19,224,735
062030113,437,11,204,652
062030201,232,6,124,362
062030202,290,6,162,458
062030203,273,6,143,422
062030204,273,9,130,412
062030205,22,0,9,31
062030206,24,0,6,30
062030207,52,1,12,65
062030208,16,0,7,23
062030209,13,0,4,17
062030210,394,22,150,566
062030211,197,7,102,306
062030212,440,10,259,709
062030213,169,7,88,264
062030214,25,1,22,48
062030215,256,18,141,415
062030301,18,0,12,30
062030302,22,2,1,25
062030303,8,0,6,14
062030304,18,0,9,27
062030305,12,0,6,18
062030306,11,0,7,18
062030401,94,2,36,132
062030402,6,0,3,9
062030403,11,0,7,18
062030404,5,0,6,11
062030405,10,0,2,12
062030406,12,0,2,14
062030407,10,0,4,14
062030408,22,0,3,25
062030501,39,2,26,67
062030502,5,0,2,7
062030503,14,0,6,20
062030504,23,1,13,37
062030505,14,0,2,16
062030506,12,0,3,15
062030507,3,0,3,6
062030601,13,0,7,20
062030602,8,0,4,12
062030603,8,0,0,8
062030604,22,1,8,31
062030605,6,0,1,7
062030701,2,0,2,4
062030702,5,0,5,10
062030703,5,0,4,9
062030704,11,1,2,14
062030705,4,0,5,9
062030706,4,0,1,5
062030707,7,0,3,10
062030708,3,0,1,4
062030709,2,0,2,4
062030710,11,0,5,16
062030711,5,0,4,9
062030801,15,0,13,28
062030802,31,0,26,57
062030803,413,20,164,597
062030804,567,11,268,846
062030805,583,14,324,921
062030806,510,20,323,853
062030807,472,8,267,747
062030808,786,22,313,1121
062030809,472,15,270,757
062030810,457,15,205,677
062030811,145,9,51,205
062030812,287,12,67,366
062030901,10,0,6,16
062030902,17,1,8,26
062030903,3,0,0,3
062030904,6,0,4,10
062030905,4,0,0,4
062030906,0,0,3,3
062030907,7,0,2,9
062031001,1,0,1,2
062031002,17,0,11,28
062031003,16,0,5,21
062031004,10,0,1,11
062031005,9,0,4,13
062031101,14,0,6,20
062031102,28,0,8,36
062031103,0,0,0,0
062031104,9,0,1,10
062031105,6,0,2,8
062031106,7,0,4,11
062031201,9,0,4,13
062031202,7,0,5,12
062031203,17,1,4,22
062031204,9,0,12,21
062031205,20,0,3,23
062031301,4,1,11,16
062031302,11,0,1,12
062031303,11,0,5,16
062031304,15,0,11,26
062031305,11,1,13,25
062031306,16,0,6,22
062031307,20,0,2,22
062031308,13,0,0,13
062031401,220,6,86,312
062031402,18,2,6,26
062031403,10,0,4,14
062031404,6,0,5,11
062031405,35,0,8,43
062031406,6,0,0,6
062031407,6,0,0,6
062031408,0,0,0,0
062031501,7,0,2,9
062031502,34,1,13,48
062031503,15,0,7,22
062031504,13,0,2,15
062031601,761,30,218,1009
062031602,530,30,205,765
062031603,443,24,171,638
062031604,725,29,316,1070
062031605,412,17,165,594
062031606,277,9,131,417
062031607,596,12,175,783
062031608,462,21,208,691
062031609,636,12,338,986
062031610,462,19,316,797
062031611,173,4,60,237
062031612,367,15,244,626
062031613,440,14,259,713
062100101,263,13,172,448
062100102,269,6,162,437
062100103,214,14,143,371
062100104,207,10,155,372
062100105,251,6,123,380
062100106,360,15,225,600
062100107,436,18,201,655
062100108,302,13,193,508
062100109,215,9,141,365
062100110,204,13,146,363
062100111,353,5,219,577
062100112,202,3,153,358
062100113,311,9,145,465
062100114,227,10,102,339
062100115,428,16,214,658
062100116,394,19,267,680
062100117,403,19,254,676
062100118,415,11,199,625
062100119,435,16,286,737
062100120,430,25,282,737
062100121,389,13,253,655
062100201,467,21,181,669
062100202,579,32,316,927
062100203,605,16,310,931
062100204,442,17,312,771
062100205,262,5,197,464
062100206,259,6,195,460
062100207,635,11,412,1058
062100208,345,19,244,608
062100209,272,9,257,538
062100210,523,22,376,921
062100301,113,0,59,172
062100401,104,2,33,139
062100501,184,7,69,260
062100601,51,1,8,60
062100602,26,1,12,39
062100603,262,10,132,404
062100604,75,8,45,128
062100605,144,1,101,246
062100606,242,13,182,437
062100607,154,6,109,269
062100608,116,7,96,219
062100609,20,0,8,28
062100610,31,1,9,41
062100611,75,1,56,132
062100612,157,6,102,265
062100613,102,3,48,153
062100701,97,0,44,141
062100801,181,4,104,289
062100802,395,14,219,628
062100803,473,17,272,762
062100804,604,16,299,919
062100805,909,48,368,1325
062100806,304,8,197,509
062100807,135,1,59,195
062100808,1409,46,575,2030
062100809,429,7,242,678
062100810,561,15,327,903
062100811,130,2,77,209
062100901,275,1,213,489
062100902,305,10,197,512
062100903,103,0,51,154
062101001,89,0,19,108
062101101,25,1,13,39
062101201,129,0,49,178
062101301,454,16,267,737
062101302,449,8,241,698
062101303,263,2,164,429
062101304,400,13,319,732
062101305,352,7,189,548
062101306,478,19,374,871
062101307,431,23,196,650
062101308,645,25,345,1015
062101309,494,16,329,839
062170101,351,24,224,599
062170102,375,13,276,664
062170103,326,24,216,566
062170104,475,33,241,749
062170105,372,24,277,673
062170106,208,7,145,360
062170107,315,21,255,591
062170108,282,9,181,472
062170109,325,13,237,575
062170110,281,6,207,494
062170111,286,15,150,451
062170112,331,11,208,550
062170113,545,23,329,897
062170114,198,3,113,314
062170201,53,1,14,68
062170202,34,1,16,51
062170203,15,0,10,25
062170204,36,2,7,45
062170205,30,0,20,50
062170206,19,1,8,28
062170207,22,0,13,35
062170301,80,1,36,117
062170302,79,8,33,120
062170303,121,13,60,194
062170304,52,0,25,77
062170401,204,23,83,310
062170402,313,28,147,488
062170403,167,21,100,288
062170404,244,20,133,397
062170405,153,9,99,261
062170406,119,10,66,195
062170407,125,7,67,199
062170408,156,8,65,229
062170409,249,24,133,406
062170410,385,17,158,560
062170411,333,27,165,525
062170412,311,33,163,507
062170413,666,52,355,1073
062170414,642,42,305,989
062170415,328,16,207,551
062170416,397,22,189,608
062170501,17,2,6,25
062170502,3,0,3,6
062170503,10,0,3,13
062170504,7,0,0,7
062170505,76,2,30,108
062170506,19,0,7,26
062170507,31,0,14,45
062170508,32,0,8,40
062170509,9,0,1,10
062170510,12,0,10,22
062170511,25,0,2,27
062170512,8,0,5,13
062170601,9,0,5,14
062170602,13,0,4,17
062170603,13,0,4,17
062170604,38,2,7,47
062170605,30,0,4,34
062170701,11,0,5,16
062170702,19,1,3,23
062170801,35,0,26,61
062170802,27,2,11,40
062170803,36,0,21,57
062170901,31,1,5,37
062170902,39,1,20,60
062170903,36,1,19,56
062170904,34,0,16,50
062170905,9,0,15,24
062170906,31,1,8,40
062170907,29,0,12,41
062171001,313,9,290,612
062171002,715,21,304,1040
062171003,511,13,340,864
062171004,375,18,278,671
062171005,22,0,14,36
062171006,27,0,23,50
062171007,29,0,9,38
062171008,32,1,16,49
062171009,27,0,25,52
062171010,104,7,44,155
062171011,120,3,42,165
062171012,14,0,6,20
062171013,330,11,195,536
062171101,72,0,35,107
062171102,27,0,7,34
062171103,28,0,11,39
062171104,16,0,3,19
062171105,54,1,30,85
062171106,20,1,9,30
062171201,341,19,203,563
062171202,986,68,352,1406
062171203,439,34,208,681
062171204,411,41,139,591
062171205,485,36,216,737
062171206,361,15,172,548
062171207,290,12,228,530
062171208,339,22,200,561
062171209,311,15,192,518
062171210,645,26,307,978
062171211,295,13,174,482
062171212,463,40,245,748
062171213,419,38,214,671
062171214,257,24,131,412
062171215,353,11,148,512
062240101,261,24,129,414
062240102,403,23,228,654
062240103,604,23,307,934
062240104,343,20,197,560
062240105,530,26,227,783
062240106,439,26,197,662
062240107,453,6,236,695
062240108,274,17,180,471
062240109,450,14,255,719
062240110,376,12,230,618
062240111,493,19,260,772
062240112,372,15,265,652
062240113,518,27,186,731
062240114,514,38,228,780
062240115,296,29,122,447
062240116,292,14,142,448
062240117,422,13,160,595
062240201,363,13,169,545
062240202,396,23,184,603
062240203,244,17,124,385
062240204,639,45,299,983
062240205,482,14,141,637
062240206,426,24,176,626
062240207,440,17,196,653
062240208,549,29,260,838
062240209,401,20,229,650
062240210,416,3,205,624
062240211,308,7,202,517
062240212,203,11,107,321
062240213,152,23,88,263
062240214,415,17,161,593
062240301,432,24,185,641
062240302,518,28,180,726
062240303,431,16,243,690
062240304,431,16,134,581
062240305,286,28,200,514
062240306,365,22,187,574
062240307,539,22,209,770
062240308,487,31,259,777
062240309,279,20,115,414
062240310,421,32,193,646
062240401,449,28,151,628
062240402,561,25,386,972
062240403,566,22,282,870
062240404,384,15,205,604
062240405,471,16,267,754
062240406,373,24,205,602
062240407,414,22,208,644
062240408,308,12,175,495
062240409,566,13,276,855
062240410,361,26,153,540
062240411,450,23,261,734
062240412,255,10,102,367
062240413,434,15,237,686
062240414,274,15,104,393
062240415,238,11,82,331
062240416,242,21,103,366
062240417,431,40,164,635
062240501,11,2,11,24
062240502,17,0,3,20
062240503,40,0,13,53
062240504,5,0,3,8
062240505,21,0,15,36
062240601,31,0,12,43
062240602,51,0,23,74
062240603,60,1,22,83
062240604,52,1,23,76
062240701,3,0,1,4
062240702,22,0,6,28
062240703,16,1,19,36
062240801,18,0,9,27
062240802,12,0,16,28
062240901,228,4,84,316
062240902,448,30,197,675
062240903,138,0,61,199
062240904,109,3,29,141
062240905,18,0,5,23
062240906,90,3,65,158
062240907,44,1,25,70
062240908,489,29,209,727
062240909,122,7,51,180
062240910,62,7,56,125
062240911,265,17,124,406
062240912,236,5,91,332
062240913,109,1,35,145
062240914,121,3,32,156
062240915,278,25,112,415
062241001,14,0,5,19
062241002,29,0,13,42
062241101,54,2,20,76
062241102,59,0,39,98
062241103,81,8,60,149
062241201,48,1,45,94
062241202,18,0,6,24
062241203,31,0,15,46
062241204,166,5,34,205
062241301,123,1,53,177
062241302,21,0,9,30
062241303,14,0,20,34
062241401,11,0,15,26
062241402,33,2,13,48
062241403,73,1,42,116
062241501,10,0,8,18
062241502,17,0,18,35
062241503,16,0,7,23
062241601,12,0,8,20
062241602,14,0,2,16
062241701,74,4,73,151
062241702,28,0,12,40
062241703,37,3,14,54
062241801,13,2,7,22
062241802,27,3,5,35
062241901,59,0,56,115
062241902,18,0,7,25
062241903,23,0,13,36
062241904,29,0,17,46
062242001,140,3,91,234
062242002,184,2,82,268
062242003,417,9,247,673
062242004,6,0,6,12
062242005,36,0,13,49
062242006,14,0,3,17
062242007,16,0,11,27
062242008,12,0,6,18
062242009,113,2,65,180
062242010,179,6,99,284
062242101,17,0,9,26
062242102,6,0,3,9
062242103,10,0,6,16
062242201,277,9,164,450
062242202,314,15,193,522
062242203,402,20,278,700
062242204,383,11,227,621
062242205,363,27,242,632
062242206,455,30,275,760
062242207,372,18,180,570
062242208,346,7,239,592
062242209,317,18,178,513
062242210,359,32,179,570
062310101,288,2,252,542
062310102,245,3,131,379
062310103,22,0,13,35
062310104,128,5,73,206
062310105,33,1,16,50
062310106,48,0,9,57
062310107,286,8,153,447
062310201,24,0,19,43
062310202,30,0,15,45
062310203,21,1,3,25
062310204,15,0,4,19
062310301,16,2,5,23
062310302,33,0,18,51
062310303,34,0,19,53
062310304,18,0,0,18
062310401,2,0,2,4
062310402,13,0,0,13
062310403,12,0,5,17
062310404,21,0,9,30
062310405,14,0,2,16
062310501,20,0,10,30
062310502,12,0,7,19
062310601,5,0,0,5
062310602,14,4,4,22
062310603,50,1,21,72
062310604,9,0,4,13
062310605,11,0,6,17
062310606,29,1,21,51
062310701,27,1,0,28
062310702,11,0,7,18
062310703,12,0,8,20
062310704,34,0,5,39
062310705,1,0,1,2
062310706,7,0,1,8
062310707,10,0,0,10
062310801,20,1,7,28
062310802,2,0,1,3
062310803,304,16,191,511
062310804,3,0,1,4
062310805,9,2,7,18
062310901,21,0,11,32
062310902,56,1,25,82
062310903,23,0,8,31
062311001,656,20,287,963
062311002,4,0,0,4
062311003,18,0,7,25
062311004,2,0,0,2
062311005,79,3,46,128
062311101,3,0,3,6
062311201,573,20,200,793
062311202,477,26,241,744
062311203,305,17,189,511
062311204,438,11,259,708
062311205,376,7,229,612
062311206,252,3,147,402
062311207,449,17,266,732
062311208,621,23,329,973
062311209,295,9,206,510
062311210,427,11,202,640
062311211,593,31,269,893
062311212,277,10,135,422
062311213,325,19,111,455
062311214,57,4,31,92
062380101,281,17,154,452
062380102,253,12,180,445
062380103,462,25,313,800
062380104,501,23,284,808
062380105,467,12,296,775
062380106,317,9,210,536
062380107,566,30,383,979
062380108,284,6,227,517
062380109,366,6,202,574
062380110,386,25,326,737
062380111,299,11,212,522
062380112,398,21,219,638
062380113,206,13,165,384
062380114,185,21,130,336
062380201,376,17,223,616
062380202,495,18,344,857
062380203,392,13,280,685
062380204,214,5,143,362
062380205,311,14,203,528
062380206,343,15,248,606
062380207,532,17,368,917
062380208,441,21,278,740
062380209,381,20,303,704
062380210,335,30,186,551
062380211,121,18,94,233
062380212,508,19,314,841
062380213,223,9,121,353
062380214,254,21,145,420
062380215,22,2,27,51
062380301,97,4,103,204
062380302,42,0,12,54
062380401,33,4,32,69
062380501,66,3,45,114
062380601,198,6,99,303
062380602,123,8,60,191
062380603,358,13,164,535
062380604,414,13,168,595
062380605,14,1,7,22
062380606,20,0,13,33
062380607,65,0,36,101
062380608,6,0,3,9
062380609,212,15,138,365
062380610,22,0,10,32
062380611,256,17,142,415
062380701,84,0,18,102
062380702,66,1,26,93
062380801,27,2,19,48
062380901,54,1,30,85
062381001,11,0,2,13
062381101,34,0,18,52
062450101,544,72,357,973
062450102,540,76,301,917
062450103,591,35,379,1005
062450104,344,43,250,637
062450105,506,39,300,845
062450106,657,43,324,1024
062450107,334,13,246,593
062450108,416,38,220,674
062450109,351,24,199,574
062450110,450,26,263,739
062450111,439,26,241,706
062450201,595,66,323,984
062450202,384,53,184,621
062450203,308,26,158,492
062450204,347,29,142,518
062450205,563,35,328,926
062450206,791,92,446,1329
062450207,583,32,319,934
062450208,473,37,246,756
062450209,557,23,289,869
062450210,264,19,148,431
062450211,790,107,408,1305
062450212,707,72,343,1122
062450213,459,30,212,701
062450214,413,44,218,675
062450215,413,51,229,693
062450301,464,26,281,771
062450302,516,58,360,934
062450303,559,39,262,860
062450304,887,65,334,1286
062450305,777,54,274,1105
062450306,675,32,335,1042
062450307,413,22,217,652
062450308,436,19,215,670
062450309,665,53,200,918
062450310,551,37,265,853
062450311,567,44,205,816
062450401,322,41,110,473
062450402,196,13,108,317
062450403,418,40,142,600
062450404,360,17,170,547
062450405,359,15,145,519
062450406,304,10,128,442
062450407,390,30,200,620
062450408,235,5,68,308
062450409,356,20,175,551
062450410,376,30,168,574
062450411,70,2,29,101
062450412,135,5,44,184
062450413,363,37,164,564
062450414,150,6,57,213
062450415,701,93,290,1084
062450416,190,6,70,266
062450417,140,8,61,209
062450418,187,10,126,323
062450501,472,25,240,737
062450502,295,27,158,480
062450503,334,47,153,534
062450504,402,36,254,692
062450505,816,49,336,1201
062450506,5,0,0,5
062450507,88,0,21,109
062520101,238,14,120,372
062520102,500,22,176,698
062520103,269,27,150,446
062520104,732,74,357,1163
062520105,717,74,293,1084
062520106,932,56,340,1328
062520107,950,76,389,1415
062520108,874,45,400,1319
062520109,362,18,181,561
062520110,243,5,102,350
062520111,359,8,174,541
062520112,737,35,255,1027
062520113,459,47,261,767
062520114,439,24,200,663
062520115,573,27,208,808
062520201,162,4,47,213
062520202,253,7,96,356
062520203,378,19,104,501
062520204,395,13,136,544
062520205,241,7,77,325
062520206,251,8,73,332
062520207,348,8,100,456
062520208,117,0,27,144
062520209,747,27,290,1064
062520210,357,20,154,531
062520211,514,27,157,698
062520212,324,20,120,464
062520213,412,27,202,641
062520214,452,17,261,730
062520215,704,75,336,1115
062520216,520,51,236,807
062520217,504,29,243,776
062520301,81,2,48,131
062520302,133,6,36,175
062520303,190,7,49,246
062520304,365,19,191,575
062520305,839,55,328,1222
062520306,652,60,258,970
062520307,125,13,59,197
062520308,165,7,52,224
062520309,355,6,141,502
062520401,610,25,216,851
062520402,729,45,274,1048
062520403,292,14,158,464
062520404,445,16,173,634
062520405,542,17,217,776
062520406,397,16,143,556
062520407,410,20,119,549
062520408,757,37,308,1102
062520409,883,55,323,1261
062520410,411,19,215,645
062520411,54,7,15,76
062520412,979,65,433,1477
062520413,596,24,213,833
062520501,579,30,300,909
062520502,358,8,156,522
062520503,479,13,272,764
062520504,640,28,235,903
062520505,385,18,195,598
062520506,299,21,146,466
062520507,717,27,347,1091
062520508,761,44,346,1151
062520509,643,47,273,963
062520601,510,30,183,723
062520602,4,0,1,5
062520603,168,3,67,238
062520604,397,16,158,571
062520605,608,14,257,879
062520606,504,15,185,704
062520607,80,0,21,101
062520608,38,0,13,51
062520609,74,4,25,103
062520610,67,0,10,77
062520611,219,6,43,268
062520612,294,11,59,364
062520613,364,13,83,460
062520614,382,45,134,561
062520701,588,23,237,848
062520702,652,41,323,1016
062520703,786,29,273,1088
062520704,901,36,317,1254
062520705,965,60,399,1424
062520706,1208,49,392,1649
062520707,627,32,304,963
062520708,772,42,336,1150
062520709,500,8,188,696
062520710,491,15,187,693
062520711,806,52,282,1140
062520801,105,2,47,154
062520802,857,56,332,1245
062520803,690,76,335,1101
062520804,775,69,314,1158
062520805,778,47,341,1166
062520806,664,43,327,1034
062520807,495,31,250,776
062520808,480,49,196,725
062520809,151,6,53,210
062520810,282,8,96,386
062520901,1367,51,576,1994
062520902,926,81,414,1421
062520903,814,44,389,1247
062520904,750,70,402,1222
062520905,734,37,352,1123
062520906,641,32,283,956
062520907,651,29,236,916
062520908,425,24,170,619
062520909,513,40,281,834
062520910,706,45,286,1037
062520911,904,63,396,1363
062520912,745,67,365,1177
062520913,1035,103,582,1720
062520914,1002,41,302,1345
062521001,381,2,48,431
062521002,69,0,35,104
062521003,763,27,218,1008
062521004,719,30,217,966
062521005,387,8,159,554
062521006,568,32,230,830
062521007,515,38,222,775
062521008,433,37,125,595
062521009,570,38,240,848
062521010,531,11,184,726
062521011,650,51,314,1015
062521012,711,50,311,1072
062521013,734,48,249,1031
062521014,402,14,131,547
062521015,338,16,103,457
062521016,597,45,240,882
062521017,393,20,114,527
062521101,423,26,219,668
062521102,798,33,313,1144
062521103,333,13,183,529
062521104,560,27,252,839
062521105,801,22,263,1086
062521106,478,21,227,726
062521107,502,29,206,737
062521108,158,5,57,220
062521109,293,15,91,399
062521110,616,21,192,829
062521201,651,70,274,995
062521202,913,67,410,1390
062521203,768,44,344,1156
062521204,875,112,355,1342
062521205,901,51,386,1338
062521206,604,45,293,942
062521207,707,53,362,1122
062521208,554,82,336,972
062521301,402,35,136,573
062521302,633,46,371,1050
062521303,685,50,238,973
062521304,544,54,246,844
062521305,557,49,368,974
062521306,599,44,223,866
062521307,418,22,140,580
062521308,470,33,183,686
062521309,386,18,150,554
062521310,404,13,118,535
062521311,508,23,199,730
062521312,606,48,210,864
062521401,566,36,226,828
062521402,740,56,347,1143
062521403,862,72,443,1377
062521404,538,70,262,870
062521405,419,21,125,565
062521406,393,33,189,615
062521407,519,45,298,862
062521408,874,65,386,1325
062521409,546,75,232,853
062521410,518,18,224,760
062521411,524,46,204,774
062521412,716,51,319,1086
062521413,1065,75,535,1675
062521414,563,56,296,915
062521415,504,60,191,755
062521416,429,65,287,781
062521417,483,33,226,742
062521418,538,48,195,781
062521419,740,58,368,1166
062521501,6,0,5,11
062521502,3,0,0,3
062521503,554,72,311,937
062521504,784,66,293,1143
062521505,628,52,270,950
062521506,633,100,362,1095
062521507,728,67,312,1107
062521508,745,75,344,1164
062521509,653,28,303,984
062521510,366,5,104,475
062521511,713,56,214,983
062521512,1016,65,282,1363
062521513,420,3,134,557
062521514,736,67,324,1127
062521515,1080,97,479,1656
062521601,278,6,98,382
062660101,11,0,6,17
062660102,97,2,41,140
062660103,52,0,21,73
062660104,93,1,35,129
062660201,26,0,6,32
062660202,77,2,7,86
062660203,38,1,18,57
062660204,548,32,309,889
062660205,208,10,77,295
062660301,538,37,215,790
062660302,435,13,199,647
062660303,453,27,202,682
062660304,339,16,163,518
062660305,199,15,72,286
062660306,210,10,138,358
062660307,261,19,156,436
062660308,242,9,112,363
062660309,280,19,108,407
062660310,424,15,217,656
062660311,428,30,226,684
062660312,29,1,21,51
062660401,95,3,45,143
062660402,13,0,4,17
062660403,177,2,45,224
062660501,709,24,275,1008
062660502,312,5,129,446
062660503,232,10,111,353
062660504,125,1,36,162
062660505,79,1,31,111
062660506,142,5,57,204
062660507,60,1,19,80
062660508,361,7,140,508
062660509,113,4,50,167
062660601,235,21,102,358
062660602,361,11,136,508
062660603,177,4,73,254
062660604,108,3,51,162
062660605,176,2,51,229
062660606,83,4,32,119
062660607,99,1,38,138
062660608,155,5,57,217
062660609,336,17,134,487
062660610,241,11,117,369
062660611,200,5,61,266
062660612,189,10,85,284
062660701,455,21,136,612
062660702,524,26,160,710
062660703,693,28,307,1028
062660704,181,4,44,229
062660705,769,26,336,1131
062660706,146,3,49,198
062660707,419,16,174,609
062660708,638,26,268,932
062660709,668,22,242,932
062660710,524,34,299,857
062660711,299,27,102,428
062770101,5,0,1,6
062770102,161,1,103,265
062770103,144,1,112,257
062770104,39,0,16,55
062770105,8,0,6,14
062770106,69,0,24,93
062770107,359,14,201,574
062770108,379,20,216,615
062770109,311,15,152,478
062770110,392,17,183,592
062770111,578,17,356,951
062770112,246,11,170,427
062770113,325,10,182,517
062770114,327,12,162,501
062770115,462,14,213,689
062770116,34,0,10,44
062770201,46,0,21,67
062770202,169,6,74,249
062770203,46,0,24,70
062770204,74,0,66,140
062770205,19,0,9,28
062770206,48,0,22,70
062800101,255,23,170,448
062800102,267,24,173,464
062800103,269,15,165,449
062800104,352,26,168,546
062800105,200,26,128,354
062800106,227,16,137,380
062800107,359,18,209,586
062800108,253,22,178,453
062800109,187,12,133,332
062800110,262,28,153,443
062800201,461,38,259,758
062800202,309,22,198,529
062800203,216,7,140,363
062800204,359,13,234,606
062800205,502,32,280,814
062800206,330,23,221,574
062800207,351,24,211,586
062800208,159,3,153,315
062800301,64,1,51,116
062800302,61,2,45,108
062800303,73,5,47,125
062800304,66,2,48,116
062800305,124,3,57,184
062800306,64,5,46,115
062800307,98,4,79,181
062800308,63,0,36,99
062800309,36,1,55,92
062800310,53,4,43,100
062800311,34,0,33,67
062800312,30,0,19,49
062800313,29,4,20,53
062800401,302,20,244,566
062800402,70,4,54,128
062800403,36,4,19,59
062800404,14,1,7,22
062800405,52,5,44,101
062800406,115,8,102,225
062800407,110,7,46,163
062800408,129,13,79,221
062800409,182,11,123,316
062800410,138,8,74,220
062800501,17,0,0,17
062800502,23,0,6,29
062800503,12,0,2,14
062800504,3,0,0,3
062800505,13,0,1,14
062800506,15,0,8,23
062800507,20,0,5,25
062800508,55,1,4,60
062800509,11,0,5,16
062800601,9,0,1,10
062800602,15,1,1,17
062800603,41,4,32,77
062800604,23,5,21,49
062800605,15,2,7,24
062800606,278,15,139,432
062800607,98,3,64,165
062800608,167,14,96,277
062800609,67,2,24,93
062800610,199,6,112,317
062800611,112,12,53,177
062800612,33,3,37,73
062800613,41,2,16,59
062800614,33,4,35,72
062800615,66,8,31,105
062800616,53,3,22,78
062800617,30,3,15,48
062800701,11,0,9,20
062800702,9,0,9,18
062800703,27,1,21,49
062800704,76,1,51,128
062800705,26,4,11,41
062800706,22,2,9,33
062800707,9,0,11,20
062800708,34,1,18,53
062800709,29,0,8,37
062800710,19,0,7,26
062800711,13,0,9,22
062800801,105,11,93,209
062800802,7,0,3,10
062800803,8,0,2,10
062800804,3,3,8,14
062800805,2,0,5,7
062800806,9,1,5,15
062800807,19,0,8,27
062800808,9,0,0,9
062800809,29,0,9,38
062800810,8,0,9,17
062800811,6,0,6,12
062800812,22,0,9,31
062800813,14,0,8,22
062800814,11,0,2,13
062800815,19,0,9,28
062800816,55,1,44,100
062800817,14,0,7,21
062800818,5,0,2,7
062800819,324,6,192,522
062800820,146,9,84,239
062800901,45,3,33,81
062800902,19,1,3,23
062800903,8,0,1,9
062800904,13,0,11,24
062800905,32,0,10,42
062800906,35,1,13,49
062800907,11,0,6,17
062800908,16,0,8,24
062800909,60,1,37,98
062800910,8,6,7,21
062800911,7,0,12,19
062800912,82,1,39,122
062801001,221,16,188,425
062801002,265,16,176,457
062801003,96,5,81,182
062801004,118,8,103,229
062801005,89,5,93,187
062801006,39,0,22,61
062801007,65,4,62,131
062801008,138,6,140,284
062801101,384,17,201,602
062801102,401,25,304,730
062801103,479,45,317,841
062801104,168,2,161,331
062801105,203,8,154,365
062801106,240,16,152,408
062801107,221,11,119,351
062801108,270,17,155,442
062801109,295,24,180,499
062801110,204,23,98,325
062801111,251,25,124,400
062801112,211,11,116,338
062801201,48,2,36,86
062801202,52,3,25,80
062801203,5,0,2,7
062801204,41,3,18,62
062801205,643,33,413,1089
062801206,470,18,317,805
062801207,636,22,328,986
062801208,644,46,466,1156
062801209,292,16,183,491
062801210,287,14,172,473
062870101,144,2,36,182
062870201,72,1,31,104
062870301,13,0,0,13
062870302,25,1,7,33
062870401,105,10,68,183
062870402,10,0,13,23
062870403,141,1,74,216
062870404,255,10,146,411
062870405,392,7,225,624
062870406,265,6,159,430
062870407,308,13,214,535
062870408,346,19,143,508
062870409,157,2,113,272
062870410,167,5,100,272
062870411,327,11,254,592
062870412,237,11,154,402
062870413,437,13,323,773
062870414,293,25,184,502
062870415,445,27,227,699
062870416,35,2,29,66
062870417,9,0,0,9
062870501,39,0,16,55
062870502,82,5,43,130
062870601,93,1,52,146
062870701,64,1,26,91
062870702,76,0,22,98
062940101,13,0,4,17
062940102,7,0,0,7
062940103,0,0,0,0
062940201,7,0,2,9
062940202,145,4,84,233
062940203,524,21,331,876
062940204,403,9,309,721
062940205,24,0,19,43
062940206,9,0,14,23
062940207,15,0,7,22
062940208,2,0,0,2
062940209,11,0,14,25
062940210,17,0,11,28
062940211,117,3,106,226
062940301,10,0,10,20
062940302,8,1,1,10
062940303,8,0,3,11
062940401,351,7,180,538
062940402,436,13,268,717
062940403,482,13,349,844
062940404,236,10,108,354
062940405,46,0,37,83
062940406,77,1,50,128
062940407,7,1,11,19
062940408,474,17,214,705
062940501,32,2,23,57
062940502,6,0,6,12
062940503,8,0,3,11
062940504,8,0,1,9
062940505,23,0,13,36
062940506,43,0,21,64
062940601,300,27,254,581
062940602,184,3,127,314
062940603,236,13,218,467
062940604,156,5,132,293
062940605,7,0,1,8
062940606,24,0,17,41
062940607,24,3,13,40
062940608,94,2,73,169
062940609,162,11,108,281
062940610,189,6,103,298
062940701,9,0,2,11
062940702,21,1,3,25
062940703,8,0,7,15
062940704,13,0,7,20
062940705,11,1,6,18
062940706,0,0,0,0
062940801,87,1,47,135
062940802,247,15,192,454
062940803,236,8,188,432
062940804,139,6,128,273
062940805,169,4,136,309
062940806,208,4,129,341
062940807,306,6,225,537
062940808,313,8,232,553
062940809,82,1,60,143
062940810,157,10,85,252
062940811,3,0,3,6
062940812,5,0,5,10
062940813,1,0,1,2
062940814,8,1,9,18
062940815,16,1,8,25
063010101,264,6,142,412
063010201,85,1,12,98
063010301,59,0,21,80
063010401,83,1,34,118
063010501,5,0,5,10
063010502,89,7,38,134
063010503,54,1,15,70
063010504,335,9,148,492
063010505,316,18,159,493
063010506,295,9,179,483
063010507,259,18,148,425
063010508,312,8,232,552
063010509,332,18,210,560
063010510,324,16,186,526
063010511,336,13,234,583
063010512,422,18,311,751
063010513,636,28,311,975
063010514,309,20,163,492
063010601,117,3,42,162
063010701,110,4,56,170
063010801,149,6,69,224
063010802,56,0,41,97
063010803,61,9,48,118
063010804,55,4,51,110
063010805,250,21,167,438
063010806,363,21,206,590
063010807,153,13,99,265
063010808,328,14,258,600
063010809,293,14,215,522
063010810,208,6,126,340
063010811,367,11,236,614
063010812,493,23,280,796
063010813,367,9,193,569
063010814,294,13,187,494
063010815,11,0,7,18
063080101,23,1,17,41
063080201,24,0,10,34
063080301,34,0,21,55
063080401,33,0,21,54
063080501,153,6,95,254
063080502,133,3,57,193
063080601,151,11,102,264
063080602,221,6,98,325
063080603,35,0,40,75
063080604,3,0,4,7
063080701,38,0,14,52
063080801,19,0,8,27
063080901,49,0,18,67
063081001,48,0,22,70
063081002,324,10,289,623
063081003,33,0,30,63
063150101,309,8,215,532
063150102,501,29,338,868
063150103,256,27,166,449
063150104,363,10,274,647
063150105,397,13,268,678
063150106,447,12,280,739
063150107,274,25,201,500
063150108,368,10,175,553
063150109,525,16,305,846
063150110,444,9,360,813
063150111,602,42,381,1025
063150112,493,28,237,758
063150113,475,35,272,782
063150114,542,41,327,910
063150115,421,24,205,650
063150116,269,14,190,473
063150117,284,31,176,491
063150118,416,30,234,680
063150201,81,0,41,122
063150301,385,24,257,666
063150302,171,4,98,273
063150303,236,9,80,325
063150401,101,4,44,149
063150501,116,3,44,163
063150502,209,4,63,276
063150601,181,3,67,251
063150701,56,0,12,68
063220101,4,0,2,6
063220102,5,0,1,6
063220103,17,0,2,19
063220201,21,0,11,32
063220202,12,0,2,14
063220203,5,0,5,10
063220204,8,0,6,14
063220301,141,13,89,243
063220302,24,0,9,33
063220303,6,0,0,6
063220304,26,0,17,43
063220305,24,1,6,31
063220306,18,2,10,30
063220307,151,5,119,275
063220401,14,0,0,14
063220402,6,1,7,14
063220403,13,0,5,18
063220404,8,0,2,10
063220405,6,0,4,10
063220501,13,0,4,17
063220502,11,0,3,14
063220503,12,0,5,17
063220504,7,0,1,8
063220505,19,2,5,26
063220601,557,30,305,892
063220602,330,10,210,550
063220603,214,3,136,353
063220604,238,19,165,422
063220605,267,10,137,414
063220606,180,9,106,295
063220607,292,19,146,457
063220608,44,2,20,66
063220609,6,0,4,10
063220610,1,0,0,1
063220611,72,8,45,125
063220612,403,21,183,607
063220613,212,7,96,315
063220614,253,18,134,405
063220615,192,4,125,321
063220616,256,15,155,426
063220617,420,17,191,628
063220701,77,2,59,138
063220702,19,1,12,32
063220703,34,0,7,41
063220704,10,0,6,16
063220705,13,0,4,17
063220801,9,0,4,13
063220802,14,0,3,17
063220803,24,0,3,27
063220901,24,0,13,37
063220902,11,3,10,24
063220903,7,0,1,8
063221001,127,9,101,237
063221002,40,0,15,55
063221003,8,1,6,15
063221004,34,4,13,51
063221005,29,0,12,41
063221006,21,0,4,25
063221007,64,0,23,87
063221008,19,0,11,30
063221101,15,0,5,20
063221102,18,0,3,21
063221103,13,0,7,20
063221201,15,0,7,22
063221202,8,0,1,9
063221203,11,0,1,12
063221301,9,0,8,17
063221302,14,0,6,20
063221303,22,0,5,27
063221304,11,0,7,18
063290101,26,0,5,31
063290102,64,0,23,87
063290103,37,0,16,53
063290104,30,1,10,41
063290201,103,8,44,155
063290202,38,0,13,51
063290203,53,2,19,74
063290301,54,1,31,86
063290302,75,2,40,117
063290303,109,5,48,162
063290304,371,16,223,610
063290305,495,30,242,767
063290306,362,19,199,580
063290307,249,13,124,386
063290308,466,29,263,758
063290309,385,17,192,594
063290310,471,25,222,718
063290311,494,21,269,784
063290312,430,16,251,697
063290313,244,15,179,438
063290314,294,16,174,484
063290315,489,27,232,748
063290316,442,18,195,655
063290317,262,13,100,375
063290401,61,0,42,103
063290402,99,7,46,152
063290403,118,3,63,184
063290501,120,6,71,197
063290502,134,5,56,195
063290503,59,1,23,83
063290504,40,1,17,58
063290505,181,2,97,280
063290506,234,5,144,383
063290601,44,1,14,59
063290602,23,2,9,34
063360101,60,0,20,80
063360201,259,4,163,426
063360202,232,13,105,350
063360203,144,10,60,214
063360204,20,0,14,34
063360205,184,13,113,310
063360301,41,0,14,55
063360401,22,0,8,30
063360501,158,1,95,254
063360601,31,0,17,48
063360701,68,6,62,136
063360801,57,3,26,86
063360901,43,0,12,55
063361001,161,26,110,297
063361002,203,9,116,328
063430101,312,15,170,497
063430102,52,0,10,62
063430103,112,4,41,157
063430104,23,0,19,42
063430105,40,1,11,52
063430201,79,0,22,101
063430301,49,0,13,62
063430302,21,0,13,34
063430303,29,0,9,38
063430401,33,2,22,57
063430402,57,0,13,70
063430501,23,1,13,37
063430502,31,0,9,40
063430503,49,1,25,75
063430601,220,17,168,405
063430602,90,6,95,191
063430603,39,0,21,60
063430604,12,0,9,21
063430605,18,0,25,43
063430606,5,0,2,7
063430701,171,5,90,266
063430702,285,10,175,470
063430703,382,18,220,620
063430704,196,9,98,303
063430705,337,16,198,551
063430706,355,18,211,584
063430707,346,8,195,549
063430708,235,6,151,392
063430709,390,13,252,655
063430710,471,16,272,759
063430711,331,15,169,515
063430712,227,20,169,416
063430713,206,10,94,310
063430801,20,0,5,25
063430802,31,0,15,46
063510101,18,0,12,30
063510102,206,9,85,300
063510103,197,8,120,325
063510104,16,2,7,25
063510201,86,3,30,119
063510202,41,2,12,55
063510301,15,0,17,32
063510302,7,0,9,16
063510303,7,0,3,10
063510304,17,0,11,28
063510401,285,8,192,485
063510402,19,0,8,27
063510403,29,1,11,41
063510404,22,2,10,34
063510405,24,1,10,35
063510406,388,11,206,605
063510501,21,1,9,31
063510502,7,1,7,15
063510601,215,8,151,374
063510602,141,8,74,223
063510603,448,13,254,715
063510604,476,17,284,777
063510605,389,20,173,582
063510606,460,24,300,784
063510607,442,4,237,683
063510608,125,11,80,216
063510609,4,0,0,4
063510610,4,0,1,5
063510611,12,0,7,19
063510612,9,0,4,13
063510613,16,0,16,32
063510614,20,0,3,23
063510615,433,45,214,692
063510701,24,1,14,39
063510702,24,0,12,36
063510703,11,0,7,18
063510801,37,0,9,46
063510802,19,1,5,25
063510803,51,0,8,59
063510901,608,17,267,892
063510902,13,0,4,17
063510903,74,1,33,108
063511001,10,0,4,14
063511002,16,1,1,18
063511003,22,0,4,26
063570101,450,29,218,697
063570102,532,18,264,814
063570103,577,69,276,922
063570104,662,32,218,912
063570105,529,51,269,849
063570106,407,28,155,590
063570107,413,30,163,606
063570108,612,31,245,888
063570109,437,36,213,686
063570201,456,48,243,747
063570202,451,16,187,654
063570203,452,33,197,682
063570204,546,41,232,819
063570205,450,15,217,682
063570206,459,24,192,675
063570207,350,25,167,542
063570208,294,8,165,467
063570209,450,24,249,723
063570210,415,25,190,630
063570301,226,23,90,339
063570302,297,16,90,403
063570303,176,10,92,278
063570304,330,21,162,513
063570305,387,31,162,580
063570306,546,24,247,817
063570307,428,38,184,650
063570308,516,14,290,820
063570309,605,37,257,899
063570310,507,18,226,751
063570311,586,28,297,911
063570401,317,20,177,514
063570402,226,21,116,363
063570403,224,21,103,348
063570404,236,18,111,365
063570405,210,10,134,354
063570406,261,14,179,454
063570407,372,41,202,615
063570408,433,34,282,749
063570409,336,19,202,557
063570410,318,18,138,474
063570501,607,32,283,922
063570502,538,45,276,859
063570503,356,23,219,598
063570504,365,17,209,591
063570505,312,12,148,472
063570506,349,23,200,572
063570507,273,19,150,442
063570508,290,18,178,486
063570509,508,23,284,815
063570510,469,42,264,775
063570511,236,21,107,364
063570512,238,25,177,440
063570513,181,12,149,342
063570514,174,4,93,271
063570601,486,42,223,751
063570602,417,33,198,648
063570603,355,33,226,614
063570604,599,35,319,953
063570605,397,38,212,647
063570606,348,19,182,549
063570607,455,29,282,766
063570608,482,39,270,791
063570609,634,53,234,921
063570610,478,36,265,779
063570611,434,33,221,688
063570701,400,21,216,637
063570702,597,44,225,866
063570703,428,41,212,681
063570704,537,40,231,808
063570705,658,26,305,989
063570706,524,51,290,865
063570707,450,37,203,690
063570708,447,31,170,648
063570709,716,56,270,1042
063570710,492,31,211,734
063570711,397,28,197,622
063570801,546,46,346,938
063570802,463,30,222,715
063570803,329,24,164,517
063570804,407,30,158,595
063570805,489,33,239,761
063570806,426,29,217,672
063570807,502,48,253,803
063570808,325,27,259,611
063570809,476,30,328,834
063570810,478,57,300,835
063570811,529,26,347,902
063570812,560,63,294,917
063570813,289,10,215,514
063570814,208,14,147,369
063570901,741,54,284,1079
063570902,591,63,177,831
063570903,495,47,217,759
063570904,524,100,299,923
063570905,580,56,246,882
063570906,687,51,276,1014
063570907,571,67,250,888
063570908,513,46,257,816
063570909,512,52,255,819
063570910,671,90,294,1055
063570911,551,51,320,922
063570912,687,59,334,1080
063570913,555,37,235,827
063571001,402,39,139,580
063571002,336,21,140,497
063571003,592,53,271,916
063571004,515,45,190,750
063571005,526,58,268,852
063571006,614,64,292,970
063571007,509,40,240,789
063571008,671,61,419,1151
063571009,401,28,210,639
063571010,395,15,156,566
063571011,488,34,267,789
063571012,447,49,244,740
063571013,378,40,198,616
063571014,535,51,184,770
063571015,382,33,233,648
063571101,300,18,237,555
063571102,557,60,258,875
063571103,471,40,189,700
063571104,767,50,350,1167
063571105,515,60,240,815
063571106,604,93,196,893
063571107,527,42,230,799
063571108,368,38,161,567
063571109,670,66,327,1063
063571110,422,46,222,690
063571111,463,42,205,710
063571112,573,57,274,904
063571201,509,47,264,820
063571202,292,21,165,478
063571203,448,37,271,756
063571204,405,38,207,650
063571205,539,26,321,886
063571206,361,7,150,518
063571207,541,22,289,852
063571208,679,85,253,1017
063571209,602,60,233,895
063571210,687,82,259,1028
063571211,585,59,296,940
063571212,599,60,205,864
063571213,508,30,215,753
063571214,405,27,217,649
063571215,620,57,344,1021
063571301,429,36,246,711
063571302,382,34,276,692
063571303,538,44,387,969
063571304,733,44,363,1140
063571305,405,25,212,642
063571306,668,62,342,1072
063571307,551,53,295,899
063571308,391,55,263,709
063571309,303,21,108,432
063571401,483,34,346,863
063571402,451,30,256,737
063571403,654,37,327,1018
063571404,444,40,319,803
063571405,356,12,158,526
063571406,367,26,225,618
063571407,522,40,298,860
063571408,467,26,256,749
063571409,445,40,240,725
063571501,505,29,227,761
063571502,321,31,156,508
063571503,384,23,214,621
063571504,553,19,280,852
063571505,529,43,269,841
063571506,340,25,220,585
063571507,905,74,491,1470
063571508,468,21,289,778
063571509,412,42,193,647
063571510,417,24,234,675
063571511,188,16,141,345
063571601,349,33,194,576
063571602,331,36,219,586
063571603,346,24,209,579
063571604,409,30,232,671
063571605,313,32,119,464
063571606,296,10,158,464
063571607,210,9,155,374
063571608,301,16,178,495
063571609,190,13,122,325
063571610,188,7,114,309
063571611,207,14,124,345
063571612,192,13,116,321
063571613,267,25,159,451
063571701,384,62,192,638
063571702,132,14,77,223
063571703,234,26,131,391
063571704,300,33,152,485
063571705,518,59,320,897
063571706,275,50,137,462
063571707,230,32,129,391
063571708,378,44,184,606
063571709,336,28,165,529
063571710,272,21,140,433
063571801,360,25,227,612
063571802,260,14,123,397
063571803,194,10,91,295
063571804,293,26,187,506
063571805,448,27,250,725
063571806,328,28,232,588
063571807,371,18,177,566
063571808,413,27,266,706
063571809,282,17,236,535
063571810,270,8,147,425
063571901,377,19,225,621
063571902,201,14,114,329
063571903,192,16,97,305
063571904,94,1,51,146
063571905,182,10,86,278
063571906,140,13,79,232
063571907,311,12,152,475
063571908,252,21,113,386
063571909,143,6,63,212
063571910,118,9,61,188
063571911,168,4,91,263
063572001,201,8,100,309
063572002,328,25,227,580
063572003,171,6,104,281
063572004,145,11,96,252
063572005,109,5,54,168
063572006,100,7,78,185
063572007,169,7,76,252
063572008,55,1,32,88
063572009,106,2,57,165
063572101,208,4,85,297
063572102,305,16,212,533
063572103,260,14,125,399
063572104,161,7,109,277
063572105,402,23,178,603
063572106,231,5,133,369
063572107,206,9,111,326
063572108,232,9,151,392
063572201,238,15,108,361
063572202,133,8,80,221
063572203,207,11,130,348
063572204,183,10,97,290
063572205,163,12,115,290
063572206,289,14,130,433
063572207,154,11,152,317
063572208,208,11,158,377
063572209,236,12,165,413
063572210,207,5,104,316
063572211,183,8,93,284
063572212,183,12,104,299
063572213,138,6,97,241
063572214,172,12,130,314
063572301,207,19,98,324
063572302,237,16,121,374
063572303,116,15,80,211
063572304,134,5,135,274
063572305,92,4,68,164
063572306,159,9,124,292
063572307,111,4,65,180
063572308,47,7,38,92
063572401,59,3,54,116
063572402,51,2,31,84
063572403,143,9,98,250
063572404,136,6,94,236
063572405,217,23,147,387
063572501,174,21,206,401
063572502,223,16,170,409
063572503,130,9,76,215
063572601,200,20,171,391
063572602,307,17,183,507
063572603,241,21,164,426
063572604,230,20,181,431
063572701,189,10,108,307
063572702,172,8,104,284
063572703,199,25,159,383
063572704,145,13,108,266
063572705,195,29,138,362
063572801,224,18,173,415
063572802,131,10,96,237
063572803,165,7,96,268
063572804,123,5,102,230
063572805,157,16,151,324
063572806,168,14,111,293
063572901,125,10,110,245
063572902,115,1,87,203
063572903,128,6,97,231
063572904,178,10,139,327
063572905,38,3,41,82
063572906,264,20,142,426
063573001,144,19,97,260
063573002,177,17,114,308
063573003,76,1,73,150
063573004,178,20,112,310
063573005,157,7,102,266
063573006,241,16,179,436
063573007,120,9,94,223
063573008,102,5,73,180
063573009,213,12,111,336
063573010,144,6,105,255
063573011,164,15,136,315
063573101,252,18,139,409
063573102,232,13,132,377
063573103,157,5,127,289
063573104,103,5,63,171
063573105,193,13,136,342
063573106,158,11,122,291
063573107,267,17,179,463
063573108,239,19,166,424
063573109,202,30,148,380
063573201,273,19,185,477
063573202,300,13,174,487
063573203,267,8,193,468
063573204,323,16,200,539
063573205,140,6,68,214
063573206,246,17,99,362
063573207,209,15,187,411
063573208,125,4,73,202
063573209,275,14,189,478
063573210,245,8,128,381
063573301,299,22,244,565
063573302,430,18,251,699
063573303,381,27,248,656
063573304,339,18,216,573
063573305,319,24,176,519
063573306,254,12,142,408
063573307,275,11,205,491
063573308,311,10,156,477
063573309,230,12,134,376
063573310,168,4,96,268
063573311,189,21,95,305
063573401,196,4,122,322
063573402,214,8,132,354
063573403,146,15,86,247
063573404,360,21,190,571
063573405,193,15,136,344
063573406,181,2,79,262
063573407,234,11,129,374
063573408,108,5,54,167
063573501,250,9,169,428
063573502,280,21,220,521
063573503,156,6,84,246
063573504,204,13,130,347
063573505,274,22,169,465
063573506,207,14,148,369
063573507,221,14,156,391
063573508,284,7,119,410
063573509,221,17,137,375
063573510,119,9,75,203
063573601,258,16,166,440
063573602,260,18,162,440
063573603,171,13,112,296
063573604,222,23,163,408
063573605,59,2,21,82
063573701,210,8,130,348
063573702,184,8,127,319
063573703,218,18,112,348
063573704,138,8,77,223
063573705,203,12,146,361
063573706,157,11,114,282
063573707,159,10,80,249
063573708,141,8,64,213
063573801,193,27,145,365
063573802,175,10,113,298
063573803,203,18,126,347
063573804,120,6,58,184
063573901,201,8,100,309
063573902,164,10,87,261
063573903,153,15,125,293
063573904,302,30,145,477
063573905,151,1,61,213
063573906,81,3,53,137
063573907,248,15,122,385
063573908,179,13,88,280
063573909,101,5,48,154
063574001,29,2,21,52
063574002,285,20,155,460
063574003,159,10,103,272
063574004,196,21,150,367
063574005,136,12,86,234
063574006,166,10,85,261
063574007,252,15,174,441
063574008,180,17,101,298
063574101,439,20,231,690
063574102,294,17,229,540
063574103,272,30,167,469
063574104,218,12,122,352
063574105,197,14,91,302
063574106,70,2,43,115
063574107,162,8,50,220
063574201,165,4,94,263
063574202,160,5,76,241
063574203,99,1,57,157
063574204,69,5,35,109
063574205,146,11,50,207
063574206,167,4,94,265
063574207,124,7,79,210
063574301,97,3,50,150
063574302,108,3,50,161
063574303,136,5,72,213
063574304,241,6,118,365
063574305,61,1,33,95
063574306,148,5,73,226
063574307,215,6,119,340
063574308,59,3,21,83
063574309,120,6,66,192
063574310,103,5,75,183
063574311,101,3,45,149
063574312,122,3,31,156
063574401,45,1,18,64
063574402,115,3,83,201
063574403,373,29,166,568
063574404,421,22,164,607
063574405,310,19,155,484
063574406,160,4,47,211
063574407,233,12,96,341
063574408,206,7,92,305
063574409,104,4,35,143
063574501,218,11,71,300
063574502,274,9,76,359
063574503,313,20,129,462
063574504,348,20,156,524
063574505,205,5,109,319
063574506,386,35,180,601
063574507,440,16,179,635
063574508,365,14,148,527
063574509,551,23,294,868
063574510,509,6,211,726
063574511,176,7,65,248
063574512,183,7,74,264
063574513,86,3,28,117
063574514,132,6,36,174
063574515,229,3,73,305
063574516,427,12,134,573
063574601,220,9,126,355
063574602,220,15,140,375
063574603,298,21,158,477
063574604,191,14,104,309
063574605,365,21,184,570
063574606,402,25,211,638
063574607,239,13,115,367
063574608,235,10,126,371
063574609,334,23,238,595
063574610,323,22,197,542
063574611,364,16,247,627
063574612,393,24,216,633
063574613,254,10,151,415
063574701,366,19,240,625
063574702,370,30,201,601
063574703,427,28,208,663
063574704,336,22,219,577
063574705,478,17,199,694
063574706,249,17,109,375
063574707,248,8,93,349
063574708,371,29,155,555
063574709,357,37,224,618
063574710,437,21,200,658
063574801,479,29,295,803
063574802,424,50,287,761
063574803,399,37,226,662
063574804,223,17,99,339
063574805,245,22,186,453
063574806,225,20,123,368
063574807,288,11,132,431
063574808,253,21,146,420
063574809,234,11,137,382
063574810,396,51,236,683
063574811,392,27,197,616
063574812,209,38,139,386
063574813,295,18,147,460
063574814,293,25,173,491
063574815,295,34,113,442
063574901,320,23,176,519
063574902,419,31,270,720
063574903,272,18,190,480
063574904,295,17,168,480
063574905,379,18,223,620
063574906,306,24,187,517
063574907,396,23,191,610
063574908,323,16,186,525
063575001,341,42,204,587
063575002,446,29,244,719
063575003,433,50,203,686
063575004,467,29,294,790
063575005,482,42,289,813
063575006,463,27,295,785
063575007,552,48,309,909
063575008,788,67,516,1371
063575009,989,72,509,1570
063575010,282,17,174,473
063575011,216,10,116,342
063575012,479,43,343,865
063575013,306,25,132,463
063575014,273,21,161,455
063575101,348,36,183,567
063575102,389,41,236,666
063575103,569,26,215,810
063575104,465,35,190,690
063575105,551,53,259,863
063575106,472,20,251,743
063575107,565,44,357,966
063575108,448,32,273,753
063575109,606,68,343,1017
063575201,828,50,380,1258
063575202,667,58,327,1052
063575203,552,36,320,908
063575204,609,56,292,957
063575205,421,32,230,683
063575206,435,24,160,619
063575207,553,36,363,952
063575208,418,51,203,672
063575209,475,34,177,686
063575210,825,82,373,1280
063575211,694,77,262,1033
063575212,581,41,237,859
063575213,527,82,300,909
063575214,612,126,268,1006
063575215,754,67,375,1196
063575216,783,77,385,1245
063575301,488,54,277,819
063575302,545,40,271,856
063575303,651,39,271,961
063575304,420,22,231,673
063575305,365,31,237,633
063575306,411,45,205,661
063575307,597,58,316,971
063575308,551,69,301,921
063575309,628,48,401,1077
063575310,624,58,291,973
063575311,565,35,240,840
063575312,575,63,244,882
063575313,457,35,162,654
063575314,398,37,189,624
063575315,481,31,277,789
063575316,439,39,205,683
063575401,447,59,230,736
063575402,517,35,259,811
063575403,543,60,293,896
063575404,580,51,337,968
063575405,387,29,253,669
063575406,347,29,239,615
063575407,336,16,270,622
063575408,349,23,191,563
063575501,309,15,121,445
063575502,343,27,211,581
063575503,500,36,284,820
063575504,620,60,290,970
063575505,314,13,129,456
063575506,438,16,191,645
063575507,360,23,185,568
063575508,646,28,393,1067
063575601,493,20,239,752
063575602,540,31,228,799
063575603,457,17,184,658
063575604,540,33,244,817
063575605,400,34,188,622
063575606,394,29,233,656
063575607,504,32,251,787
063575608,458,22,277,757
063575609,397,18,199,614
063575610,190,10,128,328
063575611,589,18,263,870
063575612,405,30,186,621
063575701,671,52,379,1102
063575702,484,34,268,786
063575703,395,27,198,620
063575704,612,30,325,967
063575705,333,25,149,507
063575706,448,47,289,784
063575707,332,25,161,518
063575708,252,18,202,472
063575709,492,35,363,890
063575710,311,24,211,546
063575801,375,17,207,599
063575802,360,26,229,615
063575803,334,19,227,580
063575804,370,31,250,651
063575805,444,31,287,762
063575806,466,50,264,780
063575807,406,37,245,688
063575808,623,41,378,1042
063575901,418,14,245,677
063575902,372,24,270,666
063575903,303,15,234,552
063575904,419,15,223,657
063575905,399,15,239,653
063575906,613,41,336,990
063575907,506,35,272,813
063575908,423,58,210,691
063575909,236,13,171,420
063575910,255,4,147,406
063575911,466,27,238,731
063576001,416,37,242,695
063576002,316,20,163,499
063576003,407,35,234,676
063576004,256,20,170,446
063576005,378,43,233,654
063576006,482,50,234,766
063576007,414,56,244,714
063576008,355,31,174,560
063576009,285,20,196,501
063576010,367,33,193,593
063576011,348,60,174,582
063576101,510,12,270,792
063576102,552,46,274,872
063576103,251,10,103,364
063576104,325,24,194,543
063576105,516,15,227,758
063576106,585,16,351,952
063576107,261,13,101,375
063576108,15,0,12,27
063576109,291,28,174,493
063576110,463,21,229,713
063576111,282,32,160,474
063576112,142,16,64,222
063576113,317,25,182,524
063576201,469,38,311,818
063576202,283,31,167,481
063576203,234,13,154,401
063576204,382,49,255,686
063576205,334,32,276,642
063576206,375,27,195,597
063576207,338,23,185,546
063576208,232,35,147,414
063576209,329,37,233,599
063576210,138,11,67,216
063576211,315,22,142,479
063576301,8,0,1,9
063576302,73,2,47,122
063576303,98,6,56,160
063576304,171,13,113,297
063576305,182,15,95,292
063576306,74,7,56,137
063576307,80,2,42,124
063576308,105,12,57,174
063576309,68,2,35,105
063576401,605,31,241,877
063576402,616,48,254,918
063576403,368,23,119,510
063576404,386,32,152,570
063576405,325,14,154,493
063576406,214,18,125,357
063576407,295,26,105,426
063576408,205,22,123,350
063576409,139,3,46,188
063576410,92,2,66,160
063576411,173,3,83,259
063576501,250,33,177,460
063576502,354,34,172,560
063576503,7,0,1,8
063576504,490,32,290,812
063576505,308,25,200,533
063576506,274,29,176,479
063576507,400,28,223,651
063576508,506,42,251,799
063576509,387,28,229,644
063576510,277,17,162,456
063576511,282,21,142,445
063576512,301,25,147,473
063576513,119,7,46,172
063576514,149,6,68,223
063576601,478,37,186,701
063576602,415,27,279,721
063576603,558,67,334,959
063576604,475,44,318,837
063576605,384,31,237,652
063576606,431,22,243,696
063576607,419,46,246,711
063576608,347,23,170,540
063576701,267,20,167,454
063576702,400,26,186,612
063576703,530,48,249,827
063576704,464,53,281,798
063576705,462,53,273,788
063576706,335,45,209,589
063576707,707,43,274,1024
063576708,355,74,215,644
063576709,485,25,262,772
063576710,607,46,269,922
063576711,674,52,308,1034
063576712,542,38,298,878
063576713,368,31,147,546
063576714,365,13,175,553
063576715,650,49,297,996
063576801,637,70,373,1080
063576802,589,64,315,968
063576803,356,40,218,614
063576804,257,16,172,445
063576805,288,31,122,441
063576806,388,43,249,680
063576807,476,24,189,689
063576808,353,20,233,606
063576809,471,29,202,702
063576810,537,39,287,863
063576901,408,41,193,642
063576902,423,35,160,618
063576903,344,18,164,526
063576904,381,40,213,634
063576905,400,41,190,631
063576906,420,65,226,711
063576907,619,69,326,1014
063576908,442,45,243,730
063576909,475,24,254,753
063576910,621,31,244,896
063576911,331,33,142,506
063577001,372,42,192,606
063577002,528,43,242,813
063577003,675,41,373,1089
063577004,614,45,369,1028
063577005,281,19,181,481
063577006,375,25,217,617
063577007,587,51,269,907
063577008,524,38,322,884
063577009,454,23,104,581
063577010,384,30,183,597
063577011,414,38,207,659
063577012,387,18,145,550
063577013,432,50,219,701
063577014,458,36,270,764
063577101,370,29,172,571
063577102,394,35,305,734
063577103,576,44,339,959
063577104,604,29,351,984
063577105,440,34,229,703
063577106,663,53,323,1039
063577107,491,41,255,787
063577108,616,51,337,1004
063577109,658,60,312,1030
063577110,488,56,251,795
063577111,678,56,297,1031
063577201,539,45,249,833
063577202,569,51,251,871
063577203,434,54,229,717
063577204,602,70,289,961
063577205,610,61,278,949
063577206,508,37,245,790
063577207,567,60,294,921
063577208,342,17,131,490
063577209,642,43,286,971
063577210,688,70,353,1111
063577211,558,54,297,909
063577301,147,5,48,200
063577302,545,27,349,921
063577303,30,0,3,33
063577304,104,18,44,166
063577305,557,57,259,873
063577306,578,69,280,927
063577307,121,4,50,175
063577308,244,24,107,375
063577309,289,15,93,397
063577310,6,0,1,7
063577311,173,3,73,249
063577312,122,5,52,179
063577401,479,45,232,756
063577402,578,69,231,878
063577403,384,37,167,588
063577404,487,31,197,715
063577405,381,27,150,558
063577406,666,52,250,968
063577407,393,33,151,577
063577408,427,36,212,675
063577409,265,31,133,429
063577410,300,13,135,448
063577411,230,18,76,324
063577412,260,17,108,385
063577413,338,40,120,498
063577414,508,43,216,767
063577415,306,15,86,407
063577416,283,10,92,385
063577417,317,11,91,419
063577418,313,10,78,401
063577501,213,13,92,318
063577502,88,10,69,167
063577503,38,5,14,57
063577504,181,19,66,266
063577505,88,6,41,135
063577506,189,15,99,303
063577507,308,43,110,461
063577508,187,27,114,328
063577509,104,5,64,173
063577510,100,17,53,170
063577511,174,18,58,250
063577512,252,30,125,407
063577513,234,18,96,348
063577514,124,7,67,198
063577515,97,5,56,158
063577516,94,6,31,131
063577601,136,20,74,230
063577602,241,23,93,357
063577603,84,11,31,126
063577604,127,24,65,216
063577605,123,19,60,202
063577606,54,5,38,97
063577607,130,12,65,207
063577608,163,10,96,269
063577609,228,18,91,337
063577610,386,25,129,540
063577611,153,20,91,264
063577612,114,18,58,190
063577613,114,9,46,169
063577614,78,3,30,111
063577615,116,6,50,172
063577616,127,11,58,196
063577617,89,10,53,152
063577701,283,14,230,527
063577702,316,10,190,516
063577703,83,1,63,147
063577704,61,0,35,96
063577705,82,5,27,114
063577706,42,2,12,56
063577707,83,3,32,118
063577708,51,2,40,93
063577709,187,10,81,278
063577710,116,4,47,167
063577711,77,6,45,128
063577712,78,6,59,143
063577713,91,8,55,154
063577714,66,8,56,130
063577715,70,2,40,112
063577716,83,9,39,131
063577717,43,3,29,75
063577718,41,4,42,87
063577801,22,0,8,30
063577802,289,17,143,449
063577803,186,11,84,281
063577804,460,38,267,765
063577805,445,45,238,728
063577806,99,1,33,133
063577807,156,7,86,249
063577808,327,16,134,477
063577809,383,28,207,618
063577810,530,38,233,801
063577811,707,61,280,1048
063577812,744,63,287,1094
063577813,420,32,201,653
063577814,581,49,275,905
063577815,294,45,128,467
063577816,375,16,162,553
063577901,4,0,0,4
063577902,492,23,200,715
063577903,138,5,55,198
063577904,366,26,134,526
063577905,380,26,168,574
063577906,403,33,149,585
063577907,333,22,153,508
063577908,541,40,214,795
063577909,662,13,263,938
063577910,401,29,176,606
063577911,242,19,152,413
063577912,331,20,215,566
063577913,616,33,302,951
063577914,626,68,390,1084
063577915,842,83,559,1484
063577916,111,1,29,141
063577917,75,0,40,115
063578001,572,73,255,900
063578002,395,34,212,641
063578003,462,70,207,739
063578004,483,50,216,749
063578005,663,51,267,981
063578006,530,61,234,825
063578007,269,36,131,436
063578008,282,33,133,448
063578009,200,22,112,334
063578010,176,17,80,273
063578011,228,10,105,343
063578012,154,19,60,233
063578013,236,47,99,382
063578014,213,19,81,313
063578015,7,0,3,10
063578016,376,29,165,570
063578017,201,17,119,337
063578018,156,12,93,261
063578101,158,5,53,216
063578102,27,0,7,34
063578103,6,0,14,20
063578104,148,4,54,206
063578105,90,1,65,156
063578106,199,14,93,306
063578107,189,20,100,309
063578108,252,15,106,373
063578109,278,19,112,409
063578110,284,17,131,432
063578111,257,15,107,379
063578112,264,13,125,402
063578113,244,35,111,390
063578114,562,48,262,872
063578201,64,0,17,81
063578202,63,7,39,109
063578203,315,15,201,531
063578204,288,15,140,443
063578205,454,16,196,666
063578206,355,26,179,560
063578207,106,4,52,162
063578208,122,1,55,178
063578209,98,2,51,151
063578210,83,2,71,156
063578211,196,15,118,329
063578212,211,11,104,326
063578213,209,6,109,324
063578301,129,3,52,184
063578302,212,27,140,379
063640101,513,41,264,818
063640102,312,15,182,509
063640103,519,20,317,856
063640104,465,41,194,700
063640105,476,22,224,722
063640106,419,14,258,691
063640107,352,25,180,557
063640108,432,40,186,658
063640109,362,31,210,603
063640110,424,34,194,652
063640111,408,31,181,620
063640112,283,19,147,449
063640113,323,39,190,552
063640114,704,38,330,1072
063640115,298,10,141,449
063640116,300,6,157,463
063640117,289,5,171,465
063640118,250,11,166,427
063640119,567,22,296,885
063640201,306,10,108,424
063640202,498,22,205,725
063640203,640,18,215,873
063640204,350,9,167,526
063640205,471,20,234,725
063640206,314,11,219,544
063640207,559,23,275,857
063640208,448,18,110,576
063640209,328,26,188,542
063640210,456,18,202,676
063640211,198,6,92,296
063640212,152,6,77,235
063640213,210,4,116,330
063640214,206,6,78,290
063640301,321,15,164,500
063640302,412,29,210,651
063640303,383,48,153,584
063640304,320,25,167,512
063640305,309,21,133,463
063640306,490,42,205,737
063640307,809,35,339,1183
063640308,531,36,238,805
063640309,251,34,108,393
063640310,232,25,125,382
063640311,240,2,55,297
063640312,440,32,133,605
063640313,153,5,50,208
063640314,0,0,0,0
063640315,261,18,108,387
063640316,0,0,0,0
063640317,166,3,47,216
063640318,482,35,208,725
063640401,525,50,328,903
063640402,526,42,310,878
063640403,588,30,270,888
063640404,150,14,119,283
063640405,510,50,254,814
063640406,328,65,181,574
063640407,294,16,125,435
063640408,359,23,210,592
063640409,401,23,191,615
063640410,405,22,184,611
063640411,231,28,148,407
063640412,343,23,187,553
063640413,336,29,175,540
063640414,69,2,31,102
063640501,568,16,199,783
063640502,41,1,21,63
063640503,23,0,4,27
063640504,160,6,83,249
063640601,20,0,7,27
063640602,24,0,2,26
063640603,36,1,18,55
063640604,26,0,25,51
063640701,398,14,218,630
063640702,411,41,191,643
063640703,358,21,180,559
063640704,543,47,307,897
063640705,460,36,193,689
063640706,452,11,202,665
063640707,377,14,213,604
063640708,434,17,176,627
063640709,584,37,324,945
063640710,247,6,130,383
063640711,302,14,173,489
063640712,665,32,334,1031
063640713,457,14,198,669
063640714,416,29,256,701
063640715,394,36,152,582
063640716,297,23,133,453
063640717,272,10,129,411
063640801,263,13,83,359
063640802,204,17,147,368
063640803,341,23,100,464
063640804,247,6,116,369
063640805,463,14,187,664
063640806,347,20,140,507
063640807,447,19,190,656
063640808,331,9,165,505
063640809,436,39,180,655
063640810,447,26,257,730
063640811,291,16,132,439
063640812,255,17,147,419
063640813,413,23,217,653
063640814,320,21,150,491
063640815,285,14,159,458
063640816,351,26,167,544
063640817,342,34,195,571
063640818,416,36,172,624
063640819,482,18,154,654
063640820,364,32,144,540
063640821,241,17,123,381
063640822,354,16,105,475
063640823,462,22,231,715
063850101,295,20,210,525
063850102,21,0,7,28
063850103,25,0,14,39
063850104,2,0,0,2
063850105,10,0,4,14
063850106,251,8,173,432
063850107,262,19,220,501
063850201,130,10,125,265
063850202,18,0,11,29
063850203,30,1,6,37
063850204,15,0,1,16
063850301,13,0,1,14
063850302,13,0,9,22
063850303,18,1,7,26
063850401,74,2,49,125
063850402,27,0,17,44
063850403,16,2,12,30
063850404,17,2,10,29
063850405,9,1,2,12
063850501,9,0,6,15
063850601,33,0,13,46
063850701,456,20,272,748
063850702,386,18,273,677
063850703,242,11,178,431
063850704,433,24,267,724
063850705,357,11,269,637
063850706,266,1,168,435
063850707,404,11,312,727
063850708,405,7,216,628
063850709,361,24,251,636
063850710,386,23,269,678
063850711,280,8,173,461
063850712,66,6,50,122
063850713,322,11,219,552
063850714,380,18,239,637
063850715,407,12,198,617
063850716,271,9,196,476
063850717,230,9,200,439
063850718,72,3,55,130
063850801,59,0,27,86
063850802,29,2,6,37
063850901,48,1,12,61
063850902,47,0,6,53
063851001,476,19,284,779
063851002,714,35,321,1070
063851101,32,0,13,45
063851102,34,0,17,51
063920101,406,23,175,604
063920102,632,21,341,994
063920103,291,3,165,459
063920104,243,5,171,419
063920105,454,7,250,711
063920106,475,11,281,767
063920107,468,16,206,690
063920108,417,15,245,677
063920109,537,17,263,817
063920110,414,12,273,699
063920111,383,17,140,540
063920112,402,18,260,680
063920113,539,14,255,808
063920114,490,23,226,739
063920115,431,14,159,604
063920116,259,8,158,425
063920201,31,0,11,42
063920202,38,0,12,50
063920203,22,0,5,27
063920204,11,0,4,15
063920301,350,6,201,557
063920302,14,0,16,30
063920303,27,0,12,39
063920304,13,0,6,19
063920305,29,1,14,44
063920306,47,0,28,75
063920401,163,2,104,269
063920402,13,0,13,26
063920403,31,0,16,47
063920404,6,0,6,12
063920405,16,0,13,29
063920501,8,0,3,11
063920502,40,0,15,55
063920503,19,0,3,22
063920504,12,0,5,17
063920505,2,0,0,2
063920601,116,2,77,195
063920602,36,2,13,51
063920603,12,0,2,14
063920604,49,2,17,68
063920605,73,0,45,118
063920701,18,0,3,21
063920702,252,2,186,440
063920703,82,1,49,132
063920704,31,1,14,46
063920705,143,3,96,242
063920706,156,1,110,267
063920707,138,2,101,241
063920708,212,9,132,353
063920709,38,0,23,61
063920710,35,0,9,44
063920801,383,7,210,600
063920802,48,0,21,69
063920803,61,0,42,103
063920804,22,0,7,29
063920805,28,0,20,48
063920806,585,8,282,875
063920901,472,20,241,733
063920902,120,3,60,183
063920903,142,5,72,219
063920904,39,0,31,70
063920905,26,0,17,43
063920906,193,10,117,320
063920907,234,9,173,416
063921001,31,0,12,43
063921002,18,1,7,26
063921003,9,0,2,11
063921004,29,0,8,37
063921005,68,1,28,97
063921006,10,0,3,13
063921101,14,0,8,22
063921102,25,0,20,45
063921103,5,0,1,6
063921201,403,37,298,738
063921202,375,37,268,680
063921203,454,29,178,661
063921204,72,3,24,99
063921205,21,2,5,28
063921206,401,18,170,589
063921207,167,12,68,247
063921208,32,1,9,42
063921209,34,0,7,41
063921301,35,0,19,54
063921302,45,2,5,52
063921303,34,1,19,54
063921401,23,0,17,40
063921402,16,0,3,19
063921403,4,0,0,4
063921404,19,0,6,25
063921501,326,7,172,505
063921502,280,17,188,485
063921503,73,0,43,116
063921504,34,0,20,54
063921505,19,0,6,25
063921506,179,22,111,312
063921507,13,2,8,23
063990101,348,6,231,585
063990102,320,17,148,485
063990103,172,3,101,276
063990104,38,0,13,51
063990105,364,18,159,541
063990106,419,17,214,650
063990107,211,5,95,311
063990108,212,2,148,362
063990109,255,15,131,401
063990201,17,0,7,24
063990202,65,1,35,101
063990301,61,0,26,87
063990302,106,2,41,149
063990303,199,15,98,312
063990304,278,14,177,469
063990401,36,0,19,55
063990402,32,0,5,37
063990501,584,18,314,916
063990502,224,11,93,328
063990503,61,2,20,83
063990504,103,3,57,163
063990601,63,2,42,107
063990602,49,1,34,84
063990701,15,0,4,19
063990702,134,7,61,202
063990703,387,18,204,609
063990704,350,11,224,585
063990705,278,15,178,471
063990706,276,14,168,458
063990801,29,2,16,47
063990802,35,0,21,56
063990803,35,0,8,43
063990804,36,1,7,44
063990805,30,0,6,36
064060101,8,0,1,9
064060102,2,0,1,3
064060103,20,0,8,28
064060104,7,1,6,14
064060105,16,0,4,20
064060106,12,0,8,20
064060107,2,0,0,2
064060201,406,27,215,648
064060202,396,12,245,653
064060203,358,10,273,641
064060204,516,30,294,840
064060205,432,7,291,730
064060206,426,8,249,683
064060207,363,16,213,592
064060208,45,1,8,54
064060209,5,0,2,7
064060210,180,8,94,282
064060211,34,0,19,53
064060212,11,0,3,14
064060213,28,0,8,36
064060214,289,5,178,472
064060215,409,4,215,628
064060216,276,15,175,466
064060301,16,0,4,20
064060302,73,2,45,120
064060303,16,0,4,20
064060304,35,0,11,46
064060305,21,0,12,33
064060306,16,0,8,24
064060307,12,1,3,16
064060308,65,0,10,75
064060309,7,0,5,12
064130101,481,26,201,708
064130102,458,18,206,682
064130103,493,18,209,720
064130104,561,32,331,924
064130105,413,20,280,713
064130106,627,38,278,943
064130107,487,29,283,799
064130108,466,15,229,710
064130109,355,18,254,627
064130110,472,23,282,777
064130201,732,26,289,1047
064130202,464,42,203,709
064130203,477,40,301,818
064130204,454,31,219,704
064130205,508,48,304,860
064130206,503,36,232,771
064130207,493,33,316,842
064130208,426,9,298,733
064130209,419,15,255,689
064130210,396,17,292,705
064130211,367,20,226,613
064130212,396,27,258,681
064130213,418,33,178,629
064130301,165,5,86,256
064130302,318,12,204,534
064130303,303,5,281,589
064130304,293,4,165,462
064130305,324,10,177,511
064130306,308,13,241,562
064130307,501,14,311,826
064130308,360,16,211,587
064130309,492,28,252,772
064130310,455,17,232,704
064130311,394,15,206,615
064130401,325,10,231,566
064130402,253,5,189,447
064130403,386,19,273,678
064130404,497,22,338,857
064130405,374,12,218,604
064130406,352,7,194,553
064130407,283,10,232,525
064130408,577,24,374,975
064130409,482,27,323,832
064130410,238,18,162,418
064130411,495,19,288,802
064130412,374,12,201,587
064130413,618,23,260,901
064130501,473,18,279,770
064130502,378,13,280,671
064130503,412,14,266,692
064130504,409,11,226,646
064130505,159,4,109,272
064130506,274,4,226,504
064130507,475,23,338,836
064130508,306,11,229,546
064130509,417,12,281,710
064130510,303,15,141,459
064130511,415,13,267,695
064130512,442,21,250,713
064130513,192,3,133,328
064130601,310,10,152,472
064130602,420,10,205,635
064130603,475,20,270,765
064130604,499,20,318,837
064130605,444,15,289,748
064130606,404,18,224,646
064130607,566,9,275,850
064130608,431,17,165,613
064130609,507,43,282,832
064130610,379,26,194,599
064130611,454,26,237,717
064130612,383,28,185,596
064130703,60,6,19,85
064130704,48,4,29,81
064130901,66,6,33,105
064130902,12,0,8,20
064131101,76,4,46,126
064131106,83,0,26,109
064131301,161,5,131,297
064131302,571,32,275,878
064131303,292,14,120,426
064131304,504,28,213,745
064131305,283,7,113,403
064131306,49,12,31,92
064131307,582,20,312,914
064131308,235,20,90,345
064131309,405,9,168,582
064131401,62,5,27,94
064131402,58,4,30,92
064131403,132,8,55,195
064131404,37,1,17,55
064131405,2,0,1,3
064131406,231,16,125,372
064131407,716,52,257,1025
064131408,290,23,166,479
064131409,216,15,72,303
064131501,144,9,100,253
064131502,49,1,21,71
064131503,26,0,16,42
064131504,5,0,0,5
064131505,68,0,18,86
064131506,9,1,5,15
064131507,104,3,44,151
064131508,53,2,16,71
064131509,46,1,21,68
064131601,15,1,2,18
064131801,173,19,98,290
064131802,69,4,30,103
064131803,24,0,7,31
064131804,3,0,4,7
064131805,6,0,2,8
064131806,23,0,14,37
064131901,19,0,21,40
064131902,271,10,130,411
064131903,69,1,34,104
064131904,92,2,8,102
064131905,81,4,33,118
064131906,47,1,24,72
064132101,663,39,343,1045
064132102,485,27,263,775
064132103,304,14,181,499
064132104,599,32,403,1034
064132105,384,3,247,634
064132106,321,4,150,475
064132107,361,22,223,606
064132108,717,42,310,1069
064132109,731,26,365,1122
064132110,532,32,278,842
064132201,198,20,71,289
064132202,208,5,70,283
064132203,64,1,27,92
064132204,82,1,36,119
064132205,288,16,147,451
064132206,183,5,69,257
064132207,128,5,32,165
064132208,189,13,71,273
064132209,212,10,71,293
064132210,253,12,108,373
064132211,338,5,93,436
064132212,169,2,35,206
064200101,11,1,2,14
064200102,251,12,136,399
064200103,148,13,85,246
064200104,345,23,205,573
064200105,111,9,79,199
064200106,94,14,63,171
064200107,60,4,62,126
064200108,110,5,64,179
064200109,188,16,111,315
064200110,297,9,117,423
064200111,158,8,91,257
064200112,80,7,47,134
064200113,71,2,49,122
064200114,83,7,47,137
064200115,80,3,41,124
064200116,248,12,122,382
064200201,36,1,19,56
064200202,46,2,25,73
064200203,41,1,26,68
064200204,54,5,43,102
064200205,26,1,8,35
064200206,35,0,21,56
064200207,63,2,30,95
064200208,106,11,75,192
064200209,69,5,60,134
064200210,77,2,41,120
064200211,81,2,43,126
064200212,148,7,88,243
064200213,291,15,177,483
064200214,119,4,85,208
064200215,161,6,93,260
064200216,308,31,206,545
064200301,101,6,58,165
064200302,95,6,57,158
064200303,64,6,48,118
064200304,141,4,94,239
064200305,127,12,98,237
064200306,101,10,63,174
064200307,135,8,72,215
064200308,165,8,137,310
064200309,113,5,85,203
064200310,80,4,76,160
064200311,182,13,116,311
064200312,128,3,62,193
064200313,51,2,29,82
064200314,70,2,33,105
064200315,26,3,15,44
064200316,39,1,41,81
064200317,44,5,54,103
064200318,35,4,41,80
064200319,60,9,43,112
064200320,171,19,127,317
064200401,55,2,48,105
064200402,69,4,66,139
064200403,181,17,119,317
064200404,140,9,92,241
064200405,95,4,78,177
064200406,158,8,81,247
064200407,195,4,54,253
064200408,66,3,35,104
064200409,59,3,31,93
064200410,176,3,73,252
064200411,127,8,94,229
064200412,146,13,70,229
064200413,68,7,65,140
064200414,91,12,54,157
064200415,93,7,60,160
064200416,83,4,45,132
064200417,51,3,20,74
064200418,44,1,47,92
064200419,102,4,55,161
064200501,7,0,1,8
064200502,36,2,24,62
064200503,234,3,117,354
064200504,188,12,116,316
064200505,189,10,117,316
064200506,322,18,157,497
064200507,270,12,147,429
064200508,332,19,157,508
064200509,446,27,225,698
064200510,120,12,91,223
064200511,82,1,78,161
064200512,77,12,78,167
064200601,87,5,67,159
064200602,18,3,12,33
064200603,70,2,46,118
064200604,76,2,38,116
064200605,50,3,41,94
064200606,17,1,11,29
064200607,56,3,19,78
064200608,91,4,50,145
064200609,75,8,53,136
064200610,65,0,27,92
064200611,7,1,6,14
064200612,26,1,24,51
064200701,59,1,31,91
064200702,34,2,18,54
064200703,14,0,11,25
064200704,44,3,25,72
064200705,52,2,52,106
064200706,98,8,86,192
064200707,69,5,62,136
064200708,54,4,38,96
064200709,24,2,16,42
064200710,48,3,30,81
064200711,48,4,26,78
064200801,421,19,213,653
064200802,366,28,259,653
064200803,159,12,119,290
064200804,166,11,95,272
064200805,188,13,94,295
064200806,117,8,75,200
064200807,121,5,94,220
064200808,98,9,87,194
064200809,54,4,40,98
064200901,489,44,303,836
064200902,270,16,121,407
064200903,281,20,175,476
064200904,132,17,68,217
064200905,93,4,58,155
064200906,72,4,59,135
064200907,113,8,60,181
064200908,108,6,82,196
064200909,48,4,60,112
064200910,58,7,41,106
064200911,71,1,66,138
064200912,19,0,31,50
064201001,173,16,100,289
064201002,55,1,50,106
064201003,33,2,18,53
064201004,75,4,57,136
064201005,167,11,90,268
064201006,142,7,98,247
064201007,152,11,84,247
064201008,48,6,50,104
064201009,57,1,52,110
064201010,118,7,90,215
064201011,134,7,125,266
064201012,84,7,43,134
064201013,128,6,109,243
064201101,93,11,55,159
064201102,55,3,36,94
064201103,46,2,26,74
064201104,78,6,67,151
064201105,73,2,66,141
064201106,118,11,82,211
064201107,61,6,67,134
064201108,41,5,32,78
064201109,42,0,33,75
064201110,145,5,120,270
064201111,86,2,72,160
064201112,164,12,90,266
064201113,123,2,61,186
064201114,69,2,68,139
064201115,89,7,55,151
064201116,131,6,110,247
064201117,206,13,116,335
064201201,131,2,121,254
064201202,22,1,11,34
064201203,103,12,84,199
064201204,64,0,31,95
064201205,67,4,69,140
064201206,82,6,50,138
064201207,51,1,29,81
064201208,104,3,74,181
064201209,0,0,0,0
064201210,18,1,18,37
064201211,64,12,52,128
064201212,45,4,47,96
064201213,50,2,57,109
064201214,175,18,76,269
064201301,26,0,21,47
064201302,54,2,33,89
064201303,55,2,47,104
064201304,17,0,15,32
064201305,30,5,24,59
064201306,74,1,48,123
064201307,125,8,63,196
064201308,35,2,38,75
064201309,49,6,42,97
064201310,98,3,54,155
064201311,88,6,77,171
064201401,74,5,39,118
064201402,38,1,20,59
064201403,165,16,76,257
064201404,205,13,149,367
064201405,45,5,32,82
064201406,26,7,18,51
064201407,24,3,18,45
064201408,40,1,24,65
064201409,37,4,26,67
064201410,20,2,21,43
064201501,10,1,10,21
064201502,24,0,16,40
064201503,34,5,19,58
064201504,17,2,14,33
064201505,20,1,24,45
064201506,74,3,45,122
064201507,35,3,21,59
064201508,174,25,140,339
064201509,129,9,82,220
064201510,239,12,137,388
064201601,20,0,21,41
064201602,28,0,14,42
064201603,36,0,23,59
064201604,20,1,14,35
064201605,11,0,14,25
064201606,15,3,19,37
064201607,13,0,17,30
064201608,27,1,25,53
064201609,46,5,22,73
064201610,34,4,32,70
064201611,258,8,137,403
064201612,307,20,148,475
064201701,91,4,53,148
064201702,7,0,2,9
064201703,30,4,15,49
064201704,36,3,27,66
064201705,42,0,26,68
064201706,31,0,20,51
064201707,54,1,32,87
064201708,234,14,80,328
064201709,272,23,184,479
064201710,157,22,106,285
064201801,22,2,9,33
064201802,14,0,15,29
064201803,33,2,18,53
064201804,33,1,12,46
064201805,26,2,13,41
064201806,30,2,11,43
064201807,22,0,18,40
064201808,130,12,103,245
064201809,60,3,17,80
064201810,28,3,11,42
064201811,9,0,6,15
064201812,233,19,144,396
064201901,10,0,3,13
064201902,21,3,8,32
064201903,109,5,91,205
064201904,151,33,128,312
064201905,235,26,125,386
064201906,235,12,148,395
064201907,193,24,127,344
064201908,96,9,50,155
064201909,69,5,45,119
064201910,155,14,121,290
064201911,150,5,85,240
064201912,57,9,35,101
064202001,315,14,153,482
064202002,200,6,76,282
064202003,111,8,96,215
064202004,48,3,28,79
064202005,48,2,26,76
064202006,59,1,35,95
064202007,34,2,16,52
064202008,27,1,15,43
064202009,63,3,24,90
064202010,81,9,44,134
064202011,53,5,46,104
064202012,57,6,45,108
064202013,105,4,65,174
064202101,81,6,65,152
064202102,86,1,45,132
064202103,210,14,100,324
064202104,199,15,104,318
064202105,184,10,109,303
064202106,286,17,226,529
064202107,377,28,139,544
064202108,456,29,244,729
064202109,585,31,377,993
064202110,275,21,167,463
064202111,310,18,163,491
064202112,450,20,244,714
064202201,265,22,140,427
064202202,366,24,222,612
064202203,204,23,133,360
064202204,70,6,66,142
064202205,99,5,70,174
064202206,174,12,92,278
064202207,68,8,60,136
064202208,74,8,84,166
064202209,184,9,117,310
064202210,75,7,51,133
064202211,71,7,53,131
064202212,57,5,51,113
064202213,74,3,55,132
064202214,47,2,12,61
064410101,473,23,218,714
064410102,430,20,186,636
064410103,347,36,142,525
064410104,381,28,191,600
064410105,233,34,175,442
064410106,261,16,124,401
064410107,339,20,159,518
064410108,259,15,125,399
064410109,422,31,201,654
064410110,466,32,207,705
064410111,250,13,129,392
064410112,380,38,189,607
064410113,251,12,144,407
064410201,242,12,116,370
064410202,289,9,93,391
064410203,332,21,180,533
064410204,282,8,89,379
064410205,287,12,120,419
064410206,373,22,171,566
064410207,383,30,245,658
064410208,60,4,28,92
064410209,459,27,265,751
064410210,508,28,239,775
064410211,334,32,150,516
064410301,318,12,136,466
064410302,591,36,277,904
064410303,244,12,119,375
064410304,331,19,149,499
064410305,348,25,165,538
064410306,397,22,168,587
064410307,491,24,222,737
064410308,332,19,153,504
064410401,461,20,263,744
064410402,478,26,225,729
064410403,490,31,256,777
064410404,275,14,111,400
064410405,257,15,127,399
064410406,345,11,129,485
064410407,359,17,204,580
064410408,356,20,146,522
064410409,352,17,168,537
064410410,277,24,181,482
064410411,371,19,251,641
064410412,348,32,196,576
064410413,256,13,132,401
064410414,293,16,138,447
064410501,403,23,185,611
064410502,374,25,180,579
064410503,332,12,128,472
064410504,305,31,134,470
064410505,173,22,113,308
064410506,238,21,149,408
064410507,182,12,89,283
064410508,245,21,129,395
064410509,204,17,91,312
064410601,225,14,190,429
064410602,138,10,106,254
064410603,177,21,162,360
064410604,176,15,136,327
064410605,247,30,166,443
064410606,210,11,123,344
064410607,232,13,164,409
064410608,205,13,97,315
064410609,339,27,181,547
064410701,126,22,104,252
064410702,203,14,130,347
064410703,316,21,197,534
064410704,234,19,176,429
064410705,281,26,206,513
064410706,183,13,157,353
064410707,233,18,187,438
064410708,142,10,135,287
064410709,249,14,181,444
064410801,281,16,230,527
064410802,239,19,141,399
064410803,102,10,80,192
064410804,112,20,142,274
064410805,115,11,139,265
064410806,31,8,50,89
064410807,157,27,133,317
064410808,192,17,185,394
064410809,212,17,166,395
064410901,197,7,80,284
064410902,365,15,137,517
064410903,273,17,110,400
064410904,366,24,173,563
064410905,238,14,176,428
064410906,310,15,185,510
064410907,271,13,179,463
064410908,248,12,123,383
064410909,219,24,164,407
064410910,63,0,68,131
064410911,205,22,138,365
064410912,263,23,185,471
064410913,223,25,141,389
064410914,242,15,116,373
064411001,665,35,260,960
064411002,348,11,116,475
064411003,326,20,143,489
064411004,305,5,115,425
064411005,242,10,125,377
064411006,458,17,199,674
064411007,270,18,141,429
064411008,359,6,127,492
064411009,530,16,223,769
064411010,292,9,113,414
064411011,272,11,137,420
064411012,301,12,115,428
064411013,318,15,152,485
064411014,239,11,116,366
064411015,172,15,116,303
064411101,270,10,104,384
064411102,345,18,158,521
064411103,259,6,138,403
064411104,255,15,92,362
064411105,304,14,137,455
064411106,259,8,92,359
064411107,213,16,123,352
064411108,233,8,129,370
064411109,264,6,109,379
064411110,226,13,96,335
064411111,368,17,179,564
064411112,531,23,243,797
064411113,408,24,211,643
064411114,381,17,177,575
064411115,241,15,124,380
064411116,222,13,152,387
064411201,188,17,154,359
064411202,265,10,106,381
064411203,176,11,89,276
064411204,229,10,151,390
064411205,344,12,190,546
064411206,215,12,123,350
064411207,256,14,140,410
064411208,130,7,71,208
064411209,184,5,71,260
064411210,102,7,65,174
064411211,285,15,152,452
064411212,143,8,123,274
064411213,191,11,147,349
064411214,180,11,108,299
064411215,167,12,105,284
064411216,166,12,103,281
064411301,177,10,148,335
064411302,237,18,216,471
064411303,105,7,58,170
064411304,307,21,181,509
064411305,125,8,116,249
064411306,161,12,123,296
064411307,229,9,172,410
064411308,210,11,148,369
064411309,249,12,166,427
064411401,163,24,87,274
064411402,158,13,112,283
064411403,195,7,115,317
064411404,254,28,165,447
064411405,302,10,201,513
064411406,153,23,122,298
064411407,200,25,154,379
064411408,241,12,166,419
064411409,190,13,129,332
064411501,311,20,157,488
064411502,318,14,161,493
064411503,268,13,137,418
064411504,277,23,160,460
064411505,296,17,172,485
064411506,213,11,160,384
064411507,272,11,144,427
064411508,229,10,87,326
064411509,368,30,172,570
064411510,327,12,205,544
064411511,266,15,153,434
064411512,225,17,117,359
064411601,412,30,203,645
064411602,286,25,118,429
064411603,258,14,139,411
064411604,280,10,141,431
064411605,284,12,122,418
064411606,481,26,260,767
064411607,513,23,244,780
064411608,288,21,137,446
064411609,326,19,166,511
064411610,567,31,276,874
064411611,476,25,202,703
064411612,367,21,154,542
064411613,216,10,117,343
064411614,404,13,238,655
064411615,111,5,59,175
064411701,251,13,125,389
064411702,327,10,93,430
064411703,376,15,181,572
064411704,283,16,160,459
064411705,449,16,239,704
064411706,256,10,140,406
064411707,260,12,150,422
064411708,320,25,139,484
064411709,259,5,129,393
064411710,266,7,135,408
064411711,293,16,135,444
064411712,415,18,228,661
064411713,339,12,133,484
064411801,170,4,99,273
064411802,217,14,125,356
064411803,169,4,126,299
064411804,209,21,113,343
064411805,291,10,155,456
064411806,249,12,102,363
064411807,315,15,127,457
064411808,355,30,162,547
064411809,264,6,106,376
064411810,308,29,144,481
064411811,472,42,205,719
064411812,272,13,119,404
064411813,281,14,89,384
064411901,333,13,169,515
064411902,428,26,181,635
064411903,278,12,170,460
064411904,288,15,128,431
064411905,194,10,66,270
064411906,328,15,182,525
064411907,268,11,135,414
064411908,217,19,98,334
064411909,242,9,114,365
064411910,221,7,118,346
064411911,297,19,159,475
064412001,407,28,199,634
064412002,292,19,136,447
064412003,325,10,161,496
064412004,189,10,119,318
064412005,283,13,99,395
064412006,288,16,140,444
064412007,225,13,108,346
064412008,285,5,121,411
064412009,310,14,162,486
064412010,208,11,124,343
064412011,165,6,58,229
064412012,145,3,69,217
064412013,161,5,77,243
064412014,60,2,27,89
064412015,148,12,126,286
064412016,146,15,94,255
064412017,193,11,101,305
064412101,277,7,119,403
064412102,316,9,100,425
064412103,480,34,263,777
064412104,488,28,239,755
064412105,436,30,249,715
064412106,256,12,138,406
064412107,271,13,131,415
064412108,265,8,109,382
064412109,268,8,136,412
064412110,288,16,148,452
064412111,256,18,103,377
064412112,281,5,128,414
064412113,469,20,216,705
064412114,275,15,135,425
064412115,444,16,262,722
064412201,398,10,123,531
064412202,417,31,197,645
064412203,530,24,190,744
064412204,537,22,212,771
064412205,442,21,222,685
064412206,328,30,134,492
064412207,338,11,156,505
064412208,378,24,188,590
064412209,365,19,176,560
064412301,342,17,158,517
064412302,254,13,116,383
064412303,310,7,167,484
064412304,260,7,137,404
064412305,322,20,156,498
064412306,328,10,117,455
064412307,382,16,181,579
064412308,311,10,177,498
064412309,212,17,118,347
064412401,265,20,121,406
064412402,272,20,172,464
064412403,277,17,142,436
064412404,321,8,146,475
064412405,580,29,298,907
064412406,411,21,214,646
064412407,268,10,126,404
064412408,267,14,111,392
064412409,367,21,165,553
064412410,246,12,113,371
064412411,561,21,300,882
064412501,290,7,116,413
064412502,344,17,184,545
064412503,261,23,147,431
064412504,208,13,118,339
064412505,440,16,212,668
064412506,314,15,157,486
064412507,279,13,128,420
064412508,343,9,149,501
064412509,280,16,108,404
064412510,370,11,182,563
064412601,295,17,158,470
064412602,318,18,117,453
064412603,314,12,139,465
064412604,235,14,102,351
064412605,267,11,143,421
064412606,452,19,221,692
064412607,376,23,181,580
064412608,228,7,102,337
064412609,278,18,141,437
064412610,555,23,284,862
064412611,312,16,135,463
064412612,325,17,155,497
064412613,274,17,164,455
064412614,358,19,195,572
064412701,478,33,205,716
064412702,500,18,262,780
064412703,448,20,222,690
064412704,466,24,234,724
064412705,562,42,258,862
064412706,297,14,180,491
064412707,324,15,166,505
064412708,508,31,272,811
064412709,483,17,223,723
064412801,340,18,143,501
064412802,483,23,197,703
064412803,328,26,131,485
064412804,218,15,98,331
064412805,292,14,148,454
064412806,318,13,114,445
064412807,231,15,147,393
064412808,293,22,177,492
064412809,353,21,191,565
064412810,360,12,167,539
064412811,472,14,221,707
064412812,569,21,244,834
064412813,523,25,239,787
064412901,283,8,150,441
064412902,301,12,141,454
064412903,332,13,174,519
064412904,298,11,105,414
064412905,358,12,171,541
064412906,293,16,144,453
064412907,318,24,163,505
064412908,268,18,152,438
064412909,441,17,179,637
064412910,294,8,148,450
064412911,240,6,144,390
064412912,253,13,152,418
064412913,469,23,257,749
064412914,521,16,225,762
064413001,496,59,256,811
064413002,605,48,277,930
064413003,435,23,254,712
064413004,555,34,261,850
064413005,396,16,176,588
064413006,537,15,311,863
064413007,272,12,147,431
064413008,328,15,203,546
064413009,430,39,257,726
064413101,620,43,276,939
064413102,353,28,181,562
064413103,308,18,183,509
064413104,232,28,157,417
064413105,273,18,169,460
064413106,409,25,222,656
064413107,336,20,182,538
064413108,302,4,165,471
064413109,369,21,163,553
064413110,288,29,194,511
064413111,662,29,271,962
064413112,460,19,235,714
064413113,353,26,129,508
064413114,374,35,216,625
064413115,304,9,244,557
064413116,362,14,188,564
064413201,290,12,164,466
064413202,293,20,152,465
064413203,606,48,289,943
064413204,686,54,283,1023
064413205,617,27,306,950
064413206,470,25,247,742
064413207,519,38,251,808
064413208,560,43,190,793
064413209,378,40,164,582
064413210,441,25,234,700
064413211,597,49,305,951
064413301,475,33,239,747
064413302,255,18,127,400
064413303,412,27,231,670
064413304,311,33,189,533
064413305,419,43,207,669
064413306,640,57,342,1039
064413307,383,33,168,584
064413308,320,14,171,505
064413309,578,25,355,958
064413310,439,37,255,731
064413311,664,58,302,1024
064413401,346,13,146,505
064413402,392,31,205,628
064413403,650,32,312,994
064413404,393,29,198,620
064413405,547,22,226,795
064413406,428,19,206,653
064413407,371,24,218,613
064413408,499,21,301,821
064413409,355,20,184,559
064413410,379,26,203,608
064413411,376,25,216,617
064413412,257,23,105,385
064413413,525,39,202,766
064413414,498,35,205,738
064413415,887,59,372,1318
064413501,563,57,294,914
064413502,563,43,287,893
064413503,303,12,135,450
064413504,284,19,142,445
064413505,673,47,249,969
064413506,401,17,175,593
064413507,461,46,212,719
064413508,665,40,211,916
064413509,592,22,261,875
064413510,618,40,234,892
064413511,733,46,299,1078
064413512,541,23,250,814
064413513,514,37,321,872
064413514,483,30,274,787
064413515,798,44,275,1117
064413516,1319,77,405,1801
064413601,436,19,198,653
064413602,440,31,272,743
064413603,347,19,196,562
064413604,367,21,158,546
064413605,514,27,324,865
064413606,604,59,287,950
064413607,466,35,189,690
064413608,426,20,156,602
064413609,470,40,252,762
064413610,663,40,228,931
064413611,529,44,211,784
064413612,561,48,295,904
064413701,518,57,308,883
064413702,685,32,223,940
064413703,362,33,160,555
064413704,335,31,139,505
064413705,597,24,264,885
064413706,595,60,282,937
064413707,373,22,171,566
064413708,438,40,255,733
064413709,554,33,298,885
064413710,712,35,318,1065
064413711,675,65,333,1073
064413712,659,41,303,1003
064413713,434,34,146,614
064413714,515,47,258,820
064413801,860,39,384,1283
064413802,443,14,174,631
064413803,481,23,121,625
064413804,370,51,132,553
064413805,465,38,256,759
064413806,550,30,230,810
064413807,558,38,303,899
064413808,333,41,126,500
064413809,536,43,251,830
064413810,428,42,255,725
064413901,454,22,212,688
064413902,361,24,135,520
064413903,398,11,179,588
064413904,415,41,213,669
064413905,462,17,199,678
064413906,462,22,275,759
064413907,433,31,188,652
064413908,481,40,224,745
064413909,453,23,218,694
064413910,762,57,305,1124
064414001,462,40,202,704
064414002,397,31,249,677
064414003,389,16,139,544
064414004,339,20,131,490
064414005,278,16,148,442
064414006,552,38,271,861
064414007,519,23,217,759
064414008,464,41,190,695
064414009,508,41,167,716
064414010,651,40,282,973
064414011,709,45,274,1028
064414012,587,46,228,861
064414013,803,59,319,1181
064414101,1040,84,403,1527
064414102,569,72,203,844
064414103,644,44,171,859
064414104,760,50,260,1070
064414105,692,41,327,1060
064414106,456,38,241,735
064414107,485,43,227,755
064414108,720,84,338,1142
064414109,587,44,253,884
064414110,500,48,243,791
064414111,212,12,67,291
064414112,317,14,126,457
064414201,875,59,367,1301
064414202,349,33,188,570
064414203,691,47,235,973
064414204,522,41,330,893
064414205,619,57,304,980
064414206,824,54,258,1136
064414207,672,70,243,985
064414208,399,36,217,652
064414209,482,34,229,745
064414210,816,60,326,1202
064414211,563,23,180,766
064414212,485,32,197,714
064414213,240,21,87,348
064414214,203,7,124,334
064414215,811,104,336,1251
064414216,631,39,271,941
064414217,683,56,330,1069
064414218,658,35,329,1022
064414219,641,43,290,974
064414301,445,34,158,637
064414302,472,32,179,683
064414303,383,30,179,592
064414304,489,30,295,814
064414305,390,38,153,581
064414306,526,22,271,819
064414307,392,30,178,600
064414308,417,33,216,666
064414309,594,52,257,903
064414310,693,76,322,1091
064414311,395,20,183,598
064414312,389,18,134,541
064414313,418,12,171,601
064414314,571,37,192,800
064414315,811,80,285,1176
064414401,440,34,235,709
064414402,474,46,132,652
064414403,641,56,305,1002
064414404,420,35,196,651
064414405,479,42,256,777
064414406,495,44,219,758
064414407,659,43,294,996
064414408,426,56,155,637
064414409,411,27,235,673
064414410,1168,105,372,1645
064414501,396,29,152,577
064414502,413,27,219,659
064414503,486,30,213,729
064414504,551,25,313,889
064414505,475,25,210,710
064414506,538,33,182,753
064414507,555,37,216,808
064414508,538,35,225,798
064414509,659,44,198,901
064414510,602,42,226,870
064414511,698,59,278,1035
064414601,476,44,194,714
064414602,555,42,280,877
064414603,439,39,243,721
064414604,446,28,241,715
064414605,360,19,222,601
064414606,381,13,136,530
064414607,472,19,220,711
064414608,520,42,267,829
064414609,611,46,200,857
064414701,888,63,356,1307
064414702,662,41,247,950
064414703,560,40,206,806
064414704,783,48,325,1156
064414705,601,26,278,905
064414706,489,31,219,739
064414707,823,61,244,1128
064414708,551,53,280,884
064414709,1080,83,369,1532
064414710,459,33,209,701
064414801,548,27,250,825
064414802,313,26,117,456
064414803,336,17,208,561
064414804,681,55,374,1110
064414805,328,22,142,492
064414806,445,25,199,669
064414807,489,42,198,729
064414808,303,19,161,483
064414809,353,21,165,539
064414901,483,20,219,722
064414902,405,12,189,606
064414903,421,19,222,662
064414904,310,9,157,476
064414905,254,10,135,399
064414906,330,18,205,553
064414907,390,23,196,609
064414908,292,10,142,444
064414909,324,9,186,519
064414910,264,16,101,381
064415001,285,14,153,452
064415002,317,14,140,471
064415003,573,56,294,923
064415004,281,18,166,465
064415005,292,18,132,442
064415006,341,15,153,509
064415007,258,10,128,396
064415008,300,20,195,515
064415009,349,8,225,582
064415010,373,14,197,584
064415101,1045,75,402,1522
064415102,391,29,252,672
064415103,333,20,152,505
064415104,458,23,261,742
064415105,579,50,317,946
064415106,282,17,166,465
064415107,393,41,197,631
064415108,416,19,208,643
064415109,315,14,168,497
064415110,239,19,146,404
064415111,345,14,187,546
064415112,263,16,142,421
064415113,287,20,169,476
064415114,342,11,176,529
064415115,328,18,174,520
064415116,221,28,141,390
064415117,623,50,303,976
064415118,558,26,263,847
064415201,571,30,159,760
064415202,368,31,192,591
064415203,282,12,187,481
064415204,571,45,301,917
064415205,496,31,186,713
064415206,313,21,126,460
064415207,518,35,203,756
064415208,410,35,225,670
064415209,304,34,116,454
064415210,362,18,188,568
064415301,346,18,142,506
064415302,589,42,296,927
064415303,275,22,141,438
064415304,473,31,214,718
064415305,709,42,255,1006
064415306,319,26,175,520
064415307,295,21,192,508
064415308,484,29,202,715
064415309,586,53,254,893
064415310,746,79,314,1139
064415401,580,22,160,762
064415402,498,24,185,707
064415403,521,33,133,687
064415404,359,16,235,610
064415405,639,20,282,941
064415406,233,12,129,374
064415407,400,18,186,604
064415408,266,6,118,390
064415409,348,13,154,515
064415410,495,11,182,688
064415411,335,17,167,519
064415412,571,26,156,753
064415413,220,11,86,317
064415414,430,33,165,628
064415415,344,12,121,477
064415416,385,36,176,597
064415417,603,36,296,935
064415418,517,12,264,793
064415501,893,47,395,1335
064415502,923,35,370,1328
064415503,373,9,153,535
064415504,390,26,179,595
064415505,570,43,239,852
064415506,595,27,212,834
064415507,401,18,192,611
064415508,586,18,190,794
064415509,481,20,113,614
064415510,211,12,103,326
064415511,372,38,128,538
064415601,491,14,207,712
064415602,682,42,226,950
064415603,317,8,154,479
064415604,444,22,182,648
064415605,656,19,330,1005
064415606,647,31,278,956
064415607,498,26,228,752
064415608,760,32,323,1115
064415701,64,3,21,88
064415702,399,33,183,615
064415703,338,22,149,509
064415704,388,10,185,583
064415705,634,35,240,909
064415706,768,34,221,1023
064415707,897,42,194,1133
064415708,451,9,205,665
064415709,474,21,110,605
064415710,446,22,122,590
064415711,627,34,207,868
064415712,565,26,242,833
064415713,427,14,161,602
064415801,355,12,226,593
064415802,382,13,209,604
064415803,433,25,214,672
064415804,237,6,176,419
064415805,262,8,147,417
064415806,278,11,174,463
064415807,422,27,180,629
064415808,251,9,186,446
064415901,363,15,187,565
064415902,392,15,184,591
064415903,330,12,150,492
064415904,443,21,205,669
064415905,366,16,164,546
064415906,389,8,173,570
064415907,498,34,194,726
064415908,580,23,197,800
064415909,464,10,206,680
064415910,684,19,238,941
064416001,603,30,264,897
064416002,377,10,148,535
064416003,432,20,175,627
064416004,634,54,277,965
064416005,800,62,252,1114
064416006,421,13,151,585
064416007,516,40,199,755
064416008,369,24,188,581
064416009,646,35,169,850
064416010,514,12,148,674
064416101,348,27,145,520
064416102,359,20,146,525
064416103,370,21,170,561
064416104,344,35,157,536
064416105,437,22,263,722
064416106,655,27,296,978
064416107,444,12,176,632
064416108,179,8,47,234
064416109,407,28,134,569
064416110,338,25,138,501
064416111,451,29,177,657
064416112,379,22,173,574
064416201,191,9,83,283
064416202,438,24,230,692
064416203,365,29,184,578
064416204,474,19,172,665
064416205,97,8,45,150
064416206,419,19,156,594
064416207,301,12,173,486
064416208,533,34,277,844
064416209,305,19,165,489
064416210,326,18,128,472
064416211,795,51,289,1135
064416212,287,14,126,427
064416213,640,47,223,910
064416301,357,8,150,515
064416302,352,17,153,522
064416303,463,28,163,654
064416304,520,21,181,722
064416305,319,13,77,409
064416306,453,13,180,646
064416307,388,19,153,560
064416308,317,13,85,415
064416309,286,7,77,370
064416310,409,13,99,521
064416311,234,18,69,321
064416401,687,28,274,989
064416402,228,15,94,337
064416403,232,10,106,348
064416404,282,19,85,386
064416405,244,8,73,325
064416406,286,23,84,393
064416407,251,12,112,375
064416408,83,2,33,118
064416409,667,47,207,921
064416410,64,0,25,89
064416411,283,10,117,410
064416412,209,7,55,271
064416413,166,5,47,218
064416414,295,10,106,411
064416415,588,25,150,763
064416416,274,7,67,348
064416417,359,46,189,594
064416418,339,3,113,455
064416419,664,11,194,869
064416501,317,17,108,442
064416502,350,8,80,438
064416503,357,4,91,452
064416504,62,2,33,97
064416505,148,8,63,219
064416506,162,14,74,250
064416507,110,6,34,150
064416508,77,12,27,116
064416509,449,4,169,622
064416510,908,11,233,1152
064416511,598,14,243,855
064416512,180,5,53,238
064416513,321,3,72,396
064416514,333,28,132,493
064416515,487,34,266,787
064416516,457,22,180,659
064416517,560,55,264,879
064416518,337,35,112,484
064416519,642,18,206,866
064416520,331,11,124,466
064416521,194,1,41,236
064416601,425,20,119,564
064416602,451,27,197,675
064416603,868,50,305,1223
064416604,497,27,160,684
064416605,40,5,9,54
064416606,449,31,157,637
064416607,638,52,320,1010
064416608,474,33,222,729
064416609,579,39,249,867
064416610,399,19,143,561
064416611,607,24,318,949
064416612,615,49,267,931
064416613,418,32,166,616
064416614,446,16,81,543
064416615,792,35,210,1037
064416616,485,26,184,695
064416617,636,24,211,871
064416618,562,18,153,733
064416701,215,1,63,279
064416702,73,2,27,102
064416703,172,0,44,216
064416704,187,6,60,253
064416801,421,26,124,571
064416802,768,65,298,1131
064416803,419,34,141,594
064416804,385,28,174,587
064416805,598,58,225,881
064416806,250,34,126,410
064416807,283,9,83,375
064416808,249,14,57,320
064416809,244,15,57,316
064416810,123,5,18,146
064416811,191,9,51,251
064416812,169,7,35,211
064416813,66,0,17,83
064416814,311,25,157,493
064416815,260,10,120,390
064416816,270,5,90,365
064416817,66,1,23,90
064416901,651,36,216,903
064416902,513,46,259,818
064416903,557,30,231,818
064416904,643,55,268,966
064416905,570,39,150,759
064416906,792,59,346,1197
064416907,401,39,140,580
064416908,603,54,255,912
064416909,611,17,161,789
064416910,375,13,159,547
064416911,555,28,232,815
064416912,215,20,56,291
064417001,663,52,368,1083
064417002,420,51,209,680
064417003,403,21,169,593
064417004,868,63,359,1290
064417005,650,33,233,916
064417006,535,52,156,743
064417007,363,20,117,500
064417101,74,2,10,86
064480101,157,3,74,234
064480102,12,0,5,17
064480103,16,0,11,27
064480201,16,0,8,24
064480202,6,0,2,8
064480203,25,0,8,33
064480301,10,1,6,17
064480302,6,0,6,12
064480303,7,0,3,10
064480401,11,0,6,17
064480402,4,0,3,7
064480403,0,0,0,0
064480501,13,0,17,30
064480502,14,0,8,22
064480503,5,0,3,8
064480601,653,35,359,1047
064480602,488,21,267,776
064480603,303,12,233,548
064480604,309,3,178,490
064480605,280,11,141,432
064480606,482,23,265,770
064480607,387,11,212,610
064480608,510,15,313,838
064480609,336,8,137,481
064480610,80,4,50,134
064480611,16,1,2,19
064480612,30,1,34,65
064480613,3,0,1,4
064480614,385,25,197,607
064480701,14,0,6,20
064480702,3,0,0,3
064480703,10,0,1,11
064480801,9,0,1,10
064480802,10,0,6,16
064480803,12,0,6,18
064480901,5,0,5,10
064480902,9,0,4,13
064480903,9,0,1,10
064480904,11,0,0,11
064481001,8,0,6,14
064481002,10,0,6,16
064481003,7,0,0,7
064481004,3,0,2,5
064481101,7,0,4,11
064481102,18,0,7,25
064481103,6,0,2,8
064481201,12,0,3,15
064481202,6,0,2,8
064481203,11,0,6,17
064481204,9,0,0,9
064481205,21,0,11,32
064481206,7,0,0,7
064550101,432,18,264,714
064550102,285,5,272,562
064550103,303,7,204,514
064550104,245,10,233,488
064550105,367,21,250,638
064550106,417,10,243,670
064550107,274,13,142,429
064550108,398,16,217,631
064550109,321,10,270,601
064550110,336,13,244,593
064550111,233,12,92,337
064550112,270,6,160,436
064550113,274,11,179,464
064550114,383,13,167,563
064550115,214,7,145,366
064550201,38,0,21,59
064550301,78,2,22,102
064550401,120,0,54,174
064550501,34,0,15,49
064550601,84,1,51,136
064550602,16,1,14,31
064550603,29,0,51,80
064550604,67,0,40,107
064550605,41,1,1,43
064550606,25,1,14,40
064550607,59,3,56,118
064550701,83,1,52,136
064550801,22,0,14,36
064550802,35,0,20,55
064550901,54,1,29,84
064551001,36,0,23,59
064551101,83,0,49,132
064551201,81,3,61,145
064551301,174,2,111,287
064551401,500,19,244,763
064551402,608,37,435,1080
064551403,185,10,164,359
064551404,204,4,147,355
064551405,339,15,264,618
064551406,377,4,286,667
064551407,411,14,272,697
064551408,420,21,314,755
064551409,88,4,96,188
064551410,444,17,225,686
064551411,321,9,154,484
064551412,447,10,328,785
064551413,334,13,328,675
064551414,290,7,210,507
064620101,19,0,6,25
064620201,40,3,35,78
064620202,16,2,8,26
064620203,10,0,4,14
064620301,15,0,1,16
064620401,132,10,93,235
064620402,325,14,233,572
064620403,446,22,367,835
064620404,45,0,35,80
064620405,50,3,26,79
064620406,133,8,102,243
064620501,13,0,3,16
064620502,20,0,8,28
064620601,132,7,100,239
064620602,17,0,4,21
064620603,20,1,13,34
064620604,18,0,9,27
064620605,20,1,10,31
064620701,424,18,274,716
064620702,383,14,220,617
064620703,527,20,321,868
064620704,448,27,248,723
064620705,340,6,279,625
064620706,597,33,365,995
064620707,524,16,348,888
064620708,333,8,245,586
064620709,12,0,6,18
064620710,50,1,33,84
064620711,16,0,5,21
064620712,5,0,3,8
064620801,47,3,26,76
064620802,530,16,199,745
064620901,18,1,10,29
064621001,30,0,4,34
064621002,510,13,270,793
064621101,24,0,13,37
064621102,16,0,8,24
064621201,154,14,109,277
064621202,533,20,386,939
064621203,414,18,278,710
064621204,10,0,6,16
064621205,152,16,90,258
064621206,20,0,7,27
064621207,28,1,21,50
064690101,362,12,226,600
064690102,432,12,275,719
064690103,332,21,210,563
064690104,545,18,391,954
064690105,352,13,205,570
064690106,396,12,284,692
064690107,314,6,203,523
064690108,411,15,311,737
064690109,631,20,365,1016
064690110,348,19,188,555
064690111,461,12,178,651
064690112,260,9,172,441
064690113,342,15,212,569
064690114,408,11,192,611
064690201,296,5,259,560
064690202,428,14,292,734
064690203,438,31,273,742
064690204,550,19,306,875
064690205,360,9,201,570
064690206,261,10,191,462
064690207,374,8,258,640
064690208,504,16,349,869
064690209,270,4,165,439
064690210,401,23,216,640
064690211,394,23,216,633
064690212,378,21,259,658
064690213,262,12,130,404
064690214,389,39,249,677
064690301,52,0,37,89
064690302,25,0,2,27
064690303,8,1,3,12
064690304,34,1,27,62
064690305,16,1,4,21
064690306,23,0,4,27
064690401,240,7,191,438
064690402,31,0,17,48
064690403,14,0,10,24
064690404,21,0,17,38
064690405,21,0,12,33
064690406,22,1,16,39
064690501,15,0,8,23
064690502,8,0,3,11
064690503,9,0,6,15
064690504,10,0,4,14
064690601,408,20,167,595
064690602,703,28,340,1071
064690603,359,29,168,556
064690604,227,17,122,366
064690605,646,28,263,937
064690606,584,21,242,847
064690701,17,0,6,23
064690702,7,0,9,16
064690703,23,0,11,34
064690801,335,6,231,572
064690802,77,1,34,112
064690803,47,0,9,56
064690804,43,6,23,72
064690805,40,1,17,58
064690806,57,0,18,75
064690807,233,14,181,428
064690901,286,13,204,503
064690902,19,0,1,20
064690903,146,5,141,292
064690904,18,2,8,28
064690905,11,0,2,13
064690906,25,0,8,33
064690907,22,0,11,33
064690908,35,0,10,45
064690909,307,8,242,557
064691001,153,4,105,262
064691002,140,1,69,210
064691003,40,0,19,59
064691004,28,1,18,47
064691005,4,0,2,6
064691006,5,0,2,7
064691007,259,5,153,417
064691101,92,2,90,184
064691102,20,0,1,21
064691103,5,0,3,8
064691104,14,0,16,30
064691105,15,0,6,21
064691106,233,10,180,423
064691107,38,0,17,55
064691201,12,0,6,18
064691202,16,0,4,20
064691203,23,1,6,30
064691204,19,0,5,24
064691301,310,5,241,556
064691302,570,18,390,978
064691303,48,0,20,68
064691304,19,1,12,32
064691305,179,7,89,275
064691306,30,0,12,42
064691307,351,16,259,626
064691401,23,0,17,40
064691402,14,0,8,22
064691403,32,1,19,52
064691404,15,1,14,30
064691501,441,11,334,786
064691502,20,0,4,24
064691503,4,0,5,9
064691504,2,0,0,2
064691505,4,1,4,9
064691506,23,1,12,36
064691507,64,0,73,137
064691508,373,16,245,634
064760101,395,14,181,590
064760102,410,16,243,669
064760103,187,7,208,402
064760104,219,7,151,377
064760105,252,10,186,448
064760106,422,24,216,662
064760107,359,9,245,613
064760108,442,27,243,712
064760201,549,10,315,874
064760202,85,1,41,127
064760203,61,1,27,89
064760204,30,0,15,45
064760205,59,3,23,85
064760206,29,2,25,56
064760207,36,0,21,57
064760208,37,2,9,48
064760301,43,0,25,68
064760302,21,0,14,35
064760303,19,0,7,26
064760401,10,0,4,14
064760402,9,0,0,9
064760403,10,0,3,13
064760404,20,0,13,33
064760501,40,2,19,61
064760502,39,0,13,52
064760503,20,0,7,27
064760504,33,1,10,44
064760505,21,0,2,23
064760601,13,0,5,18
064760602,14,1,12,27
064760603,48,0,30,78
064760604,8,0,5,13
064760701,142,10,84,236
064760702,57,2,51,110
064760703,137,7,69,213
064760704,58,2,37,97
064760705,54,5,48,107
064760706,8,0,4,12
064760707,201,18,146,365
064760708,245,11,154,410
064760709,28,0,7,35
064760801,30,0,8,38
064760802,21,0,7,28
064760803,18,0,6,24
064760804,24,0,7,31
064760901,32,1,8,41
064760902,23,0,13,36
064760903,23,0,8,31
064760904,11,0,7,18
064760905,13,0,4,17
064761001,52,1,23,76
064761002,20,0,1,21
064761003,19,0,1,20
064761101,16,1,11,28
064761102,77,1,4,82
064761103,28,0,9,37
064761104,10,0,9,19
064761105,21,0,16,37
064761201,6,0,0,6
064761202,35,1,13,49
064761203,35,2,15,52
064761204,31,0,25,56
064761205,37,3,14,54
064761206,55,0,5,60
064761301,58,1,28,87
064761401,361,16,233,610
064761402,486,19,202,707
064761403,398,23,302,723
064761404,370,13,215,598
064761405,277,8,190,475
064761406,282,7,169,458
064761407,185,3,122,310
064761408,432,14,279,725
064830101,694,38,380,1112
064830102,543,20,340,903
064830103,549,14,313,876
064830104,323,11,207,541
064830105,345,11,266,622
064830106,356,19,252,627
064830107,240,7,179,426
064830108,298,7,185,490
064830109,336,19,237,592
064830110,397,14,263,674
064830111,369,10,234,613
064830112,268,13,184,465
064830113,361,20,177,558
064830114,430,25,264,719
064830115,329,9,188,526
064830116,325,15,194,534
064830117,375,14,274,663
064830118,369,27,182,578
064830201,25,1,9,35
064830202,63,0,28,91
064830203,24,1,38,63
064830301,136,6,79,221
064830302,147,3,62,212
064830303,92,9,72,173
064830304,76,1,45,122
064830401,767,41,332,1140
064830402,234,13,171,418
064830403,194,14,173,381
064830404,526,16,318,860
064830405,396,20,236,652
064830406,158,4,83,245
064830407,588,34,325,947
064830408,360,25,209,594
064830409,429,19,251,699
064830410,265,11,189,465
064830411,288,16,141,445
064830412,359,26,262,647
064830413,576,42,367,985
064830414,414,36,212,662
064830415,506,20,266,792
064830416,347,19,187,553
064830417,197,5,85,287
064830501,469,22,331,822
064830502,74,4,27,105
064830503,81,6,37,124
064830504,93,2,66,161
064830505,60,0,37,97
064830506,12,0,7,19
064830601,54,1,24,79
064830602,187,7,79,273
064830701,127,7,103,237
064830702,64,1,40,105
064830703,50,0,25,75
064830704,15,0,4,19
064830705,28,0,14,42
064830706,46,0,26,72
064830801,134,8,100,242
064830802,69,2,21,92
064830803,45,1,27,73
064830804,67,0,15,82
064830805,19,0,18,37
064830806,229,7,110,346
064830901,121,3,68,192
064830902,66,1,24,91
064830903,145,3,23,171
064830904,62,2,25,89
064830905,51,0,31,82
064830906,48,0,23,71
064830907,42,1,16,59
064830908,115,7,62,184
064831001,38,0,15,53
064831002,90,1,19,110
064970101,494,18,350,862
064970102,296,14,143,453
064970103,286,14,155,455
064970104,467,13,222,702
064970105,417,25,219,661
064970106,469,14,262,745
064970107,343,14,169,526
064970108,374,16,198,588
064970109,304,18,119,441
064970110,411,28,189,628
064970111,437,26,220,683
064970112,448,32,235,715
064970201,279,8,126,413
064970202,33,0,10,43
064970203,66,2,32,100
064970204,34,1,14,49
064970205,16,0,9,25
064970206,29,0,17,46
064970207,81,3,33,117
064970301,17,0,2,19
064970302,661,29,254,944
064970303,350,8,165,523
064970304,45,0,12,57
064970305,395,13,140,548
064970306,390,14,127,531
064970307,732,42,304,1078
064970308,615,26,245,886
064970309,286,21,136,443
064970310,171,16,93,280
064970311,401,42,182,625
064970312,664,19,254,937
064970401,68,1,21,90
064970402,113,1,20,134
064970403,200,1,42,243
064970404,348,11,142,501
064970405,271,9,153,433
064970406,292,20,113,425
064970407,340,10,143,493
064970408,189,9,78,276
064970409,342,30,164,536
064970410,434,16,159,609
064970501,386,27,138,551
064970502,299,21,157,477
064970503,638,40,209,887
064970504,556,30,225,811
064970505,691,54,288,1033
064970506,639,48,261,948
064970507,609,29,256,894
064970508,525,21,246,792
064970509,646,28,254,928
064970510,737,17,322,1076
064970511,737,30,217,984
064970512,526,32,212,770
064970513,587,19,197,803
064970601,590,39,232,861
064970602,556,22,271,849
064970603,271,22,110,403
064970604,495,18,191,704
064970605,503,26,247,776
064970606,209,5,60,274
064970607,618,44,256,918
064970608,41,2,18,61
064970609,347,13,85,445
064970610,382,27,115,524
064970611,328,10,99,437
064970612,106,5,58,169
064970613,323,18,160,501
064970614,231,12,97,340
064970701,392,14,248,654
064970702,183,3,80,266
064970703,183,5,94,282
064970704,209,6,91,306
064970705,399,15,237,651
064970706,342,8,213,563
064970707,179,4,99,282
064970708,396,12,202,610
064970709,301,10,138,449
064970710,363,22,194,579
064970801,375,27,182,584
064970802,508,49,157,714
064970803,398,20,170,588
064970804,121,3,58,182
064970805,66,2,47,115
064970806,322,7,199,528
064970807,388,21,179,588
064970808,149,3,42,194
064970809,438,31,263,732
064970810,529,23,181,733
064970811,639,39,324,1002
064970812,815,26,485,1326
064970813,333,10,173,516
064970814,317,14,184,515
064970815,563,33,206,802
064970901,59,1,22,82
064971001,298,23,196,517
064971002,84,0,16,100
064971003,24,3,15,42
064971004,50,2,19,71
064971005,19,0,6,25
064971006,42,0,10,52
064971007,18,1,10,29
064971008,559,36,289,884
064971101,543,23,306,872
064971102,498,23,342,863
064971103,464,13,231,708
064971104,542,16,329,887
064971105,508,24,285,817
064971106,557,32,334,923
064971107,469,20,257,746
064971108,425,28,191,644
064971201,536,26,239,801
064971202,726,48,259,1033
064971203,501,28,243,772
064971204,424,13,249,686
064971205,603,30,265,898
064971206,484,23,208,715
064971207,546,43,237,826
064971208,203,7,76,286
064971209,89,1,18,108
064971210,230,7,71,308
064971211,227,18,104,349
064971212,144,5,49,198
064971301,779,48,348,1175
064971302,625,38,286,949
064971303,289,13,91,393
064971304,236,8,91,335
064971305,120,9,52,181
064971306,419,6,301,726
064971307,388,13,247,648
064971308,357,13,279,649
064971309,261,16,136,413
064971310,45,0,31,76
064971311,6,0,3,9
064971401,678,45,352,1075
064971402,632,34,329,995
064971403,800,47,347,1194
064971404,60,0,14,74
064971405,577,30,269,876
064971406,629,35,285,949
064971407,223,12,87,322
064971408,390,13,170,573
064971409,488,37,282,807
064971410,513,30,187,730
065050101,39,2,11,52
065050102,69,1,21,91
065050103,121,0,42,163
065050104,13,0,6,19
065050105,59,0,8,67
065050106,21,0,12,33
065050201,223,9,115,347
065050202,49,1,14,64
065050203,21,0,7,28
065050204,170,3,88,261
065050205,134,6,81,221
065050206,60,3,40,103
065050207,20,0,25,45
065050208,38,1,14,53
065050209,58,0,18,76
065050210,312,16,135,463
065050211,265,7,141,413
065050212,195,8,116,319
065050301,64,6,36,106
065050302,81,2,51,134
065050303,89,5,49,143
065050304,99,5,55,159
065050305,81,1,54,136
065050306,527,30,332,889
065050307,284,10,116,410
065050308,391,17,188,596
065050309,326,18,197,541
065050310,220,13,148,381
065050311,336,15,206,557
065050312,315,17,206,538
065050313,208,10,138,356
065050314,387,23,252,662
065050315,443,24,208,675
065050316,132,6,67,205
065050317,155,4,60,219
065050318,163,30,81,274
065050319,430,16,268,714
065050320,260,23,158,441
065050321,235,17,137,389
065050322,333,12,152,497
065050401,133,1,77,211
065050402,142,7,70,219
065050403,52,4,16,72
065050404,51,1,22,74
065050405,34,0,15,49
065050406,56,0,32,88
065050407,79,1,30,110
065110101,23,0,19,42
065110102,14,0,10,24
065110201,29,0,5,34
065110202,33,0,19,52
065110301,47,1,22,70
065110302,11,0,23,34
065110303,17,2,25,44
065110304,59,0,22,81
065110401,42,0,20,62
065110402,9,0,2,11
065110501,153,6,57,216
065110502,405,14,209,628
065110503,525,25,326,876
065110504,349,17,214,580
065110505,392,18,293,703
065110506,318,10,199,527
065110507,401,11,255,667
065110508,476,14,242,732
065110509,287,15,178,480
065110510,6,2,8,16
065110511,17,3,15,35
065110512,593,24,300,917
065110513,334,12,138,484
065110601,204,7,85,296
065110602,32,1,14,47
065110603,38,1,12,51
065110701,39,0,10,49
065110702,21,0,15,36
065180101,251,5,191,447
065180102,177,9,112,298
065180103,255,20,184,459
065180104,76,2,30,108
065180105,7,0,4,11
065180106,6,0,0,6
065180107,16,0,6,22
065180108,9,0,4,13
065180109,10,0,9,19
065180110,2,1,3,6
065180111,83,8,42,133
065180112,49,1,17,67
065180113,27,0,9,36
065180114,190,6,161,357
065180115,338,11,178,527
065180201,122,4,120,246
065180202,281,18,167,466
065180203,335,14,192,541
065180204,444,22,289,755
065180205,566,34,320,920
065180206,243,20,220,483
065180207,24,0,19,43
065180208,38,2,23,63
065180209,92,4,107,203
065180210,0,0,0,0
065180211,296,24,184,504
065180212,225,16,132,373
065180301,114,6,60,180
065180302,144,12,120,276
065180303,98,3,38,139
065180304,59,4,34,97
065180305,34,0,23,57
065180401,21,0,5,26
065180402,28,0,14,42
065180403,8,0,6,14
065180404,28,0,7,35
065180405,17,1,6,24
065180406,9,0,0,9
065180407,9,0,4,13
065180408,9,0,4,13
065180409,7,0,2,9
065180410,6,0,5,11
065180411,5,0,2,7
065180412,16,0,4,20
065180501,16,0,11,27
065180502,11,0,9,20
065180503,21,2,9,32
065180504,356,17,170,543
065180505,7,0,4,11
065180506,87,4,66,157
065180507,9,1,9,19
065180508,6,0,6,12
065180509,4,0,1,5
065180510,30,2,19,51
065180511,40,2,34,76
065180601,61,4,55,120
065180602,98,3,59,160
065180603,104,9,62,175
065180604,207,28,178,413
065180605,93,6,91,190
065180606,120,6,75,201
065180607,86,9,51,146
065180608,7,1,0,8
065180609,82,7,46,135
065180610,46,4,39,89
065180611,62,5,50,117
065180612,92,9,61,162
065180613,91,7,64,162
065180614,117,12,88,217
065180615,14,2,4,20
065180701,32,1,41,74
065180702,77,3,18,98
065180703,94,10,43,147
065180704,92,7,55,154
065180705,104,9,94,207
065180706,61,2,40,103
065180707,60,5,49,114
065180708,140,16,130,286
065180709,147,14,96,257
065180710,127,14,81,222
065180711,329,29,132,490
065180712,274,16,164,454
065180713,166,15,114,295
065180714,162,11,83,256
065180715,170,9,97,276
065180716,116,13,102,231
065180717,105,9,93,207
065180801,4,0,0,4
065180802,63,5,39,107
065180803,84,6,72,162
065180804,63,3,38,104
065180805,6,0,0,6
065180806,14,0,3,17
065180807,48,3,34,85
065180808,121,3,55,179
065180809,138,5,87,230
065180810,79,3,35,117
065180811,20,0,8,28
065180812,70,2,62,134
065180813,11,0,3,14
065180814,6,0,0,6
065250101,228,17,133,378
065250102,258,17,125,400
065250103,190,13,137,340
065250104,288,21,162,471
065250105,483,42,254,779
065250106,505,30,294,829
065250107,419,5,263,687
065250108,457,25,269,751
065250109,465,35,316,816
065250110,337,13,222,572
065250111,630,53,332,1015
065250112,284,20,151,455
065250113,241,13,120,374
065250114,391,18,260,669
065250201,52,4,24,80
065250202,54,4,38,96
065250203,499,23,256,778
065250204,232,7,94,333
065250301,52,1,31,84
065250302,45,1,46,92
065250303,696,52,554,1302
065250304,381,21,243,645
065250401,615,44,459,1118
065250402,633,72,462,1167
065250403,320,14,256,590
065250404,565,56,320,941
065250405,716,38,389,1143
065250406,734,44,510,1288
065250407,418,37,269,724
065250408,637,44,413,1094
065250409,515,53,326,894
065250410,18,1,12,31
065250411,107,8,97,212
065250412,117,0,79,196
065250413,120,9,61,190
065250414,547,44,381,972
065250415,428,12,244,684
065250416,207,8,137,352
065250417,725,75,396,1196
065250418,661,42,362,1065
065250501,813,66,470,1349
065250502,62,7,29,98
065250503,38,0,11,49
065250504,198,5,116,319
065250601,240,28,106,374
065250602,150,30,121,301
065250603,210,7,159,376
065250604,304,13,127,444
065250605,325,3,133,461
065250606,666,29,424,1119
065250607,891,49,413,1353
065250608,388,24,149,561
065250609,400,18,299,717
065250610,593,42,325,960
065250611,671,43,416,1130
065250612,459,33,306,798
065250613,442,14,282,738
065250614,242,16,126,384
065320101,895,45,524,1464
065320102,537,15,296,848
065320103,406,19,220,645
065320104,454,27,270,751
065320105,378,27,230,635
065320106,437,23,220,680
065320107,320,9,186,515
065320108,328,12,224,564
065320109,297,10,197,504
065320110,369,17,227,613
065320111,475,23,283,781
065320112,421,20,226,667
065320201,253,10,155,418
065320202,367,20,289,676
065320203,437,23,220,680
065320204,411,20,188,619
065320205,283,17,132,432
065320206,312,15,216,543
065320207,484,42,272,798
065320208,354,21,197,572
065320301,497,31,253,781
065320302,835,47,341,1223
065320303,432,20,254,706
065320304,365,17,167,549
065320305,467,59,251,777
065320306,478,29,239,746
065320307,534,36,224,794
065320308,600,36,243,879
065320309,733,44,292,1069
065320310,487,28,192,707
065320311,396,43,226,665
065320312,301,18,188,507
065320313,343,9,156,508
065320401,101,9,71,181
065320402,29,0,24,53
065320403,130,9,67,206
065320501,15,0,9,24
065320502,46,2,26,74
065320503,68,1,31,100
065320504,66,1,35,102
065320601,11,0,6,17
065320602,9,0,14,23
065320603,24,0,4,28
065320604,17,2,2,21
065320701,63,1,34,98
065320801,36,2,13,51
065320802,27,3,23,53
065320803,20,1,10,31
065320804,37,4,22,63
065320805,54,3,49,106
065320901,877,62,306,1245
065320902,350,9,150,509
065320903,186,5,110,301
065320904,306,18,140,464
065320905,323,8,100,431
065320906,152,5,63,220
065320907,202,4,64,270
065320908,213,5,87,305
065320909,285,4,67,356
065320910,1437,106,686,2229
065320911,359,7,224,590
065320912,199,2,53,254
065321001,482,27,314,823
065321002,27,3,13,43
065321003,43,3,25,71
065321004,31,1,16,48
065321005,48,0,13,61
065321101,106,1,42,149
065321102,77,2,70,149
065321103,30,2,16,48
065321104,22,0,1,23
065321201,25,2,8,35
065321202,16,1,2,19
065321203,29,1,13,43
065321301,24,0,3,27
065321302,22,3,4,29
065321303,11,0,4,15
065321401,303,26,237,566
065321402,452,20,229,701
065321403,508,22,277,807
065321404,396,25,283,704
065321405,407,14,226,647
065321406,311,18,209,538
065321407,253,12,158,423
065321408,345,25,251,621
065321501,442,14,190,646
065321502,527,29,230,786
065321503,414,14,215,643
065321504,517,35,204,756
065321505,506,49,245,800
065321506,558,30,293,881
065321507,371,31,201,603
065321508,455,40,215,710
065321509,617,34,220,871
065321510,395,29,181,605
065321511,567,47,333,947
065321512,662,21,314,997
065470101,51,0,19,70
065470102,38,0,12,50
065470201,303,20,140,463
065470202,52,0,23,75
065470203,60,3,34,97
065470301,44,1,28,73
065470302,60,0,40,100
065470303,29,1,23,53
065470304,38,0,32,70
065470305,354,32,224,610
065470306,639,29,328,996
065470307,643,40,322,1005
065470308,166,9,113,288
065470309,396,17,208,621
065470310,210,8,81,299
065470311,165,11,82,258
065470312,590,31,311,932
065470313,94,5,45,144
065470401,15,0,5,20
065470402,84,0,37,121
065470501,41,2,19,62
065470502,49,0,26,75
065470503,31,2,10,43
065470601,120,1,62,183
065470602,49,0,16,65
065470603,134,3,53,190
065470701,33,0,7,40
065470702,39,0,5,44
065470703,60,0,20,80
065470801,111,2,54,167
065470802,70,0,18,88
065470901,348,5,195,548
065470902,481,21,276,778
065470903,512,24,268,804
065470904,626,16,408,1050
065470905,559,28,404,991
065470906,492,16,312,820
065470907,569,25,304,898
065470908,523,12,332,867
065470909,428,13,223,664
065470910,396,15,223,634
065530101,383,16,175,574
065530102,210,0,97,307
065530103,161,7,120,288
065530104,54,0,36,90
065530105,116,7,64,187
065530106,128,8,67,203
065530107,68,2,41,111
065530108,104,4,51,159
065530109,61,3,31,95
065530110,41,1,23,65
065530111,22,0,8,30
065530201,8,0,1,9
065530202,43,0,20,63
065530203,75,2,47,124
065530204,627,38,288,953
065530205,56,2,44,102
065530301,84,3,45,132
065530302,112,6,71,189
065530303,103,1,27,131
065530304,106,7,59,172
065530305,148,5,54,207
065530306,107,2,71,180
065530307,102,4,39,145
065530308,49,2,40,91
065530309,60,1,20,81
065530310,27,0,15,42
065530311,21,2,13,36
065530312,39,1,25,65
065530313,59,0,26,85
065530314,51,3,37,91
065740101,32,0,21,53
065740102,45,0,18,63
065740201,28,0,0,28
065740202,101,0,20,121
065740301,23,0,1,24
065740302,54,0,23,77
065740303,99,1,55,155
065740401,106,6,75,187
065740402,583,28,339,950
065740403,569,18,314,901
065740404,463,25,255,743
065740405,383,37,209,629
065740406,337,13,209,559
065740407,373,5,284,662
065740408,383,16,293,692
065740409,335,7,269,611
065740410,504,10,336,850
065740411,335,10,243,588
065740412,403,12,228,643
065740413,10,0,5,15
065740414,481,21,297,799
065740415,467,13,240,720
065740416,373,19,180,572
065740501,49,1,25,75
065740502,81,0,27,108
065740503,57,1,34,92
065740601,78,2,28,108
065740602,34,0,19,53
065740701,170,5,194,369
065740702,101,3,50,154
065740703,38,0,18,56
065740704,22,0,10,32
065740705,48,0,36,84
065740706,41,0,32,73
065740707,33,2,23,58
065740708,41,0,19,60
065740801,139,0,95,234
065740802,41,0,24,65
065740803,38,1,25,64
065740804,26,1,29,56
065740805,123,3,94,220
065740901,23,0,16,39
065740902,37,0,25,62
065740903,35,0,45,80
065810101,487,65,300,852
065810102,681,59,279,1019
065810103,598,65,301,964
065810104,597,46,311,954
065810105,567,45,391,1003
065810106,299,20,194,513
065810107,357,21,232,610
065810108,406,24,233,663
065810109,433,33,189,655
065810110,376,32,205,613
065810111,396,50,218,664
065810201,346,30,213,589
065810202,293,14,174,481
065810203,148,4,104,256
065810204,339,18,172,529
065810205,194,14,130,338
065810206,299,13,217,529
065810207,371,15,259,645
065810208,401,16,222,639
065810209,338,16,203,557
065810210,331,32,187,550
065810211,387,42,235,664
065810212,363,29,197,589
065810301,408,19,227,654
065810302,403,24,266,693
065810303,359,17,273,649
065810304,254,27,152,433
065810305,267,12,179,458
065810306,259,10,163,432
065810307,314,21,199,534
065810308,243,12,233,488
065810401,460,16,339,815
065810402,263,18,154,435
065810403,264,19,150,433
065810404,332,14,182,528
065810405,493,38,329,860
065810406,207,14,127,348
065810407,314,30,147,491
065810408,321,14,201,536
065810409,310,31,152,493
065810410,234,8,145,387
065810411,286,19,113,418
065810501,82,4,50,136
065810502,51,3,26,80
065810503,106,1,85,192
065810504,91,4,42,137
065810505,90,1,34,125
065810506,176,5,102,283
065810507,101,7,42,150
065810508,125,5,51,181
065810601,18,1,6,25
065810602,51,0,21,72
065810603,37,0,28,65
065810604,19,0,3,22
065810701,248,20,193,461
065810702,7,0,6,13
065810703,31,1,26,58
065810704,27,0,18,45
065810705,21,0,12,33
065810706,27,0,33,60
065810707,39,15,34,88
065810708,257,11,163,431
065810709,243,6,216,465
065810710,241,10,135,386
065810711,214,9,149,372
065810712,212,10,165,387
065810801,266,12,156,434
065810802,248,3,163,414
065810803,51,2,24,77
065810804,58,0,10,68
065810805,30,2,10,42
065810806,20,0,9,29
065810807,3,0,3,6
065810808,20,2,23,45
065810809,230,10,176,416
065810810,209,24,156,389
065810901,11,0,10,21
065810902,15,0,5,20
065810903,11,0,1,12
065810904,9,0,4,13
065810905,6,0,1,7
065810906,11,1,7,19
065810907,4,0,4,8
065810908,2,0,1,3
065810909,6,0,2,8
065810910,4,0,5,9
065810911,2,0,1,3
065810912,14,1,1,16
065810913,12,0,14,26
065811001,171,8,150,329
065811002,29,0,24,53
065811003,18,2,11,31
065811004,8,0,3,11
065811005,15,0,5,20
065811006,26,0,7,33
065811101,3,0,2,5
065811102,11,0,5,16
065811103,23,0,6,29
065811104,10,0,11,21
065811105,46,0,24,70
065811106,4,0,4,8
065811107,33,1,15,49
065811108,15,0,3,18
065811109,11,0,2,13
065811201,12,0,6,18
065811202,7,0,5,12
065811203,16,0,13,29
065811204,28,0,13,41
065811205,42,0,35,77
065811206,61,1,43,105
065811207,23,0,9,32
065811301,363,34,231,628
065811302,341,31,239,611
065811303,441,31,224,696
065811304,447,27,248,722
065811305,379,35,292,706
065811306,898,65,366,1329
065811307,134,3,65,202
065811308,291,16,124,431
065811309,320,11,86,417
065811310,334,18,121,473
065811311,443,16,200,659
065811401,126,19,101,246
065811402,396,40,277,713
065811403,548,44,280,872
065811404,221,10,111,342
065811405,210,23,155,388
065811406,211,19,125,355
065811407,355,49,198,602
065811408,434,35,199,668
065811409,378,22,212,612
065811410,430,19,202,651
065811411,331,38,209,578
065811412,568,30,364,962
065811501,184,15,103,302
065811502,487,46,261,794
065811503,260,23,165,448
065811504,481,20,287,788
065811505,471,26,267,764
065811506,404,53,230,687
065811507,686,42,263,991
065811508,406,33,251,690
065811509,480,33,246,759
065811510,414,26,274,714
065811511,348,18,217,583
065811601,400,25,233,658
065811602,480,30,246,756
065811603,381,14,304,699
065811604,450,12,278,740
065811605,312,16,209,537
065811606,595,36,347,978
065811607,360,24,206,590
065811608,423,58,218,699
065811701,255,23,151,429
065811702,327,19,155,501
065811703,315,19,198,532
065811704,272,21,104,397
065811705,397,19,182,598
065811706,372,13,150,535
065811707,276,12,154,442
065811708,162,5,111,278
065811709,91,5,58,154
065811710,206,9,136,351
065811711,390,22,178,590
065811801,368,27,258,653
065811802,108,5,79,192
065811803,117,7,69,193
065811804,124,6,64,194
065811805,123,6,66,195
065811806,105,4,55,164
065811807,173,8,136,317
065811808,143,2,87,232
065811809,113,7,45,165
065811901,100,8,58,166
065811902,60,3,35,98
065811903,167,14,78,259
065811904,184,7,119,310
065811905,466,39,225,730
065811906,192,29,121,342
065811907,217,19,131,367
065811908,452,25,337,814
065811909,271,23,190,484
065811910,207,17,145,369
065811911,302,16,142,460
065811912,351,32,195,578
065880101,370,14,302,686
065880102,351,11,218,580
065880103,463,34,311,808
065880104,400,15,312,727
065880105,346,13,253,612
065880106,385,9,235,629
065880107,291,9,194,494
065880108,340,12,173,525
065880109,339,10,159,508
065880110,267,2,167,436
065880111,547,15,352,914
065880112,388,10,189,587
065880113,345,10,225,580
065880114,344,12,189,545
065880115,273,15,171,459
065880116,368,19,178,565
065880117,307,9,200,516
065880201,461,24,268,753
065880202,449,12,298,759
065880203,342,10,237,589
065880204,499,21,266,786
065880205,162,8,73,243
065880206,216,8,159,383
065880207,254,9,205,468
065880208,291,4,203,498
065880301,193,7,141,341
065880302,268,7,135,410
065880303,279,12,207,498
065880304,115,3,78,196
065880305,21,2,4,27
065880306,24,2,17,43
065880307,22,0,10,32
065880308,17,0,18,35
065880309,71,2,31,104
065880401,37,0,14,51
065880501,225,9,156,390
065880502,28,0,8,36
065880503,17,0,6,23
065880504,19,0,1,20
065880505,85,2,29,116
065880601,71,2,40,113
065880701,44,1,51,96
065880702,94,5,93,192
065880703,111,2,95,208
065880801,85,2,60,147
065880802,36,1,21,58
065880901,431,11,166,608
065880902,519,22,277,818
065880903,217,19,92,328
065880904,195,7,84,286
065880905,159,2,55,216
065880906,202,5,65,272
065880907,328,9,109,446
065880908,476,17,220,713
065880909,412,18,228,658
065880910,412,29,200,641
065880911,563,55,307,925
065880912,605,60,291,956
065880913,497,114,311,922
065880914,296,8,146,450
065880915,413,28,164,605
065881001,162,4,108,274
065881002,81,2,74,157
065881003,25,0,7,32
065881004,9,0,4,13
065881005,84,2,21,107
065881006,25,0,19,44
065881007,42,1,27,70
065881008,26,0,16,42
065881009,8,0,1,9
065881010,14,0,5,19
065881011,15,0,8,23
065881012,175,7,128,310
065881101,26,0,1,27
065881102,24,0,10,34
065881201,58,0,24,82
065881202,15,0,7,22
065881203,31,1,44,76
065881301,275,10,130,415
065881302,20,1,23,44
065881303,41,1,13,55
065881304,36,0,17,53
065881305,43,0,12,55
065881401,105,2,119,226
065881402,174,5,132,311
065881403,10,0,1,11
065881404,29,0,17,46
065881501,142,5,126,273
065881502,18,1,4,23
065881503,9,0,3,12
065881504,27,0,12,39
065881601,347,15,255,617
065881602,436,18,306,760
065881603,355,19,262,636
065881604,16,0,6,22
065881605,4,0,3,7
065881606,17,0,10,27
065881607,0,0,0,0
065881608,20,0,7,27
065881609,3,0,3,6
065881701,391,26,260,677
065881702,466,27,214,707
065881703,322,14,222,558
065881704,489,21,216,726
065881705,391,12,267,670
065881706,376,13,283,672
065881707,271,6,201,478
065881708,279,6,183,468
065950101,440,37,291,768
065950102,384,28,143,555
065950103,669,35,277,981
065950104,543,43,301,887
065950105,464,16,301,781
065950106,364,17,242,623
065950107,451,15,219,685
065950108,525,27,275,827
065950109,362,17,236,615
065950110,503,29,322,854
065950201,355,14,219,588
065950202,412,11,250,673
065950203,371,6,217,594
065950204,365,6,219,590
065950205,229,3,173,405
065950206,297,8,245,550
065950207,350,15,241,606
065950208,469,17,302,788
065950209,267,24,174,465
065950210,567,15,353,935
065950211,261,13,159,433
065950212,312,10,187,509
065950213,216,14,144,374
065950214,253,7,158,418
065950215,229,6,179,414
065950301,371,5,129,505
065950302,328,4,264,596
065950303,319,9,216,544
065950304,368,7,224,599
065950305,324,9,207,540
065950306,329,15,232,576
065950307,294,6,201,501
065950308,297,10,169,476
065950309,322,3,169,494
065950310,564,23,269,856
065950311,507,28,208,743
065950312,308,4,170,482
065950313,307,9,170,486
065950401,344,17,192,553
065950402,449,33,294,776
065950403,436,19,237,692
065950404,578,16,209,803
065950405,534,30,284,848
065950406,346,40,173,559
065950407,361,28,211,600
065950408,358,23,175,556
065950409,440,33,326,799
065950410,417,32,235,684
065950411,376,23,192,591
065950412,485,24,343,852
065950413,511,37,272,820
065950501,85,0,34,119
065950601,96,4,67,167
065950602,23,3,23,49
065950603,114,3,114,231
065950701,80,2,52,134
065950801,185,18,163,366
065950802,72,0,56,128
065950901,88,0,29,117
065951001,75,0,35,110
065951101,58,0,27,85
065951201,51,6,24,81
065951301,89,1,27,117
065951401,129,3,65,197
065951501,62,0,41,103
065951601,460,18,235,713
065951602,568,32,234,834
065951603,651,41,305,997
065951604,132,11,89,232
065951605,51,3,24,78
065951606,398,11,125,534
065951607,441,40,190,671
065951608,800,35,303,1138
065951609,308,17,212,537
065951610,287,10,144,441
065951611,308,20,154,482
065951612,331,17,197,545
065951613,268,15,160,443
065951701,83,0,14,97
065951801,5,0,3,8
065951802,12,0,3,15
065951803,35,0,10,45
065951804,3,0,4,7
065951901,245,9,170,424
065951902,256,13,183,452
065951903,429,32,264,725
065951904,182,13,127,322
065951905,138,3,75,216
065951906,137,9,68,214
065951907,117,3,121,241
065951908,235,12,176,423
065951909,160,9,98,267
065951910,272,21,183,476
065951911,448,9,315,772
065951912,220,18,182,420
065951913,60,0,44,104
065951914,416,24,278,718
065952001,308,14,254,576
065952002,15,1,13,29
065952101,230,11,200,441
065952102,241,21,254,516
065952103,177,15,164,356
065952104,281,15,230,526
065952105,377,22,247,646
065952106,2,0,0,2
065952107,86,2,34,122
065952201,80,2,80,162
065952301,117,5,77,199
065952401,363,9,217,589
065952402,398,12,210,620
065952403,377,16,192,585
065952404,353,15,218,586
065952405,369,15,213,597
065952406,366,18,196,580
065952407,460,21,314,795
065952408,730,26,312,1068
065952409,379,22,260,661
065952410,407,21,223,651
065952411,336,21,173,530
065952412,407,26,196,629
065952501,566,21,271,858
065952502,330,23,185,538
065952503,464,17,315,796
065952504,478,15,325,818
065952505,427,18,180,625
065952506,408,29,192,629
065952507,410,11,158,579
065952508,414,16,230,660
065952509,375,21,169,565
065952510,413,32,200,645
065952511,519,15,193,727
065952512,339,20,179,538
065952513,379,15,183,577
065952601,149,2,79,230
065952602,652,50,404,1106
065952603,351,26,260,637
065952604,357,28,206,591
065952605,560,44,316,920
065952606,281,8,96,385
065952607,508,29,225,762
065952608,581,42,230,853
065952609,371,23,230,624
065952610,552,33,259,844
065952611,585,40,267,892
065952612,591,32,336,959
065952613,380,20,162,562
065952614,244,11,155,410
065952701,655,15,138,808
065952702,725,54,332,1111
065952703,317,25,149,491
065952704,432,25,175,632
065952705,28,1,8,37
065952706,66,5,68,139
065952707,340,6,175,521
065952708,170,1,76,247
065952709,341,20,258,619
065952710,199,17,230,446
065952711,284,12,240,536
065952712,206,12,204,422
066020101,128,2,16,146
066020201,208,16,166,390
066020202,73,5,48,126
066020203,105,7,57,169
066020204,29,0,9,38
066020205,47,0,27,74
066020206,28,0,5,33
066020207,50,1,14,65
066020301,608,34,326,968
066020302,247,19,210,476
066020303,14,0,6,20
066020304,252,15,163,430
066020305,18,1,3,22
066020306,41,1,20,62
066020307,11,0,4,15
066020308,557,78,407,1042
066020309,308,20,255,583
066020401,23,0,7,30
066020501,15,1,0,16
066020601,18,0,1,19
066020701,14,0,1,15
066020801,270,13,230,513
066020802,319,24,234,577
066020803,128,8,93,229
066020804,155,3,107,265
066020805,160,4,35,199
066020806,15,2,15,32
066020901,31,5,40,76
066020902,43,0,3,46
066020903,20,0,2,22
066021001,17,0,1,18
066021002,9,0,0,9
066021101,521,37,271,829
066021102,307,22,142,471
066021103,537,33,337,907
066021104,440,26,294,760
066021105,268,11,182,461
066021106,357,13,201,571
066021107,339,15,256,610
066021108,606,52,377,1035
066021109,646,50,351,1047
066021110,11,0,4,15
066021111,479,18,260,757
066021112,388,18,174,580
066021113,465,11,186,662
066021201,73,1,19,93
066021301,111,0,16,127
066021401,61,0,13,74
066021402,55,3,24,82
066021403,92,0,21,113
066021404,51,1,19,71
066021405,69,3,18,90
066021406,66,3,38,107
066021501,1,0,0,1
066021601,335,27,170,532
066021602,257,17,159,433
066021603,629,62,336,1027
066021604,359,22,188,569
066021605,394,14,202,610
066021606,376,14,276,666
066021607,331,17,229,577
066021608,268,15,190,473
066021609,481,21,275,777
066021610,403,14,250,667
066021611,385,39,193,617
066021612,27,0,3,30
066090101,662,45,287,994
066090102,515,35,329,879
066090103,423,17,257,697
066090104,358,6,197,561
066090105,307,7,219,533
066090106,290,20,184,494
066090107,424,40,262,726
066090108,291,19,186,496
066090109,488,23,200,711
066090110,478,30,273,781
066090201,422,20,274,716
066090202,333,10,204,547
066090203,252,7,142,401
066090204,302,9,212,523
066090205,413,15,256,684
066090206,657,25,286,968
066090207,296,12,166,474
066090208,583,24,373,980
066090209,486,18,361,865
066090210,312,10,196,518
066090211,480,17,262,759
066090212,474,23,260,757
066090213,684,50,284,1018
066090214,394,14,185,593
066090215,321,24,166,511
066090301,10,0,1,11
066090302,2,0,6,8
066090303,11,0,4,15
066090304,18,0,15,33
066090401,97,14,89,200
066090402,18,0,6,24
066090403,20,1,6,27
066090404,64,3,28,95
066090501,13,0,10,23
066090502,55,0,21,76
066090503,67,0,15,82
066090601,36,0,30,66
066090602,8,1,2,11
066090603,15,0,8,23
066090604,7,1,3,11
066090605,34,1,13,48
066090606,36,0,15,51
066090607,147,2,37,186
066090608,111,4,41,156
066090609,31,2,7,40
066090610,84,14,49,147
066090611,13,0,14,27
066090612,2,0,1,3
066090613,118,2,26,146
066090701,7,1,1,9
066090702,6,0,2,8
066090703,6,1,3,10
066090704,8,0,1,9
066090705,21,0,22,43
066090801,7,0,0,7
066090802,3,0,2,5
066090803,2,0,0,2
066090804,9,0,3,12
066090901,29,0,15,44
066090902,281,13,212,506
066090903,263,7,206,476
066090904,245,0,125,370
066090905,217,14,114,345
066090906,23,1,8,32
066091001,201,12,194,407
066091002,177,7,129,313
066091003,12,0,7,19
066091004,11,0,12,23
066091005,39,0,17,56
066091006,6,0,2,8
066091007,201,5,118,324
066091101,18,2,12,32
066091102,32,0,9,41
066091201,14,0,13,27
066091202,18,0,13,31
066091301,59,1,94,154
066091302,22,0,3,25
066091303,6,0,3,9
066091304,50,0,7,57
066091305,19,0,6,25
066091306,48,0,4,52
066091401,24,1,4,29
066091402,30,0,11,41
066091501,83,6,68,157
066091502,12,0,4,16
066091503,3,0,4,7
066091601,10,0,5,15
066091602,21,2,4,27
066091603,27,0,5,32
066091604,0,0,0,0
066091701,398,18,261,677
066091702,394,10,223,627
066091703,40,0,8,48
066091704,14,0,16,30
066091705,3,0,2,5
066091706,5,0,5,10
066091707,37,0,24,61
066091708,18,0,8,26
066091709,13,1,3,17
066091801,10,0,22,32
066091802,4,0,0,4
066091901,721,26,371,1118
066091902,286,15,157,458
066091903,501,23,303,827
066091904,296,8,197,501
066091905,265,5,142,412
066091906,392,13,264,669
066091907,482,25,328,835
066091908,584,36,260,880
066091909,434,27,181,642
066160101,33,2,14,49
066160102,34,6,17,57
066160103,44,0,19,63
066160104,82,1,27,110
066160105,30,6,20,56
066160106,3,0,0,3
066160107,59,4,31,94
066160108,29,0,7,36
066160109,18,2,5,25
066160110,37,0,22,59
066160201,13,0,8,21
066160202,12,0,3,15
066160301,390,17,143,550
066160302,443,14,183,640
066160303,327,13,207,547
066160304,407,5,192,604
066160305,350,12,156,518
066160306,186,2,164,352
066160307,267,3,137,407
066160308,70,0,22,92
066160309,186,5,126,317
066230101,432,21,210,663
066230102,459,38,376,873
066230103,605,37,306,948
066230104,509,17,274,800
066230105,468,26,265,759
066230106,471,27,296,794
066230107,478,24,285,787
066230108,521,32,341,894
066230109,441,32,224,697
066230110,264,18,144,426
066230111,369,18,201,588
066230112,354,16,210,580
066230201,341,16,212,569
066230202,303,8,209,520
066230203,411,17,222,650
066230204,389,23,210,622
066230205,310,9,187,506
066230206,380,13,217,610
066230207,358,21,227,606
066230208,371,7,230,608
066230209,457,8,275,740
066230301,231,6,175,412
066230302,535,48,305,888
066230303,257,7,212,476
066230304,219,7,158,384
066230305,343,8,204,555
066230306,329,7,211,547
066230307,270,7,188,465
066230308,309,14,165,488
066230309,302,9,173,484
066230310,318,16,206,540
066230311,332,9,183,524
066230401,447,16,261,724
066230402,425,15,228,668
066230403,356,16,247,619
066230404,366,14,192,572
066230405,484,24,256,764
066230406,579,32,315,926
066230407,428,23,267,718
066230408,600,35,304,939
066230409,513,31,233,777
066230410,425,51,237,713
066230501,400,40,298,738
066230502,318,28,226,572
066230503,427,38,311,776
066230504,459,28,299,786
066230505,555,47,380,982
066230506,548,52,361,961
066230507,638,31,364,1033
066230508,502,22,316,840
066230509,366,30,257,653
066230510,449,45,332,826
066230601,6,0,2,8
066230602,15,0,6,21
066230603,0,0,0,0
066230701,220,3,215,438
066230702,290,22,204,516
066230703,42,0,16,58
066230704,20,0,14,34
066230705,13,1,7,21
066230801,77,3,63,143
066230802,10,0,7,17
066230803,13,0,5,18
066230901,27,0,20,47
066230902,249,15,141,405
066230903,134,7,92,233
066230904,42,3,38,83
066231001,8,0,6,14
066231002,21,0,15,36
066231003,10,0,2,12
066231101,18,2,27,47
066231102,30,2,38,70
066231103,204,8,173,385
066231104,208,16,213,437
066231201,15,1,12,28
066231202,12,0,6,18
066231301,7,0,0,7
066231302,15,0,5,20
066231401,317,21,272,610
066231402,347,16,271,634
066231403,38,0,26,64
066231404,86,1,71,158
066231501,100,1,69,170
066231502,24,0,14,38
066231503,21,0,12,33
066231601,185,7,115,307
066231602,20,2,7,29
066231603,18,1,14,33
066231604,28,0,14,42
066231605,309,9,225,543
066231701,23,1,21,45
066231702,8,0,4,12
066231703,17,0,6,23
066231801,28,0,8,36
066231802,159,5,130,294
066231803,267,7,219,493
066231804,24,0,10,34
066231901,9,0,5,14
066231902,37,1,2,40
066232001,333,15,153,501
066232002,664,51,313,1028
066232003,515,25,156,696
066232004,204,16,68,288
066232005,495,58,204,757
066232006,482,26,212,720
066232007,681,48,330,1059
066232008,593,40,316,949
066232009,599,44,259,902
066232010,404,25,225,654
066232011,952,70,442,1464
066232012,250,27,95,372
066232101,212,12,125,349
066232102,141,2,51,194
066232103,8,0,5,13
066232104,400,6,156,562
066232105,31,0,17,48
066232106,126,16,49,191
066232107,278,5,62,345
066232201,319,31,235,585
066232202,300,26,224,550
066232203,285,32,234,551
066232204,427,24,268,719
066232205,393,38,285,716
066232206,402,29,266,697
066232207,420,40,291,751
066232208,616,26,360,1002
066232209,114,7,73,194
066232210,279,10,157,446
066232211,17,0,9,26
066232212,33,0,14,47
066232213,270,24,184,478
066232214,83,4,50,137
066232301,248,19,170,437
066232302,20,1,9,30
066232303,18,0,14,32
066232304,190,8,87,285
066232305,43,4,22,69
066232306,183,6,165,354
066232401,22,1,16,39
066232402,13,0,1,14
066232403,21,1,16,38
066232404,17,0,1,18
066232501,155,2,128,285
066232502,23,1,15,39
066232503,15,0,11,26
066232504,115,7,61,183
066232505,23,0,5,28
066232506,162,9,100,271
066232601,33,0,27,60
066232602,40,0,28,68
066232701,176,8,152,336
066232702,5,0,3,8
066232703,12,0,18,30
066232704,9,0,6,15
066232801,759,52,309,1120
066232802,681,50,218,949
066232803,293,15,131,439
066232804,516,20,253,789
066232805,479,16,287,782
066232806,654,33,332,1019
066232807,538,39,273,850
066232808,611,36,329,976
066232809,551,56,244,851
066232810,376,14,240,630
066232811,290,15,105,410
066232812,621,37,292,950
066232813,854,49,292,1195
066232901,624,57,278,959
066232902,710,48,219,977
066232903,546,60,208,814
066232904,331,23,132,486
066232905,411,20,229,660
066232906,573,36,243,852
066232907,564,44,259,867
066232908,298,49,168,515
066232909,463,32,188,683
066232910,455,21,189,665
066232911,401,45,154,600
066300101,168,5,68,241
066300201,16,0,13,29
066300202,435,25,227,687
066300203,238,9,128,375
066300204,220,6,151,377
066300205,257,7,168,432
066300301,79,1,20,100
066300401,62,0,31,93
066300501,91,1,49,141
066300601,180,3,94,277
066380101,91,2,21,114
066380102,863,67,346,1276
066380103,505,16,146,667
066380104,228,5,47,280
066380105,307,20,119,446
066380106,670,26,259,955
066380107,572,35,225,832
066380108,822,70,401,1293
066380109,772,53,313,1138
066380110,753,37,325,1115
066380111,1072,49,468,1589
066380112,1255,40,484,1779
066380113,1396,49,533,1978
066380114,539,24,250,813
066380201,564,14,273,851
066380202,645,37,234,916
066380203,495,34,187,716
066380204,786,47,201,1034
066380205,613,33,266,912
066380206,494,33,191,718
066380207,473,22,216,711
066380208,491,32,173,696
066380209,525,41,274,840
066380210,622,41,256,919
066380211,840,58,291,1189
066380212,367,20,198,585
066380213,504,26,215,745
066380214,478,28,184,690
066380301,672,68,375,1115
066380302,769,62,327,1158
066380303,696,24,296,1016
066380304,899,59,447,1405
066380305,362,33,143,538
066380306,347,33,173,553
066380307,258,6,122,386
066380308,252,6,101,359
066380309,1398,38,567,2003
066380310,421,22,132,575
066380311,918,56,397,1371
066380312,990,61,307,1358
066380313,794,53,271,1118
066380401,703,49,205,957
066380402,869,53,288,1210
066380403,600,39,316,955
066380404,407,22,145,574
066380405,994,95,420,1509
066380406,487,17,236,740
066380407,572,36,226,834
066380408,571,32,208,811
066380409,437,25,141,603
066380410,494,34,182,710
066380411,409,21,134,564
066380412,511,10,148,669
066380501,181,3,60,244
066380502,103,6,56,165
066380503,140,5,82,227
066380504,122,2,59,183
066380505,346,10,139,495
066380506,246,8,196,450
066380507,364,36,180,580
066380508,500,15,246,761
066380509,515,31,161,707
066380510,699,32,267,998
066380511,637,36,247,920
066380512,509,41,291,841
066380513,594,52,263,909
066380514,688,43,274,1005
066380601,707,44,235,986
066380602,526,24,174,724
066380603,778,41,262,1081
066380604,817,49,285,1151
066380605,862,45,259,1166
066380606,716,65,290,1071
066380607,653,38,291,982
066380608,386,24,131,541
066380609,256,18,90,364
066380610,781,62,390,1233
066380611,639,56,231,926
066380612,584,18,225,827
066380613,755,30,290,1075
066380614,843,60,405,1308
066380615,661,45,305,1011
066380701,983,84,379,1446
066380702,488,52,209,749
066380703,548,27,250,825
066380704,622,38,284,944
066380705,406,32,182,620
066380706,258,11,130,399
066380707,660,23,288,971
066380708,365,11,144,520
066380709,418,27,151,596
066380710,606,43,254,903
066380711,431,16,172,619
066380712,513,36,223,772
066380713,579,38,217,834
066380801,363,12,115,490
066380802,362,10,137,509
066380803,531,18,218,767
066380804,253,14,141,408
066380805,296,8,88,392
066380806,338,26,137,501
066380807,256,12,104,372
066380808,963,54,291,1308
066380809,254,11,94,359
066380810,320,16,121,457
066380811,319,16,119,454
066380812,253,12,87,352
066380813,224,6,59,289
066380814,232,27,140,399
066380815,72,1,18,91
066380816,330,13,135,478
066380901,301,18,94,413
066380902,273,12,102,387
066380903,508,21,180,709
066380904,344,20,131,495
066380905,570,21,174,765
066380906,693,59,301,1053
066380907,1037,80,459,1576
066380908,634,51,340,1025
066380909,645,56,327,1028
066380910,656,51,200,907
066380911,698,46,306,1050
066380912,634,52,290,976
066380913,857,33,391,1281
066381001,703,55,248,1006
066381002,559,69,238,866
066381003,614,70,212,896
066381004,452,17,305,774
066381005,424,24,194,642
066381006,796,65,354,1215
066381007,761,51,391,1203
066381008,940,49,429,1418
066381009,632,47,288,967
066381010,737,22,399,1158
066381011,523,31,260,814
066381101,272,20,109,401
066381102,293,11,104,408
066381103,964,85,488,1537
066381104,750,71,366,1187
066381105,519,57,264,840
066381106,492,23,250,765
066381107,688,36,217,941
066381108,676,44,317,1037
066381109,588,60,362,1010
066381110,778,46,429,1253
066381111,481,35,175,691
066381112,325,26,158,509
066381201,207,4,60,271
066381202,68,9,17,94
066381203,645,39,322,1006
066381204,166,8,76,250
066381205,848,32,388,1268
066381206,547,28,188,763
066381207,11,1,7,19
066381208,25,0,14,39
066381209,264,8,179,451
066381210,162,10,96,268
066381211,277,8,110,395
066381301,593,18,208,819
066381302,479,49,226,754
066381303,484,23,186,693
066381304,406,16,157,579
066381305,646,50,325,1021
066381306,876,62,431,1369
066381307,817,58,345,1220
066381308,514,31,229,774
066381309,513,39,194,746
066381310,510,62,243,815
066381311,552,41,227,820
066381312,430,9,186,625
066381313,694,26,334,1054
066381314,191,7,48,246
066381315,213,4,64,281
066381316,308,27,134,469
066381317,195,6,70,271
066381318,765,49,265,1079
066381319,375,27,96,498
066381401,274,5,107,386
066381402,394,28,178,600
066381403,819,70,318,1207
066381404,451,45,214,710
066381405,537,42,251,830
066381406,561,36,269,866
066381407,697,62,310,1069
066381408,618,40,306,964
066381409,621,26,291,938
066381501,233,19,68,320
066381502,254,13,114,381
066381503,571,40,271,882
066381504,627,56,257,940
066381505,351,13,135,499
066381506,592,22,219,833
066381507,803,71,349,1223
066381508,823,68,320,1211
066381509,649,67,208,924
066381510,704,53,315,1072
066381511,502,15,296,813
066381512,747,62,344,1153
066381513,788,43,331,1162
066381514,557,57,234,848
066381601,575,26,204,805
066381602,292,8,109,409
066381603,567,32,196,795
066381604,361,20,150,531
066381605,288,18,118,424
066381606,529,24,200,753
066381607,597,32,246,875
066381608,487,23,199,709
066381609,526,40,180,746
066381610,577,51,265,893
066381611,565,32,273,870
066381701,506,25,244,775
066381702,351,11,141,503
066381703,497,28,153,678
066381704,491,32,210,733
066381705,358,24,179,561
066381706,278,10,118,406
066381707,423,13,144,580
066381708,474,12,202,688
066381709,218,4,74,296
066381710,311,2,117,430
066381711,279,9,63,351
066381712,616,30,233,879
066381713,618,15,235,868
066381714,492,20,165,677
066381801,1580,89,616,2285
066381802,726,69,313,1108
066381803,696,60,313,1069
066381804,716,31,236,983
066381805,251,18,96,365
066381806,573,47,220,840
066381807,579,34,227,840
066381808,650,53,222,925
066381809,470,34,236,740
066381810,341,16,98,455
066381901,593,18,140,751
066381902,820,44,241,1105
066381903,524,28,199,751
066381904,295,36,112,443
066381905,808,18,264,1090
066381906,269,7,60,336
066382001,41,0,8,49
066382002,474,19,171,664
066382003,549,22,180,751
066382004,52,1,11,64
066382005,345,28,156,529
066382006,312,25,107,444
066382007,379,33,153,565
066382008,307,8,89,404
066382009,403,29,150,582
066382101,186,11,76,273
066382102,117,7,30,154
066382103,112,9,50,171
066382104,511,15,201,727
066382105,123,4,42,169
066382106,29,0,9,38
066382107,458,7,199,664
066382108,3,1,2,6
066382201,1030,82,402,1514
066382202,466,33,187,686
066382203,486,45,151,682
066382204,642,43,334,1019
066382205,555,37,200,792
066382206,1118,96,433,1647
066382207,350,28,182,560
066382208,531,56,276,863
066382209,485,32,170,687
066382210,317,18,88,423
066382211,289,13,133,435
066382212,280,14,91,385
066382213,434,27,155,616
066382214,730,62,299,1091
066382301,357,25,164,546
066382302,495,19,197,711
066382303,122,1,47,170
066382304,375,7,119,501
066382305,11,0,2,13
066382306,52,0,19,71
066382307,100,1,28,129
066440101,103,0,46,149
066440102,77,7,42,126
066440103,148,11,62,221
066440104,44,4,31,79
066440105,46,3,18,67
066440106,79,1,34,114
066440107,59,3,40,102
066440108,31,0,7,38
066440109,19,1,7,27
066440110,37,2,25,64
066440111,39,1,12,52
066440201,318,7,150,475
066440202,147,3,78,228
066440203,73,2,13,88
066440204,47,5,12,64
066440205,46,4,15,65
066440206,106,2,55,163
066440207,134,9,81,224
066440208,105,6,45,156
066440301,368,23,172,563
066440302,262,15,104,381
066440303,7,2,1,10
066440304,249,21,130,400
066440305,134,6,76,216
066440306,52,0,43,95
066440307,106,3,74,183
066440308,52,5,12,69
066440309,50,6,24,80
066440310,44,3,21,68
066440311,90,4,32,126
066440312,40,0,12,52
066440313,122,4,62,188
066440314,27,0,17,44
066440315,25,0,5,30
066440316,22,0,8,30
066440401,90,8,63,161
066440402,100,2,50,152
066440403,72,7,42,121
066440404,48,0,47,95
066440405,83,4,37,124
066440406,42,2,11,55
066440407,65,1,32,98
066440408,48,1,14,63
066440501,64,2,21,87
066440502,229,10,97,336
066440503,352,27,168,547
066440504,267,34,109,410
066440505,687,55,315,1057
066440506,584,46,272,902
066440507,300,19,130,449
066440508,120,7,68,195
066440509,117,6,78,201
066440510,60,6,22,88
066440511,67,3,23,93
066440512,91,1,41,133
066440513,29,4,15,48
066440601,374,37,193,604
066440602,237,14,130,381
066440603,219,12,92,323
066440604,164,14,88,266
066440605,103,11,83,197
066440606,188,17,79,284
066440607,304,10,130,444
066440608,446,36,167,649
066440609,396,42,150,588
066440610,339,25,146,510
066440611,146,2,60,208
066440612,480,44,220,744
066440613,404,34,174,612
066440614,263,18,105,386
066440615,381,29,166,576
066440616,154,11,81,246
066440617,81,3,45,129
066440618,87,2,39,128
066440619,115,11,80,206
066440620,130,14,101,245
066440621,130,4,70,204
066440622,236,13,108,357
066480101,634,63,285,982
066480102,576,55,253,884
066480103,709,40,389,1138
066480104,556,23,317,896
066480105,577,47,322,946
066480106,589,24,264,877
066480107,475,14,200,689
066480108,438,33,249,720
066480109,468,42,183,693
066480110,703,78,473,1254
066480111,586,48,371,1005
066480112,661,106,299,1066
066480113,551,29,331,911
066480114,780,62,367,1209
066480115,437,43,214,694
066480116,435,39,223,697
066480117,436,39,213,688
066480118,475,38,264,777
066480119,518,34,250,802
066480201,653,63,293,1009
066480202,427,22,187,636
066480203,274,3,104,381
066480204,464,49,291,804
066480205,436,32,271,739
066480206,440,48,194,682
066480207,704,75,298,1077
066480208,617,50,345,1012
066480209,540,67,300,907
066480210,665,56,400,1121
066480211,416,26,178,620
066480212,627,52,277,956
066480213,678,19,338,1035
066480301,480,32,297,809
066480302,591,48,306,945
066480303,118,14,44,176
066480304,486,44,331,861
066480305,409,11,208,628
066480306,437,29,262,728
066480307,441,36,162,639
066480308,802,85,326,1213
066480309,683,60,373,1116
066480310,657,54,362,1073
066480311,393,22,185,600
066480312,531,47,263,841
066480313,311,6,127,444
066480314,196,9,75,280
066480315,566,33,281,880
066480316,208,5,85,298
066480401,548,32,184,764
066480402,417,39,190,646
066480403,538,49,253,840
066480404,517,79,246,842
066480405,20,2,12,34
066480406,447,24,180,651
066480407,64,2,21,87
066480408,7,0,6,13
066480409,62,0,12,74
066480410,74,0,14,88
066480411,81,5,31,117
066480501,396,26,164,586
066480502,642,48,373,1063
066480503,415,31,212,658
066480504,478,31,312,821
066480505,458,37,215,710
066480506,761,73,377,1211
066480507,758,39,505,1302
066480508,439,63,206,708
066480509,718,42,388,1148
066480510,499,32,180,711
066480511,573,57,339,969
066480512,466,20,184,670
066480513,729,71,406,1206
066480514,461,37,251,749
066510101,13,0,4,17
066510102,8,0,5,13
066510103,46,1,0,47
066510104,350,15,127,492
066510105,379,11,166,556
066510106,247,9,134,390
066510107,221,1,134,356
066510108,463,11,232,706
066510109,314,3,156,473
066510110,304,14,221,539
066510111,202,6,152,360
066510112,15,0,1,16
066510201,20,0,2,22
066510301,21,0,3,24
066510302,11,0,7,18
066510303,12,0,1,13
066510304,15,0,0,15
066510401,16,0,3,19
066510402,8,0,5,13
066510403,23,0,9,32
066510404,17,0,4,21
066510405,9,0,1,10
066510406,3,0,3,6
066510407,20,0,12,32
066510501,5,0,1,6
066510502,7,0,1,8
066510503,9,1,7,17
066510504,288,17,106,411
066510505,271,5,144,420
066510506,354,14,276,644
066510507,251,17,194,462
066510508,378,13,304,695
066510509,382,7,261,650
066510510,306,13,216,535
066510511,487,13,225,725
066510601,12,0,0,12
066510602,13,0,1,14
066510603,11,0,5,16
066510604,11,0,7,18
066510605,4,0,2,6
066510606,14,1,11,26
066510607,16,1,11,28
066510608,5,0,0,5
066510609,12,0,2,14
066510610,10,0,3,13
066510701,168,15,83,266
066510702,17,1,8,26
066510703,8,0,7,15
066510704,11,0,4,15
066510705,5,0,3,8
066510706,10,0,4,14
066510707,18,0,5,23
066510708,7,2,4,13
066510709,4,0,1,5
066510710,8,0,1,9
066510711,7,0,2,9
066510712,12,1,1,14
066510713,17,0,11,28
066510714,261,10,211,482
066510715,294,14,212,520
066510716,124,2,98,224
066510801,104,7,75,186
066510802,160,2,96,258
066510803,1,0,1,2
066510804,8,0,3,11
066510805,4,1,2,7
066510806,5,0,1,6
066510807,5,0,0,5
066510808,22,0,3,25
066510809,13,0,4,17
066510810,19,0,4,23
066510811,5,1,2,8
066510812,5,0,1,6
066510813,11,0,2,13
066510814,9,0,2,11
066510815,9,0,1,10
066510816,4,0,0,4
066510817,16,0,7,23
066510818,193,9,131,333
066510901,9,0,12,21
066510902,20,0,12,32
066511001,67,2,44,113
066511002,6,0,0,6
066511003,14,1,5,20
066511004,8,0,2,10
066511005,6,0,1,7
066511101,12,0,7,19
066511102,7,0,2,9
066511103,11,0,2,13
066511104,9,0,9,18
066511201,8,0,3,11
066511202,12,0,9,21
066511203,16,0,5,21
066511301,3,0,3,6
066511302,46,1,23,70
066511303,18,1,9,28
066511304,25,0,5,30
066511305,14,0,4,18
066511306,29,0,5,34
066511307,19,1,8,28
066511308,147,3,93,243
066511309,175,6,104,285
066511310,76,2,69,147
066511311,21,0,12,33
066511312,9,0,12,21
066550101,31,0,21,52
066550102,26,0,6,32
066550103,58,1,27,86
066550104,48,0,20,68
066550105,59,1,56,116
066550106,40,0,2,42
066550201,50,0,31,81
066550202,342,24,169,535
066550203,283,9,174,466
066550204,386,13,247,646
066550205,342,18,203,563
066550206,254,18,124,396
066550207,37,0,21,58
066550208,42,0,5,47
066550209,110,8,51,169
066550210,169,5,133,307
066550211,225,11,159,395
066550301,53,2,29,84
066550302,37,3,26,66
066550303,64,2,23,89
066550304,47,0,36,83
066550305,71,2,59,132
066550306,73,2,41,116
066550307,63,0,17,80
066550308,151,19,96,266
066550309,403,21,217,641
066550310,324,47,208,579
066550311,532,24,354,910
066550312,243,7,161,411
066650101,311,31,227,569
066650102,267,25,207,499
066650103,10,0,9,19
066650104,16,0,11,27
066650105,89,6,56,151
066650201,34,3,17,54
066650202,360,11,313,684
066650203,498,22,415,935
066650204,399,13,309,721
066650205,651,33,416,1100
066650206,335,24,234,593
066650207,409,22,362,793
066650208,458,32,216,706
066650209,50,1,21,72
066650301,20,1,18,39
066650302,427,41,253,721
066650303,336,27,224,587
066650304,18,0,26,44
066650305,222,15,144,381
066650306,290,9,147,446
066650307,212,15,128,355
066650308,142,9,99,250
066650309,491,16,261,768
066650310,634,26,405,1065
066650311,53,2,25,80
066650401,148,10,138,296
066650402,75,3,46,124
066650403,35,0,18,53
066650404,22,0,15,37
066650501,16,0,9,25
066650502,43,1,20,64
066650503,42,0,31,73
066650601,19,1,11,31
066650701,45,6,34,85
066650801,25,0,3,28
066650901,40,1,24,65
066651001,419,18,299,736
066651002,493,30,281,804
066651003,20,0,14,34
066651004,28,0,19,47
066651005,8,0,11,19
066651006,11,0,11,22
066651007,440,17,326,783
066651008,559,28,376,963
066651101,37,2,22,61
066651201,0,0,0,0
066651202,2,0,0,2
066651301,10,5,1,16
066651302,0,0,0,0
066651303,425,20,332,777
066651304,406,49,332,787
066651305,603,47,393,1043
066651306,619,32,432,1083
066651307,370,18,268,656
066651308,404,36,229,669
066651309,602,35,362,999
066651310,399,23,326,748
066651311,507,40,343,890
066651312,630,47,541,1218
066720101,10,0,9,19
066720102,26,1,15,42
066720103,8,0,7,15
066720104,24,0,7,31
066720201,18,0,9,27
066720202,18,0,15,33
066720301,6,0,1,7
066720302,17,0,18,35
066720303,14,0,7,21
066720401,21,1,6,28
066720402,26,0,8,34
066720403,70,1,20,91
066720404,23,0,8,31
066720501,13,0,9,22
066720502,8,0,3,11
066720503,9,0,6,15
066720504,7,0,3,10
066720601,8,0,6,14
066720602,13,0,8,21
066720603,5,1,2,8
066720604,8,0,5,13
066720701,52,1,19,72
066720702,43,0,7,50
066720801,17,0,10,27
066720802,20,1,5,26
066720901,29,0,9,38
066720902,23,0,3,26
066720903,20,0,8,28
066721001,29,0,8,37
066721002,23,0,12,35
066721101,10,0,6,16
066721102,18,0,6,24
066721103,25,0,8,33
066721104,19,0,11,30
066721201,736,41,344,1121
066721202,333,12,225,570
066721203,458,12,263,733
066721204,463,23,310,796
066721205,443,13,250,706
066721206,415,1,291,707
066721207,477,11,303,791
066721208,474,15,326,815
066721209,415,8,187,610
066721210,1113,35,429,1577
066721211,33,0,7,40
066721212,53,5,34,92
066721213,20,1,10,31
066721214,274,13,139,426
066721215,408,9,216,633
066721216,441,20,239,700
066721301,15,0,7,22
066721302,17,0,4,21
066721303,26,0,15,41
066721401,12,0,4,16
066721402,65,2,40,107
066721403,113,1,30,144
066790101,112,3,77,192
066790102,30,0,15,45
066790103,25,1,10,36
066790104,14,0,12,26
066790105,94,11,106,211
066790201,23,0,10,33
066790202,16,0,8,24
066790301,33,0,15,48
066790302,237,5,117,359
066790303,220,8,145,373
066790304,140,1,122,263
066790305,136,3,111,250
066790306,25,0,10,35
066790401,7,0,3,10
066790402,23,0,8,31
066790403,15,0,8,23
066790404,15,0,5,20
066790405,6,0,3,9
066790501,6,0,3,9
066790502,33,0,22,55
066790503,16,0,8,24
066790601,609,37,264,910
066790602,377,20,239,636
066790603,309,17,201,527
066790604,406,24,150,580
066790605,629,20,288,937
066790606,443,25,205,673
066790607,426,4,253,683
066790608,287,26,126,439
066790609,297,6,255,558
066790610,428,11,244,683
066790611,349,10,239,598
066790612,298,8,193,499
066790613,295,17,216,528
066790701,18,0,5,23
066790702,21,1,5,27
066790801,25,0,13,38
066790802,39,1,20,60
066790901,226,5,143,374
066790902,48,1,15,64
066790903,25,0,16,41
066790904,120,4,75,199
066790905,238,4,132,374
066791001,423,24,229,676
066791002,20,0,2,22
066791003,34,0,14,48
066791101,24,1,17,42
066791102,55,1,29,85
066791103,22,1,11,34
066791201,109,3,80,192
066791202,15,1,12,28
066791203,29,0,10,39
066791204,40,0,16,56
066791205,4,0,1,5
066791206,40,0,18,58
066860101,284,23,172,479
066860102,658,46,338,1042
066860103,451,24,310,785
066860104,427,24,296,747
066860105,307,16,233,556
066860106,311,9,245,565
066860107,312,10,180,502
066860108,263,14,248,525
066860109,276,8,239,523
066860110,462,34,293,789
066860201,313,13,252,578
066860202,186,6,124,316
066860203,41,1,23,65
066860204,2,0,2,4
066860205,3,0,2,5
066860206,5,0,5,10
066860207,2,0,3,5
066860208,8,0,1,9
066860209,13,0,9,22
066860210,2,0,0,2
066860301,20,0,13,33
066860302,27,1,16,44
066860303,30,0,2,32
066860304,30,0,23,53
066860401,7,0,0,7
066860402,12,0,9,21
066860403,4,0,4,8
066860501,15,0,11,26
066860502,12,0,13,25
066860601,286,18,162,466
066860602,74,3,65,142
066860603,38,0,19,57
066860604,33,0,10,43
066860605,15,1,19,35
066860606,20,1,9,30
066860607,14,0,6,20
066860608,264,18,132,414
066860609,282,22,145,449
066860701,32,1,11,44
066860702,14,1,4,19
066860703,26,0,6,32
066860704,3,0,2,5
066860705,11,0,6,17
066860706,17,0,9,26
066860707,20,1,12,33
066860801,13,0,6,19
066860802,10,0,3,13
066860803,13,1,5,19
066860804,13,0,6,19
066860805,41,1,35,77
066860901,12,0,3,15
066860902,9,0,2,11
066860903,10,0,12,22
066861001,7,0,3,10
066861002,55,2,26,83
066861003,20,0,14,34
066861101,400,15,320,735
066861102,13,0,5,18
066861103,15,0,10,25
066861201,10,1,9,20
066861202,6,0,3,9
066861203,33,1,8,42
066861204,12,0,1,13
066861301,246,8,96,350
066861302,322,30,170,522
066861303,289,17,151,457
066861304,389,41,233,663
066861305,447,29,209,685
066861306,291,26,143,460
066861307,325,36,198,559
066861308,231,11,130,372
066861309,370,15,278,663
066861310,372,17,249,638
066861311,289,20,245,554
066861312,271,12,288,571
066861313,374,6,232,612
066861314,269,15,136,420
066930101,35,3,76,114
066930102,24,0,22,46
066930201,50,0,17,67
066930202,39,1,50,90
066930203,21,0,14,35
066930301,70,1,59,130
066930302,41,0,30,71
066930303,99,3,33,135
066930304,71,4,33,108
066930305,208,8,108,324
066930306,252,3,133,388
066930307,567,9,345,921
066930308,278,9,211,498
066930309,212,1,156,369
066930310,238,6,141,385
066930311,629,13,307,949
066930312,297,3,189,489
066930313,361,7,193,561
066930314,292,11,143,446
066930315,6,0,3,9
066930316,559,26,249,834
066930317,305,6,216,527
066930318,325,6,209,540
066930319,443,20,195,658
066930401,91,5,60,156
066930402,54,0,41,95
066930501,25,0,13,38
066930502,34,5,18,57
066930601,26,0,9,35
066930602,22,0,17,39
066930603,13,0,15,28
066930604,31,0,13,44
066930701,24,0,18,42
066930702,23,0,17,40
066930703,93,1,89,183
066930704,65,2,45,112
067000101,119,7,110,236
067000102,220,19,157,396
067000103,10,0,3,13
067000104,11,0,3,14
067000105,14,0,5,19
067000106,11,0,2,13
067000107,21,0,4,25
067000108,10,0,0,10
067000109,4,0,0,4
067000110,255,8,127,390
067000201,15,0,10,25
067000202,13,0,11,24
067000203,6,0,5,11
067000204,111,4,70,185
067000205,302,10,105,417
067000206,306,14,163,483
067000207,181,3,121,305
067000208,219,8,149,376
067000209,426,7,285,718
067000210,269,10,142,421
067000211,362,20,157,539
067000212,342,28,161,531
067000213,374,8,239,621
067000214,440,19,212,671
067000215,522,18,181,721
067000216,505,17,161,683
067000301,7,0,3,10
067000302,14,0,1,15
067000303,7,0,1,8
067000401,31,1,7,39
067000402,19,1,5,25
067000501,79,4,69,152
067000502,7,1,7,15
067000503,12,0,4,16
067000504,9,1,5,15
067000505,25,0,9,34
067000601,7,0,0,7
067000602,17,1,6,24
067000603,165,12,147,324
067000604,312,11,193,516
067000605,309,15,173,497
067000606,252,17,113,382
067000701,230,10,165,405
067000702,14,0,2,16
067000703,14,0,4,18
067000704,9,0,9,18
067000705,23,0,10,33
067000706,14,0,2,16
067000707,14,1,7,22
067000801,12,0,1,13
067000802,11,0,1,12
067000803,8,0,0,8
067000804,14,0,3,17
067000805,7,0,0,7
067000806,5,0,1,6
067000807,12,0,1,13
067000808,0,0,0,0
067000809,11,0,0,11
067000901,6,0,3,9
067000902,9,0,0,9
067000903,7,0,0,7
067000904,11,0,4,15
067001001,9,0,0,9
067001002,12,0,6,18
067001003,63,6,41,110
067001004,5,0,4,9
067001101,19,0,10,29
067001102,9,0,1,10
067001201,9,0,8,17
067001202,30,1,2,33
067001203,12,0,5,17
067001204,349,12,155,516
067001205,309,22,118,449
067001206,185,6,112,303
067001207,365,24,229,618
067001208,2,0,0,2
067001209,301,16,117,434
067001210,358,15,184,557
067001211,494,9,237,740
067001212,457,18,279,754
067001213,255,9,140,404
067070101,580,18,291,889
067070102,693,37,396,1126
067070103,319,8,177,504
067070104,347,6,205,558
067070105,470,18,343,831
067070106,531,23,357,911
067070107,349,10,236,595
067070108,248,9,212,469
067070109,359,15,264,638
067070110,317,5,184,506
067070111,195,6,129,330
067070112,364,14,183,561
067070113,394,18,235,647
067070114,229,8,116,353
067070115,343,16,215,574
067070116,274,12,164,450
067070117,436,17,256,709
067070201,28,0,8,36
067070202,63,0,19,82
067070301,128,1,63,192
067070401,211,2,128,341
067070402,158,1,78,237
067070403,420,11,221,652
067070404,73,3,51,127
067070405,481,11,179,671
067070501,99,3,79,181
067070502,51,1,18,70
067070503,47,0,31,78
067070504,64,0,41,105
067070601,15,0,4,19
067070602,51,2,34,87
067070603,179,7,117,303
067070604,165,1,173,339
067070605,193,8,107,308
067070606,75,0,57,132
067070607,196,10,121,327
067070608,49,2,27,78
067070701,3,0,2,5
067070702,65,0,29,94
067070801,92,2,72,166
067070802,78,2,47,127
067070803,67,0,29,96
067070901,106,0,34,140
067070902,103,1,53,157
067070903,40,0,23,63
067071001,35,0,24,59
067071002,58,0,19,77
067071101,540,27,297,864
067071102,527,26,263,816
067071103,372,11,210,593
067071104,594,18,292,904
067071105,391,14,209,614
067071106,363,8,216,587
067071107,362,6,260,628
067071108,386,21,268,675
067071109,247,6,204,457
067071110,510,29,313,852
067071111,311,17,229,557
067071112,317,11,192,520
067071113,534,12,275,821
067140101,582,25,325,932
067140102,461,19,329,809
067140103,382,10,283,675
067140104,348,4,335,687
067140105,464,14,346,824
067140106,401,9,257,667
067140107,450,16,292,758
067140108,387,11,289,687
067140109,355,7,231,593
067140110,477,17,343,837
067140111,297,21,171,489
067140112,364,15,277,656
067140113,288,16,167,471
067140114,459,31,273,763
067140115,323,7,157,487
067140201,5,0,11,16
067140202,25,0,9,34
067140203,15,0,9,24
067140204,9,0,6,15
067140205,10,0,7,17
067140206,15,0,1,16
067140207,18,2,5,25
067140301,764,21,624,1409
067140302,11,0,6,17
067140303,2,0,5,7
067140304,11,0,5,16
067140305,9,0,9,18
067140306,5,0,1,6
067140401,23,1,6,30
067140402,23,0,10,33
067140403,25,1,18,44
067140404,12,0,7,19
067140501,273,11,232,516
067140502,19,0,10,29
067140503,33,0,16,49
067140504,97,4,58,159
067140505,40,1,28,69
067140601,550,21,285,856
067140602,577,37,273,887
067140603,198,8,95,301
067140604,440,35,170,645
067140605,442,22,235,699
067140606,341,7,191,539
067140607,351,24,214,589
067140608,509,29,169,707
067140609,386,28,196,610
067140610,261,15,138,414
067140611,444,15,245,704
067140612,389,30,260,679
067140613,736,45,334,1115
067140614,18,1,1,20
067140615,193,10,116,319
067140616,334,16,219,569
067140617,430,24,267,721
067140701,10,0,3,13
067140702,84,4,58,146
067140703,14,0,7,21
067140801,157,3,143,303
067140802,5,0,4,9
067140803,15,0,0,15
067140804,58,3,40,101
067140805,28,0,10,38
067140806,98,1,60,159
067140807,12,0,8,20
067140808,17,0,6,23
067140809,259,2,185,446
067140901,57,2,74,133
067140902,19,0,8,27
067140903,19,0,2,21
067140904,31,0,9,40
067140905,9,0,1,10
067140906,19,0,8,27
067210101,306,12,190,508
067210102,32,0,18,50
067210103,25,0,9,34
067210104,42,0,19,61
067210201,294,8,182,484
067210202,123,1,73,197
067210203,260,3,153,416
067210204,524,20,284,828
067210205,499,10,254,763
067210206,392,20,162,574
067210207,439,23,165,627
067210208,9,0,8,17
067210209,27,0,7,34
067210210,3,1,4,8
067210211,21,1,6,28
067210212,17,0,5,22
067210213,19,0,9,28
067210214,390,17,146,553
067210215,366,6,130,502
067210216,306,11,132,449
067210217,316,11,167,494
067280101,506,13,217,736
067280102,95,5,30,130
067280201,136,6,105,247
067280202,115,1,47,163
067280203,36,0,11,47
067280204,17,0,12,29
067280301,23,1,6,30
067280302,21,0,8,29
067280303,42,0,17,59
067280304,12,1,6,19
067280401,24,2,18,44
067280402,3,0,5,8
067280403,6,0,0,6
067280501,25,0,13,38
067280502,17,1,1,19
067280503,15,0,15,30
067280601,12,0,5,17
067280602,19,1,17,37
067280603,4,0,2,6
067280701,16,0,12,28
067280702,14,0,6,20
067280703,50,1,32,83
067280801,52,3,30,85
067280802,28,0,23,51
067280803,26,0,8,34
067280901,201,3,61,265
067280902,139,2,73,214
067280903,205,2,85,292
067280904,449,16,149,614
067281001,343,21,143,507
067281002,226,7,149,382
067281003,411,26,235,672
067281004,221,5,149,375
067281005,207,1,124,332
067281006,194,3,128,325
067281007,236,5,143,384
067281008,247,11,161,419
067281009,260,6,159,425
067281010,362,24,212,598
067281011,320,16,229,565
067281012,218,7,139,364
067281013,313,7,170,490
067281014,226,11,163,400
067281015,268,3,150,421
067281016,262,4,187,453
067281017,259,10,152,421
067281018,364,17,241,622
067281019,435,20,286,741
067281020,413,15,241,669
067281021,443,7,204,654
067281022,519,24,187,730
067281023,91,4,45,140
067281024,423,25,253,701
067281025,84,2,35,121
067281026,19,0,4,23
067281101,9,0,3,12
067281102,55,1,27,83
067281103,37,1,18,56
067281201,39,0,11,50
067281202,29,1,12,42
067281301,218,9,151,378
067281302,52,2,17,71
067281303,30,0,16,46
067281401,58,0,45,103
067281402,282,2,143,427
067281403,55,6,19,80
067281404,32,1,27,60
067281405,53,0,34,87
067281406,89,3,33,125
067281407,34,0,8,42
067281408,34,0,29,63
067281501,79,3,34,116
067281502,28,1,18,47
067281503,21,2,19,42
067281601,17,0,2,19
067281602,10,0,7,17
067281603,27,0,5,32
067350101,262,13,107,382
067350102,279,16,86,381
067350103,392,18,217,627
067350104,303,9,219,531
067350105,555,18,336,909
067350106,523,11,334,868
067350107,422,20,317,759
067350108,301,13,221,535
067350109,636,15,313,964
067350110,632,29,300,961
067350201,297,6,147,450
067350202,41,0,12,53
067350203,5,0,2,7
067350204,84,3,16,103
067350205,82,0,21,103
067350206,50,0,15,65
067350207,34,1,15,50
067350208,26,1,0,27
067350301,242,9,137,388
067350302,36,0,16,52
067350303,21,0,15,36
067350304,27,0,12,39
067350305,46,0,16,62
067350306,69,3,14,86
067350307,35,1,29,65
067350308,292,10,167,469
067350401,26,1,11,38
067350402,90,3,39,132
067350403,45,0,4,49
067350404,224,1,79,304
067350501,13,0,6,19
067350502,5,0,4,9
067350503,22,2,9,33
067350504,3,0,0,3
067350601,27,0,2,29
067350602,13,0,3,16
067350603,4,0,0,4
067350701,373,11,187,571
067350702,630,22,252,904
067350703,689,24,327,1040
067350704,259,8,96,363
067350705,592,24,268,884
067350706,755,55,272,1082
067350707,561,16,282,859
067350708,524,23,296,843
067350709,452,19,316,787
067350710,444,15,225,684
067420101,32,1,3,36
067420201,77,1,35,113
067420301,40,0,22,62
067420401,434,20,294,748
067420402,424,19,257,700
067420403,287,10,208,505
067420404,326,5,240,571
067420405,259,9,238,506
067420406,234,5,180,419
067420407,370,33,212,615
067420408,277,13,113,403
067420409,40,9,27,76
067420410,134,1,107,242
067420411,2,0,0,2
067420412,5,1,1,7
067420413,363,20,221,604
067420414,253,9,175,437
067420501,38,0,23,61
067420601,13,0,6,19
067420701,19,0,19,38
067420702,85,1,24,110
067420801,50,2,14,66
067420901,66,0,23,89
067421001,29,1,13,43
067421002,112,2,37,151
067630101,528,38,289,855
067630102,405,21,314,740
067630103,532,19,418,969
067630104,498,38,318,854
067630105,471,31,300,802
067630106,264,9,176,449
067630107,275,9,161,445
067630108,463,13,262,738
067630109,552,26,295,873
067630110,357,28,334,719
067630111,533,15,283,831
067630112,309,17,186,512
067630113,408,38,265,711
067630114,402,11,249,662
067630115,570,31,371,972
067630201,141,6,93,240
067630202,109,3,49,161
067630203,297,32,244,573
067630204,452,45,309,806
067630205,641,43,402,1086
067630206,468,28,295,791
067630207,429,13,216,658
067630208,219,11,128,358
067630209,397,43,307,747
067630210,432,29,279,740
067630211,466,26,295,787
067630212,180,7,116,303
067630213,123,3,64,190
067630301,426,12,245,683
067630302,484,8,227,719
067630303,290,5,153,448
067630304,392,15,243,650
067630305,331,8,135,474
067630306,425,14,177,616
067630307,542,20,251,813
067630308,476,23,291,790
067630309,577,39,348,964
067630310,336,18,215,569
067630311,357,22,272,651
067630401,465,23,269,757
067630402,561,31,316,908
067630403,455,24,289,768
067630404,331,17,198,546
067630405,454,32,316,802
067630406,434,30,272,736
067630407,293,42,161,496
067630408,501,36,184,721
067630409,451,36,256,743
067630410,258,25,202,485
067630501,304,23,261,588
067630502,452,27,259,738
067630503,382,22,219,623
067630504,200,18,153,371
067630505,383,20,207,610
067630506,551,54,326,931
067630507,499,31,289,819
067630508,380,24,193,597
067630509,424,39,230,693
067630510,368,25,303,696
067630511,719,38,371,1128
067630512,209,11,135,355
067630513,520,57,309,886
067630514,591,51,325,967
067630515,401,32,250,683
067630516,323,26,213,562
067630517,437,28,266,731
067630518,481,27,274,782
067630601,649,61,379,1089
067630602,427,18,277,722
067630603,385,36,404,825
067630604,579,39,359,977
067630605,437,30,296,763
067630606,535,48,386,969
067630607,661,57,339,1057
067630608,630,60,433,1123
067630609,462,44,232,738
067630610,480,37,317,834
067630611,418,47,313,778
067630612,410,28,263,701
067630613,473,48,310,831
067630614,581,32,325,938
067630615,617,63,444,1124
067630701,45,2,16,63
067630702,407,34,273,714
067630703,640,62,359,1061
067630704,500,30,285,815
067630705,449,44,289,782
067630706,701,50,443,1194
067630707,550,54,281,885
067630708,438,20,248,706
067630709,351,26,179,556
067630710,787,82,402,1271
067630711,871,65,464,1400
067630712,255,17,139,411
067630801,376,25,207,608
067630802,530,40,258,828
067630803,354,24,217,595
067630804,699,46,386,1131
067630805,505,44,286,835
067630806,475,45,298,818
067630807,507,27,216,750
067630808,606,53,337,996
067630809,598,75,335,1008
067630810,411,39,231,681
067630811,417,37,249,703
067630812,202,21,140,363
067630813,438,33,268,739
067630901,333,16,240,589
067630902,263,27,225,515
067630903,134,6,130,270
067630904,144,2,99,245
067631001,20,0,17,37
067631002,5,0,3,8
067631101,489,44,435,968
067631102,555,48,421,1024
067631103,13,0,23,36
067631201,159,10,199,368
067631202,23,1,21,45
067631203,25,0,19,44
067631301,6,0,6,12
067631302,25,1,20,46
067631401,340,26,318,684
067631402,13,0,11,24
067631403,20,0,23,43
067631501,23,1,20,44
067631601,267,7,173,447
067631602,296,5,249,550
067631603,21,1,23,45
067631701,585,34,338,957
067631702,335,22,274,631
067631703,437,21,270,728
067631704,586,28,322,936
067631705,403,35,301,739
067631706,449,45,303,797
067631707,702,60,444,1206
067631708,350,23,248,621
067631709,395,17,259,671
067631801,543,43,301,887
067631802,408,26,295,729
067631803,588,31,278,897
067631804,334,51,207,592
067631805,387,19,150,556
067631806,348,15,117,480
067631807,232,34,216,482
067631808,310,10,149,469
067631809,259,14,242,515
067631810,484,19,372,875
067631811,419,28,275,722
067631812,230,6,151,387
067631813,19,0,8,27
067631814,451,43,284,778
067631815,290,31,136,457
067631816,334,25,168,527
067631901,13,3,20,36
067631902,22,0,2,24
067631903,85,5,72,162
067631904,33,4,25,62
067631905,492,46,366,904
067631906,258,15,170,443
067631907,21,1,18,40
067631908,47,3,63,113
067631909,379,32,276,687
067631910,318,24,304,646
067631911,235,21,191,447
067632001,173,5,53,231
067632002,135,15,73,223
067632003,390,28,163,581
067632004,74,2,27,103
067632005,139,7,69,215
067632006,526,39,376,941
067632007,222,16,158,396
067632008,553,54,444,1051
067632009,402,32,343,777
067632010,366,14,222,602
067632011,264,25,178,467
067632012,374,27,210,611
067632013,415,48,252,715
067632101,13,1,2,16
067700101,166,23,95,284
067700102,288,32,205,525
067700103,762,71,411,1244
067700104,494,63,367,924
067700105,562,47,408,1017
067700106,553,32,312,897
067700107,500,34,325,859
067700108,360,12,230,602
067700109,335,14,247,596
067700110,363,29,217,609
067700111,483,44,301,828
067700201,11,1,11,23
067700202,69,9,44,122
067700203,58,1,29,88
067700204,20,0,20,40
067700205,454,45,309,808
067700206,241,15,169,425
067700207,374,32,238,644
067700208,22,1,17,40
067700301,27,2,13,42
067700302,3,0,5,8
067700303,8,0,5,13
067700304,9,0,5,14
067700305,3,0,4,7
067700401,14,0,5,19
067700402,9,0,7,16
067700403,15,0,1,16
067700404,8,0,4,12
067700501,4,0,0,4
067700502,1,0,0,1
067700503,6,0,0,6
067700504,9,0,1,10
067700601,6,0,1,7
067700602,16,0,10,26
067700701,15,0,8,23
067700702,2,0,1,3
067700703,2,0,0,2
067700704,7,0,4,11
067700705,11,0,5,16
067700801,39,0,27,66
067700802,8,0,1,9
067700803,19,1,5,25
067700804,11,0,4,15
067700805,3,0,3,6
067700901,312,11,134,457
067700902,33,3,12,48
067700903,40,0,24,64
067700904,3,0,1,4
067700905,6,0,4,10
067700906,68,6,34,108
067700907,11,3,17,31
067700908,74,4,23,101
067701001,408,33,249,690
067701002,451,25,211,687
067701003,369,28,252,649
067701004,355,26,156,537
067701005,559,46,227,832
067701006,531,48,309,888
067701007,588,57,302,947
067701008,512,31,339,882
067701009,480,35,289,804
067701010,443,25,246,714
067701011,231,16,114,361
067701012,137,28,82,247
067701013,703,79,450,1232
067701014,44,5,31,80
067701101,57,1,27,85
067701102,26,2,5,33
067701103,74,1,36,111
067701104,21,0,8,29
067701105,57,0,19,76
067701201,640,68,417,1125
067701202,48,5,38,91
067701203,201,26,114,341
067701204,9,0,10,19
067701205,18,2,9,29
067701206,9,2,4,15
067701301,22,1,4,27
067701302,20,0,12,32
067701303,31,4,12,47
067701304,39,0,15,54
067701305,17,0,5,22
067701306,16,0,5,21
067701307,15,0,8,23
067701401,14,0,3,17
067701402,20,0,13,33
067701403,6,0,3,9
067701501,2,0,4,6
067701502,8,0,5,13
067701503,14,0,0,14
067701504,9,1,4,14
067701505,17,0,6,23
067701601,416,25,270,711
067701602,305,24,209,538
067701603,353,12,196,561
067701604,11,2,4,17
067701605,46,3,25,74
067701606,12,0,5,17
067701607,12,0,9,21
067701701,5,0,9,14
067701702,12,0,2,14
067701703,5,3,3,11
067701704,8,0,6,14
067701705,33,0,3,36
067701801,234,20,126,380
067701802,12,0,6,18
067701803,10,0,9,19
067701804,20,0,8,28
067701805,25,0,18,43
067701806,12,0,6,18
067701901,5,0,0,5
067701902,6,0,0,6
067701903,9,0,6,15
067701904,8,0,0,8
067702001,18,0,2,20
067702002,3,0,2,5
067702101,286,9,226,521
067702102,402,15,244,661
067702103,306,14,210,530
067702104,321,12,248,581
067702105,392,11,271,674
067702106,340,15,237,592
067702107,569,23,306,898
067702108,322,11,231,564
067702109,326,9,200,535
067702110,326,35,209,570
067702201,413,41,291,745
067702202,457,47,266,770
067702203,668,81,325,1074
067702204,703,91,528,1322
067702205,533,42,345,920
067702206,596,51,330,977
067702207,358,53,247,658
067702208,363,21,230,614
067702209,329,21,186,536
067702210,408,30,250,688
067702211,397,43,229,669
067702212,494,51,267,812
067702213,256,11,171,438
067702214,598,29,307,934
067702301,38,1,16,55
067780101,427,28,230,685
067780102,310,26,193,529
067780103,352,31,202,585
067780104,338,12,232,582
067780105,530,38,311,879
067780106,615,27,289,931
067780107,312,32,211,555
067780108,370,14,234,618
067780109,300,20,200,520
067780110,41,4,38,83
067780111,79,5,39,123
067780201,316,29,170,515
067780202,289,22,115,426
067780203,252,27,122,401
067780204,374,46,262,682
067780205,597,57,336,990
067780206,384,44,222,650
067780207,573,63,395,1031
067780208,311,18,250,579
067780209,526,56,311,893
067780210,389,24,283,696
067780211,283,15,175,473
067780212,311,24,183,518
067780213,294,24,107,425
067780214,449,29,227,705
067780215,450,34,279,763
067780216,246,17,147,410
067780217,284,12,170,466
067780218,330,33,205,568
067780301,85,1,27,113
067780401,23,0,8,31
067780402,49,2,36,87
067780403,87,18,41,146
067780404,190,15,99,304
067780405,220,24,167,411
067780406,141,16,92,249
067780407,441,36,255,732
067780501,345,19,185,549
067780502,116,5,54,175
067780503,18,0,17,35
067780504,39,0,22,61
067780505,30,0,26,56
067780506,517,51,301,869
067780507,400,33,221,654
067780601,10,0,1,11
067780602,323,1,80,404
067780603,219,10,95,324
067780604,481,58,340,879
067780701,20,0,8,28
067780702,31,0,10,41
067780703,23,0,5,28
067780704,17,1,13,31
067780801,34,0,4,38
067780802,5,0,0,5
067780803,23,0,18,41
067780901,14,2,6,22
067780902,221,7,105,333
067780903,395,39,242,676
067780904,184,14,130,328
067780905,585,48,366,999
067780906,550,34,319,903
067780907,222,15,165,402
067780908,173,9,105,287
067780909,371,20,248,639
067780910,360,19,192,571
067780911,465,23,301,789
067780912,439,24,243,706
067780913,432,28,266,726
067781001,659,47,359,1065
067781002,356,51,225,632
067781003,369,33,232,634
067781004,488,38,262,788
067781005,461,37,308,806
067781006,303,18,167,488
067781007,532,31,315,878
067781008,536,39,396,971
067781009,624,37,396,1057
067781010,262,20,182,464
067781011,371,18,251,640
067781012,423,35,293,751
067781013,617,66,385,1068
067781014,458,48,235,741
067781015,290,50,225,565
067840101,7,0,6,13
067840102,6,0,14,20
067840201,8,1,2,11
067840202,242,17,139,398
067840203,31,1,7,39
067840204,7,0,3,10
067840301,8,0,3,11
067840302,22,0,10,32
067840303,4,0,7,11
067840401,7,0,3,10
067840402,22,0,9,31
067840403,9,0,4,13
067840404,13,0,1,14
067840501,12,0,9,21
067840502,11,0,7,18
067840503,17,0,3,20
067840601,18,0,3,21
067840701,22,0,3,25
067840702,19,1,3,23
067840703,11,1,8,20
067840704,21,1,5,27
067840801,30,0,13,43
067840802,123,5,68,196
067840803,440,15,200,655
067840804,532,36,283,851
067840805,359,9,236,604
067840806,352,10,180,542
067840807,326,15,269,610
067840808,469,22,391,882
067840809,386,24,221,631
067840810,285,12,250,547
067840811,487,24,305,816
067840812,27,1,10,38
067840813,47,2,15,64
067840901,10,0,5,15
067840902,6,0,8,14
067841001,12,0,7,19
067841002,4,0,1,5
067841003,17,0,3,20
067841004,11,0,4,15
067841101,15,0,2,17
067841102,14,0,4,18
067841103,19,0,7,26
067841104,6,0,3,9
067841201,23,0,3,26
067841202,13,0,10,23
067841203,42,0,20,62
067841204,8,0,8,16
067910101,570,32,300,902
067910102,287,7,100,394
067910103,274,13,166,453
067910104,203,13,116,332
067910105,236,14,112,362
067910106,330,11,246,587
067910107,453,22,227,702
067910108,227,11,153,391
067910109,220,16,162,398
067910110,365,21,207,593
067910111,266,12,133,411
067910201,239,12,134,385
067910202,435,23,210,668
067910203,391,40,200,631
067910204,362,23,212,597
067910205,345,14,187,546
067910206,464,22,249,735
067910207,383,18,210,611
067910208,396,24,237,657
067910209,326,19,175,520
067910210,458,25,261,744
067910211,450,21,232,703
067910212,381,16,196,593
067910213,430,19,273,722
067910214,420,24,212,656
067910215,407,31,214,652
067910216,311,15,183,509
067910217,369,27,186,582
067910218,635,43,255,933
067910301,463,33,227,723
067910302,290,13,139,442
067910303,379,10,170,559
067910304,586,21,279,886
067910305,189,8,123,320
067910306,271,9,119,399
067910307,549,23,289,861
067910308,311,25,234,570
067910309,554,16,220,790
067910310,636,25,273,934
067910401,293,22,177,492
067910402,291,17,159,467
067910403,262,13,142,417
067910404,313,19,146,478
067910405,163,6,119,288
067910406,251,12,161,424
067910407,223,18,127,368
067910408,254,21,187,462
067910409,198,20,151,369
067910410,226,15,155,396
067910411,259,20,134,413
067910412,235,6,132,373
067910501,65,2,14,81
067910502,42,0,20,62
067910503,11,0,0,11
067910601,106,2,54,162
067910602,72,4,17,93
067910603,34,0,13,47
067910701,97,1,25,123
067910702,60,1,15,76
067910801,20,0,6,26
067910802,53,0,34,87
067910803,48,0,6,54
067910901,62,0,14,76
067910902,77,0,30,107
067910903,45,0,45,90
067910904,53,1,24,78
067910905,42,2,25,69
067910906,89,1,34,124
067911001,44,2,28,74
067911002,112,1,71,184
067911003,131,6,68,205
067911004,69,1,12,82
067911005,40,1,48,89
067911006,439,18,274,731
067911007,178,13,126,317
067911008,199,12,138,349
067911009,54,0,15,69
067911101,44,1,8,53
067911102,49,0,22,71
067911103,32,0,19,51
067911104,81,3,62,146
067911105,50,0,18,68
067911201,391,19,184,594
067911202,620,31,261,912
067911203,797,50,289,1136
067911204,406,14,256,676
067911205,363,10,195,568
067911206,595,38,293,926
067911207,519,31,271,821
067911208,572,24,358,954
067911209,489,30,297,816
067911210,415,18,304,737
067911211,319,19,176,514
067911212,312,15,182,509
067911213,575,23,344,942
067911301,853,57,346,1256
067911302,494,27,193,714
067911303,404,40,157,601
067911304,501,35,241,777
067911305,805,46,336,1187
067911306,813,52,390,1255
067911307,413,18,194,625
067911308,402,32,206,640
067911309,418,16,171,605
067911310,459,29,169,657
067911311,490,30,176,696
067911312,381,30,242,653
067911313,484,33,217,734
067911314,419,19,257,695
067911401,42,1,15,58
067911402,63,0,22,85
067911403,98,5,43,146
067911404,68,2,30,100
067911405,98,1,34,133
067911406,59,2,25,86
067911501,106,1,37,144
067911502,155,4,79,238
067911503,59,0,13,72
067911504,82,0,21,103
067911505,31,0,17,48
067911506,18,0,13,31
067911601,52,0,4,56
067911602,54,0,16,70
067911701,86,1,19,106
067911702,54,0,18,72
067911801,279,15,141,435
067911802,307,18,116,441
067911803,217,13,147,377
067911804,383,8,162,553
067911805,261,13,165,439
067911806,320,11,145,476
067911807,376,20,238,634
067911808,379,27,208,614
067911809,347,29,244,620
067911811,377,18,144,539
067911812,409,18,130,557
067911813,476,24,214,714
067911814,493,18,227,738
067911901,283,9,165,457
067911902,294,15,185,494
067911903,359,22,213,594
067911904,343,21,247,611
067911905,538,43,265,846
067911906,363,30,134,527
067911907,224,16,146,386
067911908,248,18,134,400
067911909,165,7,113,285
067911910,251,15,108,374
067911911,284,6,169,459
067912001,488,25,200,713
067912002,534,30,226,790
067912003,777,62,327,1166
067912004,580,44,271,895
067912005,403,20,294,717
067912006,533,22,251,806
067912007,442,19,266,727
067912008,300,12,74,386
067912009,552,20,186,758
067912101,379,29,122,530
067912102,600,39,224,863
067912103,497,30,194,721
067912104,411,27,166,604
067912105,703,33,311,1047
067912106,616,46,317,979
067912107,421,14,157,592
067912108,319,13,179,511
067912109,720,40,385,1145
067912110,655,43,226,924
067912111,464,42,216,722
067912112,541,52,219,812
067912113,297,18,116,431
067912114,197,13,68,278
067912115,214,13,66,293
067912116,342,20,173,535
067912201,236,13,59,308
067912202,229,8,105,342
067912203,374,3,130,507
067912204,256,12,181,449
067912205,511,19,113,643
067912206,630,35,269,934
067912207,732,53,297,1082
067912208,663,31,247,941
067912209,456,25,175,656
067912210,509,26,269,804
067912211,380,29,127,536
067912212,422,24,170,616
067912213,391,18,128,537
067912214,363,13,158,534
067912215,408,20,156,584
067912216,519,14,187,720
067912217,270,6,99,375
067912218,220,10,88,318
067980101,23,0,17,40
067980102,34,0,11,45
067980103,23,0,9,32
067980201,32,0,13,45
067980202,13,0,0,13
067980203,38,1,19,58
067980301,18,0,12,30
067980302,29,1,8,38
067980401,11,1,3,15
067980402,16,2,11,29
067980501,67,1,31,99
067980502,34,1,31,66
067980503,9,0,3,12
067980504,10,0,8,18
067980505,20,1,9,30
067980506,13,0,15,28
067980507,17,0,9,26
067980601,94,2,43,139
067980701,270,2,170,442
067980702,502,14,369,885
067980703,386,12,252,650
067980704,288,7,176,471
067980705,235,10,131,376
067980706,44,1,34,79
067980707,273,10,177,460
067980708,607,33,318,958
067980709,229,8,158,395
067980710,248,17,160,425
067980711,320,10,240,570
067980801,22,0,3,25
067980901,24,0,17,41
067980902,18,0,5,23
067980903,10,0,13,23
067980904,21,0,10,31
067980905,11,0,8,19
067981001,28,0,10,38
067981002,31,1,23,55
067981003,20,0,17,37
067981004,26,0,12,38
067981005,25,2,14,41
067981006,9,1,8,18
068120101,28,1,18,47
068120102,32,0,17,49
068120201,10,0,7,17
068120202,12,0,10,22
068120301,28,2,13,43
068120302,8,0,6,14
068120303,2,0,4,6
068120401,38,0,32,70
068120402,9,2,18,29
068120403,10,0,10,20
068120501,9,0,15,24
068120502,274,14,137,425
068120503,315,11,201,527
068120504,8,0,1,9
068120601,6,0,0,6
068120602,5,0,4,9
068190101,101,2,65,168
068190102,47,0,16,63
068190103,46,0,13,59
068190104,83,1,46,130
068190201,95,2,34,131
068190202,42,0,26,68
068190301,29,0,8,37
068190302,43,1,25,69
068190401,475,20,223,718
068190402,617,36,338,991
068190403,325,12,254,591
068190404,417,28,297,742
068190405,401,17,238,656
068190406,464,27,257,748
068190407,399,31,206,636
068190408,90,1,38,129
068190409,100,3,35,138
068190501,32,1,8,41
068190502,49,0,16,65
068190503,33,0,21,54
068190504,146,5,47,198
068190505,214,6,57,277
068190601,43,5,19,67
068190602,69,1,26,96
068190603,35,0,22,57
068190701,33,0,10,43
068190801,46,1,8,55
068190802,50,5,27,82
068190901,93,2,33,128
068190902,105,5,43,153
068190903,231,7,129,367
068190904,236,4,112,352
068190905,221,5,111,337
068190906,137,6,70,213
068190907,97,2,66,165
068190908,16,0,4,20
068190909,72,0,28,100
068190910,211,11,126,348
068190911,179,6,135,320
068190912,241,15,117,373
068260101,1018,57,403,1478
068260102,458,20,189,667
068260103,494,25,239,758
068260104,231,15,137,383
068260105,249,9,165,423
068260106,284,8,230,522
068260107,437,18,245,700
068260108,498,11,262,771
068260109,201,6,137,344
068260110,123,6,120,249
068260111,261,8,150,419
068260112,254,12,160,426
068260113,353,11,194,558
068260114,248,11,150,409
068260115,306,9,196,511
068260116,235,7,114,356
068260117,243,11,135,389
068260118,363,16,216,595
068260119,335,11,129,475
068260120,355,6,246,607
068260201,382,11,206,599
068260202,678,26,199,903
068260203,446,17,154,617
068260204,309,18,105,432
068260205,191,15,113,319
068260206,181,7,129,317
068260207,186,5,115,306
068260208,179,3,116,298
068260209,359,11,200,570
068260210,193,8,133,334
068260211,230,8,102,340
068260212,313,4,231,548
068260213,109,6,78,193
068260214,120,2,95,217
068260301,17,1,12,30
068260302,8,0,1,9
068260303,24,0,4,28
068260401,35,0,4,39
068260402,48,2,27,77
068260403,346,26,200,572
068260501,111,8,81,200
068260502,22,0,0,22
068260503,14,0,1,15
068260601,37,1,19,57
068260602,33,0,16,49
068260701,698,30,229,957
068260702,300,5,121,426
068260703,83,2,30,115
068260704,283,5,93,381
068260705,41,0,9,50
068260706,610,24,232,866
068260707,35,1,6,42
068260708,76,3,29,108
068260709,87,3,27,117
068260801,93,1,34,128
068260802,26,0,9,35
068260901,27,0,21,48
068260902,36,0,16,52
068261001,83,1,24,108
068261002,45,1,18,64
068261101,56,0,20,76
068261102,32,0,21,53
068261201,45,0,5,50
068261301,51,1,11,63
068261302,41,0,18,59
068261303,56,0,45,101
068261401,31,2,7,40
068261402,13,0,3,16
068261501,67,2,21,90
068261502,34,3,16,53
068261601,80,0,35,115
068261602,56,0,46,102
068261603,52,0,21,73
068261604,162,13,57,232
068261605,214,6,63,283
068261606,353,30,186,569
068261607,264,7,148,419
068261608,638,30,269,937
068261609,214,6,132,352
068261610,278,8,174,460
068261611,296,8,135,439
068261701,37,0,5,42
068261702,33,0,5,38
068261703,32,0,6,38
068261704,5,1,4,10
068261801,71,1,58,130
068261802,37,3,13,53
068261803,44,0,21,65
068261804,67,6,32,105
068261805,26,0,22,48
068261901,348,12,231,591
068261902,379,14,275,668
068261903,290,8,153,451
068261904,311,7,99,417
068261905,283,1,84,368
068261906,389,14,127,530
068261907,321,23,147,491
068261908,336,26,167,529
068261909,525,15,250,790
068261910,358,11,174,543
068261911,282,9,123,414
068330101,251,16,182,449
068330102,468,12,213,693
068330103,307,13,209,529
068330104,463,24,292,779
068330105,322,10,162,494
068330106,464,19,266,749
068330107,425,23,301,749
068330108,404,4,217,625
068330109,382,14,283,679
068330110,489,15,298,802
068330111,420,15,219,654
068330112,598,22,308,928
068330113,646,38,320,1004
068330114,492,14,322,828
068330115,108,3,59,170
068330116,289,15,140,444
068330201,356,13,244,613
068330202,528,18,263,809
068330203,398,8,275,681
068330204,376,8,232,616
068330205,286,12,221,519
068330206,243,5,154,402
068330207,391,11,229,631
068330208,367,10,203,580
068330209,332,13,167,512
068330210,422,9,186,617
068330211,385,13,295,693
068330212,492,11,286,789
068330213,467,35,279,781
068330301,1,0,1,2
068330302,7,0,5,12
068330303,4,1,2,7
068330304,5,0,4,9
068330305,7,0,4,11
068330401,49,0,8,57
068330402,28,1,9,38
068330403,24,1,13,38
068330501,9,0,6,15
068330502,18,0,2,20
068330503,13,0,2,15
068330601,11,0,4,15
068330602,3,0,1,4
068330603,17,0,2,19
068330604,16,0,2,18
068330701,8,2,3,13
068330702,14,0,7,21
068330703,37,0,12,49
068330704,31,0,7,38
068330705,35,0,11,46
068330706,35,0,10,45
068330801,22,3,23,48
068330802,41,1,19,61
068330803,13,0,5,18
068330901,17,0,5,22
068330902,22,0,2,24
068330903,34,0,21,55
068331001,116,10,61,187
068331002,393,25,190,608
068331003,20,0,2,22
068331004,569,22,376,967
068331005,606,44,340,990
068331006,533,36,285,854
068331007,579,34,315,928
068331008,821,98,355,1274
068331009,505,28,322,855
068331010,337,14,182,533
068331011,473,16,294,783
068331012,864,44,398,1306
068331013,61,1,41,103
068331101,272,16,150,438
068331102,2,0,3,5
068331103,14,0,1,15
068331104,10,0,3,13
068331105,3,0,1,4
068331201,15,0,7,22
068331202,15,0,4,19
068331203,8,0,2,10
068331301,10,0,5,15
068331302,124,5,75,204
068331303,44,3,28,75
068331304,75,3,46,124
068331401,224,17,233,474
068331402,42,0,32,74
068331403,4,0,4,8
068331404,8,0,3,11
068331405,30,0,51,81
068331406,0,0,0,0
068331407,13,0,0,13
068331408,166,9,122,297
068331501,91,7,60,158
068331502,31,0,8,39
068331503,23,0,4,27
068331504,18,0,14,32
068331505,17,0,4,21
068331506,145,9,105,259
068331601,21,1,7,29
068331602,13,0,3,16
068331603,8,0,4,12
068331604,3,0,0,3
068331605,48,0,7,55
068331701,180,11,128,319
068331702,306,12,156,474
068331703,243,5,158,406
068331704,47,1,18,66
068331705,103,3,84,190
068331706,19,0,1,20
068331707,13,0,10,23
068331708,24,0,8,32
068331709,248,6,150,404
068331801,90,2,62,154
068331802,222,5,125,352
068331803,133,7,82,222
068331804,71,5,53,129
068331805,108,3,73,184
068331806,65,4,26,95
068331807,92,1,65,158
068331808,37,0,18,55
068331809,174,6,102,282
068331810,18,0,3,21
068331811,67,6,40,113
068331901,382,35,257,674
068331902,110,5,71,186
068331903,550,25,276,851
068331904,377,18,188,583
068331905,677,41,268,986
068331906,488,38,221,747
068331907,464,50,217,731
068331908,534,30,169,733
068331909,545,52,185,782
068331910,408,33,167,608
068331911,433,27,232,692
068331912,349,27,161,537
068331913,561,44,297,902
068331914,179,10,97,286
068331915,76,2,45,123
068470101,211,5,136,352
068470102,422,10,372,804
068470103,485,12,269,766
068470104,545,5,373,923
068470105,332,5,229,566
068470106,31,0,0,31
068470107,68,0,30,98
068470108,6,0,2,8
068470109,10,0,12,22
068470110,36,0,8,44
068470111,535,28,250,813
068470112,261,12,135,408
068470113,276,21,166,463
068470114,419,35,185,639
068470115,301,11,113,425
068470201,73,5,36,114
068470202,13,0,1,14
068470203,51,1,14,66
068470204,44,1,32,77
068470205,13,0,4,17
068540101,228,22,159,409
068540102,339,9,240,588
068540103,396,11,261,668
068540104,316,13,235,564
068540105,409,17,246,672
068540106,310,8,195,513
068540107,293,10,220,523
068540108,339,8,268,615
068540109,507,30,350,887
068540110,475,14,349,838
068540111,892,48,472,1412
068540112,351,16,263,630
068540113,565,43,351,959
068540114,314,14,206,534
068540115,215,9,151,375
068540201,565,31,381,977
068540202,693,33,438,1164
068540203,412,25,317,754
068540204,336,10,218,564
068540205,268,17,212,497
068540206,336,8,273,617
068540207,406,27,319,752
068540208,325,8,263,596
068540209,573,42,375,990
068540210,257,17,187,461
068540211,352,23,212,587
068540301,101,1,103,205
068540302,38,0,14,52
068540303,43,2,12,57
068540401,220,10,183,413
068540402,149,1,55,205
068540403,85,0,102,187
068540501,50,1,30,81
068540502,82,1,30,113
068540503,23,0,15,38
068540601,84,2,55,141
068540602,186,4,115,305
068540701,40,1,18,59
068540702,54,0,23,77
068540801,127,4,118,249
068540802,106,3,73,182
068540803,51,0,12,63
068540901,65,1,39,105
068541001,247,6,155,408
068541002,292,3,219,514
068541003,329,12,257,598
068541004,469,15,207,691
068541005,352,7,188,547
068541006,432,14,276,722
068541007,140,5,80,225
068541008,128,10,95,233
068541009,61,2,67,130
068541010,95,4,37,136
068541011,71,0,34,105
068541012,51,2,38,91
068541013,110,2,73,185
068541014,234,7,156,397
068541015,141,11,112,264
068541101,38,0,29,67
068541102,45,1,17,63
068541103,35,0,19,54
068541201,68,3,43,114
068541202,31,1,11,43
068541203,43,2,17,62
068541301,81,2,34,117
068541302,56,1,25,82
068541401,177,7,131,315
068541402,142,4,69,215
068541403,91,1,36,128
068541404,22,0,7,29
068541405,49,1,16,66
068541406,228,1,132,361
068680101,816,72,316,1204
068680102,363,20,201,584
068680103,330,22,171,523
068680104,285,20,127,432
068680105,128,9,75,212
068680106,83,5,62,150
068680107,93,2,44,139
068680108,276,8,167,451
068680109,439,40,235,714
068680110,399,33,223,655
068680201,253,12,132,397
068680202,53,2,35,90
068680203,84,9,64,157
068680204,247,15,128,390
068680205,474,25,312,811
068680206,274,21,193,488
068680207,93,2,42,137
068680208,15,0,5,20
068680209,34,2,10,46
068680210,80,2,39,121
068680211,36,3,31,70
068680212,134,6,53,193
068680213,695,40,424,1159
068680301,589,34,420,1043
068680302,459,27,230,716
068680303,283,21,139,443
068680304,283,18,125,426
068680305,140,11,95,246
068680306,250,31,167,448
068680307,220,12,132,364
068680308,53,5,39,97
068680309,36,2,18,56
068680310,56,2,34,92
068680311,43,0,22,65
068680312,35,5,23,63
068680313,34,7,21,62
068680401,34,2,18,54
068680402,32,4,9,45
068680403,20,3,16,39
068680404,8,0,6,14
068680405,50,2,23,75
068680406,8,1,9,18
068680407,87,2,32,121
068680408,114,5,62,181
068680409,40,1,21,62
068680410,48,1,11,60
068680501,17,0,2,19
068680502,530,38,362,930
068680503,607,45,333,985
068680504,305,12,99,416
068680505,95,1,33,129
068680506,104,0,28,132
068680507,147,2,23,172
068680508,222,9,92,323
068680509,183,13,57,253
068680510,116,1,28,145
068680511,2,0,0,2
068680601,43,0,17,60
068680602,38,8,31,77
068680603,82,4,50,136
068680604,112,1,40,153
068680605,39,1,24,64
068680606,21,0,14,35
068680607,50,1,18,69
068680608,30,0,23,53
068680609,88,6,52,146
068680610,23,2,14,39
068680701,415,18,239,672
068680702,331,23,193,547
068680703,164,11,93,268
068680704,121,12,67,200
068680705,92,6,45,143
068680706,148,12,77,237
068680707,37,1,29,67
068680708,48,4,28,80
068680709,29,3,15,47
068680710,28,1,11,40
068680711,55,1,38,94
068680712,70,3,32,105
068680801,448,30,261,739
068680802,376,32,179,587
068680803,184,10,91,285
068680804,224,28,118,370
068680805,29,1,14,44
068680806,59,5,23,87
068680807,31,1,19,51
068680808,24,3,18,45
068680809,211,16,162,389
068680810,61,4,32,97
068750101,15,0,4,19
068750201,95,1,21,117
068750301,77,0,40,117
068750401,87,1,27,115
068750402,52,1,26,79
068750403,44,1,55,100
068750501,13,2,10,25
068750502,49,3,47,99
068750601,350,28,238,616
068750602,269,31,142,442
068750603,140,9,110,259
068750604,542,31,392,965
068750605,390,47,274,711
068750606,147,18,87,252
068750607,28,5,19,52
068750608,436,35,264,735
068750609,199,9,158,366
068750701,58,2,18,78
068750801,83,2,43,128
068750802,207,6,127,340
068750803,179,10,102,291
068750804,252,16,124,392
068750805,171,22,136,329
068750901,93,10,67,170
068750902,79,1,8,88
068751001,42,0,13,55
068751101,21,1,6,28
068751201,178,8,85,271
068751301,18,0,9,27
068751302,91,1,47,139
068751401,62,5,40,107
068751402,73,3,18,94
068751501,304,13,192,509
068751502,140,21,97,258
068751503,135,15,117,267
068751504,206,58,192,456
068751505,55,2,13,70
068751506,398,104,381,883
068751507,352,80,311,743
068751508,353,30,239,622
068751509,250,28,147,425
068751601,162,12,153,327
068751602,597,54,341,992
068751603,673,93,572,1338
068751604,382,38,250,670
068751605,587,16,246,849
068751606,432,34,252,718
068751607,320,27,188,535
068751608,356,10,191,557
068751609,240,12,172,424
068751610,513,76,367,956
068751611,247,25,146,418
068751612,249,33,204,486
068751613,406,27,290,723
068751614,340,49,309,698
068751615,443,102,461,1006
068751701,205,0,101,306
068751801,41,2,10,53
068820101,506,31,324,861
068820102,543,46,385,974
068820103,603,43,311,957
068820104,633,37,394,1064
068820105,783,61,463,1307
068820106,468,45,328,841
068820107,509,21,323,853
068820108,443,15,339,797
068820109,397,13,246,656
068820110,490,37,284,811
068820201,602,26,292,920
068820202,451,15,219,685
068820203,311,13,125,449
068820204,317,12,164,493
068820205,463,11,205,679
068820206,317,14,195,526
068820207,464,17,231,712
068820208,467,18,306,791
068820209,418,17,310,745
068820210,463,18,195,676
068820211,622,29,311,962
068820212,409,23,270,702
068820213,490,32,284,806
068820214,307,38,232,577
068820301,93,8,27,128
068820302,451,25,274,750
068820303,555,46,333,934
068820304,563,19,327,909
068820305,394,22,258,674
068820306,462,12,354,828
068820307,409,23,262,694
068820308,573,31,282,886
068820401,595,17,305,917
068820402,51,0,13,64
068820403,86,4,67,157
068820501,168,15,115,298
068820502,707,41,386,1134
068820503,695,45,429,1169
068820504,717,58,469,1244
068820505,68,1,25,94
068820506,72,1,59,132
068820507,243,9,167,419
068820508,573,30,349,952
068820509,682,33,375,1090
068820601,94,3,26,123
068820701,72,1,72,145
068820702,211,15,134,360
068820703,349,27,179,555
068820801,664,68,421,1153
068820802,591,36,411,1038
068820803,567,33,356,956
068820804,479,35,325,839
068820805,445,27,313,785
068820806,493,18,276,787
068820807,405,13,276,694
068820808,434,14,248,696
068820809,394,10,211,615
068820810,346,19,252,617
068820811,305,16,192,513
068820812,373,11,197,581
068820813,675,54,397,1126
068820901,722,63,425,1210
068820902,534,48,277,859
068820903,593,38,328,959
068820904,672,30,408,1110
068820905,411,20,177,608
068820906,747,56,454,1257
068820907,849,69,328,1246
068820908,488,31,313,832
068820909,401,21,278,700
068820910,677,34,314,1025
068820911,426,38,209,673
068820912,623,34,343,1000
068820913,466,17,272,755
068820914,471,41,336,848
068821001,481,11,198,690
068821002,350,15,175,540
068821003,500,38,267,805
068821004,415,50,182,647
068821005,339,18,259,616
068821006,600,40,386,1026
068821007,345,30,199,574
068821008,425,41,267,733
068821009,749,32,357,1138
068821010,894,47,493,1434
068821011,686,73,428,1187
068821101,379,12,153,544
068821201,241,6,72,319
068821301,263,20,87,370
068821401,272,9,104,385
068821501,73,0,14,87
068821601,518,21,334,873
068821602,596,29,341,966
068821603,631,16,358,1005
068821604,598,24,325,947
068821605,882,82,414,1378
068821606,384,30,248,662
068821607,536,40,243,819
068821608,661,73,344,1078
068821701,605,38,302,945
068821702,540,35,237,812
068821703,617,70,297,984
068821704,827,71,446,1344
068821705,811,66,534,1411
068821706,211,7,105,323
068821707,285,5,79,369
068821708,310,4,104,418
068821709,117,2,79,198
068821710,583,32,286,901
068821711,429,50,268,747
068821801,72,4,36,112
068821802,23,1,15,39
068821803,29,2,23,54
100070101,18,1,11,30
100070102,69,1,77,147
100070103,34,0,23,57
100070104,116,6,122,244
100070105,202,6,115,323
100070201,189,12,241,442
100070202,106,9,115,230
100070203,39,2,45,86
100070204,116,10,85,211
100070301,170,9,141,320
100070302,46,7,40,93
100070401,20,1,35,56
100070402,40,1,40,81
100070403,3,0,5,8
100070404,152,5,79,236
100070405,14,3,15,32
100070406,157,5,63,225
100070407,149,6,69,224
100070408,126,1,61,188
100070409,80,2,39,121
100140101,134,3,109,246
100140102,27,0,29,56
100140103,10,1,53,64
100140104,14,1,36,51
100140201,139,10,97,246
100140202,44,6,32,82
100140301,39,4,54,97
100140302,17,0,7,24
100140303,12,1,11,24
100140401,23,12,32,67
100140402,29,2,27,58
100140501,36,2,20,58
100140502,44,0,43,87
100140503,65,3,31,99
100140601,42,6,45,93
100140602,32,0,39,71
100140701,88,2,75,165
100140702,25,0,22,47
100140801,46,1,32,79
100140802,29,2,55,86
100140803,26,1,45,72
100140901,43,1,18,62
100140902,32,3,42,77
100210101,135,21,135,291
100210102,7,0,1,8
100210103,639,53,468,1160
100210104,531,58,315,904
100210105,453,24,320,797
100210106,364,38,276,678
100210107,468,50,413,931
100210108,340,41,230,611
100210109,438,23,236,697
100210110,464,36,298,798
100210111,390,40,449,879
100210112,281,80,274,635
100210113,399,25,224,648
100210114,115,12,76,203
100210201,7,0,6,13
100210202,358,22,396,776
100210301,72,9,98,179
100210401,106,21,154,281
100210501,23,18,34,75
100210601,17,2,13,32
100210701,64,2,68,134
100210801,72,11,71,154
100210901,39,3,19,61
100210902,47,5,68,120
100211001,239,11,187,437
100211002,93,10,109,212
100211003,120,7,130,257
100211004,168,18,71,257
100211005,156,13,102,271
100211006,131,8,65,204
100280101,96,1,75,172
100280201,55,0,34,89
100280202,287,12,147,446
100280301,10,1,22,33
100280302,11,2,34,47
100350101,532,14,297,843
100350102,24,3,38,65
100350103,448,28,303,779
100350104,351,20,176,547
100350105,527,28,352,907
100350106,422,25,299,746
100350107,266,15,218,499
100350108,403,35,255,693
100350109,349,30,198,577
100350110,330,34,265,629
100350111,339,21,184,544
100350112,586,20,340,946
100350113,465,20,264,749
100350114,307,26,243,576
100350115,403,11,277,691
100350201,161,7,91,259
100350202,24,4,34,62
100350203,51,4,33,88
100350204,484,24,297,805
100350205,284,10,161,455
100350206,265,18,196,479
100350301,92,19,86,197
100350302,51,1,46,98
100350303,82,3,98,183
100350304,80,0,55,135
100350305,74,12,94,180
100350306,211,21,250,482
100350307,89,7,116,212
100350401,130,12,161,303
100350402,43,14,78,135
100350501,186,21,125,332
100350502,212,7,158,377
100350503,235,23,266,524
100350504,13,2,16,31
100350505,34,10,65,109
100350506,33,16,97,146
100350507,15,0,32,47
100350508,341,29,362,732
100350601,110,4,55,169
100350602,66,4,63,133
100350603,71,7,86,164
100350604,39,37,62,138
100350605,95,2,160,257
100350606,220,8,135,363
100350607,119,2,254,375
100350608,340,25,297,662
100420101,25,0,31,56
100420102,83,4,87,174
100420103,268,29,276,573
100420104,264,14,246,524
100420105,289,18,362,669
100420106,313,33,416,762
100420107,376,8,260,644
100420201,63,0,39,102
100420202,253,12,212,477
100420203,15,1,26,42
100420204,111,2,46,159
100420205,131,11,108,250
100420206,325,9,340,674
100420207,469,27,509,1005
100420301,270,18,178,466
100420302,295,13,238,546
100420303,477,30,373,880
100420304,66,2,51,119
100420305,334,30,300,664
100420306,394,32,268,694
100420307,38,4,16,58
100420401,134,8,118,260
100420402,195,3,109,307
100420501,34,0,32,66
100420502,93,10,130,233
100420601,21,3,10,34
100420602,135,12,143,290
100420603,22,1,82,105
100420604,88,14,79,181
100490101,103,14,22,139
100490102,855,80,419,1354
100490103,613,29,223,865
100490104,284,23,93,400
100490105,557,36,230,823
100490106,456,55,137,648
100490107,387,27,195,609
100490108,485,74,286,845
100490109,356,30,194,580
100490110,674,95,323,1092
100490111,685,75,181,941
100490112,634,72,273,979
100490113,842,75,458,1375
100490114,692,83,422,1197
100490115,521,47,148,716
100490201,502,48,233,783
100490202,471,43,220,734
100490203,579,39,271,889
100490204,483,24,234,741
100490205,476,29,236,741
100490206,355,25,109,489
100490207,682,23,272,977
100490208,633,26,316,975
100490209,438,30,309,777
100490210,406,8,167,581
100490211,357,12,135,504
100490212,467,43,208,718
100490213,336,13,217,566
100490214,364,42,188,594
100490215,369,25,134,528
100490216,671,27,294,992
100490217,395,32,271,698
100490218,412,40,172,624
100490219,580,23,197,800
100490220,257,8,111,376
100490221,364,5,104,473
100490301,727,76,240,1043
100490302,564,73,266,903
100490303,508,76,274,858
100490304,482,50,240,772
100490305,520,39,241,800
100490306,429,63,248,740
100490307,422,51,219,692
100490308,561,64,286,911
100490309,685,90,385,1160
100490310,411,39,132,582
100490311,592,27,366,985
100490312,424,22,202,648
100490313,287,50,219,556
100490314,424,58,283,765
100490315,453,56,206,715
100490316,296,24,167,487
100490317,528,31,338,897
100490318,301,26,127,454
100490319,447,11,259,717
100490320,498,26,289,813
100490321,246,11,114,371
100490322,197,9,60,266
100490323,223,12,122,357
100490324,381,30,195,606
100490401,398,27,220,645
100490402,375,11,213,599
100490403,419,41,207,667
100490404,759,110,341,1210
100490405,618,109,266,993
100490406,594,70,347,1011
100490407,709,108,373,1190
100490408,363,34,321,718
100490409,709,67,256,1032
100490410,473,17,275,765
100490411,475,37,287,799
100490412,450,17,242,709
100490413,405,20,221,646
100490414,443,45,216,704
100490415,522,50,308,880
100490416,686,40,331,1057
100490417,453,41,211,705
100490418,533,28,291,852
100490419,583,56,283,922
100490501,350,6,171,527
100490502,328,12,131,471
100490503,350,21,225,596
100490504,363,9,203,575
100490505,502,49,245,796
100490506,393,52,181,626
100490507,376,36,211,623
100490508,449,26,260,735
100490509,325,11,189,525
100490510,667,32,290,989
100490511,335,21,255,611
100490512,726,99,385,1210
100490513,785,132,404,1321
100490514,241,19,202,462
100490515,767,81,478,1326
100490516,513,75,489,1077
100490517,280,18,221,519
100490601,439,36,241,716
100490602,307,8,137,452
100490603,300,14,146,460
100490604,240,17,149,406
100490605,275,31,183,489
100490606,385,24,240,649
100490607,616,23,286,925
100490608,231,9,161,401
100490609,458,19,295,772
100490610,346,35,286,667
100490611,540,39,338,917
100490612,413,21,256,690
100490613,693,44,341,1078
100490614,374,47,197,618
100490615,660,44,412,1116
100490616,563,48,320,931
100490617,338,29,258,625
100490618,569,56,282,907
100490619,451,37,163,651
100490701,536,37,238,811
100490702,396,25,131,552
100490703,435,25,185,645
100490704,426,64,180,670
100490705,338,21,169,528
100490706,754,57,359,1170
100490707,762,58,443,1263
100490708,522,32,286,840
100490709,543,56,269,868
100490710,603,45,278,926
100490711,601,62,272,935
100490712,698,58,337,1093
100490801,369,40,183,592
100490802,569,30,253,852
100490803,785,70,262,1117
100490804,429,56,281,766
100490805,503,51,301,855
100490806,383,35,270,688
100490807,564,27,211,802
100490808,810,118,381,1309
100490809,444,48,236,728
100490810,665,68,342,1075
100490811,539,98,257,894
100490812,383,47,205,635
100490813,799,47,411,1257
100490901,147,4,43,194
100490902,147,17,111,275
100490903,366,19,132,517
100490904,524,37,254,815
100490905,296,38,128,462
100490906,819,74,396,1289
100490907,478,21,195,694
100490908,404,34,225,663
100490909,521,60,260,841
100490910,336,20,205,561
100490911,400,60,188,648
100490912,508,34,223,765
100490913,390,38,221,649
100490914,501,36,183,720
100560101,15,0,10,25
100560102,150,9,109,268
100560103,37,1,52,90
100560104,17,0,11,28
100560201,21,3,30,54
100560202,24,0,21,45
100560203,28,0,31,59
100560204,14,2,9,25
100560205,329,12,175,516
100560301,9,0,32,41
100560302,52,2,71,125
100560303,51,1,42,94
100560304,21,8,32,61
100560401,26,1,55,82
100560402,14,1,21,36
100560403,58,1,53,112
100560501,13,0,29,42
100560502,88,7,139,234
100560503,80,16,88,184
100560504,51,6,81,138
100560601,39,2,44,85
100560602,5,0,3,8
100560603,23,2,21,46
100560701,46,1,62,109
100630101,298,27,242,567
100630102,98,9,84,191
100630103,87,5,95,187
100630201,132,13,137,282
100630202,373,25,194,592
100630203,268,32,169,469
100630204,380,18,242,640
100630205,480,21,308,809
100630206,341,26,235,602
100630207,326,34,206,566
100630208,336,23,180,539
100630209,316,25,226,567
100630210,348,15,183,546
100630211,332,38,227,597
100630212,393,35,230,658
100630213,526,36,328,890
100630214,7,1,6,14
100630215,0,0,0,0
100630216,0,0,0,0
100630217,0,0,0,0
100630218,0,0,0,0
100700101,65,0,20,85
100700102,47,1,62,110
100700103,553,35,412,1000
100700104,430,17,289,736
100700105,427,9,302,738
100700106,360,10,277,647
100700107,490,50,337,877
100700108,457,11,341,809
100700109,299,21,267,587
100700110,549,31,365,945
100700111,410,27,333,770
100700112,411,19,346,776
100700113,276,24,164,464
100700201,146,0,174,320
100700202,98,1,129,228
100700203,278,9,425,712
100700204,153,6,367,526
100700205,85,7,253,345
100700301,319,8,327,654
100700302,77,3,102,182
100700303,102,4,160,266
100700304,49,2,21,72
100700305,376,13,309,698
100700306,344,13,288,645
100700307,438,24,273,735
100700308,292,21,231,544
100700309,55,5,66,126
100700401,68,3,60,131
100700402,39,1,82,122
100700403,91,1,93,185
100700404,290,17,441,748
100770101,14,0,10,24
100770102,136,4,68,208
100770103,96,1,41,138
100770104,296,31,218,545
100770105,344,16,190,550
100770201,76,2,46,124
100770202,86,3,112,201
100770203,27,1,34,62
100770301,67,3,92,162
100770401,83,9,89,181
100770402,38,1,47,86
100770501,23,0,29,52
100770502,113,18,74,205
100770601,122,5,108,235
100770602,67,1,49,117
100770603,92,1,72,165
100840101,245,13,213,471
100840102,12,0,20,32
100840103,351,13,178,542
100840104,309,6,183,498
100840105,295,14,164,473
100840106,264,19,195,478
100840107,13,0,0,13
100840201,28,4,28,60
100840202,227,8,122,357
100840203,250,3,185,438
100840204,190,14,171,375
100840301,10,2,16,28
100840302,54,1,32,87
100840303,223,5,139,367
100840304,369,13,391,773
100840305,180,20,142,342
100840306,313,13,202,528
100840307,394,5,294,693
100840401,243,12,318,573
100840402,18,0,25,43
100840403,141,9,132,282
100910101,2,0,8,10
100910102,116,9,76,201
100910103,416,38,231,685
100910104,366,29,296,691
100910105,421,9,230,660
100910106,260,17,202,479
100910107,456,25,243,724
100910108,616,52,448,1116
100910109,440,17,320,777
100910110,445,28,266,739
100910111,528,31,286,845
100910112,334,27,206,567
100910113,293,34,259,586
100910114,381,18,261,660
100910115,196,14,90,300
100910201,175,5,167,347
100910202,87,10,61,158
100910301,0,0,3,3
100910302,277,20,321,618
100910303,327,29,275,631
100910401,8,1,11,20
100910402,0,0,0,0
100910403,633,55,439,1127
100910404,170,4,133,307
100910405,10,0,13,23
100910501,182,10,244,436
100910502,220,23,249,492
100910503,199,22,196,417
100910504,241,21,203,465
100910505,341,37,320,698
100910506,25,5,63,93
100910507,70,21,204,295
100910508,65,14,89,168
100910509,54,22,82,158
100910510,32,0,11,43
100910511,1,0,1,2
100910601,39,2,74,115
100910602,50,0,12,62
100910603,61,0,31,92
100910604,15,2,39,56
100910701,7,0,21,28
100910702,64,3,65,132
100910703,15,1,35,51
100980101,96,22,151,269
100980102,219,8,323,550
100980103,7,0,7,14
100980104,48,10,113,171
100980201,39,1,58,98
100980202,25,0,47,72
100980203,274,12,236,522
100980204,31,8,97,136
100980205,229,5,133,367
100980206,204,6,199,409
100980207,112,1,107,220
100980208,28,4,80,112
100980301,77,5,67,149
100980302,32,0,41,73
100980303,185,5,169,359
100980401,100,1,79,180
100980402,293,6,320,619
100980403,298,21,229,548
100980404,596,24,395,1015
100980405,419,50,404,873
100980406,20,1,23,44
100980407,240,13,238,491
100980408,303,23,176,502
100980409,264,9,163,436
100980410,18,1,13,32
101050101,52,1,29,82
101050102,256,20,270,546
101050103,209,37,131,377
101050104,362,29,344,735
101050105,375,20,304,699
101050106,293,16,176,485
101050107,359,18,274,651
101050108,324,19,142,485
101050109,353,17,269,639
101050110,248,10,128,386
101050111,409,8,210,627
101050112,409,48,250,707
101050113,239,25,172,436
101050114,401,49,355,805
101050115,425,18,222,665
101050201,74,15,100,189
101050202,274,7,235,516
101050301,7,1,6,14
101050302,280,28,312,620
101050303,377,25,265,667
101050304,382,22,246,650
101050305,254,23,175,452
101050306,323,9,162,494
101050307,177,5,170,352
101050401,164,10,148,322
101050402,90,9,63,162
101050501,62,3,106,171
101050502,11,1,28,40
101050601,3,0,3,6
101050602,254,10,282,546
101050701,101,12,143,256
101050702,360,69,280,709
101050703,49,3,65,117
101050704,31,1,20,52
101050705,43,1,36,80
101050706,32,6,50,88
101050707,101,5,100,206
101050708,139,8,168,315
101050709,158,10,177,345
101050801,31,9,60,100
101050802,16,1,5,22
101120101,198,2,116,316
101120201,64,3,37,104
101120202,67,6,61,134
101120301,38,4,47,89
101120302,117,16,127,260
101120303,57,0,71,128
101120401,47,4,21,72
101120402,320,14,182,516
101120403,750,21,381,1152
101120404,536,41,357,934
101120405,553,61,352,966
101120406,582,45,397,1024
101120407,437,41,233,711
101120408,587,55,375,1017
101120409,542,36,389,967
101120410,393,35,220,648
101120411,302,14,221,537
101120501,23,4,10,37
101120502,358,21,219,598
101120503,529,29,269,827
101120504,453,33,248,734
101120505,382,14,277,673
101120506,468,52,369,889
101120507,416,27,307,750
101120508,396,21,186,603
101120509,457,30,426,913
101120510,440,59,307,806
101120511,384,23,291,698
101120512,397,13,196,606
101120513,501,28,341,870
101120514,323,17,212,552
101120515,310,24,236,570
140070101,23,1,8,32
140070102,189,7,79,275
140070103,124,3,34,161
140070104,34,5,18,57
140070105,117,7,65,189
140070106,42,4,16,62
140070107,12,0,9,21
140070108,178,9,83,270
140070110,202,17,106,325
140070111,310,21,115,446
140070112,268,12,73,353
140070113,285,7,70,362
140070201,148,4,66,218
140070202,49,3,27,79
140070203,61,4,27,92
140070204,243,14,92,349
140070205,219,14,110,343
140070206,486,34,198,718
140070207,383,17,199,599
140070208,498,28,181,707
140070209,311,13,149,473
140070210,196,6,106,308
140070211,458,22,194,674
140070212,232,13,149,394
140070213,230,6,127,363
140070214,278,11,140,429
140070215,245,13,142,400
140070216,111,5,49,165
140070301,25,3,13,41
140070302,24,0,16,40
140070303,10,0,3,13
140070304,17,2,18,37
140070305,109,3,93,205
140070306,45,1,24,70
140070307,50,1,18,69
140070308,117,2,79,198
140070309,356,25,270,651
140070310,269,10,196,475
140070311,352,18,231,601
140070312,342,22,265,629
140070401,25,0,14,39
140070402,10,0,10,20
140070403,39,0,18,57
140070404,5,0,2,7
140070405,70,3,36,109
140070406,105,2,50,157
140070407,109,4,74,187
140070408,22,0,11,33
140070409,16,0,4,20
140070410,20,0,3,23
140070411,30,1,8,39
140070412,46,0,22,68
140070413,38,0,11,49
140070414,462,30,205,697
140070415,91,8,36,135
140070416,166,8,144,318
140070501,310,21,147,478
140070502,165,10,85,260
140070503,235,17,107,359
140070504,227,8,133,368
140070505,237,14,127,378
140070506,367,17,175,559
140070507,282,14,144,440
140070508,248,21,129,398
140070509,343,12,181,536
140070510,461,28,277,766
140070511,432,18,209,659
140070512,381,15,232,628
140070513,394,15,181,590
140070514,255,2,174,431
140070515,290,18,179,487
140070516,182,10,113,305
140070517,421,24,254,699
140070518,373,15,241,629
140070601,13,1,10,24
140070602,90,7,91,188
140070603,60,4,38,102
140070604,23,1,17,41
140070605,69,2,55,126
140070606,78,2,62,142
140070607,344,23,215,582
140070608,297,23,218,538
140070609,215,6,141,362
140070610,203,11,117,331
140070611,276,14,218,508
140070612,223,7,148,378
140070613,183,4,97,284
140070614,344,8,221,573
140070615,168,4,145,317
140070616,122,9,115,246
140070701,28,1,25,54
140070702,41,0,19,60
140070703,6,0,22,28
140070704,6,0,7,13
140070705,32,2,26,60
140070706,348,7,315,670
140070707,16,1,19,36
140070708,14,5,17,36
140070709,11,1,9,21
140070710,24,0,6,30
140070711,16,0,14,30
140070712,9,2,23,34
140070713,33,0,44,77
140070714,6,0,5,11
140070715,106,1,68,175
140070716,16,1,14,31
140070717,17,0,5,22
140070718,40,0,17,57
140070719,200,6,178,384
140070720,20,0,17,37
140070801,12,1,11,24
140070802,73,6,61,140
140070803,352,16,269,637
140070804,90,4,58,152
140070805,468,27,288,783
140070806,251,16,152,419
140070807,373,15,293,681
140070808,350,17,262,629
140070809,409,15,212,636
140070810,51,1,19,71
140070811,21,0,9,30
140070812,17,1,13,31
140070813,27,0,9,36
140070814,434,22,351,807
140070815,405,14,338,757
140070816,309,10,205,524
140070817,475,34,266,775
140070818,334,6,285,625
140070819,47,4,34,85
140070820,280,21,174,475
140070901,14,1,5,20
140070902,21,0,28,49
140070903,21,0,19,40
140070904,285,8,232,525
140070905,22,0,11,33
140070906,31,0,22,53
140070907,23,0,10,33
140070908,134,9,81,224
140140101,266,23,109,398
140140102,571,37,315,923
140140103,631,43,233,907
140140104,365,22,197,584
140140105,512,33,163,708
140140106,645,33,251,929
140140107,377,31,213,621
140140108,424,27,178,629
140140109,718,68,332,1118
140140110,486,9,120,615
140140111,359,11,133,503
140140112,527,20,141,688
140140113,656,41,222,919
140140201,369,38,228,635
140140202,742,21,175,938
140140203,648,23,103,774
140140204,536,26,252,814
140140205,415,20,164,599
140140206,299,19,130,448
140140207,592,18,296,906
140140208,438,24,243,705
140140209,418,18,234,670
140140210,468,19,224,711
140140211,391,10,166,567
140140212,434,26,147,607
140140213,584,44,300,928
140140214,622,28,275,925
140140215,650,39,305,994
140140301,236,9,121,366
140140302,846,117,531,1494
140140303,755,38,346,1139
140140304,599,65,323,987
140140305,497,63,281,841
140140306,399,43,222,664
140140307,346,43,185,574
140140308,508,57,344,909
140140309,641,40,315,996
140140310,423,25,250,698
140140311,405,20,248,673
140140312,546,57,370,973
140140313,688,73,369,1130
140140401,672,78,413,1163
140140402,501,65,301,867
140140403,177,11,94,282
140140404,433,27,257,717
140140405,733,79,418,1230
140140406,678,122,372,1172
140140407,502,32,251,785
140140408,761,51,401,1213
140140409,546,47,218,811
140140410,678,76,351,1105
140140411,709,67,375,1151
140140501,414,27,226,667
140140502,549,62,347,958
140140503,388,59,240,687
140140504,640,80,339,1059
140140505,799,134,424,1357
140140506,396,36,176,608
140140507,496,80,276,852
140140508,632,49,431,1112
140140509,451,40,248,739
140140510,658,68,339,1065
140140511,519,74,317,910
140140512,510,56,345,911
140140513,562,59,400,1021
140140514,592,106,359,1057
140140515,716,61,322,1099
140140601,394,18,185,597
140140602,67,8,50,125
140140603,96,4,68,168
140140604,348,26,201,575
140140605,431,20,215,666
140140606,406,28,243,677
140140607,707,55,428,1190
140140608,287,34,104,425
140140609,543,65,300,908
140140610,533,43,249,825
140140701,612,47,364,1023
140140702,393,20,249,662
140140703,295,22,200,517
140140704,412,48,255,715
140140705,503,52,226,781
140140706,16,2,8,26
140140707,403,23,194,620
140140708,484,53,295,832
140140709,539,75,319,933
140140710,83,10,61,154
140140711,312,29,217,558
140140712,181,24,124,329
140140713,450,55,206,711
140140714,458,34,368,860
140140715,399,76,220,695
140140801,8,1,5,14
140140802,374,22,167,563
140140803,217,6,95,318
140140804,398,63,303,764
140140805,773,56,368,1197
140140806,423,30,225,678
140140807,488,45,261,794
140140808,337,56,194,587
140140809,812,59,391,1262
140140810,571,75,390,1036
140140811,602,58,392,1052
140140812,453,30,176,659
140140901,15,1,12,28
140140902,539,75,311,925
140140903,471,39,225,735
140140904,436,47,249,732
140140905,720,109,356,1185
140140906,501,38,204,743
140140907,272,29,120,421
140140908,714,61,303,1078
140140909,656,56,349,1061
140140910,601,63,323,987
140140911,684,59,430,1173
140140912,889,90,488,1467
140140913,581,49,285,915
140140914,445,56,192,693
140140915,38,0,4,42
140141001,276,11,65,352
140141002,839,53,233,1125
140141003,314,30,206,550
140141004,412,23,243,678
140141005,347,30,186,563
140141006,551,44,292,887
140141007,229,11,152,392
140141008,836,58,397,1291
140141009,581,21,249,851
140141010,581,37,295,913
140141011,688,63,392,1143
140141012,382,14,180,576
140141013,500,23,281,804
140141014,312,21,161,494
140141015,401,21,159,581
140141016,521,23,152,696
140141017,400,6,86,492
140141018,321,11,91,423
140141101,230,12,70,312
140141102,441,69,217,727
140141103,446,42,256,744
140141104,313,45,205,563
140141105,414,30,249,693
140141106,399,37,234,670
140141107,391,27,264,682
140141108,427,33,278,738
140141109,602,61,375,1038
140141110,482,41,267,790
140141111,492,28,234,754
140141201,446,32,233,711
140141202,492,50,358,900
140141203,516,88,399,1003
140141204,627,70,414,1111
140141205,760,102,350,1212
140141206,434,51,237,722
140141207,451,26,278,755
140141208,534,33,262,829
140141209,465,63,356,884
140141301,208,10,127,345
140141302,670,45,336,1051
140141303,507,32,285,824
140141304,598,61,348,1007
140141305,402,34,179,615
140141306,261,3,251,515
140141307,623,52,282,957
140141308,476,79,276,831
140141309,742,78,401,1221
140141310,287,24,146,457
140141401,669,81,388,1138
140141402,939,126,534,1599
140141403,589,63,284,936
140141404,352,39,149,540
140141405,418,35,230,683
140141406,650,61,305,1016
140141407,678,60,306,1044
140141408,78,6,56,140
140141501,423,15,138,576
140141502,475,14,193,682
140141503,347,14,188,549
140141504,487,35,245,767
140141505,510,53,242,805
140141506,755,86,346,1187
140141507,289,27,225,541
140141508,458,35,238,731
140141509,668,76,257,1001
140141510,649,55,245,949
140141511,757,87,287,1131
140141512,323,21,180,524
140141513,1031,35,582,1648
140141514,639,27,307,973
140141515,491,21,206,718
140141516,283,34,144,461
140141517,495,41,233,769
140141518,447,5,161,613
140141519,499,15,166,680
140141520,721,42,299,1062
140141601,587,81,283,951
140141602,692,70,344,1106
140141603,772,73,472,1317
140141604,342,30,215,587
140141605,446,27,244,717
140141606,554,69,373,996
140141607,567,92,263,922
140141608,344,37,155,536
140141609,410,49,249,708
140141610,427,59,244,730
140141611,524,78,301,903
140141612,404,38,222,664
140141613,405,40,212,657
140141614,410,24,191,625
140141615,363,43,159,565
140141616,885,53,288,1226
140141617,553,44,212,809
140141618,611,84,382,1077
140141701,755,50,277,1082
140141702,626,45,214,885
140141703,551,78,239,868
140141704,627,77,366,1070
140141705,590,27,208,825
140141706,849,56,299,1204
140141707,472,43,181,696
140141708,590,62,229,881
140141709,448,33,194,675
140141710,694,28,245,967
140141711,624,37,301,962
140141712,499,38,234,771
140141713,846,93,354,1293
140141714,489,32,219,740
140141715,647,52,303,1002
140141716,835,75,470,1380
140141717,838,79,369,1286
140141718,602,39,303,944
140141719,561,36,209,806
140141720,350,31,128,509
140141721,623,47,352,1022
140141801,770,49,347,1166
140141802,476,55,174,705
140141803,500,63,175,738
140141804,433,41,189,663
140141805,857,88,306,1251
140141806,400,35,197,632
140141807,458,44,174,676
140141808,863,55,350,1268
140141809,630,53,268,951
140141810,415,17,92,524
140141811,685,51,243,979
140141812,590,39,259,888
140141813,501,19,372,892
140141814,663,88,261,1012
140141815,498,51,227,776
140141816,808,114,346,1268
140141817,457,43,236,736
140141818,518,52,272,842
140141901,656,48,323,1027
140141902,404,20,190,614
140141903,471,68,225,764
140141904,579,54,217,850
140141905,470,33,258,761
140141906,703,84,278,1065
140141907,747,82,399,1228
140141908,725,107,328,1160
140141909,587,90,265,942
140141910,378,36,202,616
140141911,629,30,255,914
140141912,462,51,178,691
140141913,641,69,361,1071
140141914,589,56,389,1034
140141915,797,62,311,1170
140141916,711,47,240,998
140141917,467,18,164,649
140141918,415,9,183,607
140141919,346,57,181,584
140142001,481,51,185,717
140142002,400,11,156,567
140142003,473,19,187,679
140142004,598,15,174,787
140142005,677,26,307,1010
140142006,431,33,218,682
140142007,472,23,164,659
140142008,386,30,190,606
140142009,393,22,166,581
140142010,478,21,216,715
140142011,421,20,191,632
140142012,534,18,224,776
140142013,519,30,219,768
140142014,594,11,229,834
140142015,304,9,170,483
140142016,722,32,230,984
140142101,540,6,155,701
140142102,508,6,234,748
140142103,540,5,170,715
140142104,680,21,465,1166
140142105,381,7,244,632
140142201,365,5,70,440
140142202,596,12,225,833
140142203,406,10,67,483
140142204,379,4,111,494
140142205,255,1,110,366
140142206,765,49,237,1051
140142207,365,8,131,504
140142208,590,39,356,985
140142209,396,37,240,673
140142210,462,74,295,831
140142211,516,43,272,831
140142212,630,21,173,824
140142213,3,0,2,5
140142214,490,18,157,665
140142215,560,34,205,799
140142216,431,29,266,726
140142217,581,47,232,860
140142218,668,50,337,1055
140142301,428,18,217,663
140142302,535,26,251,812
140142303,392,19,179,590
140142304,294,10,133,437
140142305,308,10,113,431
140142306,428,13,200,641
140142307,450,18,217,685
140142308,694,28,301,1023
140142309,393,3,132,528
140142310,427,16,222,665
140142311,382,20,197,599
140142312,483,20,231,734
140142313,865,35,397,1297
140142314,473,27,197,697
140142315,458,24,220,702
140142316,361,7,154,522
140142401,615,26,270,911
140142402,511,21,315,847
140142403,467,32,239,738
140142404,688,27,321,1036
140142405,488,28,204,720
140142406,512,22,229,763
140142407,387,19,229,635
140142408,412,18,198,628
140142409,494,27,276,797
140142410,248,6,143,397
140142411,345,8,206,559
140142412,286,10,162,458
140142413,339,14,151,504
140142414,320,13,175,508
140142501,308,1,130,439
140142502,360,7,150,517
140142503,166,3,45,214
140142504,560,35,291,886
140142505,382,28,255,665
140142506,559,30,251,840
140142507,548,34,251,833
140142508,283,19,142,444
140142509,385,36,183,604
140142510,325,22,192,539
140142511,428,11,187,626
140142512,363,14,202,579
140142513,421,14,148,583
140142514,328,13,180,521
140142515,537,29,302,868
140142516,615,31,251,897
140142517,364,32,214,610
140142518,504,32,261,797
140142601,389,21,245,655
140142602,304,34,194,532
140142603,419,23,270,712
140142604,268,13,138,419
140142605,260,16,118,394
140142606,387,18,224,629
140142607,367,23,217,607
140142608,568,41,284,893
140142609,435,27,181,643
140142610,310,16,175,501
140142611,670,22,307,999
140142612,415,38,216,669
140142613,344,24,162,530
140142614,431,45,176,652
140142615,484,34,221,739
140142616,408,19,193,620
140142701,420,57,246,723
140142702,500,69,266,835
140142703,580,49,365,994
140142704,480,27,253,760
140142705,293,24,209,526
140142706,418,30,216,664
140142707,450,32,245,727
140142708,503,27,266,796
140142709,324,22,198,544
140142710,475,17,248,740
140142711,387,27,260,674
140142712,317,13,197,527
140142801,695,37,315,1047
140142802,556,34,259,849
140142803,637,32,316,985
140142804,719,42,323,1084
140142805,612,36,303,951
140142806,435,22,221,678
140142807,352,29,213,594
140142808,645,35,344,1024
140142809,508,29,280,817
140142810,633,37,303,973
140142811,533,40,262,835
140142812,475,44,232,751
140142813,750,76,360,1186
140142814,695,115,325,1135
140142815,514,32,210,756
140142816,778,90,379,1247
140142901,611,53,245,909
140142902,534,41,210,785
140142903,610,74,219,903
140142904,519,41,375,935
140142905,544,31,419,994
140142906,506,61,331,898
140142907,345,25,224,594
140142908,417,29,255,701
140142909,504,61,344,909
140142910,562,35,250,847
140142911,376,49,204,629
140142912,460,61,287,808
140142913,388,31,237,656
140142914,406,22,322,750
140142915,658,38,373,1069
140142916,482,18,241,741
140142917,563,42,313,918
140142918,389,30,217,636
140142919,408,29,199,636
140143001,382,20,275,677
140143002,692,52,353,1097
140143003,481,59,231,771
140143004,709,54,336,1099
140143005,470,60,176,706
140143006,568,42,274,884
140143007,319,26,175,520
140143008,514,76,307,897
140143009,705,43,382,1130
140143010,515,44,307,866
140143011,474,37,297,808
140143012,591,62,307,960
140143013,497,47,309,853
140143014,545,64,330,939
140143015,484,61,265,810
140143101,488,75,260,823
140143102,803,109,438,1350
140143103,659,74,505,1238
140143104,489,55,276,820
140143105,574,98,280,952
140143106,489,36,184,709
140143107,714,79,355,1148
140143108,572,53,272,897
140143109,786,47,482,1315
140143110,455,44,247,746
140143111,462,27,284,773
140143112,655,61,364,1080
140143113,486,35,225,746
140143114,431,46,268,745
140143115,392,32,254,678
140143116,602,38,350,990
140143201,390,38,213,641
140143202,691,75,370,1136
140143203,403,48,190,641
140143204,344,30,273,647
140143205,596,60,290,946
140143206,532,56,274,862
140143207,610,45,345,1000
140143208,562,54,225,841
140143209,378,31,248,657
140143210,678,30,365,1073
140143211,535,38,256,829
140143212,401,37,240,678
140143213,479,34,286,799
140143301,464,38,249,751
140143302,351,39,228,618
140143303,485,41,259,785
140143304,336,50,256,642
140143305,314,27,222,563
140143306,397,35,140,572
140143307,577,35,314,926
140143308,772,30,265,1067
140143309,409,27,228,664
140143310,390,23,227,640
140143311,425,36,277,738
140143312,462,36,221,719
140143313,409,59,314,782
140143314,355,13,184,552
140143315,412,25,233,670
140143316,337,20,169,526
140143317,515,40,305,860
140143318,655,34,269,958
140143319,486,29,277,792
140143320,340,36,194,570
140143401,367,32,224,623
140143402,461,20,332,813
140143403,372,30,245,647
140143404,205,15,107,327
140143405,290,22,144,456
140143406,257,18,172,447
140143407,313,27,206,546
140143408,323,46,208,577
140143409,391,26,205,622
140143410,362,25,160,547
140143411,326,18,153,497
140143412,405,33,175,613
140143413,355,26,194,575
140143414,365,22,197,584
140143415,350,14,181,545
140143416,390,24,225,639
140143417,270,21,174,465
140143418,577,55,314,946
140143419,337,26,155,518
140143501,453,38,227,718
140143502,732,51,388,1171
140143503,339,16,211,566
140143504,636,63,359,1058
140143505,375,27,167,569
140143506,1201,105,780,2086
140143507,592,51,347,990
140143508,530,44,273,847
140143509,355,39,256,650
140143510,346,20,223,589
140143511,483,56,331,870
140143512,493,50,266,809
140143513,445,27,284,756
140143514,632,36,346,1014
140143601,379,16,228,623
140143602,386,15,223,624
140143603,573,43,296,912
140143604,475,36,290,801
140143605,480,23,317,820
140143606,380,32,241,653
140143607,405,20,215,640
140143608,418,21,241,680
140143609,292,23,228,543
140143610,304,33,178,515
140143611,402,30,229,661
140143612,353,7,250,610
140143613,364,12,220,596
140143614,321,19,185,525
140143701,684,48,342,1074
140143702,296,34,173,503
140143703,373,44,212,629
140143704,438,40,230,708
140143705,379,36,264,679
140143706,436,44,351,831
140143707,489,44,286,819
140143708,528,59,234,821
140143709,375,21,151,547
140143710,371,25,231,627
140143711,613,63,380,1056
140143712,400,27,217,644
140143713,331,29,203,563
140143714,314,26,165,505
140143715,326,26,141,493
140143716,288,25,154,467
140143717,347,10,123,480
140143718,263,9,96,368
140143719,295,20,172,487
140143720,323,19,120,462
140143721,256,16,138,410
140143801,610,35,286,931
140143802,572,25,252,849
140143803,513,26,292,831
140143804,534,21,191,746
140143805,348,23,219,590
140143806,378,11,212,601
140143807,360,11,242,613
140143808,624,61,275,960
140143809,397,21,173,591
140143810,510,22,185,717
140143811,412,19,163,594
140143812,380,26,209,615
140143813,433,21,231,685
140143814,473,17,137,627
140143815,381,15,181,577
140143816,343,13,184,540
140143901,276,15,136,427
140143902,538,37,226,801
140143903,461,25,187,673
140143904,352,6,143,501
140143905,294,13,133,440
140143906,340,21,173,534
140143907,366,22,149,537
140143908,380,14,157,551
140143909,457,16,143,616
140143910,367,13,97,477
140143911,356,15,99,470
140143912,500,17,184,701
140143913,282,22,131,435
140144001,400,9,112,521
140144002,341,23,147,511
140144003,373,14,178,565
140144004,306,26,151,483
140144005,239,15,111,365
140144006,217,5,108,330
140144007,404,24,170,598
140144008,494,40,209,743
140144009,335,14,141,490
140144010,474,33,203,710
140144011,364,24,160,548
140144012,396,22,137,555
140144101,369,13,194,576
140144102,280,12,138,430
140144103,442,17,290,749
140144104,282,21,143,446
140144105,282,11,170,463
140144106,362,21,180,563
140144107,354,9,147,510
140144108,246,14,122,382
140144109,294,29,161,484
140144110,421,17,217,655
140144111,355,16,136,507
140144112,516,17,219,752
140144113,421,17,264,702
140144114,514,21,201,736
140144115,364,20,222,606
140144116,292,18,195,505
140144117,434,37,201,672
140144118,348,11,128,487
140144119,361,15,173,549
140144201,379,10,162,551
140144202,235,9,139,383
140144203,208,10,131,349
140144204,276,15,185,476
140144205,317,8,146,471
140144206,381,11,203,595
140144207,438,30,263,731
140144208,749,17,264,1030
140144209,325,8,137,470
140144210,347,14,146,507
140144211,429,17,194,640
140144212,457,20,230,707
140144213,392,21,194,607
140144214,523,24,268,815
140144215,384,16,152,552
140144216,595,28,309,932
140144217,433,23,184,640
140144218,584,52,197,833
140144219,581,18,254,853
140144220,616,20,240,876
140144301,567,26,251,844
140144302,782,95,341,1218
140144303,588,60,273,921
140144304,651,77,269,997
140144305,331,25,147,503
140144306,797,54,384,1235
140144307,536,55,280,871
140144308,643,67,336,1046
140144309,701,30,319,1050
140144310,386,23,233,642
140144311,521,25,171,717
140144401,774,19,154,947
140144402,445,42,234,721
140144403,550,37,229,816
140144404,293,23,189,505
140144405,327,12,236,575
140144406,855,46,367,1268
140144407,597,27,275,899
140144408,336,13,159,508
140144409,452,45,294,791
140144410,408,23,220,651
140144411,709,56,301,1066
140144501,666,57,346,1069
140144502,909,76,409,1394
140144503,433,29,227,689
140144504,566,21,264,851
140144505,561,21,219,801
140144506,429,32,165,626
140144507,566,51,221,838
140144508,523,9,142,674
140144509,627,15,225,867
140144510,645,49,295,989
140144511,493,18,240,751
140144512,479,46,204,729
140144513,256,24,210,490
140144601,473,37,218,728
140144602,633,35,312,980
140144603,513,51,223,787
140144604,378,25,177,580
140144605,403,34,222,659
140144606,461,32,217,710
140144607,427,21,207,655
140144608,400,27,150,577
140144609,556,32,252,840
140144610,575,47,234,856
140144611,701,39,285,1025
140144612,533,39,199,771
140144613,249,20,95,364
140144614,580,62,273,915
140144615,493,28,250,771
140144616,515,47,234,796
140144701,218,13,112,343
140144702,332,15,120,467
140144703,435,37,212,684
140144704,223,23,92,338
140144705,300,14,87,401
140144706,348,15,134,497
140144707,468,24,196,688
140144708,540,20,167,727
140144709,315,18,134,467
140144710,273,13,120,406
140144711,400,27,181,608
140144712,558,35,290,883
140144801,239,6,71,316
140144802,372,13,107,492
140144803,356,16,120,492
140144804,347,11,91,449
140144805,351,20,106,477
140144806,332,14,129,475
140144807,460,14,166,640
140144808,328,13,131,472
140144809,238,11,104,353
140144810,510,16,214,740
140144811,371,14,119,504
140144812,334,19,127,480
140144813,364,13,142,519
140144814,389,8,146,543
140144815,575,35,181,791
140144816,397,24,158,579
140144901,256,13,84,353
140144902,255,17,106,378
140144903,224,13,112,349
140144904,270,10,212,492
140144905,325,12,142,479
140144906,233,18,102,353
140144907,552,23,189,764
140144908,475,45,190,710
140144909,422,16,158,596
140144910,211,13,49,273
140144911,176,9,58,243
140144912,290,14,52,356
140144913,451,23,172,646
140144914,328,7,109,444
140144915,347,10,138,495
140144916,471,10,156,637
140144917,190,3,48,241
140144918,210,1,55,266
140144919,288,4,78,370
140144920,279,2,81,362
140144921,399,11,127,537
140145001,460,19,161,640
140145002,454,18,237,709
140145003,346,16,135,497
140145004,383,24,160,567
140145005,355,20,120,495
140145006,314,12,164,490
140145007,436,24,154,614
140145008,415,17,134,566
140145009,515,15,184,714
140145010,416,18,182,616
140145011,388,28,153,569
140145012,333,24,145,502
140145013,302,7,122,431
140145014,381,11,142,534
140145015,417,13,184,614
140145101,418,34,193,645
140145102,401,15,172,588
140145103,318,15,132,465
140145104,452,26,216,694
140145105,379,24,202,605
140145106,513,24,290,827
140145107,512,31,306,849
140145108,403,22,266,691
140145109,513,20,258,791
140145110,396,24,197,617
140145111,365,33,256,654
140145112,571,47,280,898
140145113,469,26,292,787
140145114,417,37,255,709
140145115,392,60,180,632
140145116,278,29,120,427
140145117,641,39,377,1057
140145118,427,35,242,704
140145119,572,39,354,965
140145120,801,87,497,1385
140145121,409,31,229,669
140145201,301,23,145,469
140145202,511,42,270,823
140145203,385,23,156,564
140145204,622,63,387,1072
140145205,232,6,130,368
140145206,237,14,174,425
140145207,360,17,164,541
140145208,307,36,181,524
140145209,284,7,161,452
140145210,285,15,150,450
140145211,281,21,123,425
140145212,456,107,263,826
140145213,400,17,200,617
140145214,394,12,196,602
140145215,336,36,167,539
140145216,431,47,227,705
140145217,386,59,215,660
140145218,484,50,399,933
140145219,625,37,189,851
140145301,339,16,161,516
140145302,318,18,159,495
140145303,237,7,91,335
140145304,274,11,139,424
140145305,268,20,110,398
140145306,356,16,160,532
140145307,333,12,152,497
140145308,476,31,230,737
140145309,322,21,175,518
140145310,423,11,163,597
140145311,370,17,180,567
140145312,333,6,181,520
140145313,257,14,156,427
140145314,272,15,107,394
140145315,442,12,168,622
140145316,264,7,135,406
140145317,285,9,149,443
140145318,295,20,178,493
140145319,353,30,147,530
140145320,229,5,99,333
140145401,277,11,59,347
140145402,295,17,78,390
140145403,291,13,121,425
140145404,284,15,89,388
140145405,184,8,71,263
140145406,366,17,151,534
140145407,172,6,79,257
140145408,213,18,108,339
140145409,330,15,112,457
140145410,233,15,99,347
140145411,161,13,58,232
140145412,273,15,125,413
140145413,386,33,265,684
140145414,257,11,142,410
140145415,247,25,120,392
140145416,195,16,114,325
140145501,312,15,121,448
140145502,291,9,107,407
140145503,166,9,49,224
140145504,147,6,51,204
140145505,191,9,69,269
140145506,125,9,41,175
140145507,179,6,76,261
140145508,77,3,20,100
140145509,178,10,53,241
140145510,191,13,64,268
140145511,237,15,137,389
140145512,174,8,100,282
140145513,159,13,68,240
140145514,178,23,98,299
140145515,82,8,28,118
140145516,221,23,78,322
140145517,301,29,238,568
140145518,164,7,99,270
140145519,287,20,184,491
140145601,283,12,81,376
140145602,308,9,97,414
140145603,281,15,71,367
140145604,214,16,68,298
140145605,247,10,69,326
140145606,188,14,79,281
140145607,164,5,50,219
140145608,149,8,49,206
140145609,189,7,65,261
140145610,102,10,38,150
140145611,334,15,150,499
140145612,111,6,52,169
140145613,184,15,57,256
140145614,117,7,68,192
140145615,144,6,82,232
140145616,151,7,116,274
140145617,187,11,122,320
140145618,258,11,106,375
140145619,219,6,75,300
140145701,397,6,253,656
140145702,258,12,139,409
140145703,247,16,182,445
140145704,407,17,230,654
140145705,158,13,93,264
140145706,111,8,71,190
140145707,183,10,93,286
140145708,70,6,55,131
140145709,154,8,96,258
140145710,166,7,77,250
140145711,205,18,82,305
140145712,153,9,57,219
140145713,275,15,101,391
140145714,298,9,105,412
140145715,365,17,119,501
140145716,109,5,50,164
140145801,170,12,53,235
140145802,381,21,108,510
140145803,216,13,66,295
140145804,272,11,100,383
140145805,385,15,99,499
140145806,380,17,124,521
140145807,233,12,95,340
140145808,329,13,94,436
140145809,307,11,112,430
140145810,156,5,53,214
140145811,388,19,96,503
140145812,329,16,86,431
140145813,125,7,36,168
140145901,463,29,141,633
140145902,202,10,57,269
140145903,368,24,118,510
140145904,372,15,109,496
140145905,354,17,72,443
140145906,299,18,74,391
140145907,302,9,88,399
140145908,168,10,58,236
140145909,300,13,78,391
140145910,282,18,66,366
140145911,273,18,60,351
140145912,506,20,223,749
140146001,423,30,211,664
140146002,390,17,152,559
140146003,299,19,181,499
140146004,465,16,179,660
140146005,555,27,178,760
140146006,434,24,125,583
140146007,359,12,100,471
140146008,280,9,90,379
140146009,373,18,123,514
140146010,345,16,96,457
140146011,597,16,208,821
140146012,242,9,90,341
140146013,322,19,128,469
140146014,538,24,241,803
140146015,486,20,221,727
140146016,408,24,179,611
140146017,524,38,262,824
140146018,489,23,165,677
140146101,512,66,268,846
140146102,399,93,300,792
140146103,435,62,240,737
140146104,371,51,217,639
140146105,568,44,240,852
140146106,445,68,201,714
140146107,517,65,217,799
140146108,537,43,241,821
140146109,447,45,185,677
140146110,393,31,246,670
140146111,455,66,278,799
140146112,813,86,426,1325
140146113,721,67,333,1121
140146114,357,25,290,672
140146115,545,70,320,935
140146201,479,46,224,749
140146202,383,25,264,672
140146203,439,33,223,695
140146204,360,22,150,532
140146205,382,17,157,556
140146206,453,27,167,647
140146207,423,41,219,683
140146208,491,31,202,724
140146209,516,23,293,832
140146210,568,35,243,846
140146211,752,91,364,1207
140146212,575,65,290,930
140146213,429,45,272,746
140146301,337,22,160,519
140146302,301,13,212,526
140146303,293,9,194,496
140146304,338,31,243,612
140146305,554,32,261,847
140146306,479,41,273,793
140146307,436,22,235,693
140146308,447,21,256,724
140146309,442,35,258,735
140146310,375,16,150,541
140146311,347,18,125,490
140146312,281,22,142,445
140146313,379,34,178,591
140146401,336,17,156,509
140146402,559,29,236,824
140146403,398,11,146,555
140146404,457,23,145,625
140146405,377,28,113,518
140146406,289,13,138,440
140146407,484,32,295,811
140146408,505,27,200,732
140146409,502,37,253,792
140146410,611,33,256,900
140146411,470,39,232,741
140146501,296,19,132,447
140146502,476,19,136,631
140146503,268,10,83,361
140146504,226,10,56,292
140146505,287,20,157,464
140146506,436,17,153,606
140146507,246,18,149,413
140146508,206,6,82,294
140146509,290,14,192,496
140146510,283,19,142,444
140146511,472,61,192,725
140146512,503,17,214,734
140146513,298,31,178,507
140146514,674,62,313,1049
140146515,265,16,116,397
140146516,496,55,220,771
140146601,447,18,150,615
140146602,524,20,152,696
140146603,172,7,59,238
140146604,248,23,118,389
140146605,226,11,86,323
140146606,277,11,90,378
140146607,296,24,88,408
140146608,93,5,32,130
140146609,259,18,110,387
140146610,170,12,55,237
140146611,151,6,60,217
140146612,268,15,100,383
140146613,202,19,68,289
140146614,494,32,115,641
140146701,244,10,105,359
140146702,128,3,38,169
140146703,398,32,205,635
140146704,172,19,89,280
140146705,223,16,130,369
140146706,331,36,175,542
140146707,195,6,107,308
140146708,284,18,123,425
140146709,304,25,115,444
140146710,228,26,132,386
140146711,469,29,290,788
140146801,207,16,61,284
140146802,163,3,86,252
140146803,324,20,134,478
140146804,459,33,244,736
140146805,130,8,59,197
140146806,335,9,132,476
140146807,213,6,60,279
140146808,94,6,45,145
140146809,341,15,90,446
140146810,263,14,65,342
140146811,158,13,50,221
140146812,257,13,96,366
140146813,174,6,72,252
140146814,373,15,202,590
140146901,234,12,130,376
140146902,107,12,83,202
140146903,164,23,185,372
140146904,245,19,116,380
140146905,303,18,185,506
140146906,329,37,153,519
140146907,358,20,96,474
140146908,390,52,156,598
140146909,254,13,88,355
140146910,333,18,101,452
140146911,568,40,239,847
140146912,225,19,78,322
140146913,90,3,45,138
140146914,310,38,203,551
140147001,248,21,205,474
140147002,275,19,195,489
140147003,313,28,276,617
140147004,163,16,156,335
140147005,307,20,232,559
140147006,341,24,215,580
140147007,240,19,154,413
140147008,234,23,206,463
140147009,236,21,142,399
140147010,262,29,237,528
140147011,168,21,182,371
140147101,171,19,147,337
140147102,341,35,257,633
140147103,270,18,226,514
140147104,327,24,255,606
140147105,238,24,186,448
140147106,332,27,236,595
140147107,364,44,317,725
140147108,234,14,188,436
140147109,360,47,316,723
140147110,346,29,288,663
140147111,255,19,195,469
140147201,538,64,426,1028
140147202,678,63,506,1247
140147203,612,51,394,1057
140147204,588,52,343,983
140147205,263,29,141,433
140147206,505,38,397,940
140147207,585,67,436,1088
140147301,361,31,182,574
140147302,336,26,188,550
140147303,333,34,158,525
140147304,400,6,164,570
140147305,357,16,178,551
140147306,453,25,149,627
140147307,287,39,79,405
140147308,344,23,154,521
140147309,477,42,226,745
140147310,288,16,173,477
140147311,319,18,151,488
140147312,333,19,129,481
140147313,338,20,170,528
140147401,505,32,299,836
140147402,405,52,245,702
140147403,360,61,204,625
140147404,350,34,202,586
140147405,358,45,240,643
140147406,601,48,332,981
140147407,482,27,303,812
140147408,475,38,313,826
140147409,392,34,226,652
140147410,383,32,220,635
140147411,510,67,340,917
140147412,529,59,282,870
140147413,348,19,192,559
140147414,418,31,251,700
140147415,403,103,300,806
140147416,379,21,179,579
140147417,383,15,231,629
140147418,422,23,173,618
140147501,486,73,364,923
140147502,385,45,274,704
140147503,436,51,285,772
140147504,357,66,263,686
140147505,469,42,225,736
140147506,559,79,266,904
140147507,567,82,369,1018
140147508,451,40,288,779
140147509,686,46,253,985
140147510,597,65,314,976
140147511,521,57,328,906
140147512,505,50,248,803
140147513,731,63,391,1185
140147514,754,124,418,1296
140147515,673,94,377,1144
140147516,506,31,254,791
140147517,531,43,311,885
140147518,461,60,374,895
140147519,725,97,451,1273
140147601,616,82,418,1116
140147602,459,44,328,831
140147603,407,44,237,688
140147604,445,40,298,783
140147605,449,37,296,782
140147606,1160,175,558,1893
140147607,448,44,276,768
140147608,397,31,243,671
140147609,534,52,268,854
140147610,423,36,297,756
140147611,472,32,271,775
140147612,593,70,297,960
140147613,387,32,195,614
140147614,490,38,265,793
140147615,426,36,207,669
140147616,650,74,362,1086
140147617,550,91,396,1037
140147701,576,47,244,867
140147702,378,35,203,616
140147703,356,20,223,599
140147704,429,27,238,694
140147705,575,15,242,832
140147706,443,36,228,707
140147707,515,43,355,913
140147708,448,29,236,713
140147709,395,37,227,659
140147710,475,21,257,753
140147711,327,29,195,551
140147712,475,43,201,719
140147713,611,63,402,1076
140147714,421,49,253,723
140147715,471,63,333,867
140147716,398,28,198,624
140147717,549,48,262,859
140147718,367,17,184,568
140147719,475,50,269,794
140147720,561,47,306,914
140147721,344,23,202,569
140147722,485,67,252,804
140147801,516,59,299,874
140147802,289,15,152,456
140147803,392,26,187,605
140147804,375,42,268,685
140147805,381,28,235,644
140147806,227,14,138,379
140147807,449,25,254,728
140147808,441,11,214,666
140147809,516,57,267,840
140147810,479,19,227,725
140147811,568,22,334,924
140147812,472,18,261,751
140147813,334,13,182,529
140147814,608,16,187,811
140147815,274,16,133,423
140147816,320,15,167,502
140147901,491,22,281,794
140147902,441,30,225,696
140147903,341,39,167,547
140147904,298,11,214,523
140147905,340,22,178,540
140147906,463,22,261,746
140147907,518,27,269,814
140147908,369,16,146,531
140147909,494,53,306,853
140147910,378,26,221,625
140147911,478,44,223,745
140147912,307,9,153,469
140147913,441,57,217,715
140147914,318,24,195,537
140147915,520,55,309,884
140147916,442,18,244,704
140147917,424,37,224,685
140147918,423,11,202,636
140147919,408,35,206,649
140147920,382,22,216,620
140148001,238,15,152,405
140148002,209,12,152,373
140148003,182,32,112,326
140148004,179,21,107,307
140148005,248,22,203,473
140148006,377,26,251,654
140148007,162,13,98,273
140148008,148,19,122,289
140148009,195,18,153,366
140148010,205,15,172,392
140148011,344,11,197,552
140148012,291,5,164,460
140148013,227,13,92,332
140148014,231,24,125,380
140148101,210,23,196,429
140148102,239,40,258,537
140148103,495,52,400,947
140148104,504,46,365,915
140148105,478,41,368,887
140148106,601,45,484,1130
140148107,215,22,197,434
140148108,240,19,198,457
140148109,228,19,182,429
140148110,241,23,148,412
140148201,289,26,217,532
140148202,361,39,254,654
140148203,259,29,259,547
140148204,473,29,432,934
140148205,163,17,157,337
140148206,141,17,101,259
140148207,298,46,219,563
140148208,556,61,472,1089
140148209,290,23,258,571
140148210,174,33,162,369
140148211,214,23,139,376
140148301,437,34,215,686
140148302,467,42,242,751
140148303,456,34,201,691
140148304,336,18,212,566
140148305,311,24,168,503
140148306,289,32,126,447
140148307,493,51,211,755
140148308,309,48,144,501
140148309,430,30,226,686
140148310,296,19,110,425
140148311,381,43,199,623
140148312,453,51,249,753
140148313,425,55,176,656
140148314,433,69,202,704
140148315,310,28,159,497
140148316,242,20,139,401
140148401,466,27,250,743
140148402,431,13,299,743
140148403,441,26,220,687
140148404,329,22,167,518
140148405,514,37,211,762
140148406,338,11,127,476
140148407,288,8,138,434
140148408,376,19,187,582
140148409,383,17,260,660
140148410,334,21,210,565
140148411,377,30,200,607
140148412,360,15,259,634
140148501,477,32,230,739
140148502,357,19,172,548
140148503,348,18,208,574
140148504,437,38,227,702
140148505,482,49,268,799
140148506,551,30,241,822
140148507,340,20,210,570
140148508,670,55,351,1076
140148509,772,55,345,1172
140148510,644,48,328,1020
140148511,664,61,304,1029
140148512,574,57,252,883
140148513,561,36,326,923
140148514,567,53,310,930
140148515,302,23,201,526
140148516,406,16,271,693
140148601,372,54,233,659
140148602,382,19,101,502
140148603,479,55,201,735
140148604,493,109,294,896
140148605,642,95,311,1048
140148606,513,71,309,893
140148607,601,63,311,975
140148608,485,25,229,739
140148609,359,53,274,686
140148610,590,87,367,1044
140148611,431,28,208,667
140148612,408,39,251,698
140148701,538,35,256,829
140148702,426,36,227,689
140148703,369,24,151,544
140148704,403,36,177,616
140148705,756,60,279,1095
140148706,370,39,171,580
140148707,411,64,236,711
140148708,793,49,293,1135
140148709,349,36,217,602
140148710,454,46,240,740
140148711,617,47,239,903
140148712,499,23,307,829
140148713,271,12,176,459
140148801,341,20,232,593
140148802,513,31,249,793
140148803,447,32,264,743
140148804,392,45,200,637
140148805,188,8,132,328
140148806,419,32,311,762
140148807,495,29,248,772
140148808,393,29,206,628
140148809,404,29,249,682
140148810,430,26,266,722
140148811,648,42,304,994
140148812,558,39,245,842
140148813,544,47,233,824
140148814,580,75,237,892
140148815,578,28,131,737
140148901,374,25,230,629
140148902,284,16,183,483
140148903,566,36,318,920
140148904,610,22,319,951
140148905,339,20,202,561
140148906,484,22,314,820
140148907,462,31,203,696
140148908,328,16,228,572
140148909,396,23,267,686
140148910,447,35,172,654
140148911,405,21,201,627
140148912,454,54,217,725
140148913,497,42,152,691
140148914,456,22,175,653
140148915,666,52,241,959
140148916,791,61,366,1218
140149001,356,38,160,554
140149002,362,27,213,602
140149003,322,16,189,527
140149004,263,19,182,464
140149005,402,25,183,610
140149006,539,37,325,901
140149007,574,62,267,903
140149008,306,5,185,496
140149009,359,16,236,611
140149010,292,9,156,457
140149011,362,27,183,572
140149012,476,54,245,775
140149013,556,81,315,952
140149014,384,31,229,644
140149015,446,20,255,721
140149101,643,31,367,1041
140149102,520,30,227,777
140149103,408,24,207,639
140149104,546,46,293,885
140149105,422,37,280,739
140149106,372,55,341,768
140149107,448,23,212,683
140149108,412,25,211,648
140149109,270,12,121,403
140149110,415,41,210,666
140149111,432,40,228,700
140149112,471,47,224,742
140149113,477,41,245,763
140149114,688,35,301,1024
140149115,433,43,261,737
140149116,390,13,197,600
140149117,448,32,236,716
140149118,483,26,272,781
140149119,429,31,321,781
140149120,316,14,161,491
140149201,395,31,270,696
140149202,249,14,132,395
140149203,299,18,80,397
140149204,453,45,205,703
140149205,447,29,195,671
140149206,394,18,210,622
140149207,281,19,181,481
140149208,329,20,158,507
140149209,438,29,206,673
140149210,370,17,156,543
140149211,429,19,233,681
140149212,492,36,217,745
140149213,244,24,143,411
140149214,500,25,232,757
140149215,340,23,202,565
140149216,397,35,261,693
140149217,501,17,214,732
140149218,251,4,122,377
140149301,377,25,212,614
140149302,367,27,239,633
140149303,570,25,321,916
140149304,687,30,382,1099
140149305,400,37,272,709
140149306,566,68,319,953
140149307,543,35,240,818
140149308,606,46,408,1060
140149309,428,16,215,659
140149310,507,21,350,878
140149311,668,65,386,1119
140149312,738,69,357,1164
140149313,355,28,225,608
140149314,253,15,128,396
140149315,474,37,159,670
140149316,391,31,193,615
140149317,772,62,375,1209
140149318,466,18,202,686
140149319,548,53,286,887
140149320,269,23,147,439
140149321,480,28,156,664
140149401,491,40,312,843
140149402,517,28,220,765
140149403,322,52,217,591
140149404,738,129,455,1322
140149405,594,55,360,1009
140149406,486,64,230,780
140149407,748,41,393,1182
140149408,798,85,481,1364
140149409,590,37,284,911
140149410,411,55,282,748
140149411,493,67,248,808
140149412,510,55,290,855
140149413,454,52,263,769
140149414,349,40,217,606
140149501,419,17,157,593
140149502,356,22,204,582
140149503,351,11,154,516
140149504,520,108,336,964
140149505,626,69,336,1031
140149506,565,74,295,934
140149507,431,60,270,761
140149508,561,53,283,897
140149509,415,42,275,732
140149510,556,38,277,871
140149511,411,66,175,652
140149512,832,108,292,1232
140149513,713,94,302,1109
140149514,633,78,358,1069
140149601,381,13,158,552
140149602,394,28,177,599
140149603,582,57,231,870
140149604,553,41,248,842
140149605,450,20,189,659
140149606,354,39,204,597
140149607,353,16,169,538
140149608,473,25,267,765
140149609,493,29,197,719
140149610,542,60,234,836
140149611,418,36,229,683
140149612,585,49,214,848
140149613,641,22,169,832
140149614,382,30,216,628
140149615,359,42,197,598
140149616,659,63,298,1020
140149617,741,98,366,1205
140149701,760,146,455,1361
140149702,309,54,170,533
140149703,455,10,147,612
140149704,344,26,173,543
140149705,502,15,158,675
140149706,777,89,371,1237
140149707,662,55,260,977
140149708,706,78,352,1136
140149709,666,118,385,1169
140149710,558,79,284,921
140149711,591,71,401,1063
140149712,442,42,281,765
140149713,349,51,196,596
140149714,819,94,398,1311
140149715,542,55,326,923
140149716,491,48,313,852
140149717,747,95,488,1330
140149801,476,34,253,763
140149802,643,52,275,970
140149803,465,27,202,694
140149804,417,51,224,692
140149805,258,35,170,463
140149806,356,30,288,674
140149807,655,85,393,1133
140149808,366,34,264,664
140149809,524,58,260,842
140149810,326,47,238,611
140149811,385,53,189,627
140149812,398,75,224,697
140149813,740,77,366,1183
140149901,548,52,333,933
140149902,575,41,285,901
140149903,567,30,276,873
140149904,334,26,240,600
140149905,363,28,195,586
140149906,480,42,304,826
140149907,385,40,190,615
140149908,671,58,437,1166
140149909,573,40,243,856
140149910,601,37,289,927
140149911,342,76,170,588
140149912,406,77,201,684
140149913,745,123,365,1233
140210101,38,0,11,49
140210102,44,2,19,65
140210103,73,0,43,116
140210104,179,2,94,275
140210105,117,3,67,187
140210106,274,11,139,424
140210107,219,17,129,365
140210108,216,6,132,354
140210109,250,14,144,408
140210110,169,10,98,277
140210201,26,1,10,37
140210202,36,1,18,55
140210203,21,3,10,34
140210204,68,2,44,114
140210205,162,7,69,238
140210206,124,4,58,186
140210207,234,5,108,347
140210208,140,5,73,218
140210209,287,17,132,436
140210210,166,8,125,299
140210211,139,2,44,185
140210212,179,17,89,285
140210213,213,21,163,397
140210301,76,4,46,126
140210302,215,5,85,305
140210303,263,23,222,508
140210304,422,29,203,654
140210305,212,16,98,326
140210306,191,4,106,301
140210307,66,2,46,114
140210308,168,2,121,291
140210309,244,14,195,453
140210310,161,10,87,258
140210311,215,3,122,340
140210312,181,6,135,322
140210313,125,5,140,270
140210314,414,60,240,714
140210315,361,43,213,617
140210316,326,13,247,586
140210401,134,3,94,231
140210402,108,4,87,199
140210403,177,21,135,333
140210404,147,5,109,261
140210405,140,7,105,252
140210406,421,27,233,681
140210407,393,35,320,748
140210408,136,9,97,242
140210409,585,41,325,951
140210410,439,21,263,723
140210501,54,3,63,120
140210502,140,7,65,212
140210503,20,2,11,33
140210504,126,2,23,151
140210505,113,4,34,151
140210506,228,10,71,309
140210507,404,3,133,540
140210508,416,9,106,531
140210601,104,3,35,142
140210602,49,1,16,66
140210603,38,1,19,58
140210604,66,2,45,113
140210605,168,19,63,250
140210606,26,2,23,51
140210607,60,13,66,139
140210608,423,20,255,698
140210609,471,23,237,731
140210610,297,27,132,456
140210611,719,50,324,1093
140210612,626,25,306,957
140210613,458,27,242,727
140210614,720,40,316,1076
140210615,706,41,357,1104
140210616,578,35,213,826
140210701,115,7,52,174
140210702,296,12,148,456
140210703,112,1,100,213
140210704,292,16,221,529
140210705,598,52,386,1036
140210706,461,34,326,821
140210707,474,40,331,845
140210708,423,29,324,776
140210709,376,40,250,666
140210710,275,21,234,530
140210711,399,32,281,712
140210712,332,20,257,609
140210713,91,5,59,155
140210714,254,28,211,493
140210715,421,27,317,765
140210716,253,12,153,418
140210801,58,5,42,105
140210802,275,9,171,455
140210803,663,36,551,1250
140210804,473,31,365,869
140210805,451,36,378,865
140210806,173,10,166,349
140210807,570,75,376,1021
140210808,325,30,242,597
140210809,597,70,421,1088
140210810,375,36,279,690
140210811,355,51,209,615
140210812,343,53,210,606
140210813,447,44,241,732
140210814,437,81,286,804
140210901,383,15,188,586
140210902,419,22,198,639
140210903,385,10,168,563
140210904,312,11,165,488
140210905,257,15,152,424
140210906,411,45,250,706
140210907,271,10,159,440
140210908,259,7,125,391
140210909,300,3,179,482
140210910,418,27,297,742
140210911,582,45,353,980
140210912,277,20,205,502
140210913,404,21,286,711
140210914,443,33,307,783
140211001,575,41,384,1000
140211002,396,26,217,639
140211003,429,20,273,722
140211004,535,37,322,894
140211005,370,11,233,614
140211006,514,34,257,805
140211007,301,19,160,480
140211008,417,35,299,751
140211009,342,12,192,546
140211010,432,19,286,737
140211011,608,46,378,1032
140211012,852,65,416,1333
140211013,689,83,382,1154
140211014,711,67,327,1105
140211015,226,25,148,399
140211016,409,37,249,695
140211101,325,41,212,578
140211102,380,50,289,719
140211103,309,20,191,520
140211104,405,14,210,629
140211105,431,19,163,613
140211106,180,6,97,283
140211107,419,25,162,606
140211108,435,26,198,659
140211109,641,35,275,951
140211110,275,7,179,461
140211111,358,21,183,562
140211112,583,22,337,942
140211113,434,24,233,691
140211114,355,35,190,580
140211115,314,16,221,551
140211116,351,11,157,519
140211117,371,8,276,655
140211118,515,30,325,870
140211119,472,23,232,727
140211201,248,47,150,445
140211202,229,16,166,411
140211203,373,32,250,655
140211204,349,14,157,520
140211205,357,23,217,597
140211206,358,24,156,538
140211207,240,11,212,463
140211208,206,14,103,323
140211209,202,10,94,306
140211210,353,20,211,584
140211211,387,18,242,647
140211212,308,30,150,488
140211213,302,38,144,484
140211214,358,19,236,613
140211301,353,29,198,580
140211302,205,23,142,370
140211303,320,11,147,478
140211304,263,20,133,416
140211305,457,27,242,726
140211306,312,28,147,487
140211307,258,23,135,416
140211308,563,28,288,879
140211309,299,24,161,484
140211310,325,24,183,532
140211311,251,12,147,410
140211312,288,21,163,472
140211313,336,13,198,547
140211314,390,16,267,673
140211401,304,27,164,495
140211402,232,5,139,376
140211403,234,11,170,415
140211404,440,23,236,699
140211405,468,21,227,716
140211406,423,27,180,630
140211407,556,38,294,888
140211408,289,21,185,495
140211409,317,16,146,479
140211410,394,22,181,597
140211411,475,38,241,754
140211412,366,41,209,616
140211501,323,6,155,484
140211502,374,20,188,582
140211503,351,19,182,552
140211504,357,22,231,610
140211505,320,12,173,505
140211506,425,12,234,671
140211507,396,31,190,617
140211508,171,6,95,272
140211509,268,16,122,406
140211510,335,14,158,507
140211511,290,26,184,500
140211601,455,43,215,713
140211602,580,31,332,943
140211603,326,22,189,537
140211604,432,34,237,703
140211605,400,35,225,660
140211606,395,59,216,670
140211607,392,23,237,652
140211608,349,14,229,592
140211609,367,27,173,567
140211610,383,21,160,564
140211611,603,49,312,964
140211701,409,14,126,549
140211702,402,14,54,470
140211703,379,11,87,477
140211704,388,19,118,525
140211705,316,5,133,454
140211706,529,27,254,810
140211707,525,15,222,762
140211708,763,13,297,1073
140211709,785,24,349,1158
140211710,568,24,218,810
140211801,392,14,127,533
140211802,419,17,179,615
140211803,333,27,148,508
140211804,405,15,226,646
140211805,459,16,295,770
140211806,416,51,168,635
140211807,438,38,207,683
140211808,455,28,264,747
140211809,431,61,245,737
140211810,491,45,239,775
140211811,373,20,161,554
140211812,610,33,311,954
140211813,657,42,403,1102
140211814,319,36,178,533
140211815,520,42,319,881
140211816,517,43,326,886
140211901,444,18,189,651
140211902,438,34,197,669
140211903,307,8,136,451
140211904,275,9,139,423
140211905,357,8,206,571
140211906,314,13,188,515
140211907,269,13,150,432
140211908,291,17,113,421
140211909,481,6,165,652
140211910,550,24,274,848
140211911,481,35,229,745
140211912,414,16,167,597
140211913,413,32,143,588
140212001,286,19,183,488
140212002,285,27,183,495
140212003,480,41,346,867
140212004,393,46,232,671
140212005,524,52,243,819
140212006,323,37,251,611
140212007,518,43,278,839
140212008,314,33,235,582
140212009,319,14,234,567
140212010,330,25,232,587
140212011,302,39,128,469
140212012,318,18,231,567
140212013,383,22,228,633
140212014,620,56,325,1001
140212015,456,18,277,751
140212016,327,13,181,521
140212017,331,26,166,523
140212018,447,27,297,771
140212101,454,10,151,615
140212102,330,31,149,510
140212103,321,26,159,506
140212104,83,5,49,137
140212105,411,24,262,697
140212106,458,29,287,774
140212107,338,13,195,546
140212108,303,14,239,556
140212109,327,14,218,559
140212110,524,48,326,898
140212111,145,6,82,233
140212112,232,22,147,401
140212113,445,52,283,780
140212114,348,23,201,572
140212115,325,14,177,516
140212116,502,37,267,806
140212117,274,5,148,427
140212118,625,59,412,1096
140212119,323,10,49,382
140212120,349,7,57,413
140280101,33,0,44,77
140280102,150,4,253,407
140280103,108,4,127,239
140280104,235,47,398,680
140280105,170,25,263,458
140280106,73,11,114,198
140280107,44,2,26,72
140280108,105,4,156,265
140280109,232,11,328,571
140280110,450,53,783,1286
140280111,296,41,344,681
140280201,445,86,653,1184
140280202,293,58,327,678
140280203,369,24,328,721
140280204,583,40,571,1194
140280205,313,30,282,625
140280206,228,13,221,462
140280207,284,17,185,486
140280208,443,21,462,926
140280209,369,16,368,753
140280210,263,16,358,637
140280211,519,43,361,923
140280212,403,39,407,849
140280213,389,37,438,864
140280214,369,39,416,824
140280215,514,38,492,1044
140280216,571,32,391,994
140280301,366,56,412,834
140280302,387,27,530,944
140280303,420,50,415,885
140280304,478,25,417,920
140280305,427,16,440,883
140280306,275,19,228,522
140280307,335,20,237,592
140280308,252,12,198,462
140280309,353,16,318,687
140280310,395,34,383,812
140280311,411,20,408,839
140280312,246,18,214,478
140280401,24,1,32,57
140280402,77,24,140,241
140280403,129,25,219,373
140280404,74,2,234,310
140280405,60,6,182,248
140280406,194,8,367,569
140280407,247,20,358,625
140280408,229,30,311,570
140280409,337,9,360,706
140280410,247,10,371,628
140280501,167,1,364,532
140280502,154,10,214,378
140280503,66,2,38,106
140280504,110,7,178,295
140280505,323,16,349,688
140280506,421,41,381,843
140280507,437,39,329,805
140280508,381,24,320,725
140280509,257,18,214,489
140280510,302,12,241,555
140280511,350,24,348,722
140280512,269,23,303,595
140280513,278,11,274,563
140280514,565,14,417,996
140280515,100,9,171,280
140280601,31,3,22,56
140280602,131,9,61,201
140280603,172,13,134,319
140280604,63,0,86,149
140280605,27,2,17,46
140280606,274,11,111,396
140280607,395,21,239,655
140280701,101,2,45,148
140280702,62,0,80,142
140280703,42,0,28,70
140280704,21,1,8,30
140280705,21,0,26,47
140280706,72,4,117,193
140350101,31,0,7,38
140350102,20,0,8,28
140350103,81,0,33,114
140350104,48,0,11,59
140350105,49,0,8,57
140350106,63,1,28,92
140350107,151,11,93,255
140350108,476,24,333,833
140350109,463,8,248,719
140350110,388,29,214,631
140350201,46,1,18,65
140350202,46,0,23,69
140350203,32,2,12,46
140350204,26,0,18,44
140350205,28,0,12,40
140350206,146,0,94,240
140350207,25,4,21,50
140350208,76,0,26,102
140350209,29,1,7,37
140350210,291,21,168,480
140350211,330,20,188,538
140350212,493,8,299,800
140350213,482,5,324,811
140350214,371,9,247,627
140350215,449,13,300,762
140350301,53,1,28,82
140350302,30,0,7,37
140350303,143,2,54,199
140350304,132,1,33,166
140350305,119,0,54,173
140350306,103,1,54,158
140350307,282,4,125,411
140350308,60,1,42,103
140350309,66,1,35,102
140350310,218,9,150,377
140350311,496,8,233,737
140350312,373,4,258,635
140350313,334,3,288,625
140350314,369,8,174,551
140350315,439,15,238,692
140350316,341,10,214,565
140350317,488,14,287,789
140350318,568,7,274,849
140350401,37,1,24,62
140350402,86,2,26,114
140350403,109,6,48,163
140350404,329,21,179,529
140350405,396,18,249,663
140350406,513,12,343,868
140350407,365,11,228,604
140350408,221,9,185,415
140350409,340,11,213,564
140350410,252,7,208,467
140350411,241,5,148,394
140350412,387,10,217,614
140350413,347,12,222,581
140350414,407,32,247,686
140350415,528,28,243,799
140350501,22,0,2,24
140350502,88,0,7,95
140350503,51,0,12,63
140350504,69,0,25,94
140350505,57,0,17,74
140350506,74,0,11,85
140350507,33,1,6,40
140350508,342,13,180,535
140350509,283,15,212,510
140350510,289,10,233,532
140350511,322,13,252,587
140350512,553,19,355,927
140350513,361,15,286,662
140350514,322,6,180,508
140420101,63,0,38,101
140420102,55,0,24,79
140420103,107,0,44,151
140420104,73,1,20,94
140420105,175,0,54,229
140420106,65,0,38,103
140420107,115,1,44,160
140420108,140,3,65,208
140420109,546,19,292,857
140420110,261,13,224,498
140420111,464,11,214,689
140420112,182,3,129,314
140420201,66,0,20,86
140420202,117,4,41,162
140420203,75,0,45,120
140420204,63,1,26,90
140420205,134,0,76,210
140420206,49,1,22,72
140420207,62,1,38,101
140420208,205,7,118,330
140420209,219,5,94,318
140420210,304,14,214,532
140420301,164,1,63,228
140420302,155,3,50,208
140420303,117,0,37,154
140420304,77,0,42,119
140420305,96,3,29,128
140420306,15,1,7,23
140420307,327,1,85,413
140420308,303,7,132,442
140420309,409,10,245,664
140420310,413,21,337,771
140420311,363,17,238,618
140420312,165,4,128,297
140420313,568,24,384,976
140420314,589,18,327,934
140420401,535,33,293,861
140420402,336,17,228,581
140420403,324,14,217,555
140420404,531,21,368,920
140420405,526,25,313,864
140420406,535,26,248,809
140420407,573,27,263,863
140420408,521,26,266,813
140420409,446,21,246,713
140420410,398,20,280,698
140420411,501,26,269,796
140420412,414,20,267,701
140420413,554,24,309,887
140420414,375,32,191,598
140420415,671,49,324,1044
140420416,315,6,175,496
140420417,326,21,201,548
140420418,549,25,193,767
140420419,399,8,59,466
140420501,46,0,20,66
140420502,39,0,21,60
140420503,28,2,14,44
140420504,83,0,25,108
140420505,43,1,28,72
140420506,51,2,25,78
140420507,78,0,26,104
140420508,139,5,50,194
140420509,107,0,43,150
140420510,239,10,167,416
140420511,202,8,193,403
140420512,384,7,142,533
140420513,314,20,173,507
140420514,380,5,229,614
140420515,305,3,169,477
140420516,278,13,180,471
140420517,405,18,340,763
140420601,437,32,188,657
140420602,406,24,169,599
140420603,553,21,254,828
140420604,438,13,197,648
140420605,374,21,210,605
140420606,390,24,325,739
140420607,294,12,158,464
140420608,605,23,288,916
140420609,442,23,235,700
140420610,277,4,137,418
140420611,380,14,201,595
140420612,222,5,121,348
140420613,367,5,199,571
140420614,392,15,188,595
140420615,603,23,193,819
140420616,701,34,219,954
140420617,399,15,217,631
140420618,298,21,130,449
140420619,220,6,122,348
140420620,211,7,112,330
140420621,747,18,225,990
140420701,636,48,252,936
140420702,532,20,196,748
140420703,632,38,285,955
140420704,367,10,221,598
140420705,526,7,216,749
140420706,347,14,188,549
140420707,395,20,256,671
140420708,465,24,204,693
140420709,538,15,230,783
140420710,598,54,252,904
140420711,1083,53,338,1474
140420712,441,25,154,620
140420713,392,25,184,601
140420714,250,15,112,377
140420715,594,51,314,959
140420801,306,10,118,434
140420802,191,12,105,308
140420803,409,21,248,678
140420804,216,3,107,326
140420805,392,11,202,605
140420806,313,12,220,545
140420807,373,19,212,604
140420808,305,4,159,468
140420809,373,14,247,634
140420810,499,19,258,776
140420811,266,14,175,455
140420812,462,13,238,713
140420813,224,14,150,388
140420814,339,7,185,531
140420815,520,14,211,745
140420816,495,35,193,723
140420817,230,2,188,420
140420818,467,19,221,707
140420819,723,27,306,1056
140420820,254,4,139,397
140420821,251,11,105,367
140420822,359,11,121,491
140420823,386,17,178,581
140420901,399,42,156,597
140420902,485,20,191,696
140420903,378,21,148,547
140420904,429,27,139,595
140420905,579,17,131,727
140420906,581,9,210,800
140420907,347,10,175,532
140420908,268,5,167,440
140420909,515,19,261,795
140420910,299,4,157,460
140420911,261,8,140,409
140420912,155,9,99,263
140420913,393,18,166,577
140420914,424,13,193,630
140420915,320,5,227,552
140420916,548,5,185,738
140420917,412,6,180,598
140420918,346,12,206,564
140420919,491,23,241,755
140420920,414,28,212,654
140420921,473,31,187,691
140420922,216,8,169,393
140420923,228,8,151,387
140420924,305,4,160,469
140420925,285,12,131,428
140421001,90,0,34,124
140421002,76,4,33,113
140421003,4,0,2,6
140421004,47,2,24,73
140421005,62,1,29,92
140421006,49,0,13,62
140421007,44,0,24,68
140421008,280,7,188,475
140421009,396,17,224,637
140421010,394,16,177,587
140421011,256,6,134,396
140421012,366,6,217,589
140421013,273,10,199,482
140421014,324,7,177,508
140421015,357,4,247,608
140421016,493,15,308,816
140421101,415,19,127,561
140421102,354,14,174,542
140421103,472,26,178,676
140421104,477,19,169,665
140421105,602,21,148,771
140421106,385,17,148,550
140421107,789,41,312,1142
140421108,725,34,221,980
140421109,677,27,238,942
140421110,469,14,173,656
140421111,505,21,212,738
140421112,455,13,249,717
140421113,305,12,151,468
140490101,53,2,28,83
140490102,34,5,60,99
140490103,66,3,99,168
140490104,35,6,61,102
140490105,54,0,63,117
140490106,14,0,46,60
140490107,36,2,15,53
140490108,84,8,71,163
140490109,125,11,114,250
140490110,22,0,19,41
140490111,205,9,158,372
140490112,148,7,161,316
140490113,395,17,416,828
140490114,262,11,299,572
140490115,225,25,250,500
140490116,429,22,492,943
140490201,234,22,323,579
140490202,55,1,53,109
140490203,30,3,36,69
140490204,77,21,87,185
140490205,36,0,22,58
140490206,43,0,14,57
140490207,53,1,93,147
140490208,13,0,3,16
140490209,29,0,17,46
140490210,42,2,56,100
140490211,149,24,163,336
140490212,34,2,46,82
140490213,68,2,97,167
140490214,129,8,231,368
140490215,98,10,96,204
140490301,253,7,211,471
140490302,263,17,220,500
140490303,421,31,392,844
140490304,259,27,226,512
140490305,378,22,297,697
140490306,252,32,181,465
140490307,423,32,277,732
140490308,363,18,294,675
140490309,390,14,351,755
140490310,356,8,188,552
140490311,470,34,432,936
140490312,341,16,333,690
140490313,317,19,255,591
140490314,304,27,231,562
140490315,152,7,106,265
140490316,317,11,191,519
140490317,244,21,223,488
140490318,287,19,217,523
140490319,434,31,398,863
140490320,406,16,336,758
140490321,308,22,250,580
140490322,412,36,439,887
140490323,304,22,286,612
140490324,254,28,225,507
140490325,428,18,306,752
140560101,83,2,64,149
140560102,117,0,35,152
140560103,86,1,33,120
140560104,634,27,328,989
140560105,710,41,290,1041
140560106,567,36,261,864
140560107,369,13,242,624
140560108,556,37,275,868
140560109,422,29,244,695
140560110,408,16,273,697
140560111,343,13,207,563
140560112,315,11,210,536
140560113,413,6,263,682
140560114,343,9,180,532
140560115,258,6,165,429
140560116,270,4,248,522
140560117,526,10,364,900
140560118,349,14,223,586
140560201,56,2,38,96
140560202,26,2,14,42
140560203,8,1,7,16
140560204,286,18,165,469
140560205,582,36,266,884
140560206,446,23,249,718
140560207,197,1,124,322
140560208,289,7,204,500
140560209,404,16,175,595
140560210,477,14,328,819
140560211,561,18,260,839
140560212,569,30,263,862
140560213,830,22,320,1172
140560214,852,41,385,1278
140560301,10,0,3,13
140560302,51,1,19,71
140560303,119,0,45,164
140560304,94,0,54,148
140560305,60,0,32,92
140560306,21,0,6,27
140560307,19,0,5,24
140560308,40,0,14,54
140560309,56,1,39,96
140560310,113,2,36,151
140560311,410,13,291,714
140560312,380,9,249,638
140560313,451,10,321,782
140560314,342,6,227,575
140560315,243,7,178,428
140560316,380,20,259,659
140560317,305,3,140,448
140560318,287,21,140,448
140560319,481,25,337,843
140560320,283,5,189,477
140560401,73,0,9,82
140560402,76,0,21,97
140560403,12,0,8,20
140560404,21,0,10,31
140560405,46,3,37,86
140560406,59,1,9,69
140560407,531,23,365,919
140560408,189,22,150,361
140560409,329,9,201,539
140560410,310,15,203,528
140560411,311,11,178,500
140560412,276,8,142,426
140560413,423,12,305,740
140560414,432,7,227,666
140560415,406,5,218,629
140560501,47,0,4,51
140560502,28,0,20,48
140560503,26,0,11,37
140560504,82,0,26,108
140560505,14,0,7,21
140560506,107,2,43,152
140560507,98,0,19,117
140560508,275,9,176,460
140560509,260,4,168,432
140560601,88,1,54,143
140560602,54,3,23,80
140560603,29,0,36,65
140560604,26,0,14,40
140560605,46,0,18,64
140560606,41,1,13,55
140560607,38,3,27,68
140560608,65,1,46,112
140560609,124,0,61,185
140560610,69,2,25,96
140560611,70,0,55,125
140560612,93,1,46,140
140560613,104,2,59,165
140560614,23,1,17,41
140560615,350,26,253,629
140560616,349,2,211,562
140560617,388,10,266,664
140560618,220,8,182,410
140560701,319,10,190,519
140560702,295,5,195,495
140560703,444,17,263,724
140560704,362,7,225,594
140560705,259,1,183,443
140560706,455,14,312,781
140560707,260,10,205,475
140560708,453,16,319,788
140560709,521,18,352,891
140560710,370,17,163,550
140560711,517,29,288,834
140560712,654,47,339,1040
140560713,478,30,273,781
140560714,263,7,201,471
140630101,57,0,17,74
140630102,42,1,20,63
140630103,39,0,5,44
140630104,21,0,9,30
140630105,27,0,14,41
140630106,48,0,32,80
140630107,34,0,11,45
140630108,24,1,18,43
140630109,295,8,315,618
140630201,46,0,27,73
140630202,112,1,53,166
140630203,41,0,29,70
140630204,44,0,28,72
140630205,30,0,11,41
140630206,43,0,39,82
140630207,39,0,34,73
140630208,43,0,29,72
140630209,37,0,14,51
140630210,59,1,29,89
140630211,40,1,27,68
140630212,468,14,319,801
140630213,376,6,204,586
140630214,294,15,157,466
140630215,209,6,121,336
140630301,20,1,10,31
140630302,64,2,21,87
140630303,133,7,105,245
140630304,439,13,178,630
140630305,431,4,254,689
140630306,459,10,234,703
140630307,338,13,189,540
140630308,365,24,227,616
140630309,289,9,169,467
140630310,292,3,190,485
140630311,491,31,185,707
140630401,13,0,18,31
140630402,33,0,17,50
140630403,21,1,8,30
140630404,35,0,21,56
140630405,50,0,51,101
140630406,11,0,20,31
140630407,482,9,290,781
140630408,336,10,274,620
140630409,241,12,179,432
140630410,234,5,198,437
140630411,249,11,204,464
140630412,234,4,162,400
140630413,440,10,290,740
140630414,355,8,234,597
140630415,320,17,199,536
140630501,91,1,61,153
140630502,62,2,44,108
140630503,39,0,6,45
140630504,252,5,177,434
140630505,360,10,268,638
140630506,395,6,254,655
140630507,306,9,187,502
140630508,378,4,263,645
140630509,232,19,149,400
140630510,600,23,284,907
140630511,312,13,204,529
140630512,252,13,149,414
140630513,338,11,248,597
140630514,305,8,250,563
140630515,452,15,266,733
140630516,420,13,223,656
140630517,212,2,102,316
140630601,7,0,4,11
140630602,7,0,2,9
140630603,67,4,23,94
140630604,54,1,31,86
140630605,33,0,23,56
140630606,46,1,25,72
140630607,348,9,255,612
140630608,266,2,219,487
140630609,407,8,284,699
140630610,322,10,216,548
140630611,399,18,273,690
140630612,248,6,227,481
140630613,409,24,268,701
140630614,198,5,149,352
140630615,393,6,175,574
140630701,141,6,69,216
140630702,67,0,42,109
140630703,49,0,24,73
140630704,41,1,24,66
140630705,64,0,30,94
140630706,426,9,216,651
140630707,323,17,227,567
140630708,357,10,296,663
140630709,367,8,309,684
140630710,177,8,118,303
140630711,324,15,218,557
140630801,49,1,14,64
140630802,53,0,20,73
140630803,55,0,41,96
140630804,81,0,41,122
140630805,32,0,12,44
140630806,33,1,11,45
140630807,247,6,112,365
140630808,291,6,288,585
140630809,240,5,245,490
140630810,314,4,223,541
140630811,259,7,204,470
140630812,243,5,209,457
140630901,31,0,23,54
140630902,57,0,40,97
140630903,101,4,58,163
140630904,80,4,54,138
140630905,49,0,29,78
140630906,26,0,18,44
140630907,51,0,23,74
140630908,59,0,25,84
140630909,73,0,35,108
140630910,230,4,203,437
140630911,224,8,202,434
140630912,262,6,239,507
140630913,234,7,190,431
140630914,433,23,296,752
140630915,511,23,249,783
140630916,377,13,315,705
140630917,147,4,165,316
140630918,327,11,265,603
140630919,231,2,230,463
140630920,328,13,308,649
140630921,474,18,222,714
140630922,517,23,315,855
140630923,280,5,205,490
140631001,266,21,161,448
140631002,451,16,258,725
140631003,458,13,353,824
140631004,365,18,188,571
140631005,192,14,199,405
140631006,342,8,221,571
140631007,557,35,278,870
140631008,306,9,176,491
140631009,302,3,262,567
140631010,309,5,201,515
140631011,287,4,197,488
140631012,507,20,285,812
140631013,579,19,330,928
140631101,683,27,250,960
140631102,525,18,213,756
140631103,378,11,173,562
140631104,411,14,231,656
140631105,522,11,312,845
140631106,246,4,187,437
140631107,400,9,175,584
140631108,408,6,144,558
140631109,339,6,166,511
140631110,616,14,222,852
140631111,302,8,221,531
140631112,140,3,152,295
140631113,376,8,258,642
140631114,278,4,199,481
140631115,333,7,160,500
140631116,563,17,287,867
140631201,383,9,136,528
140631202,267,3,195,465
140631203,316,16,248,580
140631204,209,2,107,318
140631205,508,17,272,797
140631206,440,25,266,731
140631207,409,11,235,655
140631208,341,16,225,582
140631209,626,23,232,881
140631210,623,33,291,947
140631211,428,30,228,686
140631212,463,19,239,721
140631213,378,19,231,628
140631214,553,13,271,837
140631215,576,38,226,840
140631216,515,35,192,742
140631301,501,36,293,830
140631302,313,22,154,489
140631303,449,16,324,789
140631304,367,8,209,584
140631305,651,21,324,996
140631306,356,5,250,611
140631307,201,7,161,369
140631308,280,14,249,543
140631309,390,7,315,712
140631310,229,4,119,352
140631311,294,2,221,517
140631312,300,3,171,474
140631313,289,17,147,453
140631314,429,5,251,685
140700101,66,3,150,219
140700102,18,0,71,89
140700103,107,7,138,252
140700104,48,1,40,89
140700105,66,2,190,258
140700201,31,8,70,109
140700202,25,1,74,100
140700203,75,3,144,222
140700204,23,1,59,83
140700205,46,6,98,150
140700206,91,9,117,217
140700207,68,6,98,172
140700208,26,1,70,97
140700209,27,2,65,94
140700210,57,10,115,182
140700211,81,0,124,205
140700212,176,7,136,319
140700213,347,27,297,671
140770101,11,0,17,28
140770102,1,6,12,19
140770103,36,1,61,98
140770104,26,4,35,65
140770105,34,18,75,127
140770106,59,2,59,120
140770107,30,2,51,83
140770108,33,1,36,70
140770109,43,1,41,85
140770110,112,11,181,304
140770201,41,1,98,140
140770202,82,7,119,208
140770203,198,14,180,392
140770204,206,32,328,566
140770205,46,3,69,118
140770206,22,0,23,45
140770207,21,3,118,142
140770208,36,6,84,126
140770209,28,0,38,66
140770210,294,25,207,526
140770211,252,15,174,441
140770212,74,5,48,127
140770213,59,15,62,136
140840101,75,1,28,104
140840102,76,2,38,116
140840103,65,0,37,102
140840104,33,2,10,45
140840105,34,0,11,45
140840106,507,22,291,820
140840107,307,7,225,539
140840108,581,27,281,889
140840109,426,18,237,681
140840110,376,17,252,645
140840111,491,40,257,788
140840201,32,0,18,50
140840202,37,0,14,51
140840203,29,1,14,44
140840204,65,7,32,104
140840205,38,0,22,60
140840206,85,1,42,128
140840207,69,4,39,112
140840208,63,1,22,86
140840209,145,17,119,281
140840210,394,5,273,672
140840301,47,1,13,61
140840302,92,1,39,132
140840303,54,1,14,69
140840304,34,0,23,57
140840305,52,0,27,79
140840306,30,0,19,49
140840307,27,0,32,59
140840308,47,0,16,63
140840309,39,0,20,59
140840310,36,2,16,54
140840311,24,0,18,42
140840312,46,0,11,57
140840313,284,5,171,460
140840314,341,9,181,531
140840315,203,10,189,402
140840316,171,13,184,368
140840401,56,0,26,82
140840402,81,0,43,124
140840403,22,0,10,32
140840404,106,3,61,170
140840405,143,1,70,214
140840406,263,4,215,482
140840407,304,4,205,513
140840408,448,19,265,732
140840409,458,20,255,733
140840501,371,16,303,690
140840502,274,18,172,464
140840503,239,23,212,474
140840504,458,31,302,791
140840505,363,23,241,627
140840506,341,21,222,584
140840507,330,21,242,593
140840508,415,14,321,750
140840509,266,14,247,527
140840510,240,12,181,433
140840511,337,14,228,579
140840512,466,18,282,766
140840513,326,12,211,549
140840514,497,15,342,854
140840515,314,8,218,540
140840516,334,13,269,616
140840517,278,7,171,456
140840518,298,18,220,536
140840519,312,15,240,567
140840520,226,9,147,382
140840521,420,14,250,684
140840522,346,8,222,576
140840523,377,30,223,630
140840524,358,26,201,585
140840525,281,12,177,470
140840526,337,15,152,504
140840527,281,9,118,408
140910101,340,10,224,574
140910102,182,10,93,285
140910103,282,19,179,480
140910104,318,13,131,462
140910105,141,6,54,201
140910106,326,11,173,510
140910107,292,18,183,493
140910108,270,15,228,513
140910109,183,11,156,350
140910110,231,14,186,431
140910111,222,12,153,387
140910112,253,14,166,433
140910113,349,16,243,608
140910114,364,18,251,633
140910115,145,7,87,239
140910116,292,13,208,513
140910117,184,13,150,347
140910118,285,27,186,498
140910119,215,11,95,321
140910201,133,9,97,239
140910202,69,2,34,105
140910203,88,12,58,158
140910204,46,1,42,89
140910205,10,1,1,12
140910206,38,0,15,53
140910207,2,0,4,6
140910208,12,0,8,20
140910209,351,18,263,632
140910210,329,21,200,550
140910211,129,11,85,225
140910212,2,0,3,5
140910301,14,0,5,19
140910302,25,0,18,43
140910303,312,26,174,512
140910304,429,48,233,710
140910305,307,20,197,524
140910306,252,16,167,435
140910307,294,19,170,483
140910308,322,26,189,537
140910309,369,27,270,666
140910310,268,16,161,445
140910311,261,12,151,424
140910401,364,17,267,648
140910402,407,28,283,718
140910403,308,22,239,569
140910404,352,32,261,645
140910405,313,19,239,571
140910406,275,22,206,503
140910407,388,14,323,725
140910408,302,14,243,559
140910409,394,13,311,718
140910410,164,7,117,288
140910411,390,21,322,733
140910412,150,13,71,234
140910413,467,23,318,808
140910414,291,16,168,475
140910415,383,20,246,649
140910416,237,22,167,426
140910417,513,41,314,868
140910418,323,36,217,576
140910419,228,9,250,487
140910420,438,43,276,757
140910501,5,1,5,11
140910502,220,24,150,394
140910503,325,25,225,575
140910504,402,37,276,715
140910505,369,36,316,721
140910506,268,28,199,495
140910507,217,16,142,375
140910508,132,10,80,222
140910509,238,31,203,472
140910510,261,17,248,526
140910601,1,0,0,1
140910602,140,7,115,262
140910603,36,1,17,54
140910604,23,1,18,42
140910605,27,3,23,53
140910606,327,16,284,627
140910607,418,45,256,719
140910608,403,28,256,687
140910609,229,16,138,383
140910610,441,17,318,776
140910611,257,24,228,509
140910612,272,23,166,461
140910613,320,37,206,563
140910614,222,17,216,455
140910615,226,22,161,409
140910616,200,17,185,402
140910617,237,21,169,427
140910618,223,13,121,357
140910701,20,0,10,30
140910702,306,11,180,497
140910703,424,30,299,753
140910704,322,6,215,543
140910705,261,17,181,459
140910706,213,8,120,341
140910707,366,25,241,632
140910708,279,16,316,611
140910709,440,22,267,729
140910710,218,18,149,385
140910711,396,32,242,670
140910712,353,18,218,589
140910713,556,44,437,1037
140910714,385,26,261,672
140910715,469,33,336,838
140910716,363,16,245,624
140910717,230,22,167,419
140910718,415,22,270,707
140910719,245,16,172,433
140910720,543,28,392,963
140910721,570,71,445,1086
140910722,495,54,284,833
140910723,372,37,241,650
140910801,6,1,7,14
140910802,89,7,64,160
140910803,9,0,5,14
140910804,158,6,70,234
140910805,204,13,152,369
140910806,275,14,197,486
140910807,248,14,151,413
140910808,222,11,100,333
140910809,287,13,201,501
140910810,362,23,185,570
140910811,237,22,148,407
140910812,343,29,222,594
140910813,500,36,248,784
140910901,413,23,168,604
140910902,301,11,87,399
140910903,245,5,77,327
140910904,546,38,250,834
140910905,557,62,262,881
140910906,460,27,236,723
140910907,426,39,170,635
140910908,372,22,172,566
140910909,347,25,145,517
140910910,214,17,113,344
140910911,149,5,76,230
140910912,338,10,168,516
140910913,361,40,171,572
140910914,515,37,229,781
140910915,554,20,271,845
140910916,624,51,224,899
140910917,382,18,169,569
140910918,191,9,65,265
140910919,367,18,147,532
140910920,432,24,201,657
140910921,806,62,305,1173
140910922,767,54,289,1110
140910923,0,0,0,0
140911001,394,13,137,544
140911002,341,18,164,523
140911003,337,17,184,538
140911004,518,25,227,770
140911005,359,16,178,553
140911006,426,19,290,735
140911007,225,11,123,359
140911008,344,17,183,544
140911009,315,21,150,486
140911010,366,21,180,567
140911011,320,10,206,536
140911012,289,20,159,468
140911013,393,19,233,645
140911014,241,13,140,394
140911015,338,7,179,524
140911016,223,10,180,413
140911017,261,12,161,434
140911018,305,12,210,527
140911019,283,6,127,416
140911020,162,10,80,252
140911101,240,6,149,395
140911102,199,7,80,286
140911103,265,17,185,467
140911104,257,17,181,455
140911105,453,14,210,677
140911106,118,9,78,205
140911107,172,5,82,259
140911108,234,15,159,408
140911109,241,6,145,392
140911110,437,31,217,685
140911111,159,10,112,281
140911112,409,19,183,611
140911113,258,4,154,416
140911114,253,7,164,424
140911115,295,11,183,489
140911116,231,25,137,393
140911117,149,12,77,238
140911118,262,19,183,464
140911201,491,29,224,744
140911202,357,11,158,526
140911203,352,11,250,613
140911204,455,35,227,717
140911205,478,41,261,780
140911206,291,21,141,453
140911207,456,31,227,714
140911208,593,27,286,906
140911209,350,21,169,540
140911210,475,39,188,702
140911211,494,40,185,719
140911212,304,14,109,427
140911213,347,18,175,540
140911214,473,24,180,677
140911215,463,36,216,715
140911216,187,14,127,328
140911217,279,22,144,445
140911218,277,24,153,454
140911219,434,29,208,671
140911220,389,18,145,552
140911221,435,15,151,601
140911222,365,27,185,577
140911223,289,22,132,443
140911301,4,0,6,10
140911302,12,0,9,21
140911303,31,3,25,59
140911304,8,0,3,11
140911305,11,2,1,14
140911306,14,0,7,21
140911307,7,0,6,13
140911308,7,0,4,11
140911309,178,4,69,251
140911310,143,3,88,234
140911311,450,30,250,730
140911312,246,14,147,407
140911313,356,18,219,593
140911314,216,9,93,318
140911315,375,40,198,613
140911316,145,5,87,237
140911317,189,9,68,266
140911318,194,17,93,304
140911319,161,14,85,260
140911320,147,9,87,243
140911321,127,12,98,237
140911322,124,7,67,198
140911323,325,12,122,459
140911401,17,0,12,29
140911402,38,1,7,46
140911403,19,0,4,23
140911404,26,2,20,48
140911405,51,3,19,73
140911406,180,4,137,321
140911407,380,26,254,660
140911408,334,11,219,564
140911409,372,43,267,682
140911410,514,16,350,880
140911411,291,11,177,479
140911412,310,15,185,510
140911413,343,12,235,590
140911414,313,14,207,534
140911415,299,13,145,457
140911501,7,0,9,16
140911502,197,22,119,338
140911503,332,25,173,530
140911504,234,31,188,453
140911505,199,8,150,357
140911506,268,22,183,473
140911507,317,18,225,560
140911508,299,26,210,535
140911509,302,19,197,518
140911510,340,27,226,593
140911601,15,0,0,15
140911602,14,0,25,39
140911603,2,1,2,5
140911604,10,0,3,13
140911605,94,2,51,147
140911606,42,2,20,64
140911607,9,0,3,12
140911608,220,8,89,317
140911609,180,17,102,299
140911610,108,19,67,194
140911701,2,0,1,3
140911702,4,0,3,7
140911703,11,0,11,22
140911704,2,0,0,2
140911705,5,1,3,9
140911706,357,26,228,611
140911707,228,15,163,406
140911708,248,19,156,423
140911709,283,29,185,497
140911710,189,8,158,355
140911711,197,28,149,374
140911712,187,10,134,331
140911713,360,18,233,611
140911714,204,9,158,371
140911715,130,7,92,229
140911801,2,1,11,14
140911802,4,0,9,13
140911803,24,2,5,31
140911804,103,6,53,162
140911805,73,5,31,109
140911806,161,15,75,251
140911807,132,5,57,194
140911808,306,18,134,458
140911809,261,9,116,386
140911810,47,1,22,70
140911901,61,3,36,100
140911902,49,3,23,75
140911903,2,0,0,2
140911904,24,0,12,36
140911905,11,1,9,21
140911906,266,7,170,443
140911907,199,12,85,296
140911908,338,17,159,514
140911909,315,29,163,507
140911910,329,30,133,492
140911911,461,28,205,694
140911912,65,0,22,87
140911913,249,13,232,494
140911914,205,16,129,350
140980101,7,0,6,13
140980102,28,0,19,47
140980103,45,0,35,80
140980104,41,0,21,62
140980105,11,0,18,29
140980106,27,0,28,55
140980107,17,0,18,35
140980108,253,9,137,399
140980109,356,17,191,564
140980110,410,23,208,641
140980111,263,15,197,475
140980112,249,5,203,457
140980113,268,8,236,512
140980114,303,12,198,513
140980115,383,19,233,635
140980116,275,8,248,531
140980117,387,21,305,713
140980201,13,0,7,20
140980202,51,1,28,80
140980203,115,2,72,189
140980204,60,1,43,104
140980205,57,0,29,86
140980206,27,0,15,42
140980207,26,2,15,43
140980208,315,4,232,551
140980209,256,5,166,427
140980210,313,36,236,585
140980211,493,15,265,773
140980301,35,0,7,42
140980302,37,0,22,59
140980303,23,1,8,32
140980304,293,14,245,552
140980305,448,15,311,774
140980306,336,11,348,695
140980307,204,5,251,460
140980308,331,7,321,659
140980309,259,10,218,487
140980310,254,10,195,459
140980311,351,24,246,621
140980401,32,0,21,53
140980402,68,2,53,123
140980403,39,0,22,61
140980404,44,0,5,49
140980405,36,1,14,51
140980406,60,1,51,112
140980407,292,16,255,563
140980408,302,8,245,555
140980409,119,10,93,222
140980501,24,0,20,44
140980502,85,4,57,146
140980503,42,0,9,51
140980504,19,0,8,27
140980505,162,8,101,271
140980506,229,9,77,315
140980507,70,0,23,93
140980508,37,0,16,53
140980509,78,0,44,122
140980510,438,20,219,677
140980511,324,9,262,595
140980512,425,33,273,731
140980513,291,16,231,538
140980514,246,10,201,457
140980515,340,13,203,556
140980516,151,17,194,362
140980517,347,31,316,694
140980601,36,1,16,53
140980602,102,1,40,143
140980603,74,1,31,106
140980604,69,1,20,90
140980605,49,1,29,79
140980606,71,1,46,118
140980607,115,3,44,162
140980608,151,2,67,220
140980609,50,0,26,76
140980701,33,0,26,59
140980702,77,5,38,120
140980703,58,3,44,105
140980704,127,1,62,190
140980705,33,0,12,45
140980706,35,2,20,57
140980707,77,1,43,121
140980708,51,1,61,113
140980801,74,2,40,116
140980802,86,0,31,117
140980803,96,3,60,159
140980804,109,1,53,163
140980805,36,0,8,44
140980806,110,0,69,179
140980807,171,20,178,369
140980808,325,13,278,616
140980809,239,16,198,453
140980810,178,16,161,355
140980811,120,4,109,233
140980901,69,0,46,115
140980902,233,4,128,365
140980903,92,1,56,149
140980904,298,8,195,501
140980905,304,3,202,509
140980906,318,19,259,596
140980907,282,7,241,530
140980908,255,7,263,525
140980909,334,9,288,631
140980910,296,7,215,518
140980911,170,6,100,276
140980912,475,12,369,856
140980913,267,13,303,583
140980914,306,14,282,602
140981001,16,1,15,32
140981002,36,0,15,51
140981003,261,21,172,454
140981004,69,2,46,117
140981005,79,3,32,114
140981006,75,0,18,93
140981007,100,3,37,140
140981008,110,4,52,166
140981009,197,16,182,395
140981010,272,7,197,476
140981011,418,34,313,765
140981012,272,20,230,522
140981013,407,17,285,709
140981014,289,22,312,623
140981101,131,3,74,208
140981102,131,1,94,226
140981103,43,0,7,50
140981104,27,1,16,44
140981105,40,2,36,78
140981106,149,1,76,226
140981107,102,3,61,166
140981108,60,2,37,99
140981109,359,24,265,648
140981110,262,18,173,453
140981111,315,19,291,625
140981201,133,1,49,183
140981202,164,1,59,224
140981203,187,5,85,277
140981204,185,3,130,318
140981205,59,2,22,83
140981206,144,6,111,261
140981207,469,3,194,666
140981208,292,3,234,529
140981209,229,8,183,420
140981210,259,7,174,440
140981211,232,5,182,419
140981212,300,12,178,490
140981301,68,0,34,102
140981302,74,0,37,111
140981303,67,0,42,109
140981304,82,1,21,104
140981305,62,0,9,71
140981306,53,0,9,62
140981307,18,0,5,23
140981308,62,0,4,66
140981309,99,0,22,121
140981310,84,3,45,132
140981311,316,19,209,544
140981312,418,17,352,787
140981313,233,9,181,423
140981401,109,0,38,147
140981402,73,0,23,96
140981403,73,0,24,97
140981404,88,1,35,124
140981405,97,0,26,123
140981406,73,0,13,86
140981407,64,0,25,89
140981408,98,0,3,101
140981409,168,6,131,305
140981410,376,21,322,719
140981501,529,28,227,784
140981502,472,35,253,760
140981503,601,42,293,936
140981504,523,16,205,744
140981505,383,26,183,592
140981506,395,18,143,556
140981507,390,17,261,668
140981508,380,24,195,599
140981509,544,37,228,809
140981510,578,39,277,894
140981511,444,5,265,714
140981512,275,10,130,415
140981513,485,38,343,866
140981514,475,15,294,784
140981515,325,27,179,531
140981601,478,34,229,741
140981602,577,51,334,962
140981603,305,31,145,481
140981604,318,25,206,549
140981605,580,24,304,908
140981606,298,17,128,443
140981607,369,28,186,583
140981608,357,10,114,481
140981609,637,51,316,1004
140981610,640,48,294,982
140981611,401,12,249,662
140981612,398,10,256,664
140981613,241,9,102,352
140981614,211,5,142,358
140981615,219,10,96,325
140981701,643,73,353,1069
140981702,492,60,186,738
140981703,485,23,254,762
140981704,307,26,151,484
140981705,624,24,307,955
140981706,331,42,208,581
140981707,318,19,177,514
140981708,519,67,237,823
140981709,417,17,229,663
140981710,372,16,252,640
140981711,452,33,290,775
140981712,696,43,367,1106
140981713,432,35,244,711
140981801,649,33,379,1061
140981802,598,39,333,970
140981803,705,48,374,1127
140981804,720,36,332,1088
140981805,649,60,293,1002
140981806,409,28,278,715
140981807,454,17,324,795
140981808,550,32,325,907
140981809,764,46,302,1112
140981810,676,38,304,1018
140981811,452,18,304,774
140981812,438,29,294,761
140981813,491,49,256,796
140981901,352,23,171,546
140981902,894,118,500,1512
140981903,541,43,264,848
140981904,342,43,198,583
140981905,325,48,195,568
140981906,379,45,206,630
140981907,339,29,209,577
140981908,372,50,246,668
140981909,308,12,209,529
140981910,334,18,160,512
140981911,425,43,260,728
140981912,489,19,322,830
140982001,150,10,103,263
140982002,291,13,185,489
140982003,360,10,217,587
140982004,198,6,138,342
140982005,163,10,92,265
140982006,411,18,249,678
140982007,252,23,207,482
140982008,461,41,291,793
140982009,345,39,133,517
140982010,411,14,206,631
140982011,203,11,107,321
140982012,250,10,140,400
140982013,247,9,144,400
140982014,238,7,166,411
140982015,192,2,113,307
140982016,335,12,177,524
140982017,390,14,221,625
140982018,416,24,208,648
140982019,113,1,77,191
140982020,204,10,148,362
140982021,227,5,180,412
140982022,248,3,145,396
140982101,500,24,220,744
140982102,333,19,131,483
140982103,586,42,370,998
140982104,337,13,234,584
140982105,320,15,211,546
140982106,272,7,141,420
140982107,282,11,165,458
140982108,465,20,296,781
140982109,431,12,283,726
140982110,486,27,287,800
140982111,491,19,301,811
140982112,428,23,217,668
140982113,501,48,220,769
140982114,529,33,321,883
140982201,645,45,330,1020
140982202,622,17,325,964
140982203,564,18,278,860
140982204,372,31,153,556
140982205,565,23,380,968
140982206,535,26,326,887
140982207,569,41,282,892
140982208,545,28,296,869
140982209,432,48,190,670
140982210,531,37,283,851
140982211,466,71,198,735
140982212,370,31,171,572
140982301,472,13,330,815
140982302,416,15,196,627
140982303,342,16,192,550
140982304,618,34,370,1022
140982305,266,15,123,404
140982306,352,19,219,590
140982307,304,24,148,476
140982308,496,41,290,827
140982309,438,23,211,672
140982310,432,25,218,675
140982311,463,37,196,696
140982312,685,38,383,1106
140982313,540,27,261,828
140982314,395,36,151,582
140982401,336,15,232,583
140982402,197,8,178,383
140982403,157,7,146,310
140982404,498,16,196,710
140982405,408,33,235,676
140982406,466,25,240,731
140982407,211,10,130,351
140982408,234,6,116,356
140982409,392,7,237,636
140982410,335,28,256,619
140982411,424,18,249,691
140982412,468,10,229,707
140982413,401,13,289,703
140982414,456,15,288,759
140982415,292,14,168,474
140982416,371,22,223,616
140982417,448,19,190,657
140982418,292,16,190,498
140982419,193,3,152,348
140982420,464,9,325,798
140982421,325,11,242,578
140982501,412,21,269,702
140982502,539,28,302,869
140982503,466,23,215,704
140982504,456,14,224,694
140982505,586,29,344,959
140982506,504,62,388,954
140982507,523,77,351,951
140982508,560,48,289,897
140982509,394,28,180,602
140982510,350,21,241,612
140982511,745,74,351,1170
140982512,639,52,410,1101
140982601,444,29,227,700
140982602,452,14,255,721
140982603,729,54,366,1149
140982604,589,29,282,900
140982605,499,46,229,774
140982606,416,26,182,624
140982607,505,32,212,749
140982608,503,35,280,818
140982609,436,30,181,647
140982610,427,33,220,680
140982611,399,67,202,668
140982612,481,64,230,775
140982613,316,11,147,474
140982701,516,46,317,879
140982702,624,20,332,976
140982703,496,12,340,848
140982704,281,4,168,453
140982705,374,20,187,581
140982706,373,7,205,585
140982707,436,9,304,749
140982708,446,19,253,718
140982801,585,15,352,952
140982802,440,15,308,763
140982803,211,7,192,410
140982804,236,10,178,424
140982805,281,42,172,495
140982806,381,25,183,589
140982807,368,21,200,589
140982808,233,5,167,405
140982809,346,13,267,626
140982810,377,10,219,606
140982811,255,15,164,434
140982812,400,18,214,632
140982901,383,12,212,607
140982902,355,23,304,682
140982903,224,11,126,361
140982904,292,17,190,499
140982905,282,18,172,472
140982906,310,11,206,527
140982907,171,6,132,309
140982908,207,4,146,357
140982909,270,11,157,438
140982910,418,8,203,629
140982911,338,19,217,574
140982912,343,32,228,603
140982913,422,19,230,671
140982914,491,21,279,791
141050101,101,4,85,190
141050102,34,1,44,79
141050103,103,8,152,263
141050104,62,0,31,93
141050105,22,0,21,43
141050106,118,4,76,198
141050107,48,3,67,118
141050108,82,4,127,213
141050109,159,1,113,273
141050110,119,17,72,208
141050111,73,3,85,161
141050112,266,15,223,504
141050113,239,26,237,502
141050114,369,16,275,660
141050201,16,0,44,60
141050202,37,0,10,47
141050203,112,3,49,164
141050204,45,0,32,77
141050205,117,1,74,192
141050206,124,4,33,161
141050207,41,1,11,53
141050208,86,3,91,180
141050209,68,1,38,107
141050210,251,7,93,351
141050211,361,14,244,619
141050212,337,8,206,551
141050213,275,8,195,478
141050214,351,4,290,645
141050215,470,17,217,704
141050216,521,23,320,864
141050217,451,11,319,781
141050301,25,0,17,42
141050302,57,6,53,116
141050303,96,1,38,135
141050304,28,0,25,53
141050305,176,1,102,279
141050306,78,1,37,116
141050307,61,0,32,93
141050308,178,9,162,349
141050309,523,22,332,877
141050310,435,23,268,726
141050311,254,7,148,409
141050312,362,29,231,622
141050313,477,31,341,849
141050314,425,16,356,797
141050315,432,25,358,815
141050316,361,13,293,667
141050401,11,0,16,27
141050402,86,3,39,128
141050403,32,2,24,58
141050404,62,4,56,122
141050405,83,0,49,132
141050406,92,2,57,151
141050407,91,1,70,162
141050408,41,0,30,71
141050409,55,2,50,107
141050410,105,4,117,226
141050411,36,0,23,59
141050412,74,1,35,110
141050413,51,0,17,68
141050414,240,16,150,406
141050415,357,15,260,632
141050416,127,8,80,215
141050501,58,2,48,108
141050502,135,6,123,264
141050503,293,16,202,511
141050504,210,7,200,417
141050505,551,37,343,931
141050506,394,13,147,554
141050507,370,18,217,605
141050508,491,37,286,814
141050509,344,23,202,569
141050510,456,31,273,760
141050511,306,13,224,543
141050512,326,19,217,562
141050513,213,9,151,373
141050514,575,52,355,982
141050515,265,28,310,603
141050601,68,4,92,164
141050602,65,9,136,210
141050603,70,2,66,138
141050604,148,6,158,312
141050605,164,4,73,241
141050606,255,15,187,457
141050607,263,17,200,480
141050608,410,17,326,753
141050609,455,16,271,742
141050610,506,63,395,964
141050611,510,42,351,903
141050612,590,29,377,996
141050613,145,11,123,279
141120101,39,2,17,58
141120102,63,1,37,101
141120103,28,1,77,106
141120104,96,2,142,240
141120105,52,10,47,109
141120106,84,5,96,185
141120107,38,0,35,73
141120108,62,1,57,120
141120109,250,5,237,492
141120110,319,7,194,520
141120111,174,8,135,317
141120112,452,25,317,794
141120113,325,4,141,470
141120114,151,9,108,268
141120115,271,21,152,444
141120201,173,13,258,444
141120202,30,2,13,45
141120203,18,0,33,51
141120204,27,1,20,48
141120205,19,1,22,42
141120206,23,1,112,136
141120207,146,8,195,349
141120301,32,0,56,88
141120302,93,3,111,207
141120303,17,0,80,97
141120304,240,23,215,478
141120305,60,4,96,160
141120306,90,5,146,241
141120307,35,0,108,143
141120308,24,0,60,84
141120309,68,1,103,172
141120310,276,18,181,475
141120311,254,25,208,487
141120312,341,23,289,653
141120313,291,13,287,591
141120314,99,3,70,172
141190101,356,12,328,696
141190102,119,3,74,196
141190103,77,1,60,138
141190104,31,0,13,44
141190105,49,0,20,69
141190106,285,10,180,475
141190107,266,8,217,491
141190108,481,27,312,820
141190109,564,14,349,927
141190110,209,8,146,363
141190111,364,14,254,632
141190112,468,18,289,775
141190113,332,20,239,591
141190114,488,33,272,793
141190115,452,28,266,746
141190201,19,1,16,36
141190202,34,7,19,60
141190203,18,0,10,28
141190204,20,0,11,31
141190205,87,0,42,129
141190206,8,0,8,16
141190207,5,0,1,6
141190208,4,0,9,13
141190209,46,2,25,73
141190210,23,1,11,35
141190211,38,1,26,65
141190212,202,10,167,379
141190213,462,7,322,791
141190214,301,24,271,596
141190215,269,18,251,538
141190301,200,7,89,296
141190302,132,4,92,228
141190303,121,0,55,176
141190304,72,0,23,95
141190305,63,0,26,89
141190306,461,17,274,752
141190307,376,34,248,658
141190308,391,16,279,686
141190309,145,3,75,223
141190310,373,11,215,599
141190311,348,16,208,572
141190312,349,14,155,518
141190313,376,16,155,547
141190314,590,9,372,971
141190315,455,10,283,748
141190316,551,13,284,848
141190401,34,0,6,40
141190402,58,0,8,66
141190403,24,0,12,36
141190404,62,1,12,75
141190405,34,0,11,45
141190406,65,3,27,95
141190407,118,0,39,157
141190408,126,2,24,152
141190409,238,0,93,331
141190410,624,10,317,951
141190411,600,10,349,959
141190412,360,10,217,587
141190413,431,22,348,801
141190414,396,20,280,696
141190415,298,9,210,517
141190416,333,15,192,540
141190417,341,4,181,526
141190418,545,3,329,877
141190419,332,10,245,587
141190420,455,34,190,679
141190501,100,12,92,204
141190502,32,0,14,46
141190503,98,2,70,170
141190504,120,3,35,158
141190505,56,2,35,93
141190506,47,5,28,80
141190507,19,0,3,22
141190508,64,0,27,91
141190509,28,1,7,36
141190510,35,1,13,49
141190511,422,11,263,696
141190512,386,8,263,657
141190513,288,12,217,517
141190514,484,12,240,736
141190515,375,20,198,593
141190601,495,41,403,939
141190602,497,28,349,874
141190603,465,30,291,786
141190604,308,20,266,594
141190605,550,34,402,986
141190606,543,66,420,1029
141190607,381,25,340,746
141190608,290,15,213,518
141190609,322,7,278,607
141190610,366,16,287,669
141190611,376,39,312,727
141190612,377,26,324,727
141190613,272,16,215,503
141190614,199,16,169,384
141190615,310,22,231,563
141190616,380,29,228,637
141190617,346,10,144,500
141190618,395,23,308,726
141190619,467,38,351,856
141190620,402,41,344,787
141190621,407,62,298,767
141190701,433,41,324,798
141190702,420,33,303,756
141190703,657,36,408,1101
141190704,572,20,327,919
141190705,485,34,367,886
141190706,546,23,334,903
141190707,426,14,282,722
141190708,469,31,288,788
141190709,474,52,242,768
141190710,441,20,363,824
141190711,280,18,290,588
141190712,360,19,284,663
141190713,466,20,200,686
141190714,285,13,244,542
141190801,462,34,264,760
141190802,370,12,182,564
141190803,308,7,146,461
141190804,333,21,198,552
141190805,327,12,227,566
141190806,328,27,203,558
141190807,389,45,218,652
141190808,525,28,292,845
141190809,458,13,314,785
141190810,470,14,277,761
141190811,444,7,239,690
141190812,482,14,322,818
141190813,435,15,243,693
141190814,422,7,306,735
141190815,654,31,368,1053
141190816,310,13,294,617
141190817,360,25,220,605
141190901,435,23,207,665
141190902,450,25,255,730
141190903,262,14,152,428
141190904,421,9,184,614
141190905,349,22,248,619
141190906,310,17,231,558
141190907,294,15,200,509
141190908,322,12,218,552
141190909,390,7,231,628
141190910,198,8,179,385
141190911,475,11,254,740
141190912,577,17,310,904
141190913,223,9,170,402
141190914,433,7,345,785
141190915,351,6,210,567
141190916,579,13,203,795
141190917,484,7,321,812
141260101,57,1,49,107
141260102,59,1,56,116
141260103,46,3,79,128
141260104,31,3,84,118
141260105,9,1,18,28
141260106,8,13,60,81
141260107,34,1,57,92
141260108,28,12,108,148
141260109,147,1,151,299
141260201,44,1,69,114
141260202,16,0,6,22
141260203,37,2,46,85
141260204,60,4,109,173
141260205,31,1,26,58
141260206,246,3,349,598
141260207,34,2,52,88
141260208,215,30,206,451
141260301,18,1,24,43
141260302,0,0,5,5
141260303,125,21,153,299
141260304,374,13,307,694
141260305,50,0,72,122
141260306,44,7,44,95
141260307,253,16,253,522
141260308,341,28,302,671
141260309,227,18,159,404
141260310,166,13,109,288
141260311,332,14,264,610
141260312,337,13,224,574
141260313,326,14,236,576
141260314,454,21,348,823
141260401,94,5,128,227
141260402,32,0,56,88
141260403,34,3,42,79
141260404,137,9,123,269
141260405,48,5,44,97
141260406,201,19,131,351
141260501,3,0,27,30
141260502,111,15,134,260
141260503,3,0,7,10
141260504,201,13,104,318
141260505,110,6,154,270
141260506,71,8,114,193
141260507,143,23,155,321
141260508,341,36,246,623
141260509,513,33,398,944
141260510,363,17,208,588
141260511,361,25,302,688
141260512,480,29,452,961
141260513,181,62,164,407
141260514,340,35,244,619
141260515,166,4,162,332
141260516,342,22,244,608
141260517,252,7,214,473
141260518,205,10,144,359
141260601,73,10,82,165
141260602,33,1,37,71
141260603,143,12,134,289
141260604,143,10,108,261
141260605,153,12,134,299
141260606,15,0,12,27
141260607,177,13,133,323
141260608,248,25,176,449
141260609,216,19,145,380
141260610,227,14,190,431
141260611,46,3,42,91
141260701,188,18,132,338
141260702,312,28,209,549
141260703,170,13,156,339
141260704,292,22,196,510
141260705,358,14,199,571
141260706,257,14,199,470
141260707,306,18,197,521
141260708,397,18,238,653
141260709,257,5,196,458
141260710,224,31,111,366
141260711,295,30,208,533
141260712,414,21,201,636
141260713,113,12,89,214
141330101,9,0,47,56
141330102,108,13,155,276
141330103,193,8,162,363
141330104,155,7,163,325
141330105,347,27,367,741
141330106,25,4,27,56
141330107,46,1,45,92
141330108,309,27,275,611
141330109,163,26,112,301
141330110,349,76,286,711
141330111,436,29,393,858
141330112,404,24,254,682
141330201,229,15,159,403
141330202,118,1,60,179
141330203,89,18,47,154
141330204,399,21,258,678
141330205,98,2,95,195
141330206,105,10,98,213
141330207,127,15,145,287
141330208,261,15,181,457
141330209,128,13,99,240
141330210,81,9,77,167
141330211,237,14,171,422
141330212,230,8,167,405
141330213,475,18,316,809
141330214,349,21,225,595
141330215,85,4,59,148
141330216,279,12,202,493
141330301,90,1,117,208
141330302,148,8,135,291
141330303,80,8,83,171
141330304,167,9,186,362
141330305,106,21,187,314
141330306,138,7,113,258
141330307,525,22,306,853
141330308,131,56,170,357
141330309,226,17,273,516
141330401,26,3,32,61
141330402,65,0,45,110
141330403,85,8,41,134
141330404,105,5,32,142
141330405,145,15,139,299
141330406,62,8,61,131
141330407,105,2,71,178
141330408,164,11,122,297
141330409,517,26,381,924
141330410,162,10,139,311
141330411,202,24,161,387
141330501,470,26,375,871
141330502,277,4,177,458
141330503,318,17,222,557
141330504,343,12,261,616
141330505,365,38,312,715
141330506,457,32,345,834
141330507,329,13,238,580
141330508,292,14,240,546
141330509,245,10,269,524
141330510,477,25,306,808
141330511,440,13,286,739
141330512,537,44,344,925
141330513,403,36,179,618
141330514,158,12,163,333
141330515,641,38,419,1098
141330516,338,38,303,679
141330517,358,42,213,613
141330601,384,11,266,661
141330602,552,22,362,936
141330603,379,11,287,677
141330604,345,15,241,601
141330605,383,31,278,692
141330606,237,17,172,426
141330607,408,45,316,769
141330608,401,17,177,595
141330609,320,9,216,545
141330610,358,20,240,618
141330611,329,25,164,518
141330612,268,11,166,445
141330613,543,31,380,954
141330614,496,39,366,901
141330615,303,25,229,557
141330616,308,14,284,606
141330617,277,27,168,472
141400101,93,1,34,128
141400102,87,0,14,101
141400103,183,5,96,284
141400104,62,3,27,92
141400105,43,1,23,67
141400106,30,0,12,42
141400107,57,0,14,71
141400108,100,3,20,123
141400109,378,12,249,639
141400110,225,10,184,419
141400111,302,37,205,544
141400112,343,15,189,547
141400113,72,6,76,154
141400201,85,0,12,97
141400202,169,1,72,242
141400203,100,0,42,142
141400204,163,8,55,226
141400205,68,1,23,92
141400206,138,5,65,208
141400207,31,0,25,56
141400208,103,0,55,158
141400209,88,0,26,114
141400210,56,2,16,74
141400211,231,5,161,397
141400212,357,2,213,572
141400213,149,11,58,218
141400301,622,40,350,1012
141400302,620,27,314,961
141400303,303,3,172,478
141400304,370,18,131,519
141400305,506,15,261,782
141400306,379,23,220,622
141400307,475,25,229,729
141400308,544,26,270,840
141400309,324,33,175,532
141400310,360,19,205,584
141400311,293,13,199,505
141400312,397,7,198,602
141400313,200,2,91,293
141400401,294,8,179,481
141400402,349,11,176,536
141400403,276,6,124,406
141400404,264,8,171,443
141400405,303,9,154,466
141400406,337,6,200,543
141400407,515,11,277,803
141400408,578,19,283,880
141400409,596,24,287,907
141400410,370,21,215,606
141400411,279,16,154,449
141400412,526,16,271,813
141400413,682,46,311,1039
141400501,114,1,45,160
141400502,168,0,61,229
141400503,58,0,26,84
141400504,90,2,19,111
141400505,141,0,26,167
141400506,108,1,39,148
141400507,20,0,11,31
141400508,420,16,239,675
141400509,362,4,267,633
141400510,180,6,48,234
141400511,455,18,328,801
141400512,330,11,209,550
141400513,272,15,168,455
141400514,359,12,261,632
141400515,395,21,223,639
141400516,370,24,246,640
141400517,252,10,212,474
141400518,268,10,164,442
141400519,322,6,175,503
141400520,605,17,325,947
141400601,28,0,4,32
141400602,58,0,15,73
141400603,36,0,9,45
141400604,161,2,66,229
141400605,157,0,46,203
141400606,88,2,27,117
141400607,79,4,36,119
141400608,91,2,29,122
141400609,51,0,29,80
141400610,590,36,268,894
141400611,309,10,239,558
141400612,282,15,162,459
141400613,202,3,103,308
141400614,374,11,190,575
141400615,244,11,117,372
141400616,587,26,342,955
141400617,216,9,203,428
141400618,230,2,153,385
141400619,454,12,300,766
141400701,393,11,207,611
141400702,414,17,300,731
141400703,306,9,208,523
141400704,272,8,154,434
141400705,650,25,310,985
141400706,631,23,296,950
141400707,204,5,196,405
141400708,205,4,131,340
141400709,386,21,150,557
141400710,640,41,260,941
141400711,468,12,262,742
141400712,267,5,171,443
141400713,503,26,278,807
141400714,500,14,258,772
141400715,418,18,223,659
141400716,350,7,301,658
141400717,204,7,67,278
141400718,469,13,307,789
141400719,493,8,228,729
141400720,469,30,181,680
141400801,345,1,113,459
141400802,232,3,55,290
141400803,332,8,82,422
141400804,380,13,117,510
141400805,156,1,66,223
141400806,73,1,29,103
141400807,158,2,80,240
141400808,178,1,41,220
141400809,455,17,268,740
141400810,423,30,240,693
141400811,352,29,153,534
141400812,527,15,291,833
141400813,377,17,217,611
141400814,431,14,176,621
141400815,351,18,218,587
141400816,316,8,181,505
141400817,378,22,236,636
141400818,534,21,238,793
141400819,426,10,243,679
141400820,504,10,276,790
141400821,319,6,105,430
141400901,143,4,46,193
141400902,60,0,19,79
141400903,143,2,57,202
141400904,245,1,118,364
141400905,124,0,34,158
141400906,174,3,78,255
141400907,70,0,24,94
141400908,421,8,212,641
141400909,444,3,238,685
141400910,447,5,200,652
141400911,500,17,282,799
141400912,277,3,187,467
141400913,372,5,226,603
141400914,493,17,253,763
141400915,504,6,345,855
141400916,248,1,195,444
141401001,158,1,61,220
141401002,144,6,45,195
141401003,171,2,31,204
141401004,89,3,44,136
141401005,85,0,33,118
141401006,193,3,140,336
141401007,229,2,106,337
141401008,195,3,212,410
141401009,307,7,190,504
141401010,422,22,221,665
141401011,429,33,198,660
141401012,469,25,330,824
141401013,190,4,153,347
141401014,303,7,190,500
141401015,350,22,264,636
141401016,446,11,335,792
141401017,433,20,311,764
141401101,257,4,55,316
141401102,391,12,173,576
141401103,578,12,249,839
141401104,305,11,183,499
141401105,384,17,255,656
141401106,331,8,108,447
141401107,282,9,163,454
141401108,782,27,340,1149
141401109,449,13,142,604
141401110,431,19,223,673
141401111,297,10,220,527
141401112,251,13,176,440
141401113,369,6,228,603
141401114,337,15,236,588
141401115,259,8,146,413
141401116,263,5,129,397
141401117,231,8,164,403
141401118,383,21,246,650
141401119,358,13,261,632
141401120,500,18,300,818
141401121,537,21,185,743
141401201,348,7,102,457
141401202,262,12,139,413
141401203,426,25,200,651
141401204,396,20,163,579
141401205,670,42,226,938
141401206,611,31,345,987
141401207,457,15,195,667
141401208,458,22,166,646
141401209,367,15,188,570
141401210,540,41,263,844
141401211,586,18,269,873
141401212,482,20,258,760
141401213,396,7,189,592
141401214,296,13,143,452
141401215,327,4,141,472
141401216,289,8,130,427
141401217,333,1,156,490
141401218,257,13,150,420
141401219,389,16,137,542
141401301,268,9,164,441
141401302,299,4,154,457
141401303,277,5,124,406
141401304,374,8,181,563
141401305,387,13,216,616
141401306,322,8,182,512
141401307,288,6,149,443
141401308,236,10,127,373
141401309,331,10,151,492
141401310,308,13,166,487
141401311,281,6,196,483
141401312,321,17,158,496
141401313,410,10,196,616
141401314,269,9,155,433
141401315,590,26,267,883
141401316,482,15,154,651
141401317,611,35,226,872
141401318,401,22,148,571
141401401,585,17,206,808
141401402,478,18,147,643
141401403,385,13,181,579
141401404,373,8,152,533
141401405,358,9,219,586
141401406,261,4,145,410
141401407,297,4,148,449
141401408,241,7,120,368
141401409,234,4,145,383
141401410,242,2,146,390
141401411,325,10,188,523
141401412,558,23,204,785
141401413,641,12,246,899
141401414,717,26,175,918
141401415,502,33,221,756
141401416,465,26,230,721
141401417,378,18,180,576
141401418,442,10,261,713
141401419,630,32,166,828
141401420,301,25,136,462
141401421,378,21,137,536
141401422,351,25,119,495
141401423,471,20,166,657
141401501,140,0,46,186
141401502,111,1,34,146
141401503,106,6,65,177
141401504,173,3,54,230
141401505,153,0,86,239
141401506,104,0,18,122
141401507,378,14,190,582
141401508,277,8,174,459
141401509,332,3,217,552
141401510,423,5,276,704
141401511,407,16,242,665
141401512,454,7,293,754
141401513,666,17,378,1061
141401514,180,3,90,273
141401515,136,4,108,248
141401601,76,0,19,95
141401602,123,0,32,155
141401603,76,1,44,121
141401604,18,0,9,27
141401605,157,14,56,227
141401606,118,1,86,205
141401607,259,7,220,486
141401608,443,21,388,852
141401609,301,17,256,574
141401610,534,21,288,843
141401611,448,9,303,760
141401612,287,7,230,524
141401613,256,3,177,436
141401614,357,17,263,637
141401615,269,2,190,461
141401701,79,2,67,148
141401702,138,1,53,192
141401703,58,0,25,83
141401704,41,0,23,64
141401705,132,3,85,220
141401706,84,0,47,131
141401707,45,0,9,54
141401708,146,2,58,206
141401709,193,4,59,256
141401710,132,0,44,176
141401711,628,13,337,978
141401712,244,11,239,494
141401713,222,0,158,380
141401714,487,11,323,821
141401715,491,18,225,734
141401716,317,2,189,508
141401717,354,2,292,648
141401718,99,5,85,189
141401719,369,10,193,572
141401720,260,3,186,449
141401801,291,12,208,511
141401802,401,26,197,624
141401803,341,2,185,528
141401804,360,11,211,582
141401805,317,12,205,534
141401806,413,18,223,654
141401807,268,9,194,471
141401808,360,10,288,658
141401809,319,15,238,572
141401810,262,6,139,407
141401811,350,12,198,560
141401812,329,21,201,551
141401901,545,31,317,893
141401902,266,7,226,499
141401903,190,4,144,338
141401904,223,5,152,380
141401905,258,14,106,378
141401906,265,6,191,462
141401907,275,8,177,460
141401908,275,3,194,472
141401909,434,27,204,665
141401910,617,22,289,928
141401911,328,5,213,546
141470101,32,5,24,61
141470102,275,18,168,461
141470103,254,22,152,428
141470104,481,37,266,784
141470105,546,35,394,975
141470106,417,23,263,703
141470107,474,41,392,907
141470108,299,42,208,549
141470109,639,87,403,1129
141470110,507,40,396,943
141470111,449,41,317,807
141470112,307,15,261,583
141470113,293,27,258,578
141470114,400,55,322,777
141470201,272,10,133,415
141470202,775,58,430,1263
141470203,67,5,65,137
141470204,318,21,244,583
141470205,436,21,324,781
141470206,84,4,46,134
141470207,487,54,259,800
141470208,390,49,228,667
141470209,334,22,255,611
141470210,578,35,389,1002
141470211,322,34,206,562
141470212,303,23,220,546
141470213,294,32,270,596
141470301,49,4,33,86
141470302,133,7,97,237
141470303,190,5,111,306
141470304,182,11,111,304
141470305,104,14,67,185
141470306,29,6,20,55
141470307,196,19,135,350
141470308,484,50,350,884
141470309,378,21,223,622
141470310,435,24,261,720
141470311,295,21,160,476
141470312,238,8,147,393
141470313,214,10,119,343
141470314,176,9,134,319
141470401,69,2,61,132
141470402,60,3,28,91
141470403,100,2,52,154
141470404,17,0,9,26
141470405,206,18,198,422
141470406,186,17,128,331
141470407,451,28,314,793
141470408,455,14,306,775
141470409,253,11,163,427
141470410,310,20,259,589
141470411,285,22,250,557
141470412,517,35,344,896
141470413,182,5,204,391
141470501,34,2,28,64
141470502,34,0,38,72
141470503,30,0,75,105
141470504,63,1,49,113
141470505,29,0,20,49
141470506,14,2,13,29
141470507,139,12,119,270
141470508,274,13,198,485
141470601,184,8,128,320
141470602,92,6,78,176
141470603,182,7,115,304
141470604,176,13,91,280
141470605,126,3,97,226
141470606,217,17,145,379
141470607,181,12,96,289
141470608,223,21,125,369
141470609,164,2,159,325
141470610,175,18,187,380
141470701,55,0,22,77
141470702,19,1,10,30
141470703,17,1,9,27
141470704,82,3,28,113
141470705,2,1,0,3
141470706,37,1,31,69
141470707,49,0,23,72
141470708,66,0,22,88
141470709,91,1,51,143
141470710,142,3,87,232
141470711,172,8,42,222
141470712,94,1,48,143
141470713,56,6,41,103
141470714,248,20,109,377
141470801,382,19,261,662
141470802,536,43,296,875
141470803,590,41,308,939
141470804,427,31,256,714
141470805,748,91,462,1301
141470806,619,59,395,1073
141470807,462,42,296,800
141470808,387,26,296,709
141470809,341,18,225,584
141470810,228,9,168,405
141470811,333,14,219,566
141470812,527,38,260,825
141470813,306,9,260,575
141470814,317,17,254,588
141470815,345,9,181,535
141470816,229,8,177,414
141470817,136,11,85,232
141470901,452,56,353,861
141470902,643,52,422,1117
141470903,630,35,395,1060
141470904,308,45,195,548
141470905,310,23,240,573
141470906,488,37,335,860
141470907,232,17,156,405
141470908,397,41,327,765
141470909,256,24,199,479
141470910,260,13,228,501
141470911,256,23,208,487
141470912,524,45,349,918
141470913,542,40,354,936
141470914,350,21,210,581
141470915,348,31,257,636
141470916,349,34,206,589
141470917,302,19,173,494
141470918,307,61,182,550
141470919,386,43,276,705
141471001,313,19,200,532
141471002,412,36,252,700
141471003,239,10,181,430
141471004,291,20,225,536
141471005,366,34,327,727
141471006,294,17,174,485
141471007,309,27,218,554
141471008,486,69,392,947
141471009,348,31,221,600
141471010,564,37,357,958
141471011,594,50,498,1142
141471012,452,41,277,770
141471013,426,42,303,771
141471014,703,59,343,1105
141471015,708,89,458,1255
141540101,27,5,39,71
141540102,53,4,49,106
141540103,90,8,144,242
141540104,88,15,157,260
141540105,33,1,15,49
141540106,5,0,7,12
141540107,31,3,53,87
141540201,38,1,86,125
141540202,15,0,3,18
141540203,26,2,36,64
141540204,58,11,45,114
141540205,34,1,29,64
141540206,22,0,32,54
141540207,37,0,48,85
141540208,22,3,60,85
141540209,222,19,164,405
141540210,266,17,199,482
141540211,413,33,280,726
141540212,114,6,87,207
141610101,43,0,21,64
141610102,60,1,28,89
141610103,66,3,42,111
141610104,116,4,64,184
141610105,86,3,74,163
141610106,34,2,27,63
141610107,62,1,16,79
141610108,42,2,41,85
141610109,70,0,34,104
141610110,86,2,56,144
141610111,61,2,25,88
141610112,321,43,267,631
141610113,366,15,351,732
141610114,253,10,133,396
141610115,258,9,138,405
141610116,342,6,256,604
141610117,429,16,329,774
141610201,59,1,40,100
141610202,46,0,51,97
141610203,24,0,21,45
141610204,28,0,26,54
141610205,32,2,10,44
141610206,46,1,36,83
141610207,293,17,192,502
141610208,278,19,249,546
141610209,318,20,283,621
141610210,270,13,206,489
141610211,263,17,214,494
141610212,251,26,192,469
141610213,286,10,238,534
141610214,301,27,198,526
141610215,246,4,201,451
141610216,327,7,199,533
141610301,154,1,54,209
141610302,49,1,34,84
141610303,60,1,52,113
141610304,105,1,59,165
141610305,220,1,90,311
141610306,389,10,230,629
141610307,451,16,316,783
141610308,267,8,171,446
141610309,316,3,148,467
141610310,409,11,331,751
141610311,222,11,211,444
141610312,181,10,162,353
141610313,256,5,132,393
141610401,81,2,57,140
141610402,57,0,39,96
141610403,38,0,20,58
141610404,48,0,29,77
141610405,117,4,56,177
141610406,81,0,39,120
141610407,141,2,48,191
141610408,28,0,12,40
141610409,98,0,26,124
141610410,98,4,44,146
141610411,142,6,96,244
141610412,358,8,226,592
141610413,318,13,224,555
141610501,38,0,15,53
141610502,43,0,24,67
141610503,119,5,84,208
141610504,41,0,23,64
141610505,74,1,29,104
141610506,339,23,172,534
141610507,477,27,315,819
141610508,253,8,188,449
141610509,370,20,170,560
141610510,231,4,189,424
141610511,326,21,198,545
141610512,308,16,185,509
141610601,336,39,176,551
141610602,487,28,242,757
141610603,523,29,298,850
141610604,453,23,260,736
141610605,277,5,140,422
141610606,425,22,342,789
141610607,438,8,271,717
141610608,246,12,196,454
141610609,300,19,207,526
141610610,371,21,222,614
141610611,293,14,187,494
141610612,301,8,245,554
141610613,374,24,267,665
141610614,320,17,204,541
141610701,316,12,240,568
141610702,278,12,138,428
141610703,398,11,292,701
141610704,175,6,150,331
141610705,203,11,135,349
141610706,384,10,233,627
141610707,303,23,204,530
141610708,343,45,272,660
141610709,352,22,305,679
141610710,315,7,228,550
141610711,276,10,165,451
141610712,522,24,283,829
141610713,440,16,274,730
141610714,343,32,248,623
141610715,579,46,310,935
141610801,388,12,170,570
141610802,203,7,99,309
141610803,256,10,146,412
141610804,194,4,196,394
141610805,182,6,130,318
141610806,265,13,125,403
141610807,418,25,202,645
141610808,331,22,145,498
141610809,250,3,153,406
141610810,383,7,241,631
141610811,188,7,203,398
141610812,217,3,170,390
141610813,217,4,154,375
141610814,287,8,244,539
141610815,343,12,163,518
141610816,260,14,179,453
141610817,448,13,274,735
141610901,305,34,210,549
141610902,465,29,298,792
141610903,364,33,238,635
141610904,388,20,183,591
141610905,335,21,232,588
141610906,447,56,229,732
141610907,434,24,183,641
141610908,322,18,165,505
141610909,288,12,226,526
141610910,272,13,189,474
141610911,380,21,221,622
141610912,349,32,277,658
141610913,367,19,263,649
141610914,255,17,165,437
141610915,375,18,300,693
141610916,250,11,179,440
141610917,286,21,188,495
141610918,414,19,268,701
141610919,309,11,223,543
141610920,258,19,200,477
141610921,510,15,320,845
141610922,495,22,170,687
141610923,320,21,174,515
141611001,279,11,167,457
141611002,336,13,275,624
141611003,286,11,246,543
141611004,301,9,148,458
141611005,251,8,212,471
141611006,348,15,230,593
141611007,458,18,306,782
141611008,373,23,186,582
141611009,246,20,180,446
141611010,237,9,141,387
141611011,244,7,175,426
141611012,391,12,340,743
141611013,271,6,185,462
141611014,260,11,163,434
141611015,259,20,155,434
141611016,326,10,183,519
141611017,468,18,295,781
141611018,472,18,249,739
141611019,477,27,259,763
141611020,346,21,212,579
141611021,359,17,255,631
141611101,605,34,258,897
141611102,346,24,186,556
141611103,286,20,118,424
141611104,421,22,272,715
141611105,322,19,214,555
141611106,351,22,195,568
141611107,280,10,212,502
141611108,233,8,175,416
141611109,187,11,199,397
141611110,350,30,225,605
141611111,633,52,316,1001
141611112,452,23,263,738
141611113,313,21,248,582
141611114,351,29,209,589
141611115,332,23,152,507
141611116,532,25,272,829
141611117,313,19,220,552
141680101,38,9,67,114
141680102,44,3,57,104
141680103,33,8,27,68
141680104,14,0,12,26
141680105,25,1,20,46
141680106,59,0,32,91
141680107,59,0,29,88
141680108,105,3,99,207
141680109,27,0,41,68
141680110,127,3,115,245
141680111,298,6,209,513
141680112,357,26,274,657
141680113,193,2,196,391
141680114,421,21,395,837
141680201,75,2,47,124
141680202,109,2,99,210
141680203,28,1,26,55
141680204,235,17,115,367
141680205,227,13,170,410
141680206,282,11,154,447
141680207,393,33,276,702
141680208,420,34,289,743
141680209,329,19,251,599
141680210,280,21,209,510
141680211,377,26,242,645
141680212,328,26,312,666
141680213,340,23,216,579
141680214,305,24,187,516
141680301,41,0,24,65
141680302,66,2,80,148
141680303,118,2,97,217
141680304,62,1,37,100
141680305,118,6,47,171
141680306,38,1,22,61
141680307,66,2,65,133
141680308,31,1,10,42
141680309,61,11,52,124
141680310,52,1,79,132
141680311,520,40,345,905
141680312,341,25,200,566
141680313,606,24,301,931
141750101,44,0,32,76
141750102,22,1,38,61
141750103,53,0,72,125
141750104,33,1,26,60
141750105,40,0,85,125
141750106,15,0,40,55
141750107,63,1,95,159
141750108,34,0,62,96
141750109,48,1,68,117
141750110,224,28,300,552
141750111,221,5,222,448
141750112,134,1,121,256
141750113,267,28,231,526
141750114,345,5,220,570
141750201,104,40,212,356
141750202,139,7,219,365
141750203,62,8,70,140
141750204,61,4,115,180
141750205,46,4,42,92
141750206,64,4,91,159
141750207,58,0,39,97
141750208,64,4,86,154
141750209,117,19,196,332
141750210,86,1,68,155
141750211,39,1,97,137
141750212,329,12,245,586
141750213,331,17,244,592
141750214,270,10,297,577
141750215,337,23,237,597
141750216,270,9,159,438
141750217,290,12,230,532
141750218,457,19,325,801
141750219,0,0,1,1
141820101,86,0,51,137
141820102,107,2,39,148
141820103,67,0,30,97
141820104,86,4,27,117
141820105,105,1,63,169
141820106,182,0,67,249
141820107,126,1,36,163
141820108,152,0,43,195
141820109,79,2,39,120
141820110,155,5,90,250
141820111,237,10,177,424
141820112,333,6,202,541
141820113,320,7,246,573
141820114,192,8,116,316
141820115,230,5,223,458
141820116,469,34,290,793
141820117,319,19,182,520
141820118,340,8,233,581
141820119,359,15,271,645
141820120,436,6,311,753
141820121,263,9,227,499
141820201,104,1,48,153
141820202,174,0,107,281
141820203,153,2,87,242
141820204,51,0,36,87
141820205,44,0,27,71
141820206,328,12,263,603
141820207,368,21,254,643
141820208,253,5,205,463
141820209,375,10,292,677
141820210,304,19,280,603
141820211,332,10,295,637
141820212,215,6,189,410
141820213,457,9,338,804
141820214,212,5,162,379
141820301,94,1,48,143
141820302,27,0,16,43
141820303,120,4,43,167
141820304,92,0,30,122
141820305,45,3,32,80
141820306,93,2,42,137
141820307,470,12,274,756
141820308,319,16,247,582
141820309,218,12,163,393
141820310,552,22,318,892
141820401,64,0,39,103
141820402,196,3,59,258
141820403,118,7,68,193
141820404,50,5,27,82
141820405,45,0,37,82
141820406,88,1,56,145
141820407,58,1,36,95
141820408,150,10,131,291
141820409,305,18,219,542
141820410,334,12,201,547
141820411,423,12,275,710
141820412,304,19,184,507
141820413,434,14,301,749
141820414,305,3,202,510
141820415,383,14,330,727
141820501,40,2,25,67
141820502,47,1,17,65
141820503,10,0,5,15
141820504,28,0,16,44
141820505,98,2,56,156
141820506,26,0,26,52
141820507,32,0,10,42
141820508,48,0,28,76
141820509,304,8,180,492
141820510,232,4,151,387
141820511,425,10,287,722
141820512,383,9,193,585
141820513,346,24,186,556
141820514,264,13,172,449
141820515,337,7,226,570
141820516,328,22,234,584
141820517,209,6,164,379
141820518,439,9,368,816
141820519,197,4,120,321
141820520,284,6,205,495
141820521,271,20,239,530
141820601,37,0,14,51
141820602,81,0,19,100
141820603,45,1,13,59
141820604,70,4,18,92
141820605,46,0,43,89
141820606,7,0,7,14
141820607,428,11,312,751
141820608,266,5,173,444
141820609,761,19,314,1094
141820610,323,20,254,597
141820611,253,7,204,464
141820612,510,9,263,782
141820613,318,2,190,510
141820614,190,1,128,319
141820615,395,4,285,684
141820616,332,3,195,530
141820617,269,8,192,469
141820618,189,1,102,292
141820619,150,7,102,259
141820701,36,0,21,57
141820702,93,3,71,167
141820703,74,0,35,109
141820704,47,1,13,61
141820705,82,0,25,107
141820706,62,1,17,80
141820707,194,5,110,309
141820708,81,1,44,126
141820709,63,1,49,113
141820710,58,1,28,87
141820711,246,30,247,523
141820712,186,6,118,310
141820713,235,16,158,409
141820714,294,7,202,503
141820715,427,12,283,722
141820716,314,6,238,558
141820801,347,21,184,552
141820802,414,13,183,610
141820803,493,33,214,740
141820804,334,17,184,535
141820805,464,20,257,741
141820806,562,29,265,856
141820807,272,3,204,479
141820808,213,6,166,385
141820809,446,7,296,749
141820810,401,10,270,681
141820811,265,5,164,434
141820812,135,1,117,253
141820901,479,22,212,713
141820902,573,52,263,888
141820903,463,43,271,777
141820904,316,8,194,518
141820905,373,17,211,601
141820906,319,13,199,531
141820907,337,20,211,568
141820908,532,26,344,902
141820909,471,31,285,787
141820910,498,19,314,831
141820911,335,13,259,607
141821001,257,5,208,470
141821002,385,7,272,664
141821003,310,4,165,479
141821004,473,26,226,725
141821005,252,18,158,428
141821006,318,32,188,538
141821007,362,14,238,614
141821008,245,5,145,395
141821009,386,16,256,658
141821010,468,33,279,780
141821101,214,15,109,338
141821102,303,6,199,508
141821103,194,6,164,364
141821104,246,8,189,443
141821105,247,5,129,381
141821106,426,27,234,687
141821107,290,17,158,465
141821108,409,41,247,697
141821109,633,57,313,1003
141821110,483,10,323,816
141821201,360,10,180,550
141821202,207,4,198,409
141821203,309,7,290,606
141821204,550,27,260,837
141821205,342,4,228,574
141821206,562,14,295,871
141821207,368,6,267,641
141821208,319,13,156,488
141821209,328,9,153,490
141821210,310,9,154,473
141821211,485,20,146,651
141821301,440,8,284,732
141821302,426,11,276,713
141821303,267,6,243,516
141821304,391,4,244,639
141821305,253,8,181,442
141821306,331,13,227,571
141821307,376,14,270,660
141821308,175,16,95,286
141821309,209,1,146,356
141821310,198,5,197,400
141821311,355,23,240,618
141821312,361,20,233,614
180070101,491,29,394,914
180070102,212,9,216,437
180070103,412,29,307,748
180070104,281,15,279,575
180070105,401,22,295,718
180070106,431,20,340,791
180070107,292,7,147,446
180070108,384,7,284,675
180070109,441,21,350,812
180070110,324,14,256,594
180070111,287,12,294,593
180070112,314,31,306,651
180070113,469,12,322,803
180070114,306,5,348,659
180070115,414,19,339,772
180070116,383,30,309,722
180070117,364,15,347,726
180070118,323,9,318,650
180070119,405,15,273,693
180070120,328,32,268,628
180070121,334,11,327,672
180070122,317,12,397,726
180070123,318,33,311,662
180070124,410,27,329,766
180070125,448,40,353,841
180070201,117,0,92,209
180070202,100,2,46,148
180070203,118,15,122,255
180070204,126,14,122,262
180070205,99,2,75,176
180070206,116,1,88,205
180070207,90,4,104,198
180070208,125,2,92,219
180070209,106,2,98,206
180070210,18,0,37,55
180070211,85,0,75,160
180070212,104,6,87,197
180070213,422,32,297,751
180070214,599,21,531,1151
180070215,420,25,314,759
180070216,269,12,197,478
180070217,244,6,152,402
180070218,221,12,200,433
180070301,310,9,280,599
180070302,49,1,64,114
180070303,35,1,80,116
180070304,157,0,172,329
180070305,125,8,181,314
180070401,26,0,53,79
180070501,41,0,56,97
180070502,24,0,25,49
180070503,14,0,6,20
180070504,37,1,44,82
180070505,22,2,46,70
180070506,53,0,84,137
180070601,157,9,211,377
180070602,140,4,150,294
180070701,110,0,64,174
180070702,179,0,143,322
180070801,7,0,1,8
180070802,14,0,14,28
180140101,128,2,165,295
180140102,207,2,138,347
180140103,181,4,200,385
180140201,50,0,49,99
180140202,8,0,21,29
180140203,12,1,3,16
180140301,87,1,92,180
180140302,33,2,28,63
180140303,77,2,50,129
180140401,76,0,70,146
180140402,17,1,19,37
180140501,0,0,0,0
180140502,0,0,0,0
180210101,669,29,310,1008
180210102,460,29,215,704
180210103,602,18,305,925
180210104,434,11,237,682
180210105,387,14,179,580
180210106,465,17,219,701
180210107,327,13,156,496
180210108,319,12,158,489
180210109,334,18,228,580
180210110,243,11,159,413
180210111,359,14,130,503
180210112,231,6,128,365
180210113,644,32,401,1077
180210114,573,31,260,864
180210115,723,15,340,1078
180210116,292,29,166,487
180210117,581,24,396,1001
180210118,489,16,317,822
180210201,472,57,375,904
180210202,324,22,258,604
180210203,389,35,321,745
180210204,301,12,163,476
180210205,370,18,184,572
180210206,341,20,261,622
180210207,444,23,329,796
180210208,397,26,296,719
180210209,318,24,245,587
180210210,488,14,220,722
180210211,335,12,207,554
180210212,316,13,206,535
180210213,341,13,158,512
180210214,406,27,425,858
180210215,337,15,234,586
180210216,352,22,248,622
180210217,441,25,270,736
180210218,227,10,126,363
180210301,485,48,299,832
180210302,445,45,340,830
180210303,586,69,476,1131
180210304,815,97,545,1457
180210305,668,48,485,1201
180210306,502,43,287,832
180210307,370,42,340,752
180210308,679,30,226,935
180210309,578,12,369,959
180210310,463,35,350,848
180210311,343,35,301,679
180210312,473,27,381,881
180210313,348,23,204,575
180210314,552,43,413,1008
180210315,582,59,393,1034
180210316,524,66,375,965
180210317,749,80,529,1358
180210318,307,14,272,593
180210319,362,24,330,716
180210320,406,36,327,769
180210321,307,23,253,583
180210401,766,82,330,1178
180210402,393,28,228,649
180210403,871,42,512,1425
180210404,655,68,397,1120
180210405,413,36,272,721
180210406,649,53,400,1102
180210407,657,70,462,1189
180210408,434,20,193,647
180210409,602,50,327,979
180210410,527,62,326,915
180210411,877,49,436,1362
180210412,392,20,211,623
180210413,488,64,292,844
180210414,580,56,304,940
180210415,431,12,300,743
180210416,342,47,228,617
180210417,424,40,333,797
180210418,317,41,201,559
180210419,157,8,154,319
180210420,165,16,151,332
180210421,395,30,307,732
180210422,348,51,281,680
180210501,267,17,246,530
180210502,403,20,228,651
180210503,499,41,321,861
180210504,538,34,271,843
180210505,308,17,182,507
180210506,494,42,313,849
180210507,551,26,366,943
180210508,337,18,187,542
180210509,424,57,318,799
180210510,424,24,269,717
180210511,504,54,295,853
180210512,679,55,405,1139
180210513,495,45,395,935
180210514,370,26,285,681
180210515,324,24,236,584
180210516,313,13,214,540
180210601,361,35,245,641
180210602,420,28,253,701
180210603,509,33,346,888
180210604,646,44,457,1147
180210605,614,39,330,983
180210606,998,97,570,1665
180210607,520,31,279,830
180210608,489,25,287,801
180210609,671,36,414,1121
180210610,516,32,281,829
180210611,385,26,207,618
180210612,626,25,376,1027
180210613,637,38,299,974
180210614,717,57,352,1126
180210615,506,64,306,876
180210616,525,72,367,964
180210701,524,39,464,1027
180210702,438,34,307,779
180210703,850,112,523,1485
180210704,594,69,401,1064
180210705,572,51,306,929
180210706,379,53,275,707
180210707,692,73,459,1224
180210708,995,64,517,1576
180210709,614,35,339,988
180210710,671,52,383,1106
180210711,661,45,454,1160
180210712,644,28,520,1192
180210713,604,60,332,996
180210714,494,44,291,829
180210715,480,66,296,842
180210716,416,24,201,641
180210801,300,12,177,489
180210802,481,44,311,836
180210803,450,29,233,712
180210804,313,18,190,521
180210805,375,29,156,560
180210806,434,19,261,714
180210807,293,44,166,503
180210808,326,22,171,519
180210809,627,44,351,1022
180210810,627,49,289,965
180210811,901,67,461,1429
180210812,352,24,245,621
180210813,343,39,286,668
180210901,288,15,124,427
180210902,276,19,191,486
180210903,413,36,272,721
180210904,303,28,219,550
180210905,457,41,247,745
180210906,688,48,424,1160
180210907,662,43,440,1145
180210908,638,37,355,1030
180210909,404,28,261,693
180210910,391,23,196,610
180210911,257,10,175,442
180210912,601,34,368,1003
180210913,343,20,178,541
180210914,496,26,215,737
180210915,388,13,223,624
180211001,432,26,329,787
180211002,580,33,266,879
180211003,502,22,355,879
180211004,563,18,346,927
180211005,391,16,299,706
180211006,765,64,550,1379
180211007,547,42,311,900
180211101,476,18,310,804
180211102,23,3,25,51
180211103,191,15,250,456
180211104,161,13,96,270
180211105,259,16,140,415
180211106,550,42,400,992
180211107,528,72,347,947
180211108,381,18,270,669
180211109,418,45,288,751
180211110,342,17,204,563
180211201,41,0,28,69
180211202,58,0,70,128
180211203,39,7,51,97
180211204,44,1,71,116
180211205,253,26,256,535
180211206,217,12,196,425
180211207,188,8,131,327
180211208,534,37,411,982
180211209,768,56,525,1349
180211210,426,23,315,764
180211211,435,22,384,841
180211212,530,36,390,956
180211213,126,4,149,279
180211301,569,52,389,1010
180211302,184,16,274,474
180211303,61,0,76,137
180211304,20,5,9,34
180211305,207,6,131,344
180211306,249,16,268,533
180211307,277,31,271,579
180211401,6,0,0,6
180211402,14,1,15,30
180211501,556,54,290,900
180211502,416,16,220,652
180211503,217,15,119,351
180211504,260,19,107,386
180211505,395,24,309,728
180211506,365,1,267,633
180211507,369,8,287,664
180211508,434,34,261,729
180211509,408,43,156,607
180211510,351,29,149,529
180211511,762,48,390,1200
180211512,418,9,280,707
180211513,420,40,223,683
180211514,437,52,287,776
180211515,421,21,193,635
180211516,761,42,548,1351
180211601,318,33,181,532
180211602,342,41,232,615
180211603,667,46,420,1133
180211604,816,104,602,1522
180211605,314,26,203,543
180211606,288,37,232,557
180211607,377,25,232,634
180211608,395,47,292,734
180211609,514,20,233,767
180211610,349,9,179,537
180211611,466,26,257,749
180211612,389,27,238,654
180211613,478,43,273,794
180211614,504,29,255,788
180211615,614,52,331,997
180211616,613,53,293,959
180211701,462,34,219,715
180211702,626,72,354,1052
180211703,699,81,412,1192
180211704,588,28,296,912
180211705,410,44,266,720
180211706,793,44,404,1241
180211707,425,24,178,627
180211708,574,27,259,860
180211709,503,41,331,875
180211710,574,47,301,922
180211711,689,20,165,874
180211712,453,35,141,629
180211713,634,28,325,987
180211714,359,24,292,675
180211715,506,37,232,775
180211716,441,35,206,682
180211717,434,79,312,825
180211718,770,88,508,1366
180211801,737,59,559,1355
180211802,570,57,344,971
180211803,758,121,467,1346
180211804,808,112,527,1447
180211805,505,41,266,812
180211806,463,41,253,757
180211807,712,57,469,1238
180211808,728,67,490,1285
180211809,912,79,553,1544
180211810,444,39,265,748
180211811,619,43,347,1009
180211812,855,76,514,1445
180211813,775,60,441,1276
180211901,501,27,185,713
180211902,495,30,310,835
180211903,333,27,173,533
180211904,253,3,178,434
180211905,541,61,364,966
180211906,446,78,254,778
180211907,425,59,277,761
180211908,712,72,479,1263
180211909,563,20,241,824
180211910,164,6,80,250
180211911,468,28,275,771
180211912,797,50,488,1335
180211913,343,26,234,603
180211914,432,44,245,721
180211915,589,43,260,892
180211916,341,21,242,604
180211917,362,18,147,527
180211918,521,40,306,867
180212001,609,65,405,1079
180212002,697,52,421,1170
180212003,692,42,523,1257
180212004,560,68,256,884
180212005,401,60,340,801
180212006,628,45,410,1083
180212007,521,30,328,879
180212008,468,28,231,727
180212009,563,20,256,839
180212010,574,46,352,972
180212011,798,44,437,1279
180212012,557,44,281,882
180212013,577,49,407,1033
180212101,540,34,374,948
180212102,414,25,224,663
180212103,690,77,465,1232
180212104,525,26,321,872
180212105,271,8,119,398
180212106,725,146,596,1467
180212107,667,54,291,1012
180212108,714,78,316,1108
180212109,467,33,264,764
180212110,750,44,381,1175
180212111,698,39,442,1179
180212112,808,72,390,1270
180212201,271,16,184,471
180212202,487,49,277,813
180212203,597,57,452,1106
180212204,726,58,519,1303
180212205,448,21,459,928
180212206,421,41,420,882
180212207,673,42,589,1304
180212208,429,11,272,712
180212209,715,78,364,1157
180212210,587,44,347,978
180212211,699,69,435,1203
180212212,846,54,551,1451
180212301,761,64,573,1398
180212302,667,65,383,1115
180212303,642,82,511,1235
180212304,563,47,320,930
180212305,769,52,408,1229
180212306,509,48,254,811
180212307,716,42,380,1138
180212308,593,38,267,898
180212309,602,44,438,1084
180212310,647,111,429,1187
180212311,667,69,435,1171
180212312,683,68,490,1241
180212313,622,70,352,1044
180212314,202,11,112,325
180280101,503,36,539,1078
180280102,177,10,257,444
180280103,303,14,457,774
180280201,31,0,39,70
180280202,25,0,45,70
180280301,676,26,748,1450
180280302,26,0,9,35
180280303,85,0,144,229
180280304,6,1,4,11
180280305,18,1,23,42
180280306,32,8,79,119
180280307,35,0,82,117
180280308,128,9,315,452
180280309,454,18,437,909
180280310,389,11,308,708
180280311,434,13,448,895
180280312,786,15,727,1528
180280401,254,7,360,621
180280402,39,0,21,60
180280403,49,1,85,135
180280404,11,0,10,21
180280405,135,4,247,386
180280406,171,5,212,388
180280407,107,7,239,353
180280408,78,1,121,200
180280409,96,17,158,271
180280410,29,0,74,103
180280411,51,10,111,172
180280412,228,1,190,419
180280413,135,6,227,368
180280501,31,0,14,45
180280502,46,1,3,50
180280503,37,0,7,44
180280601,29,0,39,68
180280602,21,0,1,22
180280603,24,0,19,43
180280604,76,4,156,236
180280605,5,0,27,32
180280606,27,0,21,48
180280701,65,0,96,161
180280702,182,7,235,424
180280703,8,3,42,53
180280704,25,1,14,40
180280705,18,7,35,60
180280706,30,1,21,52
180280707,13,2,24,39
180350101,384,8,364,756
180350102,264,5,259,528
180350103,384,36,498,918
180350104,375,20,329,724
180350105,435,9,260,704
180350106,226,2,133,361
180350107,282,1,151,434
180350108,237,9,156,402
180350109,274,9,299,582
180350110,239,16,276,531
180350111,341,52,461,854
180350112,259,27,296,582
180350113,239,19,292,550
180350114,8,0,3,11
180350115,278,9,329,616
180350116,190,14,317,521
180350201,69,0,16,85
180350301,92,0,45,137
180350302,57,1,32,90
180350303,44,0,61,105
180350401,65,1,11,77
180350402,72,0,10,82
180350501,111,5,141,257
180350502,97,1,99,197
180350503,35,0,8,43
180350601,36,0,21,57
180350602,52,0,13,65
180350603,124,1,164,289
180350701,73,0,39,112
180350702,45,1,10,56
180350801,34,1,19,54
180350802,68,5,94,167
180350901,62,0,5,67
180350902,33,2,38,73
180351001,27,0,7,34
180351002,21,0,1,22
180351101,177,7,201,385
180351102,50,0,29,79
180351201,31,0,81,112
180351202,12,0,27,39
180351203,32,0,43,75
180351301,97,1,52,150
180351302,27,0,20,47
180351303,57,0,144,201
180351401,95,6,250,351
180351402,39,0,74,113
180351501,342,14,479,835
180351502,237,13,536,786
180351503,28,2,53,83
180351504,30,0,55,85
180351505,59,0,11,70
180351506,121,4,163,288
180351507,10,0,13,23
180351508,23,0,36,59
180351509,38,0,34,72
180351510,249,5,316,570
180351511,279,9,263,551
180351601,26,3,22,51
180351602,58,0,12,70
180351701,22,0,5,27
180351702,22,0,12,34
180351801,518,31,472,1021
180351802,581,25,381,987
180351803,238,13,226,477
180351804,249,14,271,534
180351805,407,27,379,813
180351806,226,12,213,451
180351807,464,19,340,823
180351808,498,33,402,933
180351809,345,14,432,791
180351810,317,35,469,821
180351811,198,7,249,454
180351901,119,8,170,297
180351902,283,21,284,588
180351903,453,34,431,918
180351904,405,38,461,904
180351905,404,33,363,800
180351906,246,7,186,439
180351907,213,12,201,426
180351908,153,26,159,338
180351909,240,12,220,472
180351910,302,18,241,561
180351911,222,4,139,365
180351912,370,13,249,632
180351913,355,35,385,775
180420101,314,28,339,681
180420102,414,11,443,868
180420103,310,14,237,561
180420104,494,19,458,971
180420105,325,9,243,577
180420106,296,33,299,628
180420107,476,22,315,813
180420108,384,10,368,762
180420109,307,21,284,612
180420201,10,0,11,21
180420202,70,1,108,179
180420203,7,1,11,19
180420204,33,0,61,94
180420301,68,5,247,320
180420302,27,1,26,54
180420303,27,0,32,59
180420304,143,20,167,330
180420305,57,4,76,137
180420306,58,11,87,156
180420307,165,7,246,418
180420308,21,0,39,60
180420401,15,0,90,105
180420402,8,0,27,35
180420403,30,2,98,130
180420404,31,0,30,61
180420405,8,1,77,86
180420501,57,20,179,256
180420502,70,4,94,168
180420503,76,1,107,184
180420504,150,11,218,379
180420505,29,0,51,80
180420506,141,0,362,503
180420507,171,15,258,444
180420601,4,0,0,4
180420602,19,1,10,30
180420603,0,0,0,0
180490101,296,16,336,648
180490102,342,8,320,670
180490103,511,20,516,1047
180490104,587,25,456,1068
180490105,246,5,236,487
180490106,210,3,205,418
180490107,329,10,244,583
180490108,266,14,191,471
180490109,452,24,308,784
180490110,402,9,368,779
180490111,284,11,198,493
180490112,226,4,287,517
180490113,581,24,485,1090
180490114,375,12,229,616
180490115,242,14,236,492
180490116,564,18,456,1038
180490117,402,14,392,808
180490118,258,5,179,442
180490201,37,3,51,91
180490202,137,7,177,321
180490203,94,5,83,182
180490204,14,0,41,55
180490205,18,0,23,41
180490206,13,0,10,23
180490207,381,7,217,605
180490301,354,18,382,754
180490302,5,2,6,13
180490303,29,0,31,60
180490304,43,0,55,98
180490305,39,0,81,120
180490306,156,2,391,549
180490307,97,17,152,266
180490308,302,8,348,658
180490401,50,1,152,203
180490402,61,9,104,174
180490403,15,1,70,86
180490404,51,0,39,90
180490405,39,1,87,127
180490501,56,4,153,213
180490502,13,0,23,36
180490503,4,0,0,4
180490601,18,0,17,35
180490602,22,0,2,24
180490603,12,0,29,41
180490701,744,34,892,1670
180490702,62,5,271,338
180490703,141,6,253,400
180490704,217,10,354,581
180490705,17,3,18,38
180490801,15,0,89,104
180490802,91,1,108,200
180490901,11,0,9,20
180490902,25,32,69,126
180490903,21,0,26,47
180490904,37,1,26,64
180491001,112,3,239,354
180491002,50,1,83,134
180491003,14,0,19,33
180491101,21,0,22,43
180560101,285,8,280,573
180560102,277,7,252,536
180560103,422,9,361,792
180560104,429,12,319,760
180560105,197,5,214,416
180560106,170,18,162,350
180560107,178,3,174,355
180560108,192,9,139,340
180560109,182,8,164,354
180560110,135,9,155,299
180560201,77,9,121,207
180560202,42,0,45,87
180560301,85,2,96,183
180560302,23,0,8,31
180560303,23,0,16,39
180560401,51,0,27,78
180560402,13,0,16,29
180560403,12,0,12,24
180560404,1,0,10,11
180560501,20,0,8,28
180560502,18,0,1,19
180560503,23,0,19,42
180560504,5,0,5,10
180560601,13,0,1,14
180560602,6,0,1,7
180560603,5,0,0,5
180560604,24,0,4,28
180560605,4,0,0,4
180630101,523,20,685,1228
180630102,418,28,489,935
180630103,247,12,351,610
180630104,306,6,444,756
180630201,261,15,200,476
180630202,463,26,355,844
180630203,33,2,49,84
180630204,133,8,218,359
180630205,261,4,278,543
180630206,243,7,342,592
180630301,103,5,245,353
180630302,24,0,35,59
180630303,52,5,103,160
180630304,23,0,71,94
180630401,124,26,133,283
180630402,29,2,50,81
180630403,5,0,12,17
180630404,22,3,26,51
180630405,8,0,2,10
180630406,65,1,35,101
180630407,13,0,10,23
180630408,7,0,15,22
180630501,56,0,46,102
180630502,42,4,60,106
180630503,40,0,123,163
180630504,15,0,32,47
180630601,31,2,33,66
180630602,37,0,39,76
180630603,11,0,6,17
180630701,129,8,203,340
180630702,38,0,44,82
180630703,44,0,101,145
180630704,66,5,172,243
180630705,37,0,205,242
180630706,34,2,66,102
180630801,24,0,48,72
180630802,56,1,154,211
180630803,40,4,88,132
180630804,47,0,224,271
180630805,35,18,156,209
180630806,167,5,179,351
180630901,1,0,0,1
180700101,364,10,241,615
180700102,382,10,181,573
180700103,403,9,280,692
180700104,286,29,221,536
180700105,289,15,285,589
180700106,377,10,311,698
180700107,362,11,256,629
180700108,334,7,227,568
180700109,384,3,187,574
180700110,361,21,309,691
180700111,416,11,437,864
180700112,348,33,267,648
180700113,349,35,250,634
180700114,319,26,255,600
180700115,398,17,359,774
180700116,291,35,223,549
180700117,280,24,279,583
180700118,108,7,113,228
180700201,177,15,195,387
180700202,276,8,222,506
180700203,285,5,146,436
180700204,116,2,108,226
180700205,35,2,30,67
180700206,51,0,52,103
180700207,22,0,60,82
180700208,5,0,3,8
180700209,97,0,59,156
180700210,7,0,4,11
180700301,241,1,245,487
180700302,111,5,160,276
180700303,72,0,18,90
180700401,30,0,43,73
180700402,87,0,23,110
180700403,21,0,30,51
180700404,26,0,33,59
180700501,101,4,84,189
180700502,51,1,53,105
180700503,5,0,15,20
180700601,21,0,55,76
180700602,14,0,14,28
180700603,20,0,70,90
180700701,27,1,41,69
180700702,3,0,18,21
180700703,36,1,12,49
180700801,59,0,105,164
180700802,30,2,105,137
180700803,47,1,121,169
180700804,104,14,104,222
180700901,48,1,80,129
180700902,124,0,41,165
180701001,22,0,51,73
180701002,67,12,57,136
180701003,89,2,210,301
180701004,64,0,84,148
180701005,117,4,223,344
180701101,77,3,196,276
180701102,49,5,257,311
180701201,157,4,335,496
180701202,52,1,172,225
180701203,36,2,98,136
180701204,34,16,217,267
180701301,132,4,166,302
180701302,28,0,82,110
180701303,208,1,247,456
180701304,14,0,23,37
180701401,117,1,200,318
180701402,88,1,197,286
180701403,65,2,309,376
180701404,68,0,147,215
180701501,87,0,99,186
180701502,87,0,103,190
180701503,100,5,177,282
180701504,19,0,12,31
180701505,88,1,20,109
180701506,584,44,422,1050
180701507,517,24,338,879
180701508,630,40,482,1152
180701509,550,47,413,1010
180701601,96,0,135,231
180701602,44,0,55,99
180701603,64,0,83,147
180701604,77,0,97,174
180701605,143,0,34,177
180701606,87,1,76,164
180701607,127,4,131,262
180701701,119,1,61,181
180701702,30,0,13,43
180701703,91,0,79,170
180701704,23,3,26,52
180701801,82,1,91,174
180701802,73,2,122,197
180701803,111,1,88,200
180701901,5,0,2,7
180701902,117,16,234,367
180701903,10,1,5,16
180701904,7,0,25,32
180701905,7,1,25,33
180701906,0,0,0,0
180701907,8,0,2,10
180701908,4,0,2,6
180701909,20,0,32,52
180702001,390,28,245,663
180702002,387,4,230,621
180702003,328,31,201,560
180702004,529,41,404,974
180702005,494,23,235,752
180702006,411,20,335,766
180702007,369,17,302,688
180702008,471,21,370,862
180702009,346,30,287,663
180702010,309,8,247,564
180702011,291,14,196,501
180702012,370,12,203,585
180702013,393,9,271,673
180702014,308,9,150,467
180702015,306,3,129,438
180702016,394,6,208,608
180702101,303,34,116,453
180702102,28,2,22,52
180702103,621,36,405,1062
180702104,526,40,402,968
180702105,438,18,366,822
180702106,310,18,294,622
180702107,127,8,119,254
180702108,243,9,204,456
180702109,464,16,382,862
180702110,353,13,303,669
180702111,343,22,283,648
180702112,361,24,379,764
180702113,364,48,551,963
180702114,335,39,244,618
180702115,651,30,399,1080
180702116,425,19,332,776
180702117,331,26,350,707
180702201,580,50,475,1105
180702202,377,31,512,920
180702203,509,15,261,785
180702204,638,36,437,1111
180702205,298,13,250,561
180702206,436,44,383,863
180702207,367,27,175,569
180702208,302,48,300,650
180702209,329,33,239,601
180702210,654,29,399,1082
180702211,33,6,23,62
180702212,593,36,387,1016
180702213,458,32,472,962
180702214,354,15,387,756
180702215,529,30,464,1023
180702216,402,40,377,819
180702217,441,21,316,778
180702218,580,30,274,884
180770101,249,22,283,554
180770102,210,11,178,399
180770103,447,7,383,837
180770104,408,21,378,807
180770105,306,4,257,567
180770106,329,7,297,633
180770201,216,5,249,470
180770202,60,11,145,216
180770203,58,0,124,182
180770204,133,2,108,243
180770205,72,6,113,191
180770206,8,4,17,29
180770207,12,0,36,48
180770208,214,8,194,416
180770301,220,2,201,423
180770302,53,1,110,164
180770401,30,2,27,59
180770402,73,0,128,201
180770501,14,3,43,60
180770502,39,1,36,76
180770503,7,0,5,12
180770601,0,0,0,0
180770602,1,0,0,1
180770603,0,0,0,0
180840101,449,37,410,896
180840102,244,46,299,589
180840103,327,21,280,628
180840104,265,24,176,465
180840105,308,12,264,584
180840106,313,28,363,704
180840107,505,30,467,1002
180840108,367,12,414,793
180840109,300,19,229,548
180840110,280,25,261,566
180840111,302,22,218,542
180840112,454,29,333,816
180840113,314,14,232,560
180840114,444,21,349,814
180840115,430,38,358,826
180840116,471,20,380,871
180840117,148,8,97,253
180840118,597,70,519,1186
180840201,398,15,439,852
180840202,42,0,8,50
180840203,104,4,66,174
180840204,157,5,203,365
180840205,282,16,267,565
180840206,9,0,8,17
180840301,75,2,108,185
180840302,35,0,12,47
180840303,6,0,4,10
180840304,18,0,1,19
180840305,7,0,3,10
180840306,43,0,22,65
180840401,4,0,0,4
180840402,14,0,4,18
180840403,43,0,13,56
180840404,12,0,13,25
180840501,60,0,9,69
180840502,37,0,36,73
180840503,73,0,3,76
180840601,28,0,14,42
180840602,23,0,4,27
180840603,27,0,3,30
180840701,47,0,35,82
180840702,14,0,9,23
180840703,22,0,8,30
180840801,7,0,3,10
180840802,24,0,19,43
180840901,35,0,22,57
180840902,29,2,22,53
180840903,58,1,20,79
180841001,184,9,251,444
180841002,223,18,283,524
180841003,131,24,307,462
180841004,103,6,172,281
180841005,39,1,62,102
180841006,3,0,28,31
180841007,58,9,129,196
180841008,17,0,10,27
180841009,9,0,4,13
180841101,355,20,295,670
180841102,106,13,86,205
180841103,47,0,27,74
180841104,96,3,107,206
180841105,190,6,155,351
180841106,30,0,17,47
180841107,22,0,12,34
180841108,37,3,46,86
180841109,419,23,443,885
180841201,247,15,440,702
180841202,41,2,45,88
180841203,138,4,232,374
180841204,35,0,43,78
180841205,5,1,2,8
180841206,0,0,0,0
180841207,0,0,0,0
180910101,496,24,378,898
180910102,295,7,281,583
180910103,237,3,199,439
180910104,285,11,333,629
180910105,427,5,390,822
180910106,460,18,329,807
180910107,386,12,399,797
180910108,346,5,310,661
180910109,346,6,261,613
180910110,581,16,607,1204
180910201,216,6,251,473
180910202,178,0,125,303
180910203,359,5,272,636
180910204,184,5,120,309
180910205,24,0,19,43
180910206,170,5,156,331
180910207,278,2,153,433
180910208,241,3,232,476
180910209,299,7,345,651
180910210,180,4,157,341
180910211,160,3,144,307
180910212,72,1,87,160
180910301,219,10,206,435
180910302,140,1,111,252
180910303,182,7,136,325
180910304,46,1,40,87
180910305,92,2,97,191
180910401,150,2,216,368
180910402,82,2,153,237
180910403,120,0,79,199
180910404,79,0,124,203
180910405,99,0,225,324
180910406,56,1,79,136
180910407,17,0,35,52
180910501,19,0,28,47
180910502,19,0,28,47
180910503,96,0,99,195
180910504,39,0,72,111
180910505,19,0,12,31
180910506,12,0,23,35
180910601,15,0,10,25
180910602,12,1,8,21
180910603,21,0,6,27
180910701,225,4,233,462
180910702,42,0,110,152
180910703,75,13,208,296
180910704,160,3,217,380
180910705,51,0,57,108
180910706,219,5,466,690
180910801,33,2,59,94
180910802,219,1,280,500
180910803,371,4,316,691
180910804,170,2,271,443
180910805,72,1,50,123
180910806,141,9,154,304
180910901,3,0,3,6
180910902,1,0,0,1
180910903,0,0,0,0
180980101,241,12,388,641
180980102,362,16,303,681
180980103,395,12,546,953
180980104,244,6,275,525
180980105,170,4,273,447
180980106,287,21,316,624
180980107,204,14,356,574
180980201,82,9,176,267
180980202,40,17,102,159
180980203,213,10,235,458
180980301,39,2,137,178
180980302,63,14,254,331
180980303,21,0,92,113
180980304,37,4,134,175
180980401,7,0,2,9
180980402,10,1,43,54
180980403,17,2,121,140
180980501,21,2,22,45
180980502,16,1,22,39
180980503,5,0,31,36
181050101,372,20,331,723
181050102,366,31,373,770
181050103,365,36,437,838
181050104,423,26,389,838
181050105,235,24,283,542
181050106,458,17,561,1036
181050107,601,30,612,1243
181050108,151,20,144,315
181050109,371,9,367,747
181050110,385,12,286,683
181050111,188,14,175,377
181050112,406,8,321,735
181050113,575,20,417,1012
181050114,535,47,438,1020
181050115,256,4,163,423
181050201,13,2,21,36
181050202,90,0,92,182
181050203,53,1,40,94
181050204,437,16,291,744
181050301,38,0,2,40
181050302,90,0,16,106
181050401,42,1,13,56
181050402,16,0,3,19
181050501,32,0,0,32
181050502,23,0,22,45
181050503,23,0,4,27
181050601,24,3,39,66
181050602,29,0,15,44
181050603,20,0,7,27
181050701,11,1,7,19
181050702,8,0,4,12
181050801,39,2,31,72
181050802,21,0,43,64
181050803,38,1,18,57
181050804,32,0,1,33
181050805,300,2,193,495
181050806,14,0,3,17
181050901,225,3,397,625
181050902,7,1,19,27
181050903,41,0,16,57
181050904,229,19,440,688
181051001,3,0,1,4
181051002,3,0,0,3
181051003,125,7,80,212
181051101,456,45,551,1052
181051102,22,0,13,35
181051103,4,1,37,42
181051104,13,0,8,21
181051201,52,0,52,104
181051202,75,0,46,121
181051203,24,2,38,64
181051204,66,0,125,191
181051301,109,4,98,211
181051302,17,2,35,54
181051303,9,0,3,12
181051304,28,0,63,91
181051305,46,2,12,60
181051306,4,0,1,5
181051401,10,0,1,11
181051402,14,0,1,15
181051403,1,0,13,14
181051404,5,0,5,10
181051501,10,0,9,19
181051502,1,0,0,1
181051503,15,0,0,15
181051601,91,0,139,230
181051602,16,0,43,59
181051603,8,4,39,51
181051604,11,0,24,35
181051605,32,0,31,63
181051701,22,0,2,24
181051702,23,0,1,24
181051801,40,1,43,84
181051802,9,0,3,12
181051901,36,0,3,39
181051902,38,0,0,38
181052001,28,0,0,28
181052002,36,0,1,37
181052003,32,0,2,34
181052101,318,41,201,560
181052102,609,42,545,1196
181052103,396,14,334,744
181052104,360,13,284,657
181052105,328,9,268,605
181052106,398,12,330,740
181052107,512,22,554,1088
181052108,411,15,264,690
181052109,303,11,236,550
181052110,215,12,288,515
181052111,386,12,437,835
181052112,648,29,454,1131
181052113,528,29,398,955
181052114,403,32,265,700
181120101,403,19,309,731
181120102,123,7,85,215
181120103,95,3,47,145
181120104,465,27,356,848
181120105,279,13,274,566
181120106,557,38,359,954
181120107,366,30,351,747
181120108,413,51,440,904
181120109,293,17,236,546
181120110,234,4,216,454
181120111,195,10,198,403
181120112,286,12,218,516
181120113,180,3,161,344
181120114,412,22,425,859
181120201,32,0,36,68
181120202,85,2,79,166
181120203,78,1,63,142
181120204,33,1,49,83
181120205,51,1,25,77
181120206,40,1,61,102
181120207,35,0,22,57
181120208,30,0,11,41
181120209,37,0,26,63
181120210,69,3,63,135
181120211,6,0,6,12
181120212,173,6,177,356
181120301,36,0,11,47
181120302,11,0,11,22
181120303,29,1,17,47
181120304,4,0,4,8
181120401,60,0,50,110
181120402,42,1,6,49
181120403,106,3,42,151
181120404,230,4,175,409
181120405,55,1,48,104
181120406,25,3,3,31
181120407,40,0,38,78
181120408,14,0,2,16
181120409,24,0,23,47
181120410,30,0,38,68
181120411,17,0,2,19
181120501,8,0,0,8
181120502,53,1,12,66
181120503,38,0,7,45
181120504,10,0,0,10
181120601,42,0,13,55
181120602,86,0,48,134
181120603,17,0,1,18
181120604,29,0,5,34
181120701,480,16,333,829
181120702,164,2,88,254
181120703,27,0,16,43
181120704,81,0,35,116
181120705,33,1,37,71
181120706,20,0,13,33
181120707,28,1,3,32
181120708,16,0,10,26
181120709,0,0,0,0
181120710,49,1,40,90
181120801,88,0,34,122
181120802,74,0,55,129
181120803,142,2,53,197
181120804,126,2,71,199
181120805,33,1,14,48
181120806,453,9,270,732
181120807,381,9,288,678
181120808,794,12,364,1170
181120809,425,13,233,671
181120810,684,20,396,1100
181120901,241,13,298,552
181120902,296,23,322,641
181120903,256,16,240,512
181120904,203,11,175,389
181120905,312,7,178,497
181120906,196,7,214,417
181120907,421,21,294,736
181120908,422,19,362,803
181120909,312,38,257,607
181120910,303,23,359,685
181120911,300,34,387,721
181120912,255,12,260,527
181120913,664,37,539,1240
181120914,317,19,280,616
181190101,327,18,263,608
181190102,399,24,312,735
181190103,497,28,370,895
181190104,739,32,554,1325
181190105,479,49,297,825
181190106,218,18,186,422
181190107,324,13,260,597
181190108,418,14,284,716
181190109,621,20,501,1142
181190110,453,18,302,773
181190111,369,17,247,633
181190112,106,15,75,196
181190113,133,2,247,382
181190114,281,33,270,584
181190115,578,27,454,1059
181190116,477,23,294,794
181190117,327,10,210,547
181190201,8,2,14,24
181190202,37,0,2,39
181190301,97,1,137,235
181190302,113,2,87,202
181190303,12,0,9,21
181190401,336,15,341,692
181190402,18,0,17,35
181190403,50,0,15,65
181190404,35,0,29,64
181190501,30,0,31,61
181190502,26,0,27,53
181190601,286,5,254,545
181190602,24,0,7,31
181190701,17,0,11,28
181190702,43,0,57,100
181190703,4,0,15,19
181190801,16,0,0,16
181190802,40,5,9,54
181190901,157,15,177,349
181190902,12,0,0,12
181190903,26,1,4,31
181190904,1,1,1,3
181190905,35,0,12,47
181191001,32,2,66,100
181191002,63,0,19,82
181191003,25,2,30,57
181191101,7,1,8,16
181191102,10,0,9,19
181191103,16,0,14,30
181191201,16,0,17,33
181191202,16,0,4,20
181191203,18,2,11,31
181191301,1,0,0,1
181191401,174,8,155,337
181191402,328,11,248,587
181191403,587,37,380,1004
181191404,202,16,196,414
181191405,585,40,489,1114
181191406,268,10,327,605
181191407,458,17,324,799
181191501,436,25,253,714
181191502,230,10,194,434
181191503,455,26,463,944
181191504,405,22,305,732
181191505,500,20,294,814
181191506,231,6,148,385
181191507,376,14,272,662
181191508,423,10,286,719
181191509,279,16,305,600
181191510,276,18,287,581
181191511,372,14,296,682
181191512,275,16,188,479
181191513,309,13,234,556
181191514,100,2,67,169
181191515,444,30,359,833
181191516,220,10,171,401
181191517,142,6,91,239
181191518,219,11,129,359
181191519,559,29,348,936
181191520,622,30,354,1006
181191521,423,8,240,671
181191522,364,34,251,649
181191523,298,3,215,516
181260101,327,17,493,837
181260102,350,21,467,838
181260103,335,14,307,656
181260104,447,16,467,930
181260105,472,30,542,1044
181260106,512,26,533,1071
181260107,482,31,581,1094
181260108,483,13,544,1040
181260109,354,17,323,694
181260201,61,13,57,131
181260202,331,35,505,871
181260203,8,0,10,18
181260301,162,2,239,403
181260302,36,0,46,82
181260401,28,0,71,99
181260402,26,0,61,87
181260501,248,12,554,814
181260502,95,0,167,262
181260601,125,10,195,330
181260602,16,0,31,47
181260603,9,0,7,16
181260701,365,10,600,975
181260702,72,2,114,188
181260703,146,4,184,334
181260801,50,3,91,144
181260802,37,1,51,89
181260901,364,23,374,761
181260902,425,48,552,1025
181260903,99,1,151,251
181260904,67,2,81,150
181330101,261,12,356,629
181330102,145,6,211,362
181330103,154,11,185,350
181330104,47,2,55,104
181330201,66,1,35,102
181330202,109,4,58,171
181330203,85,1,78,164
181330204,151,8,167,326
181330205,63,4,119,186
181330206,272,15,124,411
181330207,271,9,164,444
181330208,317,8,209,534
181330209,130,6,88,224
181330210,131,10,112,253
181330211,44,5,17,66
181330212,157,8,104,269
181330213,170,5,95,270
181330214,598,23,409,1030
181330215,98,6,46,150
181330216,30,0,16,46
181330301,437,15,285,737
181330302,187,10,215,412
181330303,36,0,32,68
181330304,18,1,27,46
181330305,2,0,2,4
181330401,198,13,280,491
181330402,44,2,36,82
181330403,89,11,107,207
181330501,353,28,393,774
181330502,362,22,297,681
181330503,80,18,99,197
181330504,92,8,79,179
181330505,43,13,108,164
181330506,73,0,118,191
181330507,100,5,68,173
181330601,2,0,0,2
181330602,0,0,0,0
181330603,1,0,0,1
181400101,279,22,455,756
181400102,269,9,337,615
181400103,319,18,411,748
181400104,300,13,405,718
181400105,420,15,407,842
181400106,444,54,599,1097
181400107,342,21,441,804
181400108,311,14,399,724
181400109,306,21,503,830
181400110,376,16,509,901
181400201,34,1,200,235
181400202,86,1,174,261
181400203,484,23,711,1218
181400204,24,13,83,120
181400205,2,0,13,15
181400206,252,9,272,533
181400301,23,0,64,87
181400302,47,0,57,104
181400303,9,0,33,42
181400401,3,0,28,31
181400402,19,0,37,56
181400403,9,0,30,39
181400404,24,0,45,69
181400405,30,1,126,157
181400501,25,1,38,64
181400502,4,0,35,39
181400503,13,2,14,29
181400504,16,0,23,39
181400601,49,2,131,182
181400602,21,5,189,215
181400603,2,0,2,4
181400604,3,0,16,19
181400701,38,0,71,109
181400702,27,0,22,49
181400703,72,1,131,204
181400704,14,3,21,38
181400801,2,0,16,18
181400802,34,0,51,85
181400803,54,4,143,201
181400804,6,0,56,62
181400805,33,0,81,114
181400806,7,6,27,40
181400807,8,0,5,13
181400808,2,0,0,2
181400809,11,0,28,39
181400901,6,0,7,13
181400902,10,1,79,90
181400903,13,1,90,104
181470101,316,14,320,650
181470102,323,24,356,703
181470103,345,14,290,649
181470104,309,4,206,519
181470105,381,11,304,696
181470106,400,25,438,863
181470107,278,9,263,550
181470201,62,2,72,136
181470202,51,7,92,150
181470203,32,3,52,87
181470204,12,2,44,58
181470205,169,12,295,476
181470206,251,14,338,603
181470207,209,16,262,487
181470301,22,0,13,35
181470302,18,0,11,29
181470303,18,1,5,24
181470304,28,2,10,40
181470401,36,1,13,50
181470402,21,0,12,33
181470403,44,0,3,47
181470501,21,0,2,23
181470502,53,0,12,65
181470503,9,0,0,9
181470601,4,0,0,4
181470602,17,0,12,29
181470603,14,0,8,22
181470604,2,1,4,7
181470701,23,0,13,36
181470702,3,0,6,9
181470703,8,0,1,9
181470801,184,3,249,436
181470802,156,2,268,426
181470803,25,0,17,42
181470804,27,1,5,33
181470901,13,0,5,18
181470902,50,0,17,67
181470903,35,0,29,64
181471001,27,1,7,35
181471002,11,0,6,17
181471003,30,0,0,30
181471004,6,0,1,7
181471101,10,0,9,19
181471102,22,0,4,26
181471103,2,0,1,3
181471201,172,7,71,250
181471202,46,0,5,51
181471203,13,0,9,22
181471204,166,5,118,289
181540101,525,20,647,1192
181540102,422,10,583,1015
181540103,299,6,349,654
181540201,39,4,101,144
181540202,276,11,555,842
181540203,124,2,497,623
181540204,8,0,4,12
181540301,5,0,0,5
181540302,7,0,0,7
181540401,99,0,66,165
181540402,44,1,65,110
181540501,8,1,4,13
181540502,5,0,9,14
181540601,39,0,30,69
181540602,9,0,6,15
181540603,18,0,24,42
181540701,249,20,295,564
181540702,115,9,175,299
181540703,119,12,219,350
181540704,235,11,376,622
181540801,13,0,7,20
181540802,32,0,6,38
181540901,0,0,0,0
181610101,285,29,248,562
181610102,205,18,416,639
181610103,287,17,287,591
181610104,250,13,364,627
181610105,305,31,440,776
181610106,430,16,543,989
181610107,188,12,343,543
181610108,214,8,249,471
181610201,99,4,168,271
181610202,85,0,251,336
181610203,49,2,168,219
181610204,82,1,103,186
181610205,17,0,49,66
181610206,158,1,153,312
181610301,106,3,187,296
181610302,2,0,2,4
181610303,44,0,50,94
181610304,5,0,7,12
181610401,176,13,188,377
181610402,64,4,176,244
181610403,15,0,16,31
181610404,60,1,120,181
181610405,245,9,321,575
181610501,43,0,42,85
181610502,20,0,30,50
181610503,55,0,28,83
181610504,307,22,430,759
181610505,388,12,425,825
181610601,291,10,434,735
181610602,59,6,134,199
181610603,87,2,166,255
181610604,11,1,13,25
181610605,107,1,259,367
181610606,58,0,96,154
181610607,340,25,363,728
181680101,60,3,59,122
181680102,340,9,312,661
181680103,343,8,278,629
181680104,353,9,339,701
181680105,245,9,285,539
181680106,395,12,387,794
181680107,409,32,404,845
181680108,477,11,301,789
181680109,419,21,449,889
181680110,410,6,326,742
181680201,103,1,134,238
181680202,110,0,50,160
181680301,53,0,19,72
181680302,44,0,17,61
181680303,21,0,19,40
181680401,13,0,19,32
181680402,20,0,11,31
181680403,29,0,6,35
181680501,38,0,88,126
181680502,11,0,12,23
181680601,9,0,6,15
181680602,15,0,6,21
181680603,107,2,35,144
181680604,25,0,1,26
181680701,392,27,327,746
181680702,602,51,540,1193
181680703,592,19,497,1108
181680704,333,21,274,628
181680705,818,52,694,1564
181680706,569,37,428,1034
181680707,330,9,188,527
181680708,1,0,0,1
181680709,0,0,0,0
181680710,12,0,8,20
181680711,206,35,155,396
181680712,660,33,394,1087
181680713,511,5,277,793
181680714,291,4,180,475
181680715,364,26,273,663
181680716,396,11,313,720
181680717,395,22,282,699
181680718,729,16,442,1187
181680719,630,15,410,1055
181680720,482,29,325,836
181680721,351,19,267,637
181680722,639,48,473,1160
181680723,351,17,203,571
181680724,340,13,168,521
181680725,759,49,527,1335
181680726,5,0,2,7
181680727,313,9,269,591
181680801,51,3,57,111
181680802,31,0,2,33
181680803,3,0,1,4
181680804,21,1,16,38
181680901,15,0,4,19
181680902,4,0,1,5
181680903,18,0,0,18
181680904,9,0,3,12
181681001,5,0,1,6
181681002,62,6,82,150
181681003,34,1,36,71
181681101,8,0,0,8
181681102,6,0,2,8
181681103,80,3,106,189
181681201,138,3,111,252
181681202,5,0,7,12
181681203,23,0,9,32
181681204,23,0,7,30
181681301,21,0,9,30
181681302,34,2,55,91
181681303,254,0,143,397
181681304,10,0,7,17
181681305,146,2,50,198
181681306,192,3,232,427
181681307,789,32,464,1285
181681401,192,11,318,521
181681402,65,2,91,158
181681403,29,0,22,51
181681404,99,1,69,169
181681501,64,1,69,134
181681502,6,0,4,10
181681601,213,8,222,443
181681602,134,2,12,148
181681603,52,0,18,70
181681604,16,0,1,17
181681701,479,14,384,877
181681702,268,16,367,651
181681703,396,12,301,709
181681704,402,7,233,642
181681705,239,10,219,468
181681706,187,7,279,473
181681707,359,15,405,779
181681708,501,16,476,993
181681709,410,6,368,784
181681710,482,14,384,880
181681711,286,10,179,475
181681712,531,12,443,986
181681713,392,17,294,703
181681714,393,11,237,641
181750101,271,3,298,572
181750102,213,27,263,503
181750103,289,6,252,547
181750104,328,17,391,736
181750105,341,27,485,853
181750106,344,22,388,754
181750107,430,11,369,810
181750108,89,9,87,185
181750201,24,0,11,35
181750202,22,1,18,41
181750203,14,0,15,29
181750204,31,0,44,75
181750301,15,0,22,37
181750302,25,3,24,52
181750303,49,1,40,90
181750401,41,0,34,75
181750402,34,0,78,112
181750403,74,1,75,150
181750501,82,2,152,236
181750502,8,0,8,16
181750503,40,0,21,61
181750601,47,1,90,138
181750602,25,0,72,97
181750603,12,0,1,13
181750604,3,0,9,12
181750605,15,1,25,41
181750701,15,0,3,18
181750702,15,0,5,20
181750801,10,0,5,15
181750802,21,0,0,21
220070101,508,17,539,1064
220070102,651,9,609,1269
220070103,431,8,382,821
220070104,248,13,304,565
220070201,104,0,66,170
220070202,51,0,15,66
220070203,40,2,59,101
220070204,78,7,180,265
220070205,71,0,18,89
220070206,95,0,72,167
220070207,137,6,65,208
220070208,533,42,512,1087
220070209,178,2,181,361
220070301,47,0,35,82
220070302,88,0,34,122
220070303,42,0,37,79
220070304,144,0,70,214
220070401,71,1,24,96
220070402,34,0,24,58
220070403,34,0,10,44
220070404,48,1,14,63
220070501,150,1,99,250
220070502,208,4,313,525
220070503,229,11,191,431
220070504,73,0,58,131
220070505,81,1,62,144
220070506,373,8,305,686
220070507,271,10,228,509
220070508,527,8,352,887
220070509,357,9,475,841
220070601,189,5,45,239
220070602,135,0,95,230
220070603,185,3,154,342
220070604,68,2,84,154
220070701,363,15,238,616
220070702,472,5,320,797
220070703,222,1,140,363
220070704,323,11,188,522
220070705,592,10,423,1025
220070706,447,10,283,740
220070707,416,12,219,647
220070708,617,11,406,1034
220070801,150,1,56,207
220070802,114,0,46,160
220070803,86,1,88,175
220070804,97,1,28,126
220070805,53,0,1,54
220070806,52,2,16,70
220070807,268,1,328,597
220070901,413,3,311,727
220070902,294,5,302,601
220070903,91,3,129,223
220070904,243,10,279,532
220070905,317,14,479,810
220140101,7,1,7,15
220140102,89,2,114,205
220140103,189,11,248,448
220140201,7,0,2,9
220140202,19,0,21,40
220140203,28,1,16,45
220140301,22,0,0,22
220140302,5,0,0,5
220140303,14,0,4,18
220140304,6,0,3,9
220140305,37,5,31,73
220140306,29,0,24,53
220140307,314,20,317,651
220140308,317,13,241,571
220140401,343,8,386,737
220140402,252,5,237,494
220140403,99,6,55,160
220140404,96,3,56,155
220140405,337,51,504,892
220140406,114,2,118,234
220140407,92,1,94,187
220140408,356,11,291,658
220140409,190,9,227,426
220140410,373,5,387,765
220140411,275,15,240,530
220140412,407,16,434,857
220140501,351,14,362,727
220140502,493,9,446,948
220140503,420,9,293,722
220140504,422,13,351,786
220140505,206,3,214,423
220140601,443,15,366,824
220140602,240,2,289,531
220140603,301,4,290,595
220140604,480,32,587,1099
220140605,187,2,192,381
220140701,53,1,16,70
220140702,72,3,218,293
220140703,58,3,54,115
220140704,366,17,220,603
220140705,279,17,257,553
220140801,82,19,90,191
220140802,56,2,113,171
220140803,72,2,154,228
220140804,24,3,27,54
220140805,80,1,152,233
220140901,20,0,5,25
220140902,31,0,34,65
220210101,49,1,40,90
220210102,43,2,73,118
220210201,70,1,44,115
220210202,21,0,53,74
220210301,17,0,29,46
220210302,79,0,76,155
220210303,40,0,47,87
220210401,85,0,94,179
220210402,12,1,7,20
220210403,256,9,170,435
220210501,67,1,54,122
220210502,144,7,144,295
220210503,213,7,218,438
220210504,374,12,163,549
220210505,344,24,278,646
220210506,352,21,215,588
220210507,485,35,289,809
220210508,530,26,248,804
220210601,223,6,129,358
220210602,44,0,88,132
220210603,137,0,105,242
220210604,187,7,117,311
220210605,331,21,307,659
220210606,258,12,155,425
220210607,372,15,216,603
220210608,443,23,351,817
220210701,471,50,317,838
220210702,316,10,166,492
220210703,209,28,138,375
220210704,921,70,558,1549
220210705,377,16,193,586
220210706,288,6,169,463
220210707,295,5,218,518
220210708,495,25,286,806
220210709,527,16,280,823
220210710,343,8,232,583
220210711,301,20,182,503
220210712,233,5,116,354
220210713,477,19,282,778
220210714,350,17,219,586
220210715,330,17,225,572
220210716,209,2,161,372
220210717,203,5,118,326
220210718,387,33,178,598
220210719,637,54,358,1049
220210720,293,23,135,451
220210721,437,22,216,675
220210722,184,5,104,293
220210723,260,24,138,422
220210801,586,26,410,1022
220210802,505,37,272,814
220210803,476,35,325,836
220210804,483,24,245,752
220210805,260,6,66,332
220210806,459,33,250,742
220210807,329,9,229,567
220210808,530,22,330,882
220210809,349,49,323,721
220210810,296,6,179,481
220210811,367,18,328,713
220210812,332,27,281,640
220210813,383,19,246,648
220210814,513,21,328,862
220210815,516,7,129,652
220210816,311,26,248,585
220210901,15,0,38,53
220210902,64,2,37,103
220210903,67,1,59,127
220211001,36,0,63,99
220211002,96,0,28,124
220211003,43,0,46,89
220211101,51,1,86,138
220211102,20,1,25,46
220211103,56,0,56,112
220211201,47,0,47,94
220211202,113,2,74,189
220211301,41,0,55,96
220211302,63,1,60,124
220211401,39,0,46,85
220211402,49,0,35,84
220211501,269,5,178,452
220211502,276,15,142,433
220211503,235,2,131,368
220211504,453,21,279,753
220211505,430,36,242,708
220211506,1221,60,616,1897
220211507,329,19,230,578
220211508,617,27,444,1088
220211509,392,26,346,764
220211510,501,26,309,836
220211511,692,31,379,1102
220211512,388,15,286,689
220211513,183,3,86,272
220211601,555,21,274,850
220211602,387,11,301,699
220211603,180,1,149,330
220211604,288,14,244,546
220211605,595,14,412,1021
220211606,261,6,174,441
220211607,247,4,294,545
220211608,366,17,250,633
220211609,303,13,244,560
220211610,439,27,347,813
220211611,631,22,282,935
220211612,293,22,244,559
220211613,374,8,283,665
220211614,373,11,300,684
220211615,368,24,237,629
220211616,240,22,319,581
220211617,315,20,250,585
220211618,463,35,302,800
220211701,330,5,109,444
220211702,207,4,133,344
220211703,335,18,232,585
220211704,180,8,123,311
220211705,304,11,155,470
220211706,409,14,254,677
220211707,472,47,297,816
220211708,391,8,155,554
220211709,580,11,344,935
220211710,487,22,309,818
220211711,334,15,219,568
220211712,519,29,287,835
220211713,417,13,313,743
220211714,548,43,317,908
220211715,260,16,174,450
220211716,356,9,311,676
220211717,326,17,240,583
220211718,426,36,237,699
220280101,416,14,347,777
220280102,617,39,541,1197
220280103,337,12,332,681
220280104,446,20,300,766
220280105,563,16,413,992
220280106,506,15,323,844
220280107,370,4,292,666
220280108,336,12,209,557
220280109,447,21,312,780
220280110,452,29,314,795
220280111,227,3,181,411
220280112,367,12,246,625
220280113,468,25,481,974
220280114,509,13,277,799
220280115,574,13,361,948
220280116,533,38,446,1017
220280117,567,23,335,925
220280118,459,19,384,862
220280201,195,1,280,476
220280202,82,1,103,186
220280203,283,2,175,460
220280301,268,19,173,460
220280302,158,0,196,354
220280303,65,1,45,111
220280304,52,0,109,161
220280305,75,0,87,162
220280306,324,18,179,521
220280307,429,14,185,628
220280308,381,11,221,613
220280309,570,26,335,931
220280310,465,24,305,794
220280311,485,30,390,905
220280401,80,1,19,100
220280402,47,1,32,80
220280403,56,0,39,95
220280501,82,6,218,306
220280502,9,2,33,44
220280503,32,1,62,95
220360101,350,13,339,702
220360102,379,12,392,783
220360103,138,3,126,267
220360104,196,14,249,459
220360105,416,33,362,811
220360106,487,19,459,965
220360107,275,4,256,535
220360108,354,25,332,711
220360109,209,28,200,437
220360110,400,14,388,802
220360111,307,20,248,575
220360112,378,12,347,737
220360113,347,23,438,808
220360114,304,23,320,647
220360201,74,1,74,149
220360202,90,3,138,231
220360203,66,1,130,197
220360204,17,0,42,59
220360301,3,0,0,3
220360302,244,7,194,445
220360303,47,0,57,104
220360304,124,7,311,442
220360305,126,3,45,174
220360401,40,1,31,72
220360402,38,0,18,56
220360403,96,4,122,222
220360404,23,1,45,69
220360405,161,4,137,302
220360406,24,1,44,69
220360501,23,0,11,34
220360502,50,0,29,79
220360601,54,2,27,83
220360602,35,0,16,51
220360603,220,6,89,315
220360604,60,0,5,65
220360701,77,0,14,91
220360702,22,0,20,42
220360801,22,0,0,22
220360802,5,0,0,5
220360803,7,2,4,13
220360804,13,0,0,13
220360805,2,0,2,4
220360901,609,21,501,1131
220360902,189,2,181,372
220360903,4,1,3,8
220360904,31,1,41,73
220360905,32,0,17,49
220360906,282,18,213,513
220360907,436,21,394,851
220390101,127,39,126,292
220390102,47,8,76,131
220390103,22,0,7,29
220390104,8,2,17,27
220390105,153,16,150,319
220390106,326,47,421,794
220390107,279,12,229,520
220390108,267,2,307,576
220390109,429,28,340,797
220390110,302,6,220,528
220390111,271,14,228,513
220390201,42,2,47,91
220390202,46,5,36,87
220390203,39,0,37,76
220390204,101,0,20,121
220390301,24,0,38,62
220390302,10,0,2,12
220390303,46,6,59,111
220390304,36,0,60,96
220390305,157,1,74,232
220430101,349,7,259,615
220430102,269,11,182,462
220430103,360,23,493,876
220430104,300,35,366,701
220430105,353,14,248,615
220430106,322,6,338,666
220430201,191,4,175,370
220430202,99,3,99,201
220430203,61,11,203,275
220430204,51,0,70,121
220430205,409,45,456,910
220430301,0,14,21,35
220430302,103,52,226,381
220430303,72,97,231,400
220430304,187,50,235,472
220430305,325,53,324,702
220430401,22,2,17,41
220430402,94,0,126,220
220430403,41,2,55,98
220430501,41,3,29,73
220430502,62,43,35,140
220430503,14,0,32,46
220490101,338,24,286,648
220490102,308,8,456,772
220490103,322,20,464,806
220490104,309,11,374,694
220490201,26,0,21,47
220490202,29,1,19,49
220490203,8,0,1,9
220490301,50,4,60,114
220490302,51,0,74,125
220490303,66,2,42,110
220490304,651,32,530,1213
220490305,32,3,21,56
220490306,25,1,35,61
220490307,261,13,217,491
220490308,145,16,163,324
220490309,378,12,369,759
220490310,208,3,200,411
220490311,537,17,521,1075
220490401,51,3,26,80
220490402,13,0,17,30
220490403,52,0,59,111
220560101,457,34,527,1018
220560102,568,29,600,1197
220560201,415,29,440,884
220560202,36,0,30,66
220560203,60,0,40,100
220560204,2,0,7,9
220560301,100,0,32,132
220560302,75,1,71,147
220560303,94,5,135,234
220560304,71,0,76,147
220560305,347,5,277,629
220560306,362,10,318,690
220560307,17,0,26,43
220560308,15,0,14,29
220560309,278,28,329,635
220560310,371,11,349,731
220560311,463,11,432,906
220560312,126,2,137,265
220560313,611,14,417,1042
220560314,388,22,441,851
220560401,16,0,16,32
220560402,19,1,9,29
220630101,334,24,313,671
220630102,362,15,305,682
220630103,303,7,192,502
220630104,354,8,197,559
220630105,325,13,239,577
220630106,310,16,298,624
220630107,454,7,275,736
220630108,370,20,340,730
220630109,331,13,181,525
220630202,380,16,502,898
220630203,433,4,339,776
220630204,29,0,332,361
220630205,25,1,21,47
220630206,98,0,141,239
220630207,55,7,95,157
220630208,224,11,476,711
220630209,117,40,116,273
220630210,253,7,344,604
220630211,113,2,76,191
220630212,202,5,340,547
220630213,75,0,144,219
220630214,468,20,439,927
220630215,297,59,274,630
220630216,105,2,76,183
220630301,275,15,273,563
220630302,237,9,285,531
220630303,138,8,121,267
220630304,89,2,435,526
220630305,134,0,482,616
220630306,177,4,491,672
220630307,144,1,202,347
220630308,161,8,158,327
220630309,447,50,558,1055
220630310,420,34,627,1081
220630311,553,23,429,1005
220630401,295,10,617,922
220630402,81,1,21,103
220630403,119,2,61,182
220630404,411,20,411,842
220630501,99,0,99,198
220630502,45,4,112,161
220630503,167,38,254,459
220630504,150,8,120,278
220630505,290,14,255,559
220630506,162,5,307,474
220630507,159,9,290,458
220630508,536,27,579,1142
220630509,613,9,432,1054
220630601,13,5,33,51
220630602,119,5,598,722
220630603,171,9,377,557
220630604,5,0,2,7
220630605,331,27,449,807
220630701,178,9,165,352
220630702,754,32,371,1157
220630703,125,0,233,358
220630704,18,7,7,32
220630705,622,20,504,1146
220630801,461,40,716,1217
220630814,347,8,202,557
220630816,441,50,434,925
220630817,482,29,360,871
220630818,218,16,169,403
220630824,276,13,268,557
220630825,225,12,187,424
220630826,193,5,115,313
220630827,218,12,152,382
220630915,426,33,440,899
220630919,421,42,488,951
220630920,528,22,422,972
220630921,507,15,457,979
220630922,221,8,171,400
220630923,283,11,279,573
220630928,230,20,188,438
220630929,196,3,232,431
220630930,214,9,274,497
220630931,381,13,296,690
220630932,271,16,304,591
220700101,362,3,368,733
220700102,298,15,333,646
220700103,432,23,505,960
220700104,448,16,560,1024
220700105,307,10,327,644
220700201,54,1,71,126
220700202,446,33,437,916
220700203,54,0,18,72
220700204,30,1,37,68
220700205,194,6,199,399
220700206,496,20,532,1048
220700301,387,11,414,812
220700302,84,4,67,155
220700303,62,22,55,139
220700304,90,0,55,145
220700305,61,0,84,145
220700306,89,2,108,199
220700307,451,35,510,996
220700308,315,9,361,685
220700309,272,10,308,590
220700310,145,13,187,345
220700311,275,10,233,518
220700401,337,15,435,787
220700402,63,3,103,169
220700403,100,3,87,190
220700404,41,1,31,73
220700405,74,4,108,186
220700406,418,8,459,885
220700501,75,1,111,187
220700502,34,1,44,79
220700503,24,0,11,35
220700504,11,0,16,27
220700601,102,0,57,159
220700602,59,0,42,101
220700603,88,2,107,197
220770101,446,10,364,820
220770102,219,9,226,454
220770103,590,41,498,1129
220770104,363,21,315,699
220770105,338,56,320,714
220770106,297,41,255,593
220770107,459,29,375,863
220770201,78,5,93,176
220770202,323,16,253,592
220770203,51,0,69,120
220770204,31,0,29,60
220770205,37,2,39,78
220770206,156,0,107,263
220770207,50,2,35,87
220770208,108,4,79,191
220770301,106,3,75,184
220770302,489,34,251,774
220770303,213,21,205,439
220770304,122,27,120,269
220770305,53,4,27,84
220770306,13,0,13,26
220770307,39,0,28,67
220770308,20,0,9,29
220770401,8,1,7,16
220770402,18,0,10,28
220770403,16,1,12,29
220840101,669,20,536,1225
220840102,266,7,339,612
220840103,420,10,342,772
220840104,399,13,266,678
220840105,318,47,667,1032
220840201,12,0,34,46
220840202,70,8,230,308
220840203,279,28,411,718
220840204,138,28,261,427
220840205,622,225,855,1702
220840206,126,4,279,409
220840207,55,15,150,220
220840208,304,2,248,554
220840209,389,31,506,926
220840301,19,1,11,31
220840302,18,0,48,66
220840303,90,2,193,285
220840401,121,3,132,256
220840402,132,1,112,245
220840403,51,7,51,109
220840404,54,0,45,99
220840501,279,22,370,671
220840502,314,14,404,732
220840503,247,7,448,702
220840504,277,8,461,746
220840601,403,6,401,810
220840602,35,3,41,79
220840603,50,0,101,151
220840604,83,4,169,256
220840605,176,8,361,545
220840606,26,0,20,46
220840607,7,0,3,10
220840701,143,5,191,339
220840702,15,0,10,25
220840703,30,0,15,45
220840704,15,0,31,46
220840705,32,0,22,54
220840706,41,0,68,109
220840707,68,0,103,171
220840801,190,1,179,370
220840802,79,3,97,179
220840803,137,3,124,264
220840804,287,5,334,626
220840805,128,5,198,331
220840901,31,0,4,35
220840902,20,0,5,25
220840903,57,0,117,174
220840904,45,0,70,115
220841001,122,4,96,222
220841002,319,10,390,719
220841003,20,0,9,29
220841004,174,6,176,356
220841005,283,7,492,782
220841006,148,0,267,415
220841101,487,25,423,935
220841102,248,5,161,414
220841103,164,4,176,344
220841104,338,15,379,732
220841105,326,5,397,728
220841106,342,22,327,691
220841107,302,14,226,542
220841108,343,20,297,660
220841109,207,9,185,401
220841110,598,24,435,1057
220841111,335,22,367,724
220841112,348,7,364,719
220841201,604,29,452,1085
220841202,414,7,402,823
220841203,293,17,245,555
220841204,407,8,319,734
220841205,340,9,182,531
220841206,302,5,176,483
220841207,397,23,325,745
220841208,236,12,258,506
220841209,260,11,307,578
220841210,341,21,387,749
220841211,428,31,498,957
220841212,403,6,299,708
220841213,349,10,304,663
220841214,302,14,364,680
220841215,330,14,241,585
220841216,547,15,442,1004
220841217,257,11,221,489
220910101,472,17,412,901
220910102,355,4,264,623
220910103,522,30,435,987
220910104,350,4,296,650
220910105,345,6,235,586
220910201,65,1,59,125
220910202,111,5,133,249
220910203,93,0,139,232
220910204,120,1,104,225
220910301,130,0,196,326
220910302,145,0,277,422
220910303,214,8,379,601
220910304,61,1,91,153
220910401,118,2,141,261
220910402,160,2,192,354
220910403,123,27,240,390
220910404,73,0,97,170
220910501,658,37,556,1251
220910502,336,14,366,716
220910503,89,0,174,263
220910504,125,0,157,282
220910505,87,0,85,172
220910506,121,3,181,305
220910507,394,34,338,766
220910508,573,20,594,1187
220910509,443,25,527,995
220910510,341,16,530,887
220910511,247,19,287,553
220910512,361,25,366,752
220910513,394,16,333,743
220910601,57,0,55,112
220910602,152,4,152,308
220910701,70,3,39,112
220910702,40,0,87,127
220910703,131,5,181,317
220910704,127,12,130,269
220980101,448,29,278,755
220980102,172,32,223,427
220980103,775,44,490,1309
220980104,426,19,382,827
220980105,394,19,338,751
220980106,371,10,283,664
220980107,390,13,301,704
220980108,331,11,201,543
220980109,323,11,257,591
220980110,400,21,380,801
220980111,487,23,409,919
220980112,240,6,127,373
220980113,171,0,96,267
220980114,165,5,91,261
220980115,220,2,138,360
220980116,193,10,152,355
220980117,230,17,209,456
220980118,222,16,211,449
220980119,456,12,405,873
220980120,388,14,289,691
220980121,496,36,374,906
220980122,370,14,224,608
220980123,408,14,222,644
220980201,85,0,50,135
220980202,176,6,154,336
220980203,16,0,18,34
220980204,33,0,31,64
220980205,59,4,57,120
220980206,48,1,47,96
220980207,129,6,62,197
220980208,61,0,53,114
220980209,75,1,97,173
220980210,27,1,29,57
220980211,73,2,103,178
220980212,82,1,45,128
220980213,73,0,70,143
220980214,317,11,230,558
220980301,206,17,158,381
220980302,352,23,321,696
220980303,359,10,344,713
220980304,276,8,204,488
220980305,321,20,288,629
220980306,268,4,291,563
220980307,288,37,272,597
220980401,324,12,248,584
220980402,47,3,49,99
220980403,48,1,38,87
220980404,48,0,11,59
220980405,34,11,17,62
220980406,336,32,425,793
220980407,138,4,124,266
220980408,440,18,328,786
220980501,78,0,93,171
220980502,86,1,34,121
220980503,78,0,23,101
220980601,153,42,162,357
220980602,68,4,74,146
220980603,77,0,70,147
220980604,15,0,14,29
220980605,47,2,62,111
220980701,565,38,491,1094
220980702,566,22,510,1098
220980703,262,7,227,496
220980704,249,15,217,481
220980705,258,12,139,409
220980706,409,11,324,744
220980707,670,19,518,1207
220980708,596,40,507,1143
220980709,536,22,336,894
220980710,373,12,271,656
220980711,85,2,111,198
220980712,200,13,230,443
220980713,192,3,212,407
220980714,299,14,276,589
220980715,588,28,476,1092
220980716,30,1,31,62
220980717,413,23,381,817
220980718,774,20,694,1488
220980719,148,7,121,276
220980720,391,26,338,755
221050101,284,12,205,501
221050102,352,9,205,566
221050103,242,8,208,458
221050104,230,6,173,409
221050105,192,7,202,401
221050106,353,6,291,650
221050107,473,19,300,792
221050108,498,14,437,949
221050109,416,19,359,794
221050110,258,14,219,491
221050111,309,12,200,521
221050112,344,12,265,621
221050113,225,15,207,447
221050114,376,18,294,688
221050115,276,9,178,463
221050201,151,2,150,303
221050202,72,74,99,245
221050203,208,1,240,449
221050204,17,95,34,146
221050205,143,4,114,261
221050301,831,35,614,1480
221050302,43,1,38,82
221050303,475,31,574,1080
221050304,120,4,143,267
221050305,76,3,125,204
221050306,152,4,283,439
221050307,92,0,89,181
221050308,44,1,66,111
221050309,97,2,77,176
221050310,142,0,133,275
221050311,703,16,393,1112
221050312,604,30,528,1162
221050313,24,1,18,43
221050314,469,20,378,867
221050315,457,53,343,853
221050316,491,19,261,771
221050317,428,19,266,713
221050401,32,1,24,57
221050402,43,1,16,60
221050403,70,0,100,170
221050404,109,4,180,293
221050405,78,0,51,129
221120101,517,26,397,940
221120102,380,21,259,660
221120103,485,22,619,1126
221120104,482,15,510,1007
221120105,503,14,577,1094
221120106,610,30,589,1229
221120201,0,0,0,0
221120202,78,4,32,114
221120203,20,0,29,49
221120301,264,16,343,623
221120302,534,32,573,1139
221120303,45,2,37,84
221120304,20,1,35,56
221120305,44,2,40,86
221120306,170,5,284,459
221120401,248,3,262,513
221120402,165,16,325,506
221120403,75,1,207,283
221120404,145,3,232,380
221120405,29,0,61,90
221120406,40,0,63,103
221120407,426,22,483,931
221120408,54,0,41,95
221120501,22,0,23,45
221120502,21,1,34,56
221120503,34,0,9,43
221120504,28,0,56,84
221120505,62,2,50,114
221120601,19,0,6,25
221120602,37,0,37,74
221120603,42,0,51,93
221120701,47,5,47,99
221120702,29,2,46,77
221120801,86,0,80,166
221120802,62,3,83,148
221120803,89,3,125,217
221120901,40,1,35,76
221120902,27,1,29,57
221120903,53,5,34,92
221121001,92,4,97,193
221121002,62,0,51,113
221121003,19,0,10,29
221190101,366,8,173,547
221190102,338,11,432,781
221190103,480,14,422,916
221190104,488,24,517,1029
221190105,301,11,306,618
221190106,558,10,345,913
221190107,414,22,433,869
221190108,336,22,387,745
221190201,220,17,200,437
221190202,219,9,264,492
221190203,105,0,136,241
221190204,103,2,126,231
221190205,183,6,237,426
221190206,64,5,78,147
221190207,14,0,40,54
221190208,47,1,41,89
221190301,48,0,47,95
221190302,14,0,11,25
221190303,34,0,10,44
221260101,394,9,382,785
221260102,234,14,252,500
221260103,179,6,205,390
221260104,314,11,323,648
221260105,271,13,245,529
221260201,31,0,25,56
221260202,163,1,90,254
221260203,60,1,57,118
221260204,76,0,48,124
221260301,302,23,293,618
221260302,81,0,51,132
221260303,112,2,128,242
221260304,263,7,193,463
221260305,326,15,277,618
221260306,34,3,22,59
221260307,25,0,9,34
221260308,15,5,24,44
221260309,15,0,8,23
221260310,17,0,29,46
221260311,74,2,48,124
221260312,335,7,201,543
221260313,257,4,185,446
221260314,357,29,311,697
221260315,16,1,8,25
221330101,335,11,258,604
221330102,431,14,331,776
221330103,446,8,468,922
221330104,445,17,377,839
221330105,199,3,193,395
221330106,426,34,378,838
221330107,253,3,155,411
221330108,566,12,642,1220
221330109,459,25,539,1023
221330110,235,15,246,496
221330111,432,5,360,797
221330112,286,25,288,599
221330113,206,15,223,444
221330114,400,144,431,975
221330115,436,19,515,970
221330116,213,6,232,451
221330117,211,3,176,390
221330118,333,16,281,630
221330119,374,26,349,749
221330120,334,10,321,665
221330201,46,0,88,134
221330202,128,3,167,298
221330203,126,0,208,334
221330204,30,0,42,72
221330205,98,0,136,234
221330206,92,4,136,232
221330207,189,21,386,596
221330208,59,0,93,152
221330301,115,1,115,231
221330302,89,2,194,285
221330303,72,1,100,173
221330304,98,2,79,179
221330305,83,2,78,163
221330306,53,0,58,111
221330307,48,0,60,108
221330308,61,3,111,175
221330309,79,1,200,280
221330401,115,1,141,257
221330402,68,1,105,174
221330403,53,0,54,107
221330404,76,0,77,153
221330405,100,0,119,219
221330406,65,1,31,97
221330407,6,0,4,10
221330408,69,0,75,144
221330409,7,0,4,11
221330410,10,0,6,16
221330411,156,1,112,269
221330412,534,19,472,1025
221330413,457,15,355,827
221330414,298,8,263,569
221330415,124,10,206,340
221330501,47,1,65,113
221330502,308,11,472,791
221330503,60,0,86,146
221330504,41,1,28,70
221330505,41,2,109,152
221330506,19,0,11,30
221330507,32,0,14,46
221330508,24,3,23,50
221400101,205,28,145,378
221400102,648,39,430,1117
221400103,304,9,111,424
221400104,451,13,312,776
221400105,360,15,200,575
221400106,505,57,315,877
221400107,549,37,318,904
221400108,227,8,78,313
221400109,514,36,285,835
221400110,291,23,238,552
221400111,613,31,381,1025
221400112,402,21,300,723
221400113,416,19,218,653
221400114,192,8,78,278
221400115,354,11,221,586
221400116,315,11,251,577
221400117,463,16,195,674
221400118,378,23,149,550
221400201,423,12,175,610
221400202,392,20,209,621
221400203,473,16,292,781
221400204,594,62,323,979
221400205,341,25,208,574
221400206,649,22,272,943
221400207,560,20,334,914
221400208,584,35,279,898
221400209,359,23,226,608
221400210,555,33,359,947
221400211,435,41,215,691
221400301,329,9,182,520
221400302,320,8,151,479
221400303,424,16,196,636
221400304,364,15,149,528
221400305,411,12,183,606
221400306,319,16,178,513
221400307,330,5,180,515
221400308,419,8,189,616
221400309,412,33,247,692
221400310,338,36,176,550
221400311,416,18,233,667
221400312,592,50,358,1000
221400313,635,55,392,1082
221400401,178,6,69,253
221400402,267,7,141,415
221400403,318,7,144,469
221400404,368,18,161,547
221400405,402,9,219,630
221400406,317,17,174,508
221400407,370,14,188,572
221400408,291,12,153,456
221400409,426,16,278,720
221400410,384,38,165,587
221400411,465,44,292,801
221400412,493,26,284,803
221400413,261,10,112,383
221400414,442,22,277,741
221400415,251,13,118,382
221400416,335,18,143,496
221400417,112,3,56,171
221400418,261,14,117,392
221400501,336,32,210,578
221400502,352,23,182,557
221400503,342,22,183,547
221400504,367,15,204,586
221400505,664,62,376,1102
221400506,454,26,228,708
221400507,442,30,268,740
221400508,566,38,329,933
221400509,341,25,210,576
221400510,426,29,203,658
221400511,348,22,284,654
221400512,533,21,252,806
221400513,528,41,294,863
221400514,409,23,218,650
221400601,644,27,369,1040
221400602,457,12,145,614
221400603,472,23,227,722
221400604,376,22,209,607
221400605,533,28,307,868
221400606,682,62,356,1100
221400607,384,16,185,585
221400608,802,76,394,1272
221400609,712,56,407,1175
221400610,638,85,321,1044
221400611,528,28,252,808
221400612,294,22,169,485
221400701,345,16,280,641
221400702,478,23,349,850
221400703,449,32,294,775
221400704,399,15,217,631
221400705,402,28,227,657
221400706,569,23,324,916
221400707,310,27,215,552
221400708,436,44,276,756
221400709,364,26,241,631
221400710,435,17,226,678
221400711,376,18,218,612
221400712,328,22,182,532
221400713,286,9,153,448
221400714,563,22,284,869
221400715,345,26,139,510
221400716,472,31,277,780
221400717,280,31,149,460
221400718,515,50,295,860
221400719,407,42,221,670
221400720,373,17,221,611
221400721,393,24,295,712
221400722,22,0,0,22
221400723,381,47,332,760
221400724,508,74,381,963
221400725,401,34,249,684
221400726,474,21,241,736
221400727,504,58,339,901
221400728,337,6,235,578
221400729,247,14,151,412
221400801,324,7,164,495
221400802,332,19,225,576
221400803,341,25,207,573
221400804,176,7,99,282
221400805,307,17,165,489
221400806,264,16,166,446
221400807,371,15,192,578
221400808,383,25,254,662
221400809,163,17,116,296
221400810,408,28,318,754
221400811,435,28,242,705
221400812,179,16,166,361
221400813,328,18,201,547
221400814,437,27,222,686
221400815,334,18,204,556
221400816,179,13,103,295
221400817,242,11,127,380
221400818,147,6,102,255
221400901,342,14,153,509
221400902,716,52,360,1128
221400903,437,92,336,865
221400904,506,26,344,876
221400905,389,33,254,676
221400906,567,55,319,941
221400907,438,37,254,729
221400908,431,24,291,746
221400909,419,39,318,776
221400910,578,38,401,1017
221400911,415,41,194,650
221400912,275,23,245,543
221400913,603,58,303,964
221400914,633,57,299,989
221400915,602,51,324,977
221400916,425,49,253,727
221400917,394,39,254,687
221400918,381,35,268,684
221401001,530,33,292,855
221401002,314,20,190,524
221401003,436,28,358,822
221401004,663,22,329,1014
221401005,540,34,214,788
221401006,537,39,400,976
221401007,571,33,306,910
221401008,431,33,196,660
221401009,604,56,412,1072
221401010,477,21,190,688
221401011,458,31,214,703
221401012,383,33,237,653
221401013,387,14,228,629
221401014,493,29,191,713
221401015,402,28,244,674
221401017,455,48,216,719
221401018,396,27,203,626
221401019,325,23,226,574
221401020,451,53,328,832
221401021,308,33,157,498
221401022,353,26,180,559
221401101,350,9,138,497
221401102,337,24,216,577
221401103,366,11,203,580
221401104,605,31,368,1004
221401105,394,10,152,556
221401106,362,22,188,572
221401107,335,21,211,567
221401108,305,18,163,486
221401109,303,12,154,469
221401110,315,22,184,521
221401111,475,29,319,823
221401112,399,14,170,583
221401113,273,26,154,453
221401114,353,23,155,531
221401115,306,18,198,522
221401201,225,6,149,380
221401202,295,6,143,444
221401203,293,12,156,461
221401204,356,16,142,514
221401205,300,13,186,499
221401206,355,29,206,590
221401207,336,13,239,588
221401208,492,19,272,783
221401209,265,10,155,430
221401210,548,22,265,835
221401211,617,28,265,910
221401212,288,20,198,506
221401213,689,34,251,974
221401214,358,21,210,589
221401215,723,42,413,1178
221401216,191,11,119,321
221401217,666,24,273,963
221401301,311,15,190,516
221401302,429,14,182,625
221401303,400,18,185,603
221401304,346,16,294,656
221401305,393,31,318,742
221401306,299,35,180,514
221401307,391,41,276,708
221401308,607,64,384,1055
221401309,252,18,156,426
221401310,296,15,179,490
221401311,365,27,233,625
221401312,298,18,205,521
221401313,432,56,247,735
221401314,345,33,193,571
221401315,75,9,59,143
221401401,190,40,192,422
221401402,350,24,192,566
221401403,479,32,290,801
221401404,491,19,232,742
221401405,354,29,197,580
221401406,608,63,292,963
221401407,403,20,218,641
221401408,396,27,201,624
221401409,327,28,171,526
221401410,320,21,145,486
221401411,410,27,256,693
221401412,185,8,90,283
221401413,280,17,175,472
221401501,455,17,321,793
221401502,392,18,261,671
221401503,387,32,285,704
221401504,420,32,264,716
221401505,305,15,193,513
221401506,553,37,405,995
221401507,452,52,327,831
221401508,425,29,256,710
221401509,293,29,172,494
221401510,573,51,323,947
221401601,413,36,229,678
221401602,176,3,110,289
221401603,353,20,219,592
221401604,561,25,308,894
221401605,472,49,240,761
221401606,590,23,198,811
221401607,314,6,182,502
221401608,275,20,225,520
221401609,679,46,281,1006
221401610,501,45,213,759
221401611,183,11,109,303
221401612,323,26,198,547
221401613,245,22,150,417
221401614,239,28,111,378
221401615,348,17,184,549
221401616,468,38,254,760
221401617,353,35,239,627
221401618,480,40,339,859
221401619,418,42,262,722
221401620,377,42,262,681
221401621,504,26,206,736
221401622,100,6,25,131
221401623,126,1,107,234
221401624,109,8,43,160
221401625,287,22,141,450
221401701,194,19,179,392
221401702,379,31,333,743
221401703,583,41,408,1032
221401704,397,18,309,724
221401705,455,36,403,894
221401706,528,50,471,1049
221401707,412,28,257,697
221401708,275,27,306,608
221401709,302,11,204,517
221401710,319,26,251,596
221401801,330,31,269,630
221401802,454,21,434,909
221401803,321,82,295,698
221401804,365,30,334,729
221401805,348,36,216,600
221401806,408,27,432,867
221401807,604,24,278,906
221401808,427,16,301,744
221401809,398,31,251,680
221401810,372,34,341,747
221401811,384,25,262,671
221401812,357,18,193,568
221401813,381,44,221,646
221401814,459,24,180,663
221401815,354,13,225,592
221401816,642,49,537,1228
221401817,285,20,129,434
221401818,16,0,1,17
221401819,451,38,216,705
221401820,383,15,284,682
221401821,258,36,242,536
221401901,583,49,446,1078
221401902,117,6,91,214
221401903,329,26,204,559
221401904,558,29,398,985
221401905,232,27,171,430
221401906,388,17,222,627
221401907,531,47,343,921
221401908,263,36,208,507
221401909,353,28,221,602
221401910,272,15,154,441
221401911,363,5,194,562
221401912,324,40,270,634
221401913,279,47,279,605
221401914,281,28,147,456
221401915,289,24,235,548
221401916,334,17,240,591
221402001,412,21,193,626
221402002,475,38,337,850
221402003,310,31,176,517
221402004,455,24,302,781
221402005,542,27,507,1076
221402006,379,42,476,897
221402007,403,30,297,730
221402008,362,17,293,672
221402009,353,7,418,778
221402010,302,23,237,562
221402011,349,8,172,529
221402101,452,25,452,929
221402102,382,7,353,742
221402103,321,40,333,694
221402104,194,11,146,351
221402105,643,29,378,1050
221402106,720,40,559,1319
221402107,90,4,86,180
221402108,344,45,272,661
221402109,69,2,43,114
221402201,39,0,18,57
221402202,64,0,8,72
221402203,86,2,54,142
221402204,20,0,14,34
221402205,77,3,22,102
221402206,49,0,43,92
221402301,8,0,5,13
221402302,2,0,2,4
221402303,32,0,9,41
221402304,197,2,66,265
221402305,30,1,13,44
221402401,248,6,209,463
221402402,9,1,13,23
221402403,28,1,35,64
221402404,301,7,330,638
221402405,54,1,79,134
221402406,51,26,144,221
221402407,2,0,0,2
221402408,7,0,8,15
221402409,42,0,116,158
221402410,86,5,134,225
221402411,227,25,245,497
221402501,500,59,359,918
221402502,450,36,235,721
221402503,777,53,270,1100
221402504,687,26,265,978
221402505,943,36,393,1372
221402506,342,15,120,477
221402507,101,0,87,188
221402508,551,47,229,827
221402509,434,18,260,712
221402510,576,13,247,836
221402511,685,56,426,1167
221402512,537,54,275,866
221402513,249,16,141,406
221402514,129,6,54,189
221402515,234,8,60,302
221402516,229,10,206,445
221402517,181,15,84,280
221402518,456,29,114,599
221402601,243,37,296,576
221402602,484,37,246,767
221402603,538,39,376,953
221402604,391,22,332,745
221402605,426,36,262,724
221402606,434,23,272,729
221402607,467,59,345,871
221402608,540,31,389,960
221402609,193,25,192,410
221402701,571,34,272,877
221402702,556,38,314,908
221402703,398,33,287,718
221402704,559,51,316,926
221402705,568,64,351,983
221402706,505,40,190,735
221402707,692,59,453,1204
221402708,490,37,330,857
221402709,390,52,263,705
221402710,280,29,183,492
221402711,472,29,317,818
221402712,448,27,191,666
221402713,394,40,232,666
221402714,818,54,443,1315
221402715,580,45,365,990
221402716,645,126,424,1195
221402717,630,64,361,1055
221402718,498,50,419,967
221402719,592,34,432,1058
221402720,339,19,129,487
221402721,380,18,133,531
221402722,360,39,160,559
221402723,318,21,165,504
221402724,211,13,96,320
221402725,279,27,101,407
221402726,296,18,194,508
221402801,568,39,264,871
221402802,510,81,368,959
221402803,400,29,145,574
221402804,467,30,227,724
221402805,728,50,376,1154
221402806,317,18,118,453
221402807,219,2,156,377
221402808,664,53,503,1220
221402809,460,34,231,725
221402810,528,41,278,847
221402811,596,31,162,789
221402901,328,6,148,482
221402902,336,14,180,530
221402903,372,25,163,560
221402904,480,26,209,715
221402905,414,25,145,584
221402906,476,26,160,662
221402907,181,13,80,274
221402908,543,58,303,904
221402909,682,37,288,1007
221402910,773,61,381,1215
221402911,616,49,330,995
221402912,317,48,132,497
221402913,411,16,170,597
221402914,343,43,248,634
221402915,433,43,237,713
221402916,251,35,147,433
221402919,223,10,171,404
221402920,318,37,174,529
221403001,297,41,313,651
221403002,332,14,231,577
221403003,548,27,387,962
221403004,388,22,296,706
221403005,669,40,439,1148
221403006,245,34,147,426
221403007,559,32,314,905
221403008,155,9,126,290
221403009,492,19,443,954
221403010,231,13,100,344
221403011,340,35,319,694
221403012,363,11,229,603
221403013,212,9,113,334
221470101,52,16,83,151
221470102,21,0,27,48
221470103,47,0,55,102
221470104,54,0,115,169
221470105,141,0,175,316
221470106,99,3,245,347
221470107,28,2,78,108
221470108,22,4,84,110
221470201,365,12,573,950
221470202,229,4,207,440
221470203,398,14,339,751
221470204,179,7,314,500
221470205,214,4,171,389
221470206,423,5,371,799
221470301,499,10,510,1019
221470302,56,2,56,114
221470303,94,3,171,268
221470304,42,0,52,94
221470305,399,38,745,1182
221470306,348,23,515,886
221470307,83,2,144,229
221470401,335,8,388,731
221470402,92,6,117,215
221470403,64,3,55,122
221470404,49,0,33,82
221540101,419,22,463,904
221540102,233,0,374,607
221540103,115,8,164,287
221540104,151,1,210,362
221540105,361,13,405,779
221540106,102,3,210,315
221540201,324,7,369,700
221540202,405,15,458,878
221540203,33,0,56,89
221540204,200,0,208,408
221540205,36,0,56,92
221540206,298,7,424,729
221540301,331,11,296,638
221540302,400,17,529,946
221540303,91,1,164,256
221540304,80,2,84,166
221540305,125,9,192,326
221540306,18,0,57,75
221540307,412,24,494,930
221540308,123,0,123,246
221540309,267,6,227,500
221540310,99,6,138,243
221540311,329,15,327,671
221610101,33,0,74,107
221610102,46,0,61,107
221610103,13,1,20,34
221610201,487,4,416,907
221610202,87,1,51,139
221610203,34,0,31,65
221610301,491,18,518,1027
221610302,58,0,102,160
221610303,23,0,11,34
221610304,33,1,4,38
221610305,45,1,20,66
221610401,64,1,50,115
221610402,11,0,6,17
221680101,441,8,350,799
221680102,338,9,300,647
221680103,326,17,426,769
221680104,436,14,352,802
221680105,350,10,284,644
221680106,362,10,312,684
221680107,728,18,696,1442
221680108,391,4,425,820
221680109,416,16,428,860
221680110,485,18,433,936
221680111,252,8,154,414
221680112,469,12,349,830
221680113,523,19,396,938
221680114,384,9,347,740
221680115,279,17,247,543
221680116,241,6,235,482
221680117,268,9,240,517
221680201,109,2,24,135
221680202,103,1,110,214
221680203,53,0,40,93
221680204,36,0,77,113
221680205,64,2,103,169
221680206,35,0,23,58
221680207,64,0,104,168
221680301,70,0,89,159
221680302,157,1,92,250
221680303,16,0,40,56
221680304,44,1,61,106
221680305,42,0,43,85
221680306,79,2,77,158
221680307,40,0,70,110
221680308,52,1,55,108
221680309,536,18,385,939
221680310,636,29,610,1275
221680401,82,1,160,243
221680402,233,0,228,461
221680403,240,2,149,391
221680404,62,0,104,166
221680405,38,11,156,205
221680406,62,2,173,237
221680407,39,0,90,129
221680408,74,0,63,137
221680409,283,9,501,793
260070101,41,0,6,47
260070201,48,1,10,59
260070202,294,2,38,334
260070301,72,0,13,85
260070302,15,0,0,15
260070303,42,0,9,51
260070304,340,15,99,454
260070401,374,17,133,524
260070402,364,35,125,524
260070403,393,26,141,560
260070404,381,43,171,595
260070405,573,36,235,844
260070406,463,31,163,657
260070407,747,54,304,1105
260070408,172,16,77,265
260070409,380,17,149,546
260070410,349,31,103,483
260070411,322,7,166,495
260070412,700,76,277,1053
260070413,36,8,5,49
260070414,17,2,2,21
260070501,459,88,237,784
260070502,459,52,254,765
260070503,502,74,287,863
260070504,320,28,159,507
260070505,382,43,253,678
260070506,473,50,197,720
260070507,464,51,236,751
260070508,511,45,233,789
260070509,405,45,229,679
260070510,654,95,272,1021
260070511,436,46,210,692
260070601,651,49,254,954
260070602,298,44,178,520
260070603,444,31,245,720
260070604,598,66,247,911
260070605,724,61,252,1037
260070606,409,36,187,632
260070607,593,52,236,881
260070608,607,55,259,921
260070609,632,61,330,1023
260070610,578,46,259,883
260070611,248,12,89,349
260070612,564,58,277,899
260070613,243,9,116,368
260070614,415,20,177,612
260070615,547,28,207,782
260070701,124,16,47,187
260070702,388,49,190,627
260070703,466,48,244,758
260070704,614,79,282,975
260070705,427,58,226,711
260070706,270,43,137,450
260070707,566,61,260,887
260070708,571,51,266,888
260070709,475,62,264,801
260070710,434,62,189,685
260070711,396,51,203,650
260070712,413,31,202,646
260070801,381,29,179,589
260070802,747,53,248,1048
260070803,376,33,151,560
260070804,585,32,181,798
260070805,510,39,202,751
260070806,780,58,280,1118
260070807,359,43,133,535
260070808,329,28,168,525
260070809,354,21,131,506
260070810,353,28,117,498
260070811,728,44,246,1018
260070812,593,42,304,939
260070813,447,36,176,659
260070901,498,21,203,722
260070902,428,23,196,647
260070903,635,47,269,951
260070904,471,28,132,631
260070905,461,20,164,645
260070906,422,19,127,568
260070907,514,17,155,686
260070908,533,16,112,661
260070909,261,7,73,341
260070910,328,9,117,454
260071001,104,1,36,141
260071002,448,25,171,644
260071003,175,0,46,221
260071004,280,4,92,376
260071005,378,8,163,549
260071006,378,19,140,537
260071007,425,11,171,607
260071008,320,3,107,430
260071009,351,4,129,484
260071010,591,13,177,781
260071011,329,18,102,449
260071012,281,13,68,362
260071013,226,3,54,283
260140101,53,2,4,59
260140102,46,1,20,67
260140103,106,9,63,178
260140104,328,28,220,576
260140105,402,17,214,633
260140106,349,23,199,571
260140107,282,20,220,522
260140108,305,13,213,531
260140201,3,0,3,6
260140202,24,1,18,43
260140203,8,0,6,14
260140204,6,0,1,7
260140205,4,0,0,4
260140206,1,0,0,1
260140207,10,0,4,14
260140208,4,0,2,6
260140209,3,1,6,10
260140301,154,0,21,175
260140302,73,1,26,100
260140303,275,20,199,494
260140304,30,0,13,43
260140305,58,3,49,110
260140306,30,0,54,84
260140307,59,0,26,85
260140401,52,1,54,107
260140501,13,0,10,23
260140601,24,1,13,38
260140701,17,0,17,34
260140702,67,7,25,99
260140703,5,0,0,5
260140704,33,1,44,78
260140705,476,12,350,838
260140801,232,16,148,396
260140802,55,0,9,64
260140803,436,19,225,680
260140804,340,23,164,527
260140901,1402,61,571,2034
260140902,42,1,18,61
260140903,341,25,151,517
260140904,353,25,175,553
260140905,353,22,151,526
260140906,372,19,191,582
260141001,91,2,50,143
260141002,52,2,40,94
260141003,214,2,84,300
260141004,458,38,224,720
260141101,34,0,12,46
260141102,681,35,331,1047
260141103,423,27,149,599
260141104,281,14,114,409
260210101,59,0,0,59
260210102,32,2,14,48
260210103,43,1,9,53
260210104,19,0,3,22
260210201,41,2,10,53
260210202,73,0,2,75
260210203,19,2,0,21
260210204,560,39,368,967
260210301,37,1,1,39
260210302,13,0,2,15
260210401,2,0,0,2
260210402,116,6,50,172
260210403,135,2,33,170
260210404,458,8,187,653
260210405,446,5,196,647
260210406,529,16,196,741
260210407,601,33,325,959
260210408,401,8,137,546
260210409,396,10,137,543
260210410,377,8,179,564
260210411,302,8,131,441
260210412,311,10,143,464
260210413,391,5,126,522
260210414,354,14,115,483
260210501,15,0,6,21
260210502,430,19,168,617
260210503,175,10,82,267
260210504,6,0,0,6
260210505,507,26,293,826
260210506,486,33,220,739
260210507,380,23,183,586
260210508,200,5,116,321
260210509,386,14,183,583
260210510,559,24,193,776
260210511,458,38,237,733
260210512,530,41,256,827
260210513,750,29,340,1119
260210514,807,40,339,1186
260210515,641,41,306,988
260210516,427,17,249,693
260210517,460,17,154,631
260210518,522,39,153,714
260210601,187,3,82,272
260210602,313,8,98,419
260210603,150,9,28,187
260210604,496,18,212,726
260210605,578,19,319,916
260210606,471,18,231,720
260210607,557,35,293,885
260210608,760,31,385,1176
260210609,592,26,282,900
260210610,690,29,382,1101
260210611,532,35,258,825
260210612,403,17,239,659
260210613,293,13,154,460
260210614,384,14,178,576
260210615,354,9,153,516
260210701,59,0,9,68
260210702,405,10,81,496
260210703,154,14,63,231
260210704,779,32,389,1200
260210705,170,13,105,288
260210706,389,15,154,558
260210707,412,22,200,634
260210708,360,12,197,569
260210709,598,24,324,946
260210710,481,17,278,776
260210711,283,20,170,473
260210712,442,6,285,733
260210801,53,4,25,82
260210802,690,20,270,980
260210803,78,5,39,122
260210804,214,12,100,326
260210805,309,14,196,519
260210806,290,5,159,454
260210807,523,20,286,829
260210808,369,23,185,577
260210809,253,7,108,368
260210810,496,20,213,729
260210811,81,4,42,127
260210812,517,28,257,802
260210813,189,5,62,256
260210814,630,32,294,956
260210815,629,25,327,981
260210901,503,17,156,676
260210902,268,8,108,384
260210903,302,9,116,427
260210904,185,5,46,236
260210905,231,8,106,345
260210906,204,4,69,277
260210907,297,19,89,405
260210908,366,10,104,480
260210909,386,15,193,594
260210910,225,12,90,327
260210911,399,12,185,596
260210912,228,8,81,317
260210913,173,4,84,261
260210914,284,8,81,373
260211001,463,7,134,604
260211002,373,16,99,488
260211003,448,20,157,625
260211004,335,12,125,472
260211005,248,6,83,337
260211006,286,6,134,426
260211007,276,7,141,424
260211008,329,10,93,432
260211009,246,6,108,360
260211010,340,15,126,481
260211011,154,6,40,200
260211012,684,17,187,888
260211013,454,17,196,667
260211101,225,15,133,373
260211102,384,25,252,661
260211103,200,11,92,303
260211104,515,25,286,826
260211105,268,11,135,414
260211106,328,19,197,544
260211107,640,30,198,868
260211108,639,39,299,977
260211109,451,15,183,649
260211110,511,23,236,770
260211111,446,25,198,669
260211112,300,8,102,410
260211113,470,31,276,777
260211114,327,23,199,549
260211115,302,14,143,459
260211116,347,26,209,582
260211117,304,17,181,502
260211201,527,51,333,911
260211202,397,22,204,623
260211203,552,31,266,849
260211204,565,35,345,945
260211205,314,21,120,455
260211206,506,32,310,848
260211207,560,26,297,883
260211208,439,19,263,721
260211209,450,15,338,803
260211210,236,12,139,387
260211301,497,45,282,824
260211302,673,54,372,1099
260211303,350,14,235,599
260211304,416,20,164,600
260211305,626,39,295,960
260211306,371,21,192,584
260211307,313,20,155,488
260211308,318,20,206,544
260211309,449,21,210,680
260211310,398,28,222,648
260211311,302,20,165,487
260211312,599,28,339,966
260211401,636,19,305,960
260211402,432,23,250,705
260211403,394,19,163,576
260211404,524,23,291,838
260211405,364,9,191,564
260211406,442,14,285,741
260211407,619,25,359,1003
260211408,362,8,170,540
260211409,391,29,211,631
260211410,259,6,126,391
260211411,403,13,201,617
260211412,475,14,159,648
260211413,520,18,233,771
260211501,379,15,186,580
260211502,559,16,316,891
260211503,606,37,272,915
260211504,524,12,240,776
260211505,470,16,176,662
260211506,514,29,228,771
260211507,416,9,200,625
260211508,399,24,195,618
260211509,372,13,178,563
260211510,622,40,278,940
260211511,655,53,347,1055
260211601,514,61,303,878
260211602,177,14,92,283
260211603,311,23,185,519
260211604,375,17,177,569
260211605,531,25,336,892
260211606,461,16,244,721
260211607,436,54,255,745
260211608,426,27,251,704
260211609,585,47,322,954
260211610,660,38,385,1083
260211611,426,25,206,657
260211612,356,22,157,535
260211613,683,35,402,1120
260211614,307,29,177,513
260211615,368,21,184,573
260211701,112,2,43,157
260211702,480,39,292,811
260211703,266,11,117,394
260211704,366,33,236,635
260211705,570,15,300,885
260211706,481,19,148,648
260211707,309,16,137,462
260211708,474,22,337,833
260211709,744,61,369,1174
260211710,438,29,200,667
260211711,653,37,285,975
260211712,492,27,284,803
260211713,273,16,169,458
260211714,640,42,320,1002
260211801,278,10,110,398
260211802,331,24,116,471
260211803,409,23,250,682
260211804,579,41,216,836
260211805,497,41,257,795
260211806,379,50,177,606
260211807,367,15,110,492
260211808,579,29,286,894
260211809,682,24,288,994
260211810,370,21,185,576
260211811,486,13,238,737
260211812,362,16,195,573
260211813,363,12,186,561
260211901,341,13,125,479
260211902,440,25,242,707
260211903,671,47,216,934
260211904,299,7,145,451
260211905,414,28,232,674
260211906,352,22,177,551
260211907,384,20,166,570
260211908,440,21,166,627
260211909,417,18,170,605
260211910,416,36,217,669
260211911,445,25,234,704
260211912,533,23,239,795
260211913,456,28,207,691
260211914,287,17,82,386
260211915,368,23,192,583
260211916,379,25,143,547
260280101,42,0,6,48
260280102,10,0,0,10
260280201,47,0,5,52
260280301,15,0,0,15
260280302,35,0,1,36
260280303,537,31,298,866
260350101,75,0,25,100
260350102,36,0,14,50
260350201,157,6,85,248
260350202,36,0,7,43
260350301,211,3,78,292
260350302,270,15,135,420
260350303,336,19,174,529
260350304,379,11,155,545
260350305,339,20,170,529
260350306,297,15,143,455
260350307,383,15,154,552
260350308,182,8,91,281
260350309,377,18,241,636
260350310,205,10,121,336
260350311,468,20,283,771
260350312,351,17,248,616
260350313,290,43,185,518
260350401,8,0,1,9
260350402,37,1,10,48
260350403,76,6,100,182
260350404,823,30,434,1287
260350405,17,1,6,24
260350501,10,0,4,14
260350502,79,1,28,108
260350503,38,0,16,54
260350504,38,0,9,47
260350505,176,9,179,364
260350506,39,1,25,65
260350507,193,6,139,338
260350508,124,2,50,176
260350509,425,14,173,612
260350510,597,21,296,914
260350511,227,10,128,365
260350512,256,18,125,399
260350513,414,18,233,665
260350514,447,21,255,723
260350515,469,29,311,809
260350601,496,46,274,816
260350602,395,32,221,648
260350603,405,60,204,669
260350604,292,20,154,466
260350605,337,49,182,568
260350606,278,17,164,459
260350607,227,21,134,382
260350608,282,10,139,431
260350609,235,7,113,355
260350610,285,13,166,464
260350611,325,22,207,554
260350612,305,10,149,464
260350613,305,15,126,446
260350614,297,31,155,483
260350615,396,23,252,671
260350701,408,22,204,634
260350702,471,28,262,761
260350703,503,57,351,911
260350704,301,27,241,569
260350705,546,24,218,788
260350706,356,27,184,567
260350707,546,62,339,947
260350708,553,42,303,898
260350709,548,40,295,883
260350710,552,39,327,918
260350711,264,10,116,390
260350712,579,38,260,877
260350713,242,13,110,365
260420101,21,0,2,23
260420102,33,0,7,40
260420103,16,0,0,16
260420201,41,0,0,41
260420301,83,2,27,112
260420302,21,0,3,24
260420401,2,0,0,2
260420402,7,0,3,10
260420403,174,3,78,255
260420404,45,2,29,76
260420405,54,1,23,78
260420406,58,0,29,87
260420407,68,2,56,126
260420408,80,1,43,124
260420409,166,1,122,289
260420410,520,17,220,757
260420411,245,3,107,355
260420412,86,3,51,140
260420413,708,47,446,1201
260420414,572,24,332,928
260420415,636,52,340,1028
260420416,393,12,245,650
260420417,467,25,304,796
260420418,576,18,279,873
260490101,36,0,36,72
260490102,28,0,11,39
260490103,35,1,55,91
260490104,41,6,17,64
260490105,114,2,58,174
260490106,270,11,114,395
260490201,5,0,8,13
260490202,30,1,15,46
260490203,90,2,27,119
260560101,31,0,37,68
260560102,21,0,4,25
260560103,13,0,17,30
260560104,144,2,46,192
260560105,22,0,19,41
260560106,38,1,21,60
260560107,134,1,55,190
260560108,198,9,100,307
260560201,20,0,8,28
260560202,97,0,4,101
260560203,7,0,1,8
260560204,19,0,1,20
260560205,20,0,2,22
260560206,492,24,346,862
260560301,147,9,46,202
260630101,7,0,13,20
260630102,23,0,1,24
260630103,31,1,13,45
260630201,42,0,14,56
260630202,37,0,2,39
260630203,210,9,111,330
260630301,23,0,3,26
260630401,30,0,0,30
260700101,29,0,18,47
260700102,24,0,8,32
260700103,22,0,2,24
260700104,147,2,48,197
260700105,35,0,12,47
260700106,22,0,8,30
260700107,10,0,7,17
260700108,522,24,329,875
260700201,21,0,5,26
260700202,43,0,12,55
260770101,0,0,3,3
260770102,13,0,3,16
260770103,12,0,2,14
260770104,22,0,5,27
260770201,30,0,3,33
260770202,1,0,2,3
260770203,47,1,28,76
260770204,87,10,21,118
260770301,171,5,54,230
260770302,300,12,140,452
260770303,248,13,95,356
260770304,352,26,166,544
260770305,476,34,280,790
260770306,353,7,105,465
260770307,219,14,107,340
260770308,138,8,73,219
260770309,108,1,49,158
260770310,197,3,47,247
260770311,166,1,40,207
260770312,150,7,51,208
260770313,185,10,46,241
260770314,142,3,76,221
260770315,211,7,58,276
260770316,128,9,58,195
260770401,142,10,90,242
260770402,80,1,47,128
260770403,231,6,119,356
260770404,307,17,138,462
260770405,126,2,44,172
260770501,6,0,1,7
260770502,502,49,250,801
260770503,389,46,193,628
260770504,387,34,220,641
260770505,420,26,226,672
260770506,455,37,211,703
260770507,356,17,212,585
260770508,280,21,120,421
260770509,338,27,233,598
260770510,560,27,246,833
260770511,357,23,175,555
260770512,329,15,193,537
260770513,305,12,164,481
260770514,351,31,182,564
260770515,351,37,167,555
260770516,377,14,183,574
260770517,367,24,143,534
260770518,382,47,187,616
260770519,297,18,177,492
260770520,171,4,63,238
260770601,261,10,135,406
260770602,352,12,193,557
260770603,359,7,229,595
260770604,264,8,173,445
260770605,429,32,337,798
260770606,486,28,292,806
260770607,258,21,141,420
260770608,490,33,213,736
260770609,400,22,162,584
260770610,233,13,149,395
260770611,351,24,219,594
260770612,286,26,180,492
260770701,866,58,303,1227
260770702,514,40,260,814
260770703,753,66,302,1121
260770704,854,61,361,1276
260770705,495,55,252,802
260770706,358,53,195,606
260770707,592,74,293,959
260770708,350,43,201,594
260770709,664,83,320,1067
260770710,500,42,252,794
260770711,264,20,210,494
260770712,479,39,340,858
260770713,496,42,224,762
260770714,330,33,209,572
260770715,251,24,167,442
260770801,504,54,187,745
260770802,583,63,252,898
260770803,645,70,293,1008
260770804,423,37,143,603
260770805,395,33,162,590
260770806,598,39,319,956
260770807,233,13,104,350
260770808,586,59,282,927
260770809,422,47,197,666
260770810,425,31,176,632
260770811,240,5,94,339
260770812,291,21,148,460
260770813,479,29,188,696
260770814,336,38,188,562
260770815,512,50,238,800
260770901,595,74,287,956
260770902,502,27,314,843
260770903,697,79,400,1176
260770904,412,25,211,648
260770905,507,40,274,821
260770906,566,52,262,880
260770907,366,35,159,560
260770908,425,34,191,650
260770909,419,43,195,657
260770910,555,68,305,928
260770911,612,67,315,994
260770912,644,35,385,1064
260771001,373,35,178,586
260771002,326,5,202,533
260771003,175,6,120,301
260771004,320,18,168,506
260771005,405,14,173,592
260771006,173,5,97,275
260771007,196,6,117,319
260771008,236,4,104,344
260771009,272,7,120,399
260771010,274,9,109,392
260771011,157,6,115,278
260771012,210,4,94,308
260771013,408,23,233,664
260771014,475,31,186,692
260771015,493,23,201,717
260771016,771,54,316,1141
260771017,628,33,283,944
260771018,367,25,185,577
260771101,322,36,119,477
260771102,713,54,379,1146
260771103,603,46,242,891
260771104,376,40,177,593
260771105,500,41,225,766
260771106,472,10,225,707
260771107,500,36,267,803
260771108,284,20,165,469
260771109,207,18,139,364
260771110,153,4,78,235
260771111,196,6,89,291
260771112,344,20,156,520
260771113,453,25,251,729
260771114,315,19,144,478
260771201,804,51,244,1099
260771202,508,29,181,718
260771203,577,41,284,902
260771204,408,26,210,644
260771205,506,33,223,762
260771206,498,22,176,696
260771207,551,17,181,749
260771208,428,18,160,606
260771209,292,8,124,424
260771210,443,16,141,600
260771211,555,14,255,824
260771212,570,14,198,782
260771213,367,17,208,592
260771214,688,42,273,1003
260771215,670,41,227,938
260771301,519,54,239,812
260771302,777,39,328,1144
260771303,539,12,187,738
260771304,568,33,235,836
260771305,601,16,217,834
260771306,700,33,258,991
260771307,507,26,287,820
260771308,621,24,218,863
260771309,767,34,286,1087
260771310,372,15,182,569
260771311,461,24,155,640
260771312,456,21,175,652
260771313,370,7,130,507
260771314,207,3,78,288
260840101,6,0,2,8
260840102,37,1,6,44
260840103,45,0,15,60
260840104,4,0,0,4
260840105,5,0,1,6
260840106,64,1,22,87
260840107,235,6,197,438
260840108,395,18,249,662
260840201,77,0,18,95
260840202,91,3,35,129
260840301,25,0,0,25
260840302,14,0,1,15
260840303,13,1,4,18
260840304,43,0,7,50
260840305,702,36,349,1087
260840306,385,17,170,572
260840307,159,10,57,226
260840401,33,0,2,35
260840402,31,0,3,34
260840403,84,4,60,148
260840501,12,0,7,19
260840502,32,0,4,36
260840503,38,1,5,44
260840504,53,1,3,57
260840505,85,0,41,126
260840506,75,2,42,119
260910101,32,0,0,32
260910102,46,1,25,72
260910201,44,0,2,46
260910301,9,0,3,12
260910302,13,0,2,15
260910303,42,0,5,47
260910304,116,0,84,200
260910305,4,0,2,6
260910306,3,0,1,4
260910401,314,10,181,505
260910402,253,16,176,445
260910403,187,7,71,265
260910404,392,31,279,702
260910405,503,39,248,790
260910406,230,11,144,385
260910407,239,8,133,380
260910408,253,16,106,375
260910409,393,15,217,625
260910410,383,15,168,566
260910411,239,17,131,387
260910412,331,12,166,509
260910413,386,19,197,602
260910414,374,13,176,563
260980101,18,0,0,18
260980102,37,1,3,41
260980103,276,19,200,495
260980104,342,22,274,638
260980201,22,0,3,25
260980202,36,1,3,40
260980203,28,0,4,32
260980204,0,0,0,0
260980205,602,19,327,948
260980206,450,16,239,705
260980301,0,0,0,0
260980302,2,0,0,2
260980303,14,0,4,18
260980304,25,0,5,30
260980305,85,1,34,120
260980306,464,42,265,771
261050101,40,0,10,50
261050102,22,0,3,25
261050103,66,1,15,82
261050104,22,1,12,35
261050105,263,9,138,410
261050201,6,0,34,40
261050202,16,0,3,19
261050203,13,0,3,16
261050204,58,1,30,89
261050205,312,13,130,455
300080101,191,10,105,306
300080102,245,13,169,427
300080103,277,17,143,437
300080104,234,16,160,410
300080105,282,15,137,434
300080106,257,10,167,434
300080107,144,9,85,238
300080108,222,10,147,379
300080109,299,11,202,512
300080110,297,20,198,515
300080111,425,26,236,687
300080112,284,7,215,506
300080113,259,10,188,457
300080114,277,13,179,469
300080201,169,2,154,325
300080202,162,1,77,240
300080203,160,7,134,301
300080204,253,8,172,433
300080205,245,5,196,446
300080206,337,15,255,607
300080207,484,18,268,770
300080208,513,21,367,901
300080209,217,5,146,368
300080210,232,7,163,402
300080211,243,13,116,372
300080212,105,0,48,153
300080213,82,3,36,121
300080214,161,7,69,237
300080215,251,14,169,434
300080216,261,9,151,421
300080301,79,1,50,130
300080302,100,1,84,185
300080303,155,2,79,236
300080304,133,2,54,189
300080305,345,9,134,488
300080306,420,31,225,676
300080307,305,10,101,416
300080308,415,31,194,640
300080309,125,2,41,168
300080310,346,14,165,525
300080311,361,14,216,591
300080312,359,18,153,530
300080313,294,14,174,482
300080314,163,3,72,238
300080315,190,5,77,272
300080316,43,2,19,64
300080317,94,0,56,150
300080318,74,1,58,133
300080319,93,0,31,124
300080401,230,15,160,405
300080402,504,32,336,872
300080403,428,20,335,783
300080404,451,21,311,783
300080405,477,29,284,790
300080406,460,20,401,881
300080407,250,6,156,412
300080408,371,5,214,590
300080409,347,6,256,609
300080410,500,9,285,794
300080411,405,17,246,668
300080412,609,31,393,1033
300080413,236,7,161,404
300080501,81,0,14,95
300080502,111,3,60,174
300080503,101,2,74,177
300080504,196,6,176,378
300080505,84,4,61,149
300080506,462,41,379,882
300080507,418,44,386,848
300080508,482,30,406,918
300080509,266,4,145,415
300080510,300,7,172,479
300080511,85,0,82,167
300080601,444,26,167,637
300080602,555,11,300,866
300080603,311,2,129,442
300080604,461,6,224,691
300080605,542,7,286,835
300080606,430,10,264,704
300080607,382,2,262,646
300080608,552,22,241,815
300080609,239,3,131,373
300080610,313,11,183,507
300080611,485,20,237,742
300080612,402,6,171,579
300080701,12,0,7,19
300080702,48,9,26,83
300080703,190,2,57,249
300080704,15,0,10,25
300080705,91,0,45,136
300080706,23,1,15,39
300080707,42,2,36,80
300080708,24,2,12,38
300080709,29,1,20,50
300080710,40,0,15,55
300080711,98,1,61,160
300080801,27,0,12,39
300080802,20,0,16,36
300080803,13,0,9,22
300080804,45,3,37,85
300080805,36,0,22,58
300080806,26,0,13,39
300080807,112,1,86,199
300080808,82,1,39,122
300080809,17,0,21,38
300080810,62,0,34,96
300080811,54,3,23,80
300080901,23,0,27,50
300080902,37,0,13,50
300080903,38,0,6,44
300080904,10,0,10,20
300080905,38,1,39,78
300080906,89,7,39,135
300080907,19,0,16,35
300080908,8,0,4,12
300080909,47,1,29,77
300080910,231,16,269,516
300081001,36,0,29,65
300081002,27,0,19,46
300081003,177,6,197,380
300081004,21,0,25,46
300081005,62,1,18,81
300081006,15,0,24,39
300081007,176,7,148,331
300081008,27,0,17,44
300081009,16,0,2,18
300081101,49,3,31,83
300081102,24,0,38,62
300081103,56,0,15,71
300081104,37,0,15,52
300081105,50,0,36,86
300081106,10,0,2,12
300081107,39,0,6,45
300081108,383,12,169,564
300081109,168,5,75,248
300081110,715,24,354,1093
300081111,249,13,93,355
300081201,0,0,1,1
300150101,718,41,323,1082
300150102,679,48,312,1039
300150103,926,36,574,1536
300150104,869,58,482,1409
300150105,600,36,322,958
300150106,689,35,409,1133
300150107,626,58,325,1009
300150108,511,17,326,854
300150109,472,31,289,792
300150110,329,25,206,560
300150111,773,41,451,1265
300150112,591,32,333,956
300150113,720,63,321,1104
300150201,644,23,353,1020
300150202,465,23,249,737
300150203,433,28,337,798
300150204,589,32,325,946
300150205,771,50,537,1358
300150206,539,37,304,880
300150207,326,15,125,466
300150208,553,26,333,912
300150209,673,38,359,1070
300150210,718,44,399,1161
300150211,570,44,335,949
300150212,652,50,367,1069
300150213,710,17,322,1049
300150214,357,16,183,556
300150301,514,33,175,722
300150302,524,38,291,853
300150303,656,45,353,1054
300150304,560,34,276,870
300150305,661,33,319,1013
300150306,62,3,52,117
300150307,188,2,35,225
300150308,646,29,340,1015
300150309,604,39,269,912
300150310,391,14,209,614
300150401,456,12,269,737
300150402,287,11,132,430
300150403,517,12,281,810
300150404,491,14,208,713
300150405,514,28,287,829
300150406,607,31,317,955
300150407,582,16,240,838
300150408,579,24,231,834
300150409,398,19,236,653
300150410,535,37,284,856
300150411,852,42,374,1268
300150412,703,49,405,1157
300150413,721,20,340,1081
300150414,357,18,188,563
300150415,206,7,82,295
300150416,631,37,332,1000
300150501,233,13,169,415
300150502,556,27,310,893
300150503,313,11,181,505
300150504,300,10,180,490
300150505,268,9,192,469
300150506,408,19,252,679
300150507,418,36,223,677
300150508,373,29,295,697
300150509,419,31,260,710
300150510,272,11,197,480
300150511,270,9,192,471
300150512,214,11,127,352
300150513,211,12,141,364
300150514,181,4,113,298
300150515,276,12,173,461
300150516,248,7,133,388
300150517,272,5,125,402
300150518,207,16,116,339
300150519,250,16,146,412
300150520,332,21,185,538
300150521,174,5,91,270
300150522,589,30,360,979
300150601,651,15,316,982
300150602,397,13,148,558
300150603,816,53,474,1343
300150604,651,47,463,1161
300150605,204,13,139,356
300150606,396,29,261,686
300150607,539,22,229,790
300150608,331,3,199,533
300150609,361,6,191,558
300150610,314,8,180,502
300150611,257,2,106,365
300150612,292,17,133,442
300150613,591,28,294,913
300150614,716,46,335,1097
300150615,326,22,203,551
300150616,452,27,272,751
300150617,383,7,276,666
300150618,151,8,114,273
300150619,311,10,156,477
300150620,168,6,69,243
300150621,151,3,80,234
300150701,404,24,274,702
300150702,264,12,129,405
300150703,248,12,156,416
300150704,196,9,119,324
300150705,184,1,93,278
300150706,139,3,74,216
300150707,224,9,123,356
300150708,254,6,103,363
300150709,270,23,167,460
300150710,501,9,183,693
300150711,372,18,206,596
300150712,423,31,199,653
300150713,290,17,185,492
300150714,267,2,154,423
300150715,315,27,146,488
300150716,429,43,315,787
300150717,35,1,9,45
300150718,697,31,408,1136
300150719,572,38,428,1038
300150720,181,14,108,303
300150801,203,2,119,324
300150802,175,2,89,266
300150803,158,6,79,243
300150804,196,4,89,289
300150805,248,6,150,404
300150806,357,13,140,510
300150807,529,22,301,852
300150808,278,8,173,459
300150809,259,5,127,391
300150810,340,6,149,495
300150811,285,10,196,491
300150812,276,16,180,472
300150813,9,0,2,11
300150814,540,62,248,850
300150815,115,9,90,214
300150901,115,1,93,209
300150902,159,6,91,256
300150903,33,2,24,59
300150904,405,40,235,680
300150905,581,10,298,889
300150906,538,7,287,832
300150907,445,31,248,724
300150908,508,44,195,747
300150909,213,7,130,350
300150910,186,6,122,314
300150911,34,0,6,40
300151001,238,11,173,422
300151002,575,28,320,923
300151003,289,14,156,459
300151004,808,45,294,1147
300151005,655,41,332,1028
300151006,552,25,234,811
300151007,575,13,211,799
300151008,548,40,258,846
300151009,745,24,325,1094
300151010,486,36,240,762
300151011,518,17,495,1030
300151012,680,34,526,1240
300151013,287,5,451,743
300151101,400,6,202,608
300151102,25,0,11,36
300151103,378,7,147,532
300151104,289,12,169,470
300151105,577,28,286,891
300151106,309,20,177,506
300151107,323,18,142,483
300151108,395,31,249,675
300151109,84,1,41,126
300151110,301,19,227,547
300151111,242,15,173,430
300151201,86,1,57,144
300151202,37,0,32,69
300151203,57,1,34,92
300151204,71,0,39,110
300151205,19,0,6,25
300151206,24,0,44,68
300151207,23,0,18,41
300151208,75,2,98,175
300151209,37,1,15,53
300151210,70,1,40,111
300151211,79,4,57,140
300151212,355,6,335,696
300151213,386,17,340,743
300151214,437,12,306,755
300151301,174,4,99,277
300151302,34,1,8,43
300151303,23,0,12,35
300151304,504,5,303,812
300151305,233,2,126,361
300151306,66,1,39,106
300151307,75,4,39,118
300151308,43,0,52,95
300151309,16,1,14,31
300151310,325,9,213,547
300151311,390,6,238,634
300151312,288,4,189,481
300151401,23,0,4,27
300151402,14,1,7,22
300151403,57,0,63,120
300151404,77,9,56,142
300151405,30,0,32,62
300151406,35,0,40,75
300151407,30,0,42,72
300151408,120,1,105,226
300151501,60,2,74,136
300151502,72,2,43,117
300151503,11,0,7,18
300151504,108,1,37,146
300151505,69,2,65,136
300151506,78,10,69,157
300151507,54,4,67,125
300151508,53,0,52,105
300151509,33,3,33,69
300151510,238,4,159,401
300151511,339,1,243,583
300151512,113,3,69,185
300151513,144,1,93,238
300151514,118,2,124,244
300151515,141,6,93,240
300151601,16,0,8,24
300151602,78,1,69,148
300151603,44,1,22,67
300151604,24,0,5,29
300151605,43,1,16,60
300151606,212,3,112,327
300151607,201,2,141,344
300210101,363,16,276,655
300210102,381,37,298,716
300210103,74,1,23,98
300210104,404,13,318,735
300210105,279,8,205,492
300210106,314,13,253,580
300210107,372,17,295,684
300210108,478,39,439,956
300210109,230,3,171,404
300210110,166,8,145,319
300210111,203,9,180,392
300210112,300,20,216,536
300210201,256,20,207,483
300210202,200,1,113,314
300210203,392,14,243,649
300210204,30,0,28,58
300210205,180,1,172,353
300210206,122,11,107,240
300210207,253,19,246,518
300210208,247,5,164,416
300210209,208,10,133,351
300210210,397,8,302,707
300210211,344,18,257,619
300210212,490,45,327,862
300210301,70,2,50,122
300210302,138,11,149,298
300210303,228,7,136,371
300210304,147,6,186,339
300210305,193,21,139,353
300210306,52,2,34,88
300210307,79,5,45,129
300210308,125,12,94,231
300210309,220,15,198,433
300210310,110,12,83,205
300210311,67,3,71,141
300210312,47,0,46,93
300210401,224,2,104,330
300210402,24,0,10,34
300210403,112,0,95,207
300210404,49,7,67,123
300210405,234,10,156,400
300210406,164,6,136,306
300210407,9,0,9,18
300210408,26,1,17,44
300210409,87,2,72,161
300210410,182,4,95,281
300210501,86,1,68,155
300210502,82,3,96,181
300210503,45,0,44,89
300210504,109,1,62,172
300210505,375,8,230,613
300210506,359,4,242,605
300210507,322,8,188,518
300210508,48,1,21,70
300210509,11,0,3,14
300210510,52,2,43,97
300210511,79,3,38,120
300210512,221,8,179,408
300210601,84,4,54,142
300210602,103,0,49,152
300210603,64,1,47,112
300210604,233,11,122,366
300210605,61,2,35,98
300210606,44,0,14,58
300210701,20,0,9,29
300210702,18,0,25,43
300210703,1,0,3,4
300210704,43,1,39,83
300210705,16,0,12,28
300210706,223,12,154,389
300210707,207,5,121,333
300210708,321,8,191,520
300210709,352,16,197,565
300210710,352,14,238,604
300210711,38,0,24,62
300210712,277,9,167,453
300210713,143,11,138,292
300210714,286,10,223,519
300210715,297,11,207,515
300210716,293,16,196,505
300210801,23,0,9,32
300210802,32,0,38,70
300210803,44,1,23,68
300210804,160,3,106,269
300210805,46,0,13,59
300210806,49,0,28,77
300210807,36,0,53,89
300210808,26,3,18,47
300210809,45,2,65,112
300210901,122,1,63,186
300210902,128,14,89,231
300210903,273,9,222,504
300210904,193,5,134,332
300210905,538,10,381,929
300210906,140,10,93,243
300210907,311,11,250,572
300210908,243,14,153,410
300210909,255,15,189,459
300210910,285,4,157,446
300210911,341,11,201,553
300211001,35,0,34,69
300211002,214,12,150,376
300211003,125,0,55,180
300211004,266,8,167,441
300211005,188,9,81,278
300211006,290,11,196,497
300211007,277,13,247,537
300211101,69,0,30,99
300211102,32,2,51,85
300211103,29,0,39,68
300211104,13,0,33,46
300211105,24,0,21,45
300211201,7,0,8,15
300211202,6,0,7,13
300211203,34,0,42,76
300211204,49,1,64,114
300211205,27,0,20,47
300211206,36,0,48,84
300211207,21,0,35,56
300211208,46,0,54,100
300211209,24,1,59,84
300211210,210,11,231,452
300211211,16,0,18,34
300211212,32,3,69,104
300211301,37,0,26,63
300211302,11,0,15,26
300280101,130,0,61,191
300280102,541,23,261,825
300280103,312,10,205,527
300280104,236,6,149,391
300280105,565,20,366,951
300280106,585,23,406,1014
300280107,435,18,236,689
300280108,332,8,178,518
300280109,241,7,140,388
300280110,558,21,372,951
300280111,213,12,136,361
300280112,315,6,174,495
300280113,151,3,125,279
300280114,66,2,45,113
300280201,91,0,39,130
300280202,74,2,25,101
300280203,421,7,254,682
300280204,569,15,462,1046
300280205,570,11,379,960
300280206,454,23,266,743
300280301,68,0,35,103
300280302,10,0,3,13
300280303,116,0,89,205
300280304,11,0,4,15
300280305,36,1,21,58
300280306,62,1,65,128
300280307,9,0,1,10
300280308,18,0,7,25
300280401,234,10,155,399
300280402,413,11,217,641
300280403,620,31,289,940
300280404,345,21,209,575
300280405,368,12,201,581
300280406,433,13,257,703
300280407,293,18,206,517
300280408,389,10,240,639
300280409,244,5,140,389
300280410,398,13,282,693
300280411,322,11,188,521
300280412,329,13,208,550
300280413,313,5,139,457
300280414,309,8,194,511
300280415,318,6,190,514
300280416,402,12,268,682
300280417,313,10,249,572
300280418,428,16,238,682
300280419,425,36,305,766
300280501,416,14,245,675
300280502,427,23,269,719
300280503,448,23,275,746
300280504,353,5,198,556
300280505,525,16,329,870
300280506,215,4,110,329
300280507,387,16,296,699
300280508,227,4,144,375
300280509,269,4,196,469
300280510,227,5,122,354
300280511,311,1,206,518
300280512,487,9,320,816
300280513,243,8,116,367
300280514,413,17,288,718
300280515,275,4,157,436
300280516,189,2,100,291
300280517,456,11,268,735
300280518,434,11,345,790
300280519,409,9,172,590
300280601,116,0,86,202
300280602,70,0,91,161
300280603,323,9,191,523
300280604,81,0,47,128
300280605,117,3,159,279
300280606,175,9,96,280
300280607,189,6,118,313
300280608,339,2,210,551
300280609,323,10,168,501
300280610,39,0,29,68
300280611,110,1,68,179
300280701,5,0,0,5
300280702,5,1,5,11
300280703,9,0,13,22
300280704,34,1,45,80
300280705,5,0,5,10
300280706,15,1,10,26
300280707,11,0,5,16
300280708,134,5,150,289
300280709,316,14,335,665
300280710,414,16,419,849
300280711,290,9,198,497
300280712,260,4,255,519
300280801,58,1,75,134
300280802,49,0,61,110
300280803,114,0,63,177
300280804,7,0,4,11
300280805,114,0,67,181
300280806,88,0,43,131
300280807,38,0,29,67
300280808,96,2,101,199
300280809,490,13,305,808
300280810,306,1,165,472
300280811,233,7,118,358
300280812,202,2,111,315
300280901,123,2,47,172
300280902,28,0,20,48
300280903,135,0,45,180
300280904,80,1,65,146
300280905,46,1,37,84
300280906,54,0,35,89
300280907,384,15,222,621
300281001,25,0,2,27
300281002,41,0,8,49
300281003,10,0,3,13
300281004,5,0,7,12
300281005,77,1,11,89
300281006,8,2,9,19
300281007,16,0,4,20
300281008,130,16,109,255
300281101,36,0,23,59
300281102,5,0,2,7
300281103,53,0,19,72
300281104,51,1,55,107
300281105,11,0,17,28
300281106,20,0,3,23
300281107,205,4,241,450
300281108,168,6,215,389
300281201,81,0,73,154
300281202,2,0,1,3
300281203,56,0,33,89
300281204,93,1,67,161
300281205,46,0,32,78
300281206,48,2,43,93
300281207,104,13,71,188
300281208,313,4,267,584
300281209,24,1,19,44
300281210,120,1,103,224
300281211,88,1,52,141
300281212,96,0,61,157
300281213,45,0,31,76
300281214,49,1,65,115
300281215,179,3,120,302
300281301,28,0,6,34
300281302,18,0,6,24
300281303,100,0,97,197
300281304,30,1,37,68
300281305,14,0,8,22
300281306,76,1,6,83
300281307,87,7,63,157
300281308,13,0,8,21
300281309,149,4,122,275
300281310,3,0,29,32
300350101,273,25,234,532
300350102,285,17,262,564
300350103,200,6,206,412
300350104,522,44,482,1048
300350105,327,16,432,775
300350106,300,20,330,650
300350107,368,41,257,666
300350108,258,10,208,476
300350109,206,4,111,321
300350110,314,21,227,562
300350111,200,9,113,322
300350112,418,31,303,752
300350113,340,13,241,594
300350114,305,8,185,498
300350115,231,10,314,555
300350116,463,11,315,789
300350117,423,13,309,745
300350118,333,10,267,610
300350119,308,36,273,617
300350201,14,0,65,79
300350202,46,3,74,123
300350203,58,2,90,150
300350204,212,7,286,505
300350205,40,1,79,120
300350206,108,54,45,207
300350301,8,0,6,14
300350302,10,0,5,15
300350303,12,1,7,20
300350304,19,2,14,35
300350305,6,0,1,7
300350401,42,2,12,56
300350402,10,0,5,15
300350403,50,1,39,90
300350404,5,0,0,5
300350405,23,0,33,56
300350406,26,0,9,35
300350407,18,1,33,52
300350408,60,0,16,76
300350409,48,0,49,97
300350410,11,0,10,21
300350411,13,0,19,32
300350412,6,0,6,12
300350413,3,0,0,3
300350414,81,20,143,244
300350501,27,0,26,53
300350502,20,0,22,42
300350503,4,0,4,8
300350504,39,0,37,76
300350505,21,0,11,32
300350506,14,0,21,35
300350507,85,2,83,170
300350601,6,2,3,11
300350602,8,0,8,16
300350603,22,0,24,46
300350604,10,0,9,19
300350605,32,0,21,53
300350606,21,0,17,38
300350701,35,13,87,135
300350702,49,2,22,73
300350703,37,0,16,53
300350704,34,0,16,50
300350705,23,0,19,42
300350706,27,0,64,91
300350801,27,0,20,47
300350802,70,0,37,107
300350803,27,0,35,62
300350804,73,1,44,118
300350805,37,0,30,67
300350901,20,0,33,53
300350902,55,2,18,75
300350903,5,0,17,22
300350904,9,0,1,10
300350905,37,1,31,69
300350906,14,0,11,25
300350907,13,1,7,21
300351001,1,0,3,4
300351002,4,0,5,9
300351003,25,0,39,64
300351004,15,1,19,35
300351005,80,0,128,208
300351006,134,1,102,237
300351007,250,12,258,520
300351101,10,0,20,30
300351102,37,0,51,88
300351103,338,32,490,860
300351104,215,5,235,455
300351105,264,5,231,500
300351106,165,3,148,316
300420101,255,12,315,582
300420102,293,7,380,680
300420103,273,4,298,575
300420104,436,15,260,711
300420105,322,1,186,509
300420106,338,18,363,719
300420107,342,12,269,623
300420108,254,14,240,508
300420109,193,10,144,347
300420110,343,15,246,604
300420111,288,38,316,642
300420112,243,14,228,485
300420201,68,2,81,151
300420202,61,5,113,179
300420203,46,0,75,121
300420204,152,8,215,375
300420205,139,1,160,300
300420206,89,2,145,236
300420301,28,1,40,69
300420302,61,8,118,187
300420303,69,3,108,180
300420304,21,0,2,23
300420305,41,0,76,117
300420401,19,4,17,40
300420402,22,0,40,62
300420403,27,0,8,35
300420404,43,0,79,122
300420405,12,0,0,12
300420406,20,2,42,64
300420501,10,1,29,40
300420502,15,0,23,38
300420503,126,24,165,315
300420504,25,1,89,115
300420601,8,0,7,15
300420602,40,0,27,67
300420603,32,0,55,87
300420604,28,0,70,98
300420605,23,0,18,41
300420701,29,3,11,43
300420702,37,0,0,37
300420703,42,0,54,96
300420704,93,2,134,229
300490101,123,15,83,221
300490102,627,37,425,1089
300490103,365,16,218,599
300490104,195,3,180,378
300490105,374,13,347,734
300490106,409,25,339,773
300490107,493,27,245,765
300490108,406,19,276,701
300490109,166,3,163,332
300490110,236,7,168,411
300490111,344,16,247,607
300490112,319,18,129,466
300490113,202,15,125,342
300490114,200,30,113,343
300490201,386,30,174,590
300490202,535,22,362,919
300490203,292,30,227,549
300490204,224,14,168,406
300490205,238,12,206,456
300490206,325,10,160,495
300490207,187,2,140,329
300490208,208,4,211,423
300490209,288,16,248,552
300490210,452,40,416,908
300490211,319,6,274,599
300490212,139,9,122,270
300490213,284,7,213,504
300490214,185,0,133,318
300490215,166,8,123,297
300490216,155,8,165,328
300490217,111,2,94,207
300490218,370,14,258,642
300490219,318,12,205,535
300490220,389,29,303,721
300490221,388,20,252,660
300490222,267,40,289,596
300490301,532,15,358,905
300490302,290,9,138,437
300490303,154,10,120,284
300490304,232,7,172,411
300490305,295,14,196,505
300490306,415,17,304,736
300490307,363,24,303,690
300490308,504,39,411,954
300490309,548,30,423,1001
300490310,573,61,408,1042
300490311,212,19,151,382
300490312,385,22,306,713
300490401,171,15,139,325
300490402,131,5,89,225
300490403,125,4,107,236
300490404,18,1,24,43
300490405,24,4,18,46
300490406,8,1,2,11
300490407,169,9,82,260
300490408,42,6,50,98
300490409,193,10,132,335
300490410,4,0,2,6
300490411,228,7,166,401
300490412,521,38,377,936
300490413,463,35,299,797
300490414,372,9,200,581
300490415,274,38,233,545
300490416,1,0,6,7
300490417,105,4,128,237
300490501,52,2,5,59
300490502,29,1,15,45
300490503,39,5,60,104
300490504,9,0,19,28
300490505,16,4,24,44
300490506,24,12,12,48
300490507,24,1,32,57
300490508,26,0,62,88
300490509,31,1,48,80
300490510,42,1,62,105
300490511,120,1,190,311
300490512,39,5,81,125
300490513,20,0,16,36
300490601,24,0,37,61
300490602,36,0,17,53
300490603,35,0,24,59
300490604,19,0,9,28
300490605,31,0,43,74
300490606,25,0,21,46
300490607,10,0,9,19
300490608,5,0,4,9
300490609,49,0,26,75
300490610,20,0,14,34
300490611,117,2,140,259
300490701,26,0,17,43
300490702,77,5,66,148
300490703,22,2,21,45
300490704,12,0,4,16
300490705,11,0,12,23
300490706,53,0,40,93
300490707,23,4,14,41
300490708,57,0,23,80
300490709,19,1,11,31
300490710,16,1,8,25
300490711,21,0,17,38
300490712,18,1,7,26
300490801,6,0,4,10
300490802,19,8,41,68
300490803,26,0,21,47
300490804,32,0,26,58
300490805,31,0,20,51
300490806,59,2,43,104
300490807,12,0,6,18
300490901,41,1,26,68
300490902,87,0,51,138
300491001,1,0,1,2
300491002,15,0,12,27
300491003,28,0,21,49
300491004,21,0,16,37
300491005,128,2,52,182
300491006,255,9,157,421
300491007,396,13,315,724
300491008,241,8,173,422
300491009,215,6,87,308
300491010,442,7,303,752
300491011,417,25,340,782
300560101,444,20,269,733
300560102,419,49,239,707
300560103,624,41,318,983
300560104,466,52,185,703
300560105,542,42,356,940
300560106,548,30,330,908
300560107,585,33,349,967
300560108,549,17,250,816
300560109,382,22,212,616
300560110,512,29,371,912
300560111,517,26,252,795
300560112,204,4,128,336
300560113,240,4,147,391
300560114,303,9,192,504
300560115,561,31,365,957
300560116,465,34,296,795
300560117,415,22,243,680
300560118,154,6,89,249
300560119,263,10,172,445
300560120,282,7,171,460
300560121,209,2,141,352
300560122,325,12,191,528
300560201,435,20,262,717
300560202,362,25,201,588
300560203,570,26,380,976
300560204,223,24,137,384
300560205,665,66,334,1065
300560206,582,58,369,1009
300560207,371,5,176,552
300560208,335,20,175,530
300560209,320,17,149,486
300560210,302,11,128,441
300560211,190,14,123,327
300560212,221,18,200,439
300560213,295,16,157,468
300560214,321,35,195,551
300560215,289,21,204,514
300560216,425,42,269,736
300560217,373,18,180,571
300560218,246,16,161,423
300560219,215,10,149,374
300560220,344,5,187,536
300560221,192,19,165,376
300560301,96,3,46,145
300560302,146,2,72,220
300560303,318,13,192,523
300560304,225,7,111,343
300560305,182,5,94,281
300560306,236,19,133,388
300560307,304,14,154,472
300560308,371,26,256,653
300560309,237,6,146,389
300560310,320,6,165,491
300560311,237,8,156,401
300560312,333,11,213,557
300560313,483,27,371,881
300560314,400,26,242,668
300560315,182,3,104,289
300560316,328,12,171,511
300560317,524,38,285,847
300560318,589,34,247,870
300560319,201,14,117,332
300560401,296,11,209,516
300560402,249,16,183,448
300560403,205,3,107,315
300560404,191,6,143,340
300560405,442,6,256,704
300560406,298,17,210,525
300560407,397,20,271,688
300560408,533,26,309,868
300560409,495,23,307,825
300560410,530,36,294,860
300560411,474,19,255,748
300560412,431,43,262,736
300560413,405,24,233,662
300560414,614,65,322,1001
300560415,476,41,275,792
300560416,307,25,151,483
300560417,452,22,268,742
300560418,386,27,234,647
300560501,238,7,98,343
300560502,239,6,122,367
300560503,254,10,122,386
300560504,516,48,206,770
300560505,283,18,221,522
300560506,253,15,121,389
300560507,372,34,208,614
300560508,309,31,194,534
300560509,301,31,204,536
300560510,403,28,212,643
300560511,390,29,315,734
300560512,264,11,184,459
300560513,400,39,332,771
300560601,82,3,62,147
300560602,169,11,111,291
300560603,32,0,17,49
300560604,68,1,43,112
300560605,623,67,339,1029
300560606,505,25,257,787
300560607,228,6,56,290
300560608,562,30,257,849
300560609,29,1,18,48
300560610,311,20,145,476
300560611,106,5,55,166
300560612,30,0,12,42
300560701,721,46,292,1059
300560702,549,28,232,809
300560703,77,7,58,142
300560704,40,1,28,69
300560705,122,7,95,224
300560706,357,24,271,652
300560707,69,1,53,123
300560801,20,0,16,36
300560802,17,0,14,31
300560803,0,0,1,1
300560804,65,1,36,102
300560805,16,1,7,24
300560806,19,0,7,26
300560807,9,0,7,16
300560808,47,2,69,118
300560809,29,1,12,42
300560810,67,6,56,129
300560811,182,2,155,339
300560812,138,5,106,249
300560901,25,0,28,53
300560902,37,0,59,96
300560903,7,0,9,16
300560904,15,0,9,24
300560905,11,1,4,16
300560906,23,3,23,49
300560907,72,0,30,102
300560908,72,3,45,120
300560909,42,10,36,88
300560910,23,0,18,41
300560911,162,2,125,289
300560912,10,0,11,21
300560913,24,0,5,29
300560914,9,1,2,12
300560915,227,12,120,359
300560916,280,7,196,483
300561001,48,3,62,113
300561002,5,0,5,10
300561003,67,0,46,113
300561004,90,0,76,166
300561005,49,0,43,92
300561006,5,0,6,11
300561007,21,0,13,34
300561008,43,0,11,54
300561009,81,2,88,171
300561010,26,0,10,36
300561011,53,0,62,115
300561101,5,0,6,11
300561102,20,0,16,36
300561103,23,0,15,38
300561104,15,0,11,26
300561105,12,0,21,33
300561106,28,3,7,38
300561107,28,0,15,43
300561108,8,0,5,13
300561109,22,0,22,44
300561110,20,0,11,31
300561111,90,4,153,247
300561201,91,4,70,165
300561202,100,0,10,110
300561203,33,0,10,43
300561204,38,0,47,85
300561205,48,0,51,99
300561206,46,0,71,117
300561207,49,2,33,84
300561208,69,1,25,95
300561209,21,0,15,36
300561301,6,0,8,14
300561302,64,1,57,122
300561303,32,0,14,46
300561304,10,0,10,20
300561305,17,0,13,30
300561306,69,1,56,126
300561307,23,0,22,45
300561308,25,0,35,60
300561309,7,0,9,16
300561310,32,0,20,52
300561401,62,1,42,105
300561402,11,0,15,26
300561403,17,0,10,27
300561404,17,1,13,31
300561405,21,0,19,40
300561406,278,12,286,576
300561501,254,3,142,399
300561502,300,17,221,538
300561503,312,8,226,546
300561504,303,10,163,476
300561505,182,2,123,307
300561506,286,7,201,494
300561507,397,3,223,623
300561508,179,17,146,342
300561509,296,16,218,530
300561510,137,4,108,249
300561511,416,11,209,636
300561512,307,8,217,532
300561513,388,8,224,620
300561601,84,3,83,170
300561602,57,1,46,104
300561603,1,0,1,2
300561604,191,4,115,310
300561605,32,1,3,36
300561701,19,0,28,47
300561702,93,5,73,171
300561703,246,13,159,418
300561704,383,14,215,612
300561705,353,15,213,581
300561706,207,10,117,334
300561707,350,14,202,566
300561708,279,10,195,484
300561709,198,4,190,392
300561710,221,8,176,405
300561711,235,7,177,419
300561712,276,3,169,448
300561801,8,1,59,68
300561802,24,0,10,34
300561803,8,0,12,20
300561804,27,0,34,61
300561805,34,0,12,46
300561806,27,1,10,38
300561807,33,0,10,43
300561808,121,2,39,162
300561809,94,0,72,166
300561810,237,8,141,386
300561811,265,26,168,459
300561812,173,9,93,275
300561813,125,15,73,213
300561814,116,6,65,187
300561815,26,2,6,34
300630101,44,2,19,65
300630102,24,2,19,45
300630103,141,5,106,252
300630104,62,4,30,96
300630105,31,0,44,75
300630106,7,2,12,21
300630107,61,6,60,127
300630108,46,1,34,81
300630109,10,0,7,17
300630110,407,8,258,673
300630111,379,4,239,622
300630201,37,5,42,84
300630202,19,1,14,34
300630203,79,7,61,147
300630204,337,21,351,709
300630205,445,26,396,867
300630206,387,31,303,721
300630207,338,17,436,791
300630301,52,2,8,62
300630302,19,0,22,41
300630303,39,0,16,55
300630304,197,18,181,396
300630401,3,0,0,3
300630402,1,0,0,1
300630403,8,0,3,11
300630404,5,0,7,12
300630405,13,1,17,31
300630406,86,1,46,133
300630407,12,0,19,31
300630408,14,0,20,34
300630409,20,1,11,32
300630410,0,1,0,1
300630411,3,0,0,3
300630412,228,29,231,488
300630413,323,27,284,634
300630501,16,1,32,49
300630502,66,2,28,96
300630503,14,0,7,21
300630504,41,8,33,82
300630505,109,6,60,175
300630506,5,2,10,17
300630507,30,7,38,75
300630508,129,15,124,268
300630509,55,1,55,111
300630510,14,1,9,24
300630511,19,0,11,30
300630512,57,0,36,93
300630513,6,0,2,8
300630514,1,0,0,1
300700101,140,4,102,246
300700102,203,4,161,368
300700103,210,18,145,373
300700104,245,3,262,510
300700105,203,13,214,430
300700106,351,19,338,708
300700107,254,4,224,482
300700108,345,13,220,578
300700109,355,10,225,590
300700110,253,9,218,480
300700111,341,7,210,558
300700112,208,13,187,408
300700113,385,24,336,745
300700114,472,23,500,995
300700115,470,12,322,804
300700201,384,20,296,700
300700202,294,22,275,591
300700203,347,32,340,719
300700204,248,33,321,602
300700205,216,21,189,426
300700206,412,21,379,812
300700207,220,12,130,362
300700208,254,24,141,419
300700209,304,5,255,564
300700210,309,35,263,607
300700301,5,0,5,10
300700302,86,4,79,169
300700303,333,20,290,643
300700304,289,6,296,591
300700305,118,9,161,288
300700306,111,6,31,148
300700307,62,1,73,136
300700308,351,7,272,630
300700309,192,5,108,305
300700310,447,14,322,783
300700311,241,6,159,406
300700312,92,12,105,209
300700313,26,1,46,73
300700314,9,0,17,26
300700401,49,1,98,148
300700402,47,0,52,99
300700403,8,0,0,8
300700404,15,0,17,32
300700405,26,0,44,70
300700406,92,1,148,241
300700407,44,1,84,129
300700408,65,2,136,203
300700409,52,3,39,94
300700410,2,0,3,5
300700411,59,10,77,146
300700412,14,1,18,33
300700413,46,0,45,91
300700414,26,0,89,115
300700415,72,1,96,169
300700416,26,0,29,55
300700501,52,0,29,81
300700502,51,0,26,77
300700503,55,0,42,97
300700504,14,1,9,24
300700505,64,0,62,126
300700506,53,0,59,112
300700507,34,2,70,106
300700508,8,0,8,16
300700509,44,0,25,69
300700510,179,10,173,362
300700511,271,9,308,588
300700601,11,0,3,14
300700602,6,0,25,31
300700603,12,0,10,22
300700604,32,1,27,60
300700605,5,0,4,9
300700606,6,0,11,17
300700607,27,0,16,43
300700608,51,0,116,167
300700609,56,0,20,76
300700701,53,8,74,135
300700702,28,0,33,61
300700703,64,2,64,130
300700704,26,0,26,52
300700705,34,0,44,78
300700706,49,0,60,109
300700801,21,1,21,43
300700802,16,0,21,37
300700803,28,1,44,73
300700804,19,0,20,39
300700805,13,1,15,29
300700806,23,0,31,54
300700807,18,0,18,36
300700808,10,1,14,25
300700809,25,0,25,50
300700810,147,1,189,337
300700901,54,1,15,70
300700902,22,1,9,32
300700903,79,2,89,170
300700904,39,1,28,68
300700905,32,0,34,66
300700906,10,0,4,14
300700907,96,0,71,167
300700908,49,0,16,65
300700909,74,4,124,202
300701001,2,0,0,2
300701002,16,0,3,19
300701003,116,14,170,300
300701004,191,2,400,593
300701005,125,1,485,611
300701006,156,7,179,342
300701007,176,3,181,360
300701008,307,26,484,817
300701009,260,20,474,754
300701010,295,20,471,786
300701011,181,29,273,483
300701101,210,14,217,441
300701102,123,28,218,369
300701103,250,17,267,534
300701104,317,40,508,865
300701105,169,23,287,479
300701106,324,34,568,926
300701107,197,49,437,683
300701108,290,16,271,577
300701109,249,21,281,551
300701110,347,33,551,931
300701111,346,32,545,923
300701112,97,6,133,236
300701201,70,8,119,197
300701202,13,1,39,53
300701203,18,0,34,52
300701204,74,7,102,183
300701205,26,1,36,63
300701206,23,4,44,71
300701207,38,0,57,95
300701208,41,0,29,70
300701209,55,0,46,101
300701210,19,1,28,48
300701211,0,0,0,0
300701212,109,10,88,207
300701213,356,10,468,834
300701301,105,0,109,214
300701302,103,12,116,231
300701303,42,0,19,61
300701304,60,2,50,112
300701305,4,0,23,27
300701306,18,1,28,47
300701307,40,0,25,65
300701308,70,1,76,147
300701309,281,11,192,484
300701310,112,14,130,256
300701311,200,4,235,439
300701312,251,19,175,445
300701401,18,0,21,39
300701402,29,1,18,48
300701403,29,0,13,42
300701404,24,0,22,46
300701405,476,25,387,888
300701406,312,16,243,571
300701407,261,14,272,547
300701408,332,25,330,687
300701409,320,13,209,542
300701410,264,10,194,468
300701411,552,5,372,929
300701412,335,5,301,641
300701413,567,8,359,934
300701501,8,0,4,12
300770101,154,5,144,303
300770102,415,20,298,733
300770103,253,2,188,443
300770104,352,8,172,532
300770105,340,19,251,610
300770106,290,8,192,490
300770107,268,10,218,496
300770108,263,5,181,449
300770109,319,9,218,546
300770110,471,22,340,833
300770111,156,6,166,328
300770112,127,11,94,232
300770113,362,26,325,713
300770114,369,3,219,591
300770115,223,5,263,491
300770201,360,14,199,573
300770202,357,9,305,671
300770203,172,17,132,321
300770204,254,15,212,481
300770205,287,8,187,482
300770206,235,9,180,424
300770207,307,19,251,577
300770208,237,12,222,471
300770209,283,17,205,505
300770210,359,15,256,630
300770211,345,10,271,626
300770212,153,7,115,275
300770213,427,36,328,791
300770214,266,16,147,429
300770215,320,23,199,542
300770216,500,33,370,903
300770217,188,8,104,300
300770301,23,0,9,32
300770302,96,5,62,163
300770303,31,1,20,52
300770304,123,6,82,211
300770305,135,1,111,247
300770306,95,5,86,186
300770401,13,0,21,34
300770402,9,4,44,57
300770403,55,0,52,107
300770404,22,0,57,79
300770405,68,3,63,134
300770406,29,0,53,82
300770407,33,0,48,81
300770408,20,6,86,112
300770409,13,0,21,34
300770410,37,0,41,78
300770411,18,1,39,58
300770412,12,2,20,34
300770413,12,0,8,20
300770414,38,0,65,103
300770415,19,3,46,68
300770416,27,15,53,95
300770417,23,0,17,40
300770501,55,0,30,85
300770502,7,0,6,13
300770503,43,1,9,53
300770504,18,0,23,41
300770505,72,1,53,126
300770506,56,0,49,105
300770507,31,1,75,107
300770508,11,1,37,49
300770509,4,0,9,13
300770510,51,1,34,86
300770511,18,0,3,21
300770512,6,0,7,13
300770513,46,0,20,66
300770514,30,1,64,95
300770515,23,0,27,50
300770516,68,0,56,124
300770517,37,1,38,76
300770518,21,2,30,53
300770519,8,0,6,14
300770601,79,0,45,124
300770602,9,0,15,24
300770603,41,11,59,111
300770604,11,0,4,15
300770605,51,3,70,124
300770606,40,2,55,97
300770607,55,7,22,84
300770608,23,0,5,28
300770609,20,0,21,41
300770610,51,2,32,85
300770611,23,0,30,53
300770612,113,2,123,238
300770613,6,0,7,13
300770701,75,1,44,120
300770702,31,2,47,80
300770703,19,2,12,33
300770704,15,0,26,41
300770705,31,1,18,50
300770706,286,11,235,532
300770707,392,8,255,655
300770708,19,2,11,32
300770709,42,2,25,69
300770710,27,2,22,51
300770711,4,0,13,17
300770801,111,8,78,197
300770802,170,9,138,317
300770803,181,7,142,330
300770804,181,3,152,336
300770805,47,2,24,73
300770806,69,0,76,145
300770807,8,0,6,14
300770901,23,0,29,52
300770902,15,0,13,28
300770903,37,0,16,53
300770904,102,3,66,171
300770905,21,1,8,30
300770906,92,3,102,197
300770907,28,2,20,50
300770908,30,1,28,59
300771001,48,0,14,62
300771002,31,1,53,85
300771003,20,0,24,44
300771004,14,0,10,24
300771005,5,0,23,28
300771006,9,0,0,9
300771101,49,0,25,74
300771102,31,1,21,53
300771103,84,3,58,145
300771104,30,0,23,53
300771105,37,0,10,47
300771106,9,0,6,15
300771107,2,0,3,5
300771108,32,0,18,50
300771109,35,0,25,60
300771110,47,0,52,99
300771111,24,0,37,61
300771112,68,0,21,89
300771113,42,0,54,96
300771114,27,0,42,69
300771115,24,0,25,49
300771201,399,11,334,744
300771202,170,3,143,316
300771203,266,5,198,469
300771204,238,2,193,433
300771205,189,11,249,449
300771206,242,3,162,407
300771207,275,15,232,522
300771208,48,5,41,94
300771209,27,0,44,71
300771210,18,0,14,32
300771211,14,1,9,24
300771212,3,0,20,23
300771213,2,0,2,4
300840101,445,28,231,704
300840102,426,34,208,668
300840103,185,11,62,258
300840104,455,55,262,772
300840105,452,20,215,687
300840106,336,60,153,549
300840107,250,21,190,461
300840108,620,69,375,1064
300840109,180,10,105,295
300840110,303,46,150,499
300840111,550,42,386,978
300840112,523,53,308,884
300840113,535,45,324,904
300840114,691,28,397,1116
300840201,381,13,222,616
300840202,232,2,142,376
300840203,303,5,201,509
300840204,248,11,161,420
300840205,444,19,273,736
300840206,280,1,110,391
300840207,242,7,162,411
300840208,599,60,309,968
300840209,313,12,186,511
300840210,192,2,82,276
300840211,249,8,147,404
300840212,291,8,201,500
300840213,359,8,149,516
300840214,268,11,109,388
300840215,339,17,237,593
300840216,494,58,316,868
300840217,367,22,237,626
300840218,345,21,164,530
300840219,313,18,135,466
300840220,241,18,160,419
300840221,266,9,131,406
300840222,182,11,128,321
300840223,193,1,86,280
300840224,184,11,78,273
300840301,458,14,206,678
300840302,438,34,294,766
300840303,393,21,229,643
300840304,347,17,211,575
300840305,718,41,384,1143
300840306,368,9,178,555
300840307,265,13,133,411
300840308,296,8,154,458
300840309,354,16,169,539
300840310,438,18,256,712
300840311,341,15,249,605
300840312,268,17,168,453
300840313,207,14,94,315
300840314,432,19,239,690
300840315,180,14,108,302
300840316,280,16,148,444
300840317,298,17,179,494
300840318,574,19,284,877
300840319,155,5,48,208
300840320,279,9,148,436
300840321,190,6,125,321
300840322,122,5,70,197
300840323,195,13,98,306
300840401,560,53,246,859
300840402,349,33,244,626
300840403,185,6,88,279
300840404,557,49,341,947
300840405,426,33,238,697
300840406,365,24,266,655
300840407,260,22,198,480
300840408,381,12,254,647
300840409,561,32,353,946
300840410,355,24,324,703
300840411,664,42,336,1042
300840412,521,30,237,788
300840413,429,34,157,620
300840414,470,39,221,730
300840415,617,42,440,1099
300840416,714,31,295,1040
300840417,548,27,264,839
300840418,516,47,273,836
300840419,243,21,131,395
300840420,363,23,265,651
300840421,409,20,188,617
300840501,611,30,279,920
300840502,360,23,235,618
300840503,400,28,253,681
300840504,511,23,296,830
300840505,835,60,397,1292
300840506,373,20,232,625
300840507,375,27,201,603
300840508,623,32,194,849
300840509,342,17,136,495
300840510,405,39,172,616
300840511,290,18,126,434
300840512,609,42,280,931
300840513,386,24,195,605
300840514,712,73,273,1058
300840515,369,35,185,589
300840516,537,30,351,918
300840517,428,39,233,700
300840518,353,14,181,548
300840519,313,13,222,548
300840520,405,19,278,702
300840521,280,17,188,485
300840522,505,20,264,789
300840523,551,26,300,877
300840524,511,17,299,827
300840601,409,16,172,597
300840602,103,2,84,189
300840603,241,10,152,403
300840604,430,17,242,689
300840605,230,17,119,366
300840606,256,5,121,382
300840607,213,15,129,357
300840608,484,21,245,750
300840609,207,17,84,308
300840610,83,2,44,129
300840611,161,12,68,241
300840612,275,14,173,462
300840613,220,8,107,335
300840614,242,13,113,368
300840615,360,8,224,592
300840616,450,27,224,701
300840617,392,20,243,655
300840618,341,13,190,544
300840619,441,15,169,625
300840620,498,20,229,747
300840621,412,27,285,724
300840622,382,20,141,543
300840623,384,28,219,631
300840701,414,34,251,699
300840702,361,13,198,572
300840703,115,4,99,218
300840704,100,6,64,170
300840705,180,5,107,292
300840706,310,20,123,453
300840707,223,11,86,320
300840708,428,15,226,669
300840709,602,10,216,828
300840710,464,22,212,698
300840711,480,22,221,723
300840712,468,30,264,762
300840713,474,31,416,921
300840714,590,66,339,995
300840715,446,43,236,725
300840801,348,42,144,534
300840802,529,44,208,781
300840803,404,27,240,671
300840804,557,68,306,931
300840805,569,76,316,961
300840806,503,31,270,804
300840807,487,32,322,841
300840808,274,11,165,450
300840809,417,18,193,628
300840810,541,49,226,816
300840811,429,26,280,735
300840812,483,42,170,695
300840813,44,0,2,46
300840814,487,23,332,842
300840815,504,24,245,773
300840816,503,54,320,877
300840817,474,40,223,737
300840818,612,32,264,908
300840819,636,58,280,974
300840820,524,32,223,779
300840821,710,33,268,1011
300840822,631,21,256,908
300840823,305,20,152,477
300840901,468,14,222,704
300840902,411,23,239,673
300840903,193,6,123,322
300840904,432,28,226,686
300840905,240,19,137,396
300840906,347,27,225,599
300840907,674,39,404,1117
300840908,217,9,143,369
300840909,436,34,334,804
300840910,361,19,214,594
300840911,550,21,301,872
300840912,369,30,283,682
300840913,575,36,293,904
300840914,488,48,256,792
300840915,220,11,117,348
300840916,493,35,234,762
300840917,596,47,275,918
300841001,364,32,272,668
300841002,470,38,201,709
300841003,439,42,229,710
300841004,264,9,151,424
300841005,322,9,152,483
300841006,310,16,194,520
300841007,430,7,178,615
300841008,497,27,209,733
300841009,549,57,255,861
300841010,315,24,203,542
300841011,427,24,264,715
300841012,424,18,178,620
300841013,440,21,145,606
300841014,654,26,254,934
300841015,598,41,257,896
300841016,286,16,183,485
300841017,554,35,244,833
300841018,607,31,290,928
300841019,265,13,111,389
300841020,633,36,324,993
300841021,475,35,238,748
300841101,165,12,87,264
300841102,325,24,274,623
300841103,616,54,305,975
300841104,429,51,261,741
300841105,167,30,128,325
300841106,565,50,302,917
300841107,606,32,314,952
300841108,381,32,214,627
300841109,112,6,60,178
300841110,836,72,287,1195
300841111,434,19,265,718
300841112,433,28,208,669
300841113,261,21,178,460
300841114,508,23,311,842
300841201,136,3,49,188
300841202,328,1,112,441
300841203,108,1,15,124
300841204,85,2,27,114
300841205,425,22,216,663
300841206,120,0,46,166
300841207,432,14,165,611
300841208,82,9,50,141
300841209,91,1,28,120
300841210,312,10,85,407
300841211,309,24,104,437
300841212,11,3,7,21
300841301,502,79,297,878
300841302,300,35,121,456
300841303,79,4,38,121
300841304,303,14,182,499
300841305,64,4,30,98
300841306,283,22,102,407
300841307,272,16,123,411
300841401,491,20,246,757
300841402,597,24,320,941
300841403,548,26,231,805
300841404,609,29,253,891
300841405,578,46,262,886
300841406,732,36,272,1040
300841407,617,20,332,969
300841408,370,15,186,571
300841409,494,55,246,795
300841410,464,34,244,742
300841411,514,21,231,766
300841412,621,50,232,903
300841413,279,28,86,393
300841414,603,26,272,901
300841415,206,6,120,332
300841416,504,23,213,740
300841417,591,33,251,875
300841501,528,17,184,729
300841502,261,7,91,359
300841503,693,54,292,1039
300841504,487,31,232,750
300841505,253,17,120,390
300841506,680,39,323,1042
300841507,621,32,308,961
300841508,645,48,272,965
300841509,332,23,117,472
300841510,518,29,183,730
300841511,300,9,123,432
300841512,622,23,200,845
300841513,7,0,1,8
300841601,492,27,294,813
300841602,367,4,193,564
300841603,501,23,222,746
300841604,397,19,199,615
300841605,313,8,178,499
300841606,490,27,260,777
300841607,556,37,230,823
300841608,577,29,257,863
300841609,451,17,246,714
300841610,502,11,177,690
300841611,552,23,178,753
300841701,166,6,108,280
300841702,508,22,287,817
300841703,473,24,246,743
300841704,495,34,196,725
300841705,391,27,218,636
300841706,269,16,154,439
300841707,670,60,322,1052
300841708,465,42,304,811
300841709,570,67,211,848
300841710,676,75,239,990
300841711,463,32,211,706
300841712,396,32,195,623
300841713,517,38,296,851
300841714,604,42,378,1024
300841715,471,40,265,776
300841716,322,28,213,563
300841717,313,19,226,558
300841718,356,37,180,573
300841719,579,87,336,1002
300841801,41,9,19,69
300841802,448,33,204,685
300841803,132,33,157,322
300841804,125,6,110,241
300841901,46,0,22,68
300841902,16,1,5,22
300841903,5,0,2,7
300841904,6,0,6,12
300841905,242,6,143,391
300841906,223,22,127,372
300841907,116,11,98,225
300841908,27,2,18,47
300841909,172,14,94,280
300841910,262,7,127,396
300841911,215,11,107,333
300841912,72,1,37,110
300842001,14,1,6,21
300842002,111,6,62,179
300842003,91,3,33,127
300842004,50,3,25,78
300842005,40,9,9,58
300842006,36,3,10,49
300842007,42,1,8,51
300842101,463,28,298,789
300842102,166,7,108,281
300842103,271,27,126,424
300842104,248,24,129,401
300842105,171,14,103,288
300842106,690,44,466,1200
300842107,380,23,203,606
300842108,379,22,257,658
300842201,224,21,111,356
300842202,174,4,95,273
300842203,92,3,32,127
300842204,158,6,66,230
300842205,111,1,85,197
300842206,345,31,231,607
300842207,70,5,37,112
300842208,39,0,10,49
300842301,8,0,13,21
300842302,104,6,62,172
300842303,9,0,3,12
300842304,59,1,47,107
300842305,332,22,139,493
300842306,241,29,250,520
300842307,186,6,125,317
300842308,305,26,275,606
300842309,320,21,268,609
300842310,274,28,205,507
300842311,88,2,24,114
300842401,59,2,57,118
300842402,29,0,35,64
300842403,90,2,66,158
300842404,46,0,44,90
300842405,56,1,77,134
300842406,51,0,28,79
300842407,115,7,64,186
300842408,23,0,27,50
300842409,376,15,198,589
300842501,7,0,7,14
300842502,5,0,15,20
300842503,37,2,61,100
300842504,46,0,48,94
300842505,61,0,24,85
300842506,303,5,244,552
300842507,273,21,315,609
300842508,380,29,438,847
300842509,345,11,334,690
300842510,249,5,205,459
300842511,279,10,274,563
300842512,105,2,96,203
300842601,5,0,4,9
300842602,5,0,5,10
300842603,6,0,11,17
300842604,6,4,15,25
300842605,22,0,20,42
300842606,16,0,14,30
300842607,42,0,28,70
300842608,16,1,21,38
300842609,62,1,70,133
300842610,40,2,59,101
300842611,26,0,33,59
300842612,24,1,29,54
300842613,41,1,72,114
300842614,28,0,6,34
300842615,124,4,158,286
300842616,138,2,122,262
300842701,24,2,20,46
300842702,33,0,18,51
300842703,297,10,178,485
300842704,375,22,306,703
300842705,351,18,291,660
300842706,105,10,154,269
300842707,479,16,329,824
300842708,391,15,239,645
300842801,119,7,118,244
300842802,9,0,14,23
300842803,18,0,37,55
300842804,11,0,6,17
300842805,24,0,31,55
300842806,35,0,28,63
300842807,4,4,19,27
300842808,17,0,28,45
300842809,26,0,29,55
300842810,13,1,29,43
300842811,14,1,18,33
300842812,20,1,40,61
300842813,24,0,27,51
300842901,7,0,9,16
300842902,14,1,9,24
300842903,27,2,9,38
300842904,17,0,9,26
300842905,7,0,16,23
300842906,23,1,3,27
300842907,11,0,0,11
300842908,2,0,3,5
300842909,17,0,10,27
300842910,302,17,238,557
300843001,34,1,39,74
300843002,90,7,64,161
300843003,52,5,4,61
300843004,8,0,12,20
300843005,147,11,57,215
300843006,308,4,223,535
300843007,306,5,237,548
300843008,205,5,122,332
300843009,216,11,145,372
300843010,169,15,131,315
300843011,229,4,161,394
300843012,376,10,249,635
300843013,343,17,234,594
300843014,67,8,62,137
300843101,39,0,21,60
300843102,70,2,16,88
300843103,23,0,10,33
300843104,7,0,6,13
300843105,33,3,12,48
300843106,19,2,9,30
300843107,71,3,60,134
300843108,19,0,18,37
300843109,29,0,51,80
300843110,34,0,32,66
300843111,23,0,15,38
300843112,52,0,42,94
300843113,28,0,39,67
300843114,16,0,27,43
300843115,118,6,98,222
300843116,106,0,136,242
300843201,29,1,27,57
300843202,88,1,56,145
300843203,46,0,49,95
300843204,50,0,50,100
300843205,176,10,93,279
300843206,144,3,93,240
300843207,91,3,90,184
300843208,63,3,21,87
300843209,212,12,159,383
300843210,51,1,25,77
300843211,53,2,37,92
300843212,147,5,100,252
300843213,128,1,69,198
300843301,11,1,12,24
300843302,33,1,34,68
300843303,33,0,10,43
300843304,16,0,13,29
300843305,134,6,73,213
300843306,442,27,304,773
300843307,441,21,391,853
300843308,550,24,309,883
300843309,232,22,263,517
300843310,159,12,112,283
300843311,218,12,129,359
300843312,273,15,224,512
300843313,334,23,238,595
300843314,492,11,293,796
300843401,4,0,0,4
300843402,22,0,11,33
300843403,8,0,6,14
300843404,13,1,14,28
300843405,23,1,17,41
300843406,0,0,0,0
300843407,57,2,63,122
300843408,67,0,61,128
300843409,14,3,30,47
300843410,19,4,29,52
300843411,7,0,22,29
300843412,44,2,79,125
300843413,34,0,27,61
300843414,47,0,35,82
300843415,117,1,68,186
300843416,172,9,181,362
300843501,32,0,3,35
300843502,30,0,3,33
300843503,29,1,22,52
300843504,12,0,12,24
300843505,14,0,29,43
300843506,197,16,162,375
300843507,143,13,117,273
300843508,179,7,145,331
300843601,22,1,21,44
300843602,37,0,21,58
300843603,30,0,20,50
300843604,36,0,15,51
300843701,292,11,205,508
300843702,256,5,147,408
300843703,182,6,124,312
300843704,535,17,304,856
300843705,224,15,193,432
300843706,373,7,212,592
300843707,272,7,191,470
300843708,212,6,114,332
300843709,231,9,179,419
300843710,303,10,202,515
300843711,325,12,275,612
300843712,284,26,204,514
300843713,235,5,150,390
300843714,328,21,319,668
300843715,43,1,19,63
300843801,8,0,5,13
300843802,17,0,22,39
300843803,21,0,21,42
300843804,18,0,22,40
300843805,49,1,23,73
300843806,24,0,6,30
300843807,54,0,10,64
300843808,42,0,29,71
300843809,21,0,22,43
300843901,47,0,41,88
300843902,48,0,21,69
300843903,70,1,54,125
300843904,53,0,43,96
300843905,8,0,13,21
300843906,11,1,11,23
300843907,29,1,13,43
300843908,59,0,25,84
300843909,43,6,30,79
300844001,83,2,38,123
300844002,16,0,47,63
300844003,27,0,35,62
300844004,107,1,51,159
300844005,61,0,3,64
300844006,29,0,11,40
300844007,50,0,31,81
300844008,59,0,50,109
300844009,60,0,32,92
300844101,9,0,6,15
300844102,18,0,16,34
300844103,34,2,14,50
300844104,37,0,18,55
300844105,381,12,283,676
300844106,339,20,278,637
300844107,2,0,2,4
300844108,407,11,350,768
300844109,258,6,202,466
300844110,227,5,145,377
300844201,12,0,8,20
300844202,56,4,62,122
300844203,26,0,23,49
300844204,77,2,37,116
300844205,13,0,24,37
300844206,14,0,11,25
300844207,30,1,24,55
300844208,46,0,13,59
300844209,69,0,23,92
300844301,537,27,284,848
300844302,285,8,192,485
300844303,386,12,207,605
300844304,270,9,213,492
300844305,361,7,233,601
300844306,358,10,258,626
300844307,455,11,240,706
300844308,308,5,173,486
300844309,470,19,334,823
300844310,203,12,128,343
300844311,352,17,135,504
300844312,367,14,187,568
300844313,358,8,181,547
300844401,435,4,239,678
300844402,136,5,43,184
300844403,527,9,325,861
300844404,553,13,343,909
300844405,191,5,139,335
300844406,283,3,170,456
300844407,369,12,290,671
300844408,464,10,214,688
300844409,191,36,146,373
300844410,473,24,209,706
300844411,319,9,195,523
300844501,78,0,27,105
300844502,60,0,19,79
300844503,79,0,13,92
300844504,81,3,64,148
300844505,67,0,65,132
300844506,57,1,34,92
300844507,213,9,92,314
300844508,197,5,74,276
300844509,102,2,36,140
300844510,205,4,89,298
300844511,46,3,18,67
300844601,24,0,3,27
300880101,363,4,260,627
300880102,332,8,233,573
300880103,452,21,350,823
300880104,304,8,243,555
300880105,285,2,205,492
300880106,413,13,236,662
300880107,307,9,223,539
300880201,75,1,59,135
300880202,50,3,37,90
300880203,49,11,65,125
300880204,352,32,299,683
300880205,562,33,460,1055
300880206,501,14,389,904
300880207,492,18,285,795
300880208,420,15,320,755
300880209,331,13,181,525
300880210,154,10,119,283
300880301,171,8,163,342
300880302,16,1,6,23
300880303,6,0,5,11
300880304,120,18,115,253
300880305,186,7,188,381
300880306,277,17,308,602
300880307,178,6,180,364
300880308,205,9,172,386
300880401,4,0,8,12
300880402,31,0,29,60
300880403,11,0,7,18
300880404,19,0,15,34
300880405,38,1,34,73
300880501,16,0,26,42
300880502,8,0,2,10
300880503,24,0,10,34
300880504,5,0,49,54
300880601,2,0,1,3
300880602,18,0,5,23
300880603,8,0,4,12
300880604,15,0,11,26
300880605,3,0,0,3
300880606,11,0,10,21
300880701,44,0,35,79
300880702,26,1,18,45
300880703,9,0,6,15
300880704,30,0,21,51
300880705,4,0,4,8
300880706,21,0,27,48
300880707,35,0,44,79
300910101,368,5,328,701
300910102,456,14,286,756
300910103,435,15,366,816
300910104,311,7,197,515
300910105,236,12,206,454
300910106,225,10,139,374
300910107,218,7,160,385
300910108,332,4,297,633
300910109,368,15,291,674
300910110,224,3,207,434
300910111,213,2,179,394
300910112,229,1,165,395
300910113,269,18,216,503
300910114,66,2,63,131
300910115,243,4,154,401
300910116,461,9,304,774
300910117,286,6,170,462
300910118,292,15,242,549
300910201,4,0,19,23
300910202,10,1,15,26
300910203,70,1,51,122
300910204,32,1,36,69
300910205,60,0,48,108
300910206,7,0,7,14
300910207,64,3,47,114
300910208,173,1,64,238
300910209,23,0,32,55
300910301,19,0,23,42
300910302,127,2,91,220
300910303,25,0,20,45
300910304,37,0,89,126
300910305,30,0,31,61
300910306,51,0,48,99
300910307,48,1,63,112
300910308,8,0,10,18
300910309,37,1,11,49
300910401,1,0,0,1
300910402,21,0,21,42
300910403,33,3,39,75
300910404,38,7,37,82
300910405,23,0,18,41
300910406,16,0,11,27
300910407,27,0,1,28
300910501,279,12,202,493
300910502,318,5,254,577
300910503,344,10,197,551
300910504,340,9,240,589
300910505,171,3,115,289
300910506,423,11,267,701
300910507,414,5,206,625
300910508,339,18,235,592
300910509,61,1,76,138
300910510,37,0,18,55
300910511,18,0,12,30
300910512,11,0,16,27
300910601,19,0,22,41
300910602,17,0,9,26
300910603,10,0,7,17
300910604,38,0,16,54
300910605,21,0,5,26
300910606,206,5,161,372
300910701,26,0,5,31
300910702,103,2,59,164
300910703,27,0,18,45
300910704,8,0,4,12
300910705,6,0,9,15
300910706,9,0,8,17
300910801,15,0,14,29
300910802,28,0,16,44
300910803,14,0,13,27
300910804,10,0,4,14
300910805,4,0,17,21
300910806,7,0,11,18
300910807,17,0,5,22
300910808,72,2,82,156
300910901,15,2,15,32
300910902,5,0,6,11
300910903,38,2,43,83
300910904,14,0,5,19
300910905,20,0,26,46
300910906,5,1,4,10
300911001,165,5,166,336
300911002,244,4,154,402
300911003,186,5,184,375
300911004,260,7,216,483
300911005,84,0,104,188
300911101,8,0,15,23
300911102,19,0,12,31
300911103,17,0,14,31
300911104,5,0,8,13
300911105,64,2,50,116
300911106,27,0,19,46
300980101,608,51,327,986
300980102,405,26,231,662
300980103,399,32,153,584
300980104,380,17,217,614
300980105,471,28,164,663
300980106,609,45,283,937
300980107,391,13,113,517
300980108,368,32,188,588
300980109,475,21,275,771
300980110,483,9,249,741
300980111,494,52,265,811
300980112,504,23,315,842
300980113,527,29,299,855
300980114,274,18,188,480
300980115,393,12,195,600
300980116,669,36,385,1090
300980117,488,23,262,773
300980118,396,32,197,625
300980119,376,30,191,597
300980120,251,7,136,394
300980201,443,33,264,740
300980202,462,24,305,791
300980203,451,21,249,721
300980204,431,24,254,709
300980205,423,5,248,676
300980206,204,14,111,329
300980207,298,19,161,478
300980208,465,15,221,701
300980209,510,36,238,784
300980210,418,18,173,609
300980211,569,12,195,776
300980212,565,21,268,854
300980213,367,9,193,569
300980214,491,15,256,762
300980215,371,19,164,554
300980301,224,4,120,348
300980302,300,4,159,463
300980303,418,15,272,705
300980304,411,11,260,682
300980305,430,18,208,656
300980306,285,14,136,435
300980307,303,4,154,461
300980308,274,9,106,389
300980309,261,5,152,418
300980310,230,3,142,375
300980311,62,6,42,110
300980312,190,4,139,333
300980313,170,5,96,271
300980314,280,8,155,443
300980315,190,9,101,300
300980316,372,12,226,610
300980317,199,8,123,330
300980318,277,19,157,453
300980401,293,4,111,408
300980402,341,15,168,524
300980403,377,12,194,583
300980404,241,5,114,360
300980405,181,3,136,320
300980406,280,7,126,413
300980407,175,1,115,291
300980408,220,5,178,403
300980409,325,15,170,510
300980410,440,23,245,708
300980411,437,15,257,709
300980412,323,5,186,514
300980413,468,16,268,752
300980414,353,17,213,583
300980415,203,11,153,367
300980416,320,16,147,483
300980417,348,18,168,534
300980418,456,25,224,705
300980419,237,21,120,378
300980420,208,8,132,348
300980421,229,9,130,368
300980501,161,7,100,268
300980502,257,2,115,374
300980503,74,3,33,110
300980504,380,44,269,693
300980505,36,0,13,49
300980506,579,15,223,817
300980507,334,8,186,528
300980508,677,30,210,917
300980509,618,47,359,1024
300980510,454,13,165,632
300980511,504,29,262,795
300980512,447,32,207,686
300980513,387,25,201,613
300980514,125,3,48,176
300980601,24,1,7,32
300980602,95,6,40,141
300980603,146,2,48,196
300980604,136,0,64,200
300980605,346,9,186,541
300980606,567,29,316,912
300980607,447,34,294,775
300980608,638,32,224,894
300980609,209,6,92,307
300980610,421,20,187,628
300980611,535,21,207,763
300980612,66,4,16,86
300980613,60,2,23,85
300980614,114,5,31,150
300980701,515,15,320,850
300980702,157,5,58,220
300980703,303,10,259,572
300980704,235,6,186,427
300980705,150,10,116,276
300980706,207,12,150,369
300980707,386,18,261,665
300980708,224,11,167,402
300980709,259,14,197,470
300980710,203,12,196,411
300980711,254,7,156,417
300980712,179,8,177,364
300980713,260,5,191,456
300980714,230,12,171,413
300980715,306,9,248,563
300980716,167,9,105,281
300980801,12,0,18,30
300980802,18,1,13,32
300980803,3,0,9,12
300980804,18,2,10,30
300980805,24,0,18,42
300980901,12,0,10,22
300980902,14,1,11,26
300980903,131,3,159,293
300980904,1,0,6,7
300980905,7,0,8,15
300980906,64,0,51,115
300980907,105,2,145,252
300980908,121,10,104,235
300980909,32,0,27,59
300980910,48,0,35,83
300980911,4,0,23,27
300980912,93,2,76,171
300980913,93,1,79,173
300980914,50,0,75,125
300980915,29,0,19,48
300980916,18,0,14,32
300980917,29,0,15,44
300981001,250,6,202,458
300981002,273,9,198,480
300981003,55,1,55,111
300981004,32,0,22,54
300981005,62,0,43,105
300981006,19,1,10,30
300981007,8,0,5,13
300981101,129,7,127,263
300981102,109,9,141,259
300981103,137,6,134,277
300981104,147,3,90,240
300981105,15,1,15,31
300981106,13,0,8,21
300981201,14,0,10,24
300981202,7,0,6,13
300981203,19,0,4,23
300981204,7,0,3,10
300981205,14,0,1,15
300981206,6,0,10,16
300981301,13,0,16,29
300981302,11,0,2,13
300981303,14,0,21,35
300981304,8,0,4,12
300981305,22,0,11,33
300981306,22,1,32,55
300981307,59,0,43,102
300981308,48,0,3,51
300981309,165,4,161,330
300981310,186,7,157,350
300981311,153,7,128,288
300981312,74,2,70,146
300981313,39,0,15,54
300981314,22,0,19,41
300981401,55,1,33,89
300981402,55,0,32,87
300981403,85,0,15,100
300981404,17,0,10,27
300981405,298,8,245,551
300981406,64,3,23,90
300981407,33,0,24,57
300981408,25,0,0,25
300981409,471,8,280,759
300981410,138,1,85,224
300981411,167,2,69,238
300981412,26,0,13,39
300981413,56,0,56,112
300981414,59,0,67,126
300981415,36,0,25,61
300981416,62,0,28,90
300981501,66,0,18,84
300981502,142,2,90,234
300981503,394,6,228,628
300981504,157,7,126,290
300981505,49,0,17,66
300981506,19,0,20,39
300981507,67,0,26,93
300981508,84,0,21,105
300981509,83,0,53,136
300981510,167,6,155,328
300981511,272,12,206,490
300981512,146,4,131,281
300981513,150,12,105,267
300981514,1,0,34,35
300981515,35,0,12,47
300981516,29,0,48,77
300981601,10,0,4,14
300981602,15,0,9,24
300981603,65,2,36,103
300981604,117,0,25,142
300981605,115,0,85,200
300981606,24,0,75,99
300981701,37,0,26,63
300981702,130,1,108,239
300981703,152,3,122,277
300981704,124,3,122,249
300981705,40,0,25,65
300981706,12,0,17,29
300981707,19,0,10,29
300981708,30,0,23,53
300981709,37,2,21,60
300981801,3,0,0,3
300981802,18,0,7,25
301050101,317,25,136,478
301050102,237,10,156,403
301050103,275,26,184,485
301050104,450,23,250,723
301050105,215,10,122,347
301050106,197,12,106,315
301050107,344,30,248,622
301050108,335,20,232,587
301050109,245,11,176,432
301050110,341,12,261,614
301050111,185,5,134,324
301050112,208,7,142,357
301050201,225,24,123,372
301050202,334,24,239,597
301050203,334,18,210,562
301050204,274,14,170,458
301050205,261,15,229,505
301050206,340,24,140,504
301050207,349,25,187,561
301050208,337,53,170,560
301050209,350,14,274,638
301050210,321,9,223,553
301050211,204,8,168,380
301050212,255,12,198,465
301050213,279,16,208,503
301050301,393,29,202,624
301050302,74,0,3,77
301050303,546,13,290,849
301050304,392,22,217,631
301050305,244,3,187,434
301050306,391,24,257,672
301050307,381,24,222,627
301050308,334,12,219,565
301050309,308,28,204,540
301050310,327,19,225,571
301050401,139,4,80,223
301050402,187,4,108,299
301050403,249,7,174,430
301050404,372,21,287,680
301050405,257,8,160,425
301050406,401,24,310,735
301050407,297,9,238,544
301050408,118,1,84,203
301050409,374,43,270,687
301050410,437,21,335,793
301050501,98,3,57,158
301050502,26,0,5,31
301050503,83,4,60,147
301050504,71,6,63,140
301050601,37,2,64,103
301050602,26,0,31,57
301050603,18,0,4,22
301050604,23,5,17,45
301050605,66,1,77,144
301050606,138,5,147,290
301050607,23,0,16,39
301050608,13,0,10,23
301050609,65,4,43,112
301050610,234,3,237,474
301050611,28,6,68,102
301050612,69,3,75,147
301050701,22,0,8,30
301050702,16,1,40,57
301050703,48,1,43,92
301050704,18,0,14,32
301050705,23,1,41,65
301050706,30,2,18,50
301050707,36,0,22,58
301050708,36,17,66,119
301050709,26,2,23,51
301050710,8,0,3,11
301050711,160,4,161,325
301050712,141,4,241,386
301050713,17,2,27,46
301050714,15,1,12,28
301050715,77,0,80,157
301050801,32,0,0,32
301050802,10,3,22,35
301050803,15,0,2,17
301050804,24,0,13,37
301050805,31,0,18,49
301050806,33,1,20,54
301050807,41,0,2,43
301050808,35,1,5,41
301050809,17,0,13,30
301050810,34,0,40,74
301050811,31,0,26,57
301050812,74,0,46,120
301130101,133,7,93,233
301130102,1,0,0,1
301130103,403,10,347,760
301130104,253,13,255,521
301130105,536,16,328,880
301130106,347,8,253,608
301130107,230,8,198,436
301130108,356,13,279,648
301130109,424,14,386,824
301130110,342,17,222,581
301130111,389,15,276,680
301130112,393,13,303,709
301130113,263,7,204,474
301130114,269,5,184,458
301130115,427,23,301,751
301130116,269,24,165,458
301130117,289,21,175,485
301130118,325,14,310,649
301130119,256,6,249,511
301130120,115,4,109,228
301130121,193,7,141,341
301130122,435,26,360,821
301130123,362,7,318,687
301130201,309,9,252,570
301130202,135,2,99,236
301130203,224,8,166,398
301130204,308,6,229,543
301130205,280,5,280,565
301130206,122,6,117,245
301130207,152,4,98,254
301130208,233,14,247,494
301130209,315,6,196,517
301130210,287,7,212,506
301130211,424,31,272,727
301130212,385,28,335,748
301130213,220,5,131,356
301130214,342,25,332,699
301130215,271,22,212,505
301130216,299,15,210,524
301130301,7,0,13,20
301130302,100,1,73,174
301130303,195,2,274,471
301130304,92,0,62,154
301130305,264,23,250,537
301130306,64,0,81,145
301130307,426,4,349,779
301130308,187,6,168,361
301130309,360,4,311,675
301130310,472,24,410,906
301130311,273,15,279,567
301130312,18,3,19,40
301130401,9,0,8,17
301130402,2,0,2,4
301130403,12,0,12,24
301130404,248,15,251,514
301130405,337,12,244,593
301130406,369,14,406,789
301130501,13,0,13,26
301130502,0,0,0,0
301130503,12,0,20,32
301130504,222,5,212,439
301130505,175,9,138,322
301130506,135,4,125,264
301130507,114,0,139,253
301130601,15,3,21,39
301130602,17,0,26,43
301130603,54,7,121,182
301130604,20,0,18,38
301130605,16,0,9,25
301130606,128,16,157,301
301130607,38,1,57,96
301130608,122,2,80,204
301130609,53,1,54,108
301130610,28,0,36,64
301130701,48,0,4,52
301130702,99,0,128,227
301130703,77,0,53,130
301130704,21,0,49,70
301130705,28,1,92,121
301130706,114,0,155,269
301130801,33,1,4,38
301130802,12,0,6,18
301130803,22,0,8,30
301130804,27,0,23,50
301130805,51,2,51,104
301130806,101,0,83,184
301130807,38,4,58,100
301130808,52,0,47,99
301130809,25,0,12,37
301130810,21,0,9,30
301130811,17,0,13,30
301130812,14,1,17,32
301130813,22,0,25,47
301130814,25,0,22,47
301130815,33,5,33,71
301130901,22,4,25,51
301130902,21,2,27,50
301130903,33,0,39,72
301130904,27,0,24,51
301130905,17,0,25,42
301130906,56,1,66,123
301130907,29,1,15,45
301130908,18,2,10,30
301131001,41,0,30,71
301131002,85,1,85,171
301131003,37,0,36,73
301131004,69,2,57,128
301131005,59,4,55,118
301131006,19,0,36,55
301131007,40,1,61,102
301131008,47,2,72,121
301131101,21,0,5,26
301131102,5,0,7,12
301131103,52,0,60,112
301131104,44,0,74,118
301131105,37,1,58,96
301131106,98,1,123,222
301131107,17,0,8,25
301131108,38,0,5,43
301131109,29,3,37,69
301131110,52,0,33,85
301131201,22,0,27,49
301131202,20,0,14,34
301131203,128,16,131,275
301131204,103,0,73,176
301131205,10,0,14,24
301131206,47,0,19,66
301131207,20,0,16,36
301131208,37,1,45,83
301131209,50,3,53,106
301131301,1,1,11,13
301131302,47,0,45,92
301131303,17,1,9,27
301131304,28,0,28,56
301131305,7,0,9,16
301131306,24,0,17,41
301131307,0,0,13,13
301131308,129,3,134,266
301131309,119,5,75,199
301131401,20,0,16,36
301131402,33,0,32,65
301131403,4,0,14,18
301131404,8,0,14,22
301131405,45,2,28,75
301131406,18,2,9,29
301131407,11,0,12,23
301131408,4,0,10,14
301131409,14,0,4,18
301131410,7,0,2,9
301131411,128,7,153,288
340070101,78,2,178,258
340070102,239,10,720,969
340070201,254,8,293,555
340070202,43,2,56,101
340070203,289,1,189,479
340070204,191,2,211,404
340070301,39,10,93,142
340070401,56,0,79,135
340070402,178,5,145,328
340070403,230,13,161,404
340070404,222,4,122,348
340070405,306,11,285,602
340070406,320,9,189,518
340070407,197,9,125,331
340070408,159,15,158,332
340070409,164,7,132,303
340070501,293,6,151,450
340070502,24,0,79,103
340070503,241,24,187,452
340070504,31,6,52,89
340070505,141,6,201,348
340070601,28,0,34,62
340070602,127,3,99,229
340070603,30,0,9,39
340070701,19,1,46,66
340070702,206,9,146,361
340070703,109,8,112,229
340070801,73,3,158,234
340140101,559,19,397,975
340140102,409,30,240,679
340140103,134,3,99,236
340140104,379,14,132,525
340140105,429,10,141,580
340140106,437,30,269,736
340140107,350,27,189,566
340140108,713,76,396,1185
340140109,549,17,332,898
340140110,629,57,404,1090
340140111,367,15,207,589
340140112,500,31,209,740
340140113,445,30,281,756
340140114,483,34,226,743
340140115,255,4,232,491
340140116,431,23,263,717
340140117,395,28,251,674
340140118,276,8,167,451
340140119,248,11,138,397
340140120,520,14,333,867
340140121,223,14,176,413
340140122,409,16,234,659
340140123,430,13,150,593
340140124,388,41,199,628
340140125,367,14,166,547
340140126,278,10,93,381
340140201,617,26,403,1046
340140202,492,21,317,830
340140203,557,21,339,917
340140204,219,14,227,460
340140205,512,32,460,1004
340140206,391,24,497,912
340140207,384,11,196,591
340140208,436,31,282,749
340140209,528,26,366,920
340140210,305,10,271,586
340140211,415,20,251,686
340140212,402,27,223,652
340140213,256,9,144,409
340140214,407,12,269,688
340140215,377,11,213,601
340140216,328,13,184,525
340140217,341,13,156,510
340140218,288,9,181,478
340140219,321,9,178,508
340140220,630,25,393,1048
340140221,310,23,195,528
340140222,326,12,229,567
340140223,383,24,303,710
340140301,468,8,227,703
340140302,523,22,248,793
340140303,463,7,173,643
340140304,414,15,192,621
340140305,365,11,177,553
340140306,414,15,201,630
340140307,545,21,306,872
340140308,532,36,272,840
340140309,317,17,205,539
340140310,638,25,368,1031
340140311,454,38,377,869
340140312,432,33,228,693
340140313,462,16,359,837
340140401,418,6,160,584
340140402,262,10,194,466
340140403,718,30,330,1078
340140404,608,20,319,947
340140405,321,21,200,542
340140406,610,11,387,1008
340140407,319,13,188,520
340140408,450,10,213,673
340140409,547,17,354,918
340140410,377,10,236,623
340140411,340,17,239,596
340140412,430,12,326,768
340140413,487,61,334,882
340140414,405,17,294,716
340140415,599,27,449,1075
340140416,456,46,328,830
340140417,426,38,276,740
340140418,402,16,277,695
340140419,417,15,264,696
340140501,28,0,9,37
340140502,469,15,389,873
340140503,26,1,2,29
340140504,211,19,136,366
340140505,148,4,84,236
340140506,239,6,245,490
340140601,5,0,1,6
340140602,211,11,119,341
340140603,170,8,146,324
340140604,27,0,21,48
340140605,108,2,56,166
340140606,108,0,46,154
340140607,152,8,88,248
340140608,6,0,0,6
340140609,0,0,0,0
340140701,319,7,139,465
340140702,358,7,252,617
340140703,329,30,280,639
340140704,335,29,266,630
340140705,474,28,458,960
340140706,484,36,366,886
340140707,327,17,355,699
340140708,494,26,342,862
340140709,652,19,377,1048
340140710,414,19,236,669
340140711,518,27,368,913
340140712,4,0,12,16
340140713,310,26,287,623
340140714,385,17,255,657
340140715,588,25,208,821
340140716,171,5,117,293
340140717,265,6,203,474
340140801,41,0,21,62
340140802,29,1,3,33
340140803,76,1,41,118
340140804,71,0,48,119
340140901,177,3,125,305
340140902,69,1,9,79
340141001,64,0,82,146
340141002,9,0,7,16
340141003,8,0,0,8
340141004,151,4,98,253
340141005,244,1,163,408
340141101,38,0,52,90
340141102,19,0,7,26
340141103,93,1,35,129
340141104,165,2,113,280
340141201,88,0,54,142
340141301,53,0,36,89
340141302,8,0,2,10
340141401,57,1,32,90
340141402,67,0,41,108
340141403,243,9,170,422
340141404,167,5,93,265
340141501,585,31,434,1050
340141502,433,37,272,742
340141503,342,23,139,504
340141504,684,38,372,1094
340141505,534,49,188,771
340141506,585,17,306,908
340141507,681,15,436,1132
340141508,534,34,420,988
340141509,495,35,313,843
340141510,417,16,206,639
340141511,194,16,143,353
340141512,527,24,394,945
340141513,472,42,335,849
340141514,684,38,495,1217
340141515,297,19,147,463
340141516,497,24,254,775
340141517,620,39,275,934
340141518,518,28,245,791
340141519,384,15,282,681
340141520,275,18,124,417
340141521,412,32,283,727
340141522,369,25,289,683
340141523,442,13,241,696
340141524,377,21,174,572
340141525,460,10,216,686
340141526,315,16,133,464
340141527,324,21,210,555
340141528,408,20,332,760
340141601,320,21,189,530
340141602,522,30,364,916
340141603,345,28,203,576
340141604,401,33,260,694
340141605,565,46,342,953
340141606,576,50,307,933
340141607,447,20,238,705
340141608,627,28,398,1053
340141609,481,22,279,782
340141610,564,16,281,861
340141611,440,16,229,685
340141612,401,31,248,680
340141613,419,32,242,693
340141614,335,11,203,549
340141615,463,30,241,734
340141616,571,60,307,938
340141617,470,28,304,802
340141618,384,18,178,580
340141619,382,12,269,663
340141620,474,27,225,726
340141621,669,44,284,997
340141622,644,28,347,1019
340141623,443,18,256,717
340141624,366,21,269,656
340141625,353,16,260,629
340141626,403,17,237,657
340141627,324,26,245,595
340141628,343,36,214,593
340141701,324,8,161,493
340141702,293,26,253,572
340141703,436,17,306,759
340141704,419,35,298,752
340141705,686,57,499,1242
340141706,490,24,394,908
340141707,209,7,106,322
340141708,386,11,329,726
340141709,377,8,214,599
340141710,294,22,216,532
340141711,366,32,225,623
340141712,356,16,198,570
340141713,167,5,83,255
340141714,452,26,284,762
340141715,339,9,157,505
340141716,511,15,309,835
340141717,393,10,222,625
340141801,18,0,3,21
340141802,6,0,3,9
340141901,49,1,11,61
340141902,10,0,1,11
340142001,45,0,35,80
340142002,266,21,413,700
340142003,28,0,13,41
340142004,359,11,238,608
340142005,33,1,22,56
340142006,423,16,380,819
340142007,33,1,56,90
340142008,6,0,3,9
340142009,23,0,14,37
340142010,4,0,0,4
340142011,22,0,35,57
340142012,177,1,165,343
340142013,471,16,206,693
340142014,336,17,224,577
340142015,510,38,381,929
340142016,442,20,337,799
340142017,336,14,199,549
340142018,335,11,135,481
340142019,200,25,441,666
340142020,187,18,214,419
340142021,0,0,0,0
340142022,1,0,0,1
340142023,471,38,335,844
340142024,318,19,217,554
340142025,464,14,259,737
340142026,437,20,278,735
340142027,417,33,373,823
340142101,287,12,196,495
340142102,352,25,242,619
340142103,436,18,282,736
340142104,489,24,325,838
340142105,190,6,191,387
340142106,255,21,167,443
340142107,270,20,191,481
340142108,274,17,186,477
340142109,290,9,211,510
340142110,262,14,175,451
340142111,385,30,210,625
340142112,206,31,147,384
340142113,307,22,206,535
340142114,372,21,199,592
340142115,659,22,412,1093
340142116,683,34,446,1163
340142117,495,21,282,798
340142118,393,35,228,656
340142119,398,27,292,717
340142201,345,36,216,597
340142202,417,23,389,829
340142203,275,47,194,516
340142204,566,30,350,946
340142205,640,45,407,1092
340142206,621,18,450,1089
340142207,613,31,427,1071
340142208,679,25,443,1147
340142209,551,28,472,1051
340142210,691,40,477,1208
340142211,555,18,472,1045
340142212,651,34,371,1056
340142213,563,24,534,1121
340142214,592,80,481,1153
340142215,426,18,268,712
340142216,516,21,381,918
340142217,474,27,332,833
340142218,415,58,414,887
340142219,559,24,345,928
340142220,288,27,217,532
340142221,289,7,176,472
340142222,15,1,40,56
340210101,6,0,11,17
340210102,41,1,17,59
340210201,95,7,261,363
340210202,37,4,76,117
340210203,8,0,8,16
340210204,12,0,4,16
340210205,8,0,3,11
340210206,39,0,61,100
340210207,9,0,15,24
340210208,67,6,107,180
340210209,42,0,21,63
340210210,32,1,99,132
340210211,217,14,237,468
340210212,227,6,262,495
340210213,303,26,434,763
340210214,341,15,496,852
340210215,167,4,178,349
340210301,92,3,65,160
340210302,192,3,153,348
340210303,70,0,89,159
340210304,224,4,244,472
340210305,202,6,255,463
340210306,91,11,126,228
340210307,288,8,293,589
340210401,21,0,8,29
340210402,93,0,83,176
340210403,312,17,364,693
340210501,6,0,4,10
340210502,89,7,205,301
340210601,73,6,78,157
340210602,113,7,212,332
340210603,216,10,247,473
340210604,297,7,365,669
340210701,30,0,20,50
340210702,20,0,4,24
340210703,72,0,51,123
340210704,34,0,19,53
340210705,10,0,2,12
340210706,365,10,491,866
340210707,343,13,283,639
340210708,201,13,250,464
340210709,65,5,173,243
340280101,193,12,217,422
340280102,256,22,159,437
340280103,343,34,389,766
340280104,370,30,252,652
340280105,377,15,383,775
340280106,332,18,239,589
340280107,219,27,401,647
340280108,179,3,254,436
340280109,272,60,425,757
340280110,123,17,251,391
340280111,78,48,185,311
340280112,231,14,222,467
340280113,280,52,269,601
340280114,247,9,217,473
340280115,156,66,336,558
340280201,110,14,573,697
340280301,150,6,109,265
340280302,37,7,34,78
340350101,238,5,322,565
340350102,84,2,59,145
340350103,186,5,156,347
340350104,25,0,31,56
340350105,26,0,74,100
340350106,153,5,274,432
340350107,14,0,3,17
340350108,275,2,295,572
340350201,209,11,259,479
340350202,70,4,81,155
340350203,142,3,195,340
340350204,101,0,97,198
340350205,43,0,5,48
340350206,79,3,113,195
340350207,7,0,6,13
340350301,233,5,330,568
340350302,25,0,32,57
340350303,91,4,157,252
340350304,12,1,1,14
340350401,14,0,14,28
340350402,298,7,432,737
340350403,120,3,23,146
340350404,53,0,19,72
340350405,240,6,261,507
340350406,131,2,131,264
340350501,499,8,603,1110
340350502,35,2,26,63
340350503,2,0,0,2
340350601,127,0,149,276
340350602,177,3,236,416
340350603,177,3,141,321
340350604,209,10,209,428
340350605,204,4,109,317
340350606,237,4,146,387
340350607,299,1,211,511
340350608,258,1,155,414
340350609,184,1,142,327
340350610,153,5,123,281
340350611,416,16,350,782
340350612,358,9,367,734
340350613,278,30,251,559
340350614,170,10,126,306
340350615,168,11,168,347
340350701,125,0,173,298
340350702,152,4,209,365
340350703,166,3,207,376
340350704,394,5,327,726
340350705,346,3,264,613
340350706,210,3,116,329
340350707,272,3,258,533
340350801,169,1,148,318
340350802,263,12,337,612
340350803,245,12,283,540
340350804,198,4,391,593
340350805,274,5,415,694
340350806,211,5,228,444
340350901,238,8,152,398
340350902,277,6,230,513
340350903,328,12,265,605
340350904,297,9,263,569
340350905,212,12,187,411
340350906,431,1,321,753
340350907,192,5,356,553
340350908,241,4,365,610
340350909,347,11,401,759
340350910,185,9,186,380
340350911,286,5,150,441
340351001,199,6,242,447
340351002,356,10,377,743
340351003,246,10,247,503
340351004,415,25,418,858
340351005,258,8,207,473
340351006,216,17,252,485
340351007,187,2,180,369
340351101,62,16,89,167
340351102,37,1,32,70
340351103,232,10,328,570
340351104,238,5,220,463
340351105,251,13,159,423
340351201,438,13,363,814
340351202,494,21,307,822
340351203,439,8,233,680
340351204,240,8,181,429
340351205,346,12,279,637
340351206,273,5,226,504
340351207,425,4,335,764
340351208,239,2,184,425
340351209,243,14,164,421
340351210,103,4,130,237
340351301,38,1,75,114
340351302,31,0,13,44
340351303,28,0,29,57
340351401,72,1,49,122
340351402,52,0,47,99
340351403,27,1,52,80
340351501,4,0,0,4
340351502,121,2,97,220
340351503,91,8,150,249
340351601,145,1,91,237
340351701,39,1,33,73
340351702,31,0,9,40
340351703,8,0,11,19
340351704,31,0,8,39
340351801,167,7,168,342
340351802,99,8,194,301
340351803,60,0,75,135
340351804,42,1,70,113
340351805,177,8,167,352
340351806,245,4,196,445
340351807,229,23,165,417
340351808,285,12,250,547
340351809,128,11,255,394
340351810,179,18,152,349
340351811,173,5,157,335
340351812,120,3,126,249
340351901,76,0,26,102
340351902,66,1,37,104
340351903,87,7,164,258
340351904,202,3,241,446
340351905,301,28,200,529
340351906,340,13,197,550
340351907,96,31,191,318
340351908,247,36,273,556
340351909,30,4,84,118
340352001,84,1,49,134
340352002,153,0,99,252
340352003,65,0,65,130
340352101,36,0,41,77
340352102,26,0,5,31
340352103,48,0,79,127
340420101,37,1,52,90
340420102,171,11,255,437
340420103,65,1,129,195
340420104,129,5,295,429
340420105,252,7,236,495
340420106,110,2,193,305
340420107,168,2,157,327
340420108,160,10,182,352
340420109,371,6,487,864
340420110,326,6,332,664
340420111,405,13,390,808
340420112,110,1,135,246
340420201,6,0,35,41
340420202,101,0,138,239
340420203,38,0,63,101
340420204,258,12,497,767
340420205,309,7,284,600
340420301,81,0,155,236
340420302,23,0,9,32
340420303,205,12,248,465
340420304,25,0,41,66
340420305,229,15,649,893
340420306,292,14,343,649
340420307,151,11,237,399
340420401,152,2,198,352
340420402,13,0,19,32
340420403,17,0,3,20
340420501,163,4,337,504
340420502,45,1,15,61
340420503,4,0,14,18
340420504,280,14,293,587
340420505,329,6,312,647
340420506,272,30,265,567
340490101,451,11,240,702
340490102,681,37,439,1157
340490103,395,20,390,805
340490104,367,16,220,603
340490105,345,12,252,609
340490106,608,19,316,943
340490107,368,16,290,674
340490108,414,12,282,708
340490109,644,18,465,1127
340490110,369,15,351,735
340490111,397,30,257,684
340490112,340,3,187,530
340490113,401,13,278,692
340490114,783,16,494,1293
340490115,534,28,464,1026
340490116,408,15,241,664
340490117,425,18,281,724
340490118,412,15,223,650
340490119,550,14,406,970
340490120,454,30,280,764
340490121,565,28,266,859
340490122,607,25,332,964
340490123,475,19,217,711
340490124,440,37,426,903
340490125,470,27,273,770
340490126,345,38,228,611
340490127,252,19,127,398
340490128,398,11,209,618
340490201,3,0,1,4
340490301,16,0,5,21
340490302,213,10,178,401
340490303,62,8,50,120
340490304,81,2,27,110
340490305,75,0,34,109
340490306,119,1,77,197
340490401,42,1,27,70
340490402,46,1,34,81
340490403,173,6,262,441
340490501,23,0,11,34
340490601,142,1,153,296
340490602,247,4,345,596
340490603,217,3,291,511
340490604,136,5,107,248
340490605,7,0,15,22
340490606,48,1,155,204
340490607,28,0,8,36
340490608,11,0,8,19
340490609,124,11,132,267
340490610,300,15,446,761
340490611,205,7,196,408
340490612,317,16,326,659
340490613,191,6,289,486
340490614,254,18,292,564
340490701,239,3,326,568
340490702,97,1,167,265
340490703,562,11,455,1028
340490704,188,9,263,460
340490705,43,0,61,104
340490706,144,3,325,472
340490707,41,0,42,83
340490708,178,24,273,475
340490709,74,0,70,144
340490710,233,2,143,378
340490801,300,4,329,633
340490802,110,1,125,236
340490803,117,3,157,277
340490804,475,37,981,1493
340490805,674,38,806,1518
340490806,359,17,358,734
340490807,207,14,200,421
340490808,249,4,182,435
340490901,128,15,208,351
340490902,367,4,465,836
340490903,270,12,319,601
340490904,11,0,13,24
340491001,10,0,4,14
340491002,76,0,68,144
340491003,466,16,226,708
340491004,471,10,439,920
340491005,683,19,364,1066
340491006,672,52,356,1080
340491007,426,48,332,806
340491008,450,27,317,794
340491009,456,14,315,785
340491010,606,42,322,970
340491011,370,32,265,667
340491012,553,15,405,973
340491013,419,21,343,783
340491014,365,14,368,747
340491015,356,7,294,657
340491016,526,37,370,933
340491017,438,14,187,639
340491018,373,15,362,750
340491019,365,30,361,756
340491020,456,17,332,805
340491021,385,63,345,793
340491022,222,4,95,321
340491023,1,0,0,1
340491024,50,3,27,80
340491101,396,9,328,733
340491102,171,3,158,332
340491103,298,12,280,590
340491104,372,11,261,644
340491105,262,8,201,471
340491106,365,13,405,783
340491107,213,7,151,371
340491108,187,3,100,290
340491109,321,13,183,517
340560101,378,20,385,783
340560102,149,2,122,273
340560103,387,7,315,709
340560104,354,12,330,696
340560105,287,4,314,605
340560106,429,19,416,864
340560107,288,9,279,576
340560108,232,5,186,423
340560109,381,22,245,648
340560110,335,7,260,602
340560111,418,11,372,801
340560112,441,10,375,826
340560113,272,5,324,601
340560114,66,10,106,182
340560115,210,9,139,358
340560116,354,8,298,660
340560117,278,6,193,477
340560201,4,0,2,6
340560202,137,4,289,430
340560203,7,0,1,8
340560204,3,0,13,16
340560205,32,0,1,33
340560301,89,1,67,157
340560302,21,0,32,53
340560303,200,2,213,415
340560304,6,0,3,9
340560401,14,1,8,23
340560402,223,1,282,506
340560403,75,1,125,201
340560404,18,0,24,42
340560405,256,9,308,573
340560406,295,11,223,529
340560407,217,9,273,499
340560408,358,13,374,745
340560409,359,13,395,767
340560501,140,7,302,449
340560502,135,0,135,270
340560503,97,5,141,243
340560504,223,3,227,453
340560601,129,5,79,213
340560602,99,2,73,174
340560603,104,0,79,183
340560604,49,0,36,85
340560605,99,10,112,221
340560701,232,8,250,490
340560702,83,2,60,145
340560703,49,0,16,65
340560704,38,3,36,77
340560705,328,7,252,587
340560706,269,13,306,588
340560707,328,8,346,682
340560708,399,8,362,769
340560709,240,7,178,425
340560801,77,0,62,139
340560802,54,6,91,151
340560803,17,0,12,29
340560804,24,0,40,64
340560805,64,1,65,130
340560901,82,1,50,133
340560902,74,0,66,140
340560903,18,0,14,32
340561001,142,1,201,344
340561002,39,1,45,85
340561003,123,1,115,239
340561004,53,1,61,115
340561005,26,1,36,63
340561101,354,8,340,702
340561102,302,13,300,615
340561103,283,7,175,465
340561104,358,5,233,596
340561105,365,9,273,647
340561106,227,13,237,477
340561107,269,13,234,516
340561108,387,16,330,733
340561109,308,11,298,617
340561110,302,6,267,575
340561111,283,21,253,557
340561112,384,5,315,704
340561113,299,15,204,518
340561114,197,4,225,426
340561115,312,14,236,562
340561116,341,15,318,674
340561117,306,10,265,581
340561118,287,6,287,580
340561119,366,16,335,717
340561120,269,5,153,427
340561121,349,11,214,574
340561122,243,12,171,426
340561123,185,4,107,296
340561201,21,0,8,29
340561202,149,1,132,282
340561203,14,0,7,21
340561301,56,1,81,138
340561302,28,0,38,66
340561401,113,4,94,211
340561402,201,15,234,450
340561403,16,0,62,78
340561404,16,0,40,56
340561405,30,0,57,87
340561406,61,4,57,122
340561407,77,0,63,140
340561408,260,4,256,520
340561409,398,6,403,807
340561501,219,1,174,394
340561502,50,0,19,69
340561503,86,2,82,170
340561504,23,0,22,45
340561505,8,0,3,11
340561506,185,0,233,418
340561507,275,1,206,482
340561508,393,14,254,661
340561509,274,10,291,575
340561510,340,6,342,688
340561511,311,17,258,586
340561512,320,2,376,698
340561513,252,6,288,546
340561601,56,1,88,145
340561602,24,1,13,38
340561603,23,0,15,38
340561604,76,1,62,139
340561701,45,0,27,72
340561702,55,1,21,77
340561801,89,1,116,206
340561802,66,1,78,145
340561803,18,1,15,34
340630101,300,23,743,1066
340630102,447,21,955,1423
340630201,286,21,463,770
340630202,342,17,609,968
340630203,154,8,433,595
340630204,331,2,655,988
340630205,291,12,578,881
340630206,272,4,189,465
340630207,219,6,398,623
380070101,237,11,141,389
380070102,46,5,58,109
380070103,15,0,17,32
380070104,88,4,77,169
380070105,322,14,321,657
380070106,257,12,233,502
380070107,303,25,295,623
380070108,360,50,437,847
380070109,315,22,440,777
380070110,185,17,202,404
380070111,239,30,246,515
380070201,61,8,77,146
380070202,34,4,44,82
380070203,40,2,40,82
380070204,243,66,382,691
380070205,165,10,119,294
380070301,67,1,20,88
380070302,51,4,37,92
380070303,82,1,111,194
380070401,21,0,20,41
380070402,76,3,91,170
380070403,207,6,156,369
380070404,57,2,66,125
380070405,39,1,59,99
380070501,93,12,58,163
380070502,34,6,45,85
380070503,118,10,118,246
380070504,84,2,61,147
380140101,59,7,49,115
380140102,163,2,40,205
380140103,287,6,174,467
380140104,204,11,101,316
380140105,520,34,330,884
380140106,121,2,84,207
380140107,324,3,211,538
380140108,175,3,103,281
380140109,310,6,151,467
380140115,19,1,19,39
380140116,291,4,211,506
380140117,271,32,279,582
380140201,432,11,230,673
380140202,31,1,15,47
380140203,587,7,282,876
380140204,372,14,239,625
380140205,445,27,330,802
380140206,191,9,97,297
380140301,174,0,93,267
380140302,478,11,236,725
380140303,258,4,104,366
380140304,1025,29,665,1719
380140305,723,26,424,1173
380140401,721,17,335,1073
380140402,387,16,243,646
380140403,414,8,240,662
380140404,587,10,361,958
380140405,499,30,336,865
380140406,751,29,486,1266
380140407,590,20,488,1098
380140408,511,36,372,919
380140409,691,30,568,1289
380140410,517,33,364,914
380140411,560,36,371,967
380140412,272,2,287,561
380140413,493,34,409,936
380140414,472,31,337,840
380140501,339,22,204,565
380140502,305,3,149,457
380140503,510,29,329,868
380140504,93,2,57,152
380140505,40,1,26,67
380140506,205,9,154,368
380140507,566,35,417,1018
380140508,625,22,407,1054
380140509,539,22,379,940
380140510,444,12,247,703
380140511,522,21,416,959
380140512,471,30,315,816
380140513,453,48,365,866
380140514,597,34,504,1135
380140515,700,24,440,1164
380140516,384,14,267,665
380140517,183,14,89,286
380140601,464,22,311,797
380140602,490,19,346,855
380140603,400,23,266,689
380140604,616,36,435,1087
380140605,485,22,419,926
380140606,433,23,324,780
380140607,525,29,271,825
380140608,508,20,299,827
380140609,933,34,589,1556
380140610,432,20,294,746
380140611,541,23,548,1112
380140612,552,40,347,939
380140613,480,39,307,826
380140614,386,31,352,769
380140615,622,34,559,1215
380140616,440,29,347,816
380140617,502,19,390,911
380140618,455,40,438,933
380140619,450,29,386,865
380140701,305,14,281,600
380140702,110,18,43,171
380140703,81,11,40,132
380140704,85,9,45,139
380140705,374,33,177,584
380140706,348,20,242,610
380140707,459,19,204,682
380140708,663,33,462,1158
380140709,559,60,429,1048
380140710,758,58,520,1336
380140711,774,47,781,1602
380140712,813,44,612,1469
380140713,576,31,560,1167
380140714,359,15,191,565
380140715,338,33,141,512
380140716,573,28,377,978
380140717,235,8,265,508
380140718,215,4,154,373
380210101,3,0,40,43
380210102,28,1,40,69
380210103,208,11,116,335
380210104,2,0,18,20
380210105,184,12,125,321
380210106,287,11,223,521
380210107,304,3,203,510
380210108,522,28,388,938
380210109,104,8,60,172
380210110,230,13,176,419
380210201,29,0,90,119
380210202,41,1,46,88
380210203,9,0,1,10
380210204,8,0,5,13
380210301,13,0,22,35
380210302,19,0,19,38
380210303,89,0,69,158
380210304,35,3,16,54
380210305,69,2,26,97
380210306,18,2,10,30
380210307,431,19,311,761
380210401,6,0,0,6
380210402,117,20,121,258
380210403,11,1,11,23
380210404,101,3,65,169
380210405,384,12,276,672
380210406,358,10,182,550
380210407,72,0,27,99
380210408,156,11,107,274
380210409,692,30,460,1182
380210410,454,28,265,747
380210411,517,23,273,813
380210412,512,33,290,835
380210413,510,40,366,916
380210414,342,9,250,601
380210415,427,30,263,720
380210416,209,6,147,362
380210417,486,56,290,832
380210418,179,21,111,311
380210419,166,7,63,236
380210501,501,19,209,729
380210502,555,32,236,823
380210503,672,29,309,1010
380210504,802,50,407,1259
380210505,541,30,233,804
380210506,351,12,163,526
380210507,498,50,277,825
380210508,456,12,227,695
380210509,440,32,285,757
380210510,837,47,444,1328
380210511,428,26,179,633
380210512,569,14,253,836
380210513,667,35,336,1038
380210514,741,24,336,1101
380210515,449,53,277,779
380210516,524,23,199,746
380210517,477,14,210,701
380210518,379,30,229,638
380210519,472,50,262,784
380210520,630,24,195,849
380210521,658,18,234,910
380210522,584,13,253,850
380210523,443,46,304,793
380210524,705,26,298,1029
380210525,341,15,127,483
380210526,297,23,175,495
380210527,373,6,117,496
380210601,432,19,210,661
380210602,455,54,204,713
380210603,625,32,320,977
380210604,799,26,304,1129
380210605,239,5,114,358
380210606,105,3,50,158
380210607,350,11,139,500
380210608,492,26,172,690
380210609,275,8,120,403
380210610,332,4,160,496
380210611,446,17,256,719
380210612,208,9,97,314
380210613,225,17,141,383
380210614,502,21,241,764
380210615,354,11,136,501
380210616,406,13,168,587
380210617,499,28,267,794
380210618,570,30,275,875
380210619,368,24,268,660
380210620,374,17,176,567
380210621,428,14,225,667
380210701,609,18,293,920
380210702,378,18,164,560
380210703,106,7,54,167
380210704,415,27,276,718
380210705,619,34,309,962
380210706,226,9,119,354
380210707,464,11,269,744
380210708,343,11,129,483
380210709,364,10,140,514
380210710,365,3,143,511
380210711,472,30,296,798
380210712,381,15,265,661
380210713,349,20,189,558
380210714,422,21,252,695
380210715,625,19,282,926
380210716,692,42,384,1118
380210717,648,17,327,992
380210718,382,12,171,565
380210719,508,31,322,861
380210720,396,12,182,590
380210721,337,7,109,453
380210801,346,35,166,547
380210802,525,31,266,822
380210803,256,5,129,390
380210804,388,23,220,631
380210805,467,27,277,771
380210806,654,32,363,1049
380210807,694,43,415,1152
380210808,814,34,378,1226
380210809,539,29,257,825
380210810,437,15,268,720
380210811,457,21,191,669
380210812,600,62,376,1038
380210813,348,38,227,613
380210814,466,34,248,748
380210815,424,15,214,653
380210816,804,62,369,1235
380210817,434,14,346,794
380210818,579,35,336,950
380210819,536,31,296,863
380210820,240,5,175,420
380210821,473,13,328,814
380210822,583,22,263,868
380210823,425,16,280,721
380210824,406,11,238,655
380210825,362,32,231,625
380210826,426,39,250,715
380210827,330,18,184,532
380210901,556,38,360,954
380210902,365,16,126,507
380210903,360,21,135,516
380210904,210,11,131,352
380210905,590,34,328,952
380210906,437,25,259,721
380210907,513,29,299,841
380210908,500,23,255,778
380210909,411,13,192,616
380210910,657,32,260,949
380210911,804,50,359,1213
380210912,743,66,353,1162
380210913,490,45,448,983
380210914,434,39,310,783
380210915,667,74,377,1118
380210916,826,50,471,1347
380210917,641,24,324,989
380210918,701,45,379,1125
380210919,294,18,156,468
380210920,528,48,207,783
380210921,472,42,187,701
380210922,549,34,185,768
380210923,229,8,105,342
380211001,603,44,229,876
380211002,616,28,404,1048
380211003,530,37,288,855
380211004,397,37,260,694
380211005,719,67,363,1149
380211006,517,29,279,825
380211007,667,30,302,999
380211008,505,30,276,811
380211009,643,26,318,987
380211010,465,40,348,853
380211011,350,14,204,568
380211012,508,22,219,749
380211013,489,30,265,784
380211014,643,34,338,1015
380211101,652,43,328,1023
380211102,514,29,282,825
380211103,620,41,293,954
380211104,476,42,234,752
380211105,716,48,276,1040
380211106,494,40,210,744
380211107,529,53,224,806
380211108,755,53,444,1252
380211109,296,8,112,416
380211110,597,29,331,957
380211111,545,27,363,935
380211112,375,15,204,594
380211113,426,22,307,755
380211114,472,20,225,717
380211115,389,26,217,632
380211116,491,28,226,745
380211117,543,36,297,876
380211118,242,13,112,367
380211201,536,27,215,778
380211202,652,37,280,969
380211203,806,68,396,1270
380211204,537,30,297,864
380211205,546,34,241,821
380211206,734,46,314,1094
380211207,711,79,382,1172
380211208,386,43,189,618
380211209,618,49,277,944
380211210,630,40,260,930
380211211,474,21,281,776
380211212,466,20,275,761
380211213,400,36,160,596
380211214,807,46,368,1221
380211215,521,31,285,837
380211216,415,31,167,613
380211217,443,30,259,732
380211218,486,40,239,765
380211219,595,43,305,943
380211220,598,18,451,1067
380211221,675,28,130,833
380211301,632,35,223,890
380211302,31,1,4,36
380211303,82,2,40,124
380211304,397,16,248,661
380211305,644,29,275,948
380211306,420,27,244,691
380211307,746,25,368,1139
380211308,819,86,416,1321
380211309,664,92,351,1107
380211310,505,30,291,826
380211311,758,70,374,1202
380211312,655,72,311,1038
380211313,724,55,409,1188
380211314,466,21,201,688
380211315,633,40,340,1013
380211316,537,25,352,914
380211317,654,40,295,989
380211318,388,35,232,655
380211319,577,42,355,974
380211320,447,58,228,733
380211321,387,28,241,656
380211322,572,38,287,897
380211401,506,23,250,779
380211402,622,31,485,1138
380211403,645,58,343,1046
380211404,607,53,418,1078
380211405,582,24,335,941
380211406,676,49,337,1062
380211407,869,73,487,1429
380211408,922,57,382,1361
380211409,776,52,399,1227
380211410,353,12,287,652
380211411,417,26,210,653
380211412,493,60,342,895
380211413,456,21,296,773
380211414,814,44,498,1356
380211415,717,49,482,1248
380211416,550,16,297,863
380211417,829,74,550,1453
380211418,583,23,335,941
380211419,550,57,327,934
380211501,648,45,241,934
380211502,249,11,130,390
380211503,132,3,57,192
380211504,216,11,78,305
380211505,292,23,101,416
380211506,371,20,133,524
380211507,422,25,157,604
380211508,456,20,156,632
380211509,327,23,96,446
380211510,495,22,141,658
380211511,688,27,261,976
380211512,493,33,227,753
380211513,369,21,98,488
380211514,468,27,200,695
380211515,340,15,92,447
380211516,134,9,43,186
380211517,288,8,49,345
380211518,681,19,187,887
380211519,262,8,62,332
380211520,43,6,25,74
380280101,72,7,124,203
380280102,89,7,65,161
380280103,82,5,124,211
380280201,126,0,61,187
380280202,88,1,64,153
380280203,194,1,103,298
380280204,58,1,53,112
380280205,81,0,24,105
380280301,279,4,100,383
380280302,158,0,38,196
380280303,171,2,185,358
380280401,124,13,157,294
380280402,109,0,91,200
380280403,320,19,305,644
380280404,306,5,175,486
380280405,254,20,184,458
380280406,274,14,237,525
380280407,401,22,290,713
380280408,244,10,151,405
380280409,299,11,185,495
380280410,383,32,369,784
380280411,411,17,335,763
380280412,182,10,172,364
380280413,366,14,177,557
380280414,165,9,113,287
380280415,354,18,203,575
380280501,14,1,52,67
380280502,103,6,139,248
380280503,233,4,133,370
380280504,275,9,213,497
380280505,245,10,255,510
380280601,21,4,47,72
380280602,152,6,113,271
380350101,467,22,317,806
380350102,103,15,78,196
380350103,5,0,2,7
380350104,14,1,7,22
380350105,524,39,392,955
380350106,517,26,630,1173
380350107,364,36,489,889
380350108,412,18,331,761
380350109,333,22,456,811
380350110,280,10,302,592
380350111,315,7,423,745
380350112,284,4,241,529
380350113,317,34,250,601
380350114,290,38,285,613
380350115,280,2,137,419
380350201,2,0,0,2
380350202,2,0,3,5
380350203,0,0,0,0
380350204,330,15,233,578
380350205,347,23,175,545
380350206,66,2,44,112
380350207,69,6,33,108
380350208,60,7,58,125
380350209,96,4,83,183
380350210,385,24,328,737
380350211,602,29,538,1169
380350212,345,24,277,646
380350213,311,18,130,459
380350214,258,27,284,569
380350215,268,15,230,513
380350216,221,12,130,363
380350217,368,43,286,697
380350301,30,3,37,70
380350302,33,4,20,57
380350303,33,1,25,59
380350304,17,0,14,31
380350305,25,0,4,29
380350306,265,17,206,488
380350401,182,7,111,300
380350403,117,16,107,240
380350404,235,34,469,738
380350405,0,0,0,0
380350406,0,0,0,0
380350407,317,26,502,845
380350408,609,34,655,1298
380350409,490,30,442,962
380350410,495,21,454,970
380350411,386,37,322,745
380350412,491,22,609,1122
380350413,448,15,583,1046
380350414,366,60,477,903
380350415,342,17,191,550
380350416,451,43,408,902
380350501,641,32,364,1037
380350502,528,39,363,930
380350503,583,53,388,1024
380350504,622,58,456,1136
380350505,411,25,390,826
380350506,419,61,334,814
380350507,532,25,396,953
380350508,326,19,213,558
380350509,259,10,115,384
380350510,510,36,353,899
380350511,248,17,229,494
380350512,239,15,119,373
380350513,336,18,252,606
380350514,408,30,353,791
380350515,626,35,460,1121
380350516,726,38,544,1308
380350517,271,16,247,534
380350601,603,67,429,1099
380350602,529,41,480,1050
380350603,579,44,402,1025
380350604,526,40,608,1174
380350605,401,19,402,822
380350606,598,46,424,1068
380350607,434,41,364,839
380350608,360,35,335,730
380350609,338,50,258,646
380350610,612,65,406,1083
380350611,479,36,315,830
380350612,571,29,357,957
380350613,632,22,283,937
380350614,649,37,373,1059
380350615,431,22,443,896
380350616,496,35,417,948
380350617,576,52,393,1021
380350618,536,38,493,1067
380350619,364,23,249,636
380420101,62,1,75,138
380420102,4,0,21,25
380420103,15,1,19,35
380420104,235,5,157,397
380420105,150,11,147,308
380420201,105,2,63,170
380420202,65,3,56,124
380420203,4,0,0,4
380420204,101,4,76,181
380420205,414,29,338,781
380420206,206,17,147,370
380420207,212,11,143,366
380420208,533,42,358,933
380420301,169,14,105,288
380420302,58,1,70,129
380420401,599,52,537,1188
380420402,528,39,425,992
380420403,490,31,430,951
380420404,555,48,519,1122
380420405,424,22,337,783
380420406,360,21,320,701
380420407,573,56,503,1132
380420408,527,35,342,904
380420409,392,31,234,657
380420410,406,29,198,633
380420411,414,33,278,725
380420412,218,12,151,381
380420413,350,30,256,636
380420414,616,29,493,1138
380420501,546,33,474,1053
380420502,433,29,414,876
380420503,472,36,411,919
380420504,369,18,447,834
380420505,463,33,355,851
380420506,457,50,507,1014
380420507,432,23,224,679
380420508,376,23,241,640
380420509,525,47,395,967
380420510,386,26,312,724
380420511,370,21,289,680
380420512,550,37,518,1105
380420513,356,22,371,749
380420601,410,33,287,730
380420602,452,28,273,753
380420603,417,28,295,740
380420604,515,30,355,900
380420605,331,16,311,658
380420606,277,31,304,612
380420607,658,78,582,1318
380420608,412,22,318,752
380420609,799,51,553,1403
380420610,621,54,600,1275
380420611,431,29,320,780
380420612,366,29,314,709
380420613,459,52,442,953
380490101,22,0,16,38
380490102,86,2,32,120
380490103,16,0,13,29
380490104,22,2,42,66
380490105,50,12,70,132
380490106,102,2,100,204
380490201,66,1,15,82
380490202,40,0,41,81
380490301,42,1,105,148
380490302,71,3,114,188
380490303,71,3,48,122
380560101,18,0,11,29
380560102,222,8,147,377
380560103,94,2,62,158
380560104,303,15,256,574
380560105,323,12,170,505
380560201,250,12,129,391
380560202,282,12,177,471
380560203,67,2,70,139
380560204,270,21,235,526
380560301,3,0,11,14
380560302,14,0,1,15
380560303,30,0,13,43
380560304,11,0,11,22
380630101,29,0,8,37
380630102,110,12,62,184
380630103,356,27,350,733
380630104,434,20,313,767
380630106,389,4,470,863
380630107,270,12,328,610
380630108,85,0,54,139
380630109,287,4,224,515
380630110,466,28,280,774
380630111,365,14,291,670
380630112,34,1,36,71
380630119,533,31,664,1228
380630124,562,57,320,939
380630201,56,2,40,98
380630202,142,23,73,238
380630203,174,28,229,431
380630204,128,11,196,335
380630205,64,1,63,128
380630206,588,19,397,1004
380630207,617,27,438,1082
380630208,370,12,277,659
380630209,219,13,82,314
380630301,167,19,177,363
380630302,75,1,64,140
380630303,273,7,154,434
380630401,669,45,318,1032
380630402,373,13,290,676
380630403,409,8,340,757
380630404,562,42,420,1024
380630405,568,32,423,1023
380630406,690,34,341,1065
380630407,517,23,439,979
380630408,330,17,230,577
380630409,455,19,293,767
380630410,438,8,325,771
380630411,368,9,231,608
380630412,406,20,272,698
380630413,695,37,371,1103
380630414,632,36,361,1029
380630415,632,35,424,1091
380630416,362,6,185,553
380630417,357,18,202,577
380630418,469,24,358,851
380630419,435,18,289,742
380630420,609,17,357,983
380630421,480,13,299,792
380630501,499,62,393,954
380630502,589,49,420,1058
380630503,412,33,305,750
380630504,331,5,222,558
380630505,413,6,174,593
380630506,247,7,154,408
380630507,346,18,303,667
380630508,525,23,251,799
380630509,452,20,357,829
380630510,522,22,253,797
380630511,912,35,353,1300
380630512,410,22,224,656
380630513,280,14,202,496
380630514,421,16,290,727
380630515,497,35,354,886
380630516,476,21,314,811
380630517,374,10,246,630
380630518,384,30,270,684
380630519,405,47,187,639
380630520,399,20,255,674
380630601,426,25,255,706
380630602,442,14,213,669
380630603,2,0,0,2
380630604,35,3,16,54
380630605,186,9,110,305
380630606,117,5,59,181
380630607,452,44,290,786
380630608,0,0,0,0
380630609,230,15,94,339
380630610,152,13,59,224
380630611,347,45,143,535
380630612,327,24,98,449
380630613,634,49,461,1144
380630614,478,29,340,847
380630615,606,22,407,1035
380630616,556,51,367,974
380630617,466,35,281,782
380630618,457,26,252,735
380700101,343,8,163,514
380700102,13,0,6,19
380700105,487,11,485,983
380700106,546,29,487,1062
380700107,159,20,145,324
380700201,57,5,28,90
380700202,235,6,125,366
380700203,266,3,170,439
380700204,637,35,575,1247
380700205,256,14,262,532
380700206,227,11,239,477
380700207,164,13,128,305
380700301,43,1,12,56
380700302,20,0,8,28
380700303,20,0,9,29
380700401,26,0,36,62
380700402,58,0,27,85
380700403,360,13,456,829
380700404,431,27,400,858
380700501,338,19,347,704
380700502,116,3,120,239
380700503,26,0,2,28
380700504,183,6,176,365
380700505,62,8,71,141
380700506,466,16,513,995
380700507,419,22,416,857
380700508,175,11,293,479
380700601,27,1,51,79
380700602,45,2,9,56
380770101,67,1,96,164
380770102,42,1,78,121
380770103,78,1,117,196
380770201,68,0,27,95
380770202,116,1,103,220
380770203,83,3,39,125
380770204,89,2,68,159
380770301,138,4,137,279
380770302,67,3,48,118
380770303,91,0,59,150
380770304,81,0,67,148
380840101,102,8,70,180
380840102,36,3,55,94
380840201,86,6,80,172
380840202,72,2,78,152
380840301,47,3,50,100
380840302,147,2,170,319
380840303,302,13,255,570
380840401,60,1,32,93
380840402,6,0,8,14
380840403,41,4,45,90
380840501,7,0,20,27
380840502,93,2,115,210
380940101,4,1,24,29
380940102,237,13,189,439
380940103,215,28,236,479
380940104,194,14,207,415
380940201,6,2,51,59
380940202,6,1,32,39
380940203,6,3,11,20
380940301,33,0,15,48
380940302,29,1,47,77
380940401,89,2,96,187
380940402,384,13,282,679
380940403,174,14,78,266
380940404,309,12,164,485
380940405,493,17,308,818
380940406,313,28,208,549
380940407,337,8,164,509
380940408,270,19,191,480
380940501,293,6,186,485
380940502,74,1,14,89
380940503,237,13,167,417
380940504,356,9,214,579
380940505,254,24,178,456
380940506,285,18,110,413
380940507,211,13,105,329
380940601,6,2,40,48
380940602,8,0,29,37
380940603,3,0,30,33
380980101,71,2,98,171
380980102,24,2,38,64
380980201,7,0,18,25
380980202,8,1,30,39
380980203,160,10,153,323
380980204,297,4,102,403
380980205,117,2,40,159
380980301,69,1,37,107
380980302,29,1,39,69
380980303,16,4,43,63
380980401,57,0,38,95
380980402,80,3,91,174
380980403,67,3,121,191
380980404,183,11,114,308
380980405,406,24,412,842
380980501,77,3,82,162
380980502,48,1,23,72
381050101,5,1,16,22
381050102,66,4,85,155
381050103,133,6,106,245
381050201,26,0,14,40
381050202,78,4,101,183
381050203,16,0,3,19
381050204,92,8,82,182
381050205,172,7,188,367
381050301,51,2,60,113
381050302,23,4,20,47
381050303,18,1,18,37
381050401,12,7,24,43
381050402,89,3,57,149
381120101,120,6,101,227
381120102,315,11,290,616
381120103,391,20,269,680
381120104,386,45,346,777
381120105,277,12,223,512
381120106,340,15,284,639
381120107,421,35,214,670
381120108,386,14,346,746
381120109,405,38,344,787
381120110,479,34,329,842
381120111,433,27,318,778
381120112,381,24,269,674
381120113,351,47,363,761
381120114,325,13,191,529
381120115,316,34,329,679
381120116,317,16,227,560
381120117,300,35,370,705
381120201,75,5,62,142
381120202,156,2,170,328
381120203,51,1,61,113
381120204,51,8,65,124
381120205,378,26,221,625
381120206,37,2,65,104
381120301,21,0,56,77
381120302,138,6,135,279
381120303,83,7,164,254
381120304,41,3,76,120
381120401,21,1,21,43
381120402,49,3,54,106
381120501,87,1,64,152
381120502,96,4,142,242
381120503,48,2,39,89
381120601,32,1,42,75
381120602,41,3,57,101
381120603,26,0,29,55
381120604,64,5,74,143
420070101,264,14,180,458
420070102,189,14,121,324
420070103,17,0,2,19
420070104,33,1,5,39
420070105,9,0,4,13
420070106,18,0,4,22
420070107,12,0,5,17
420070108,36,1,14,51
420070109,28,0,4,32
420070110,233,10,215,458
420070201,182,2,136,320
420070202,177,8,152,337
420070203,33,1,13,47
420070204,61,0,25,86
420070205,10,0,6,16
420070206,10,0,7,17
420070207,293,10,204,507
420070208,211,15,152,378
420070301,131,2,81,214
420070302,33,0,16,49
420070303,6,0,2,8
420070401,360,20,220,600
420070402,317,5,239,561
420070403,195,4,136,335
420070404,209,4,154,367
420070405,221,3,182,406
420070406,357,19,197,573
420070407,23,0,13,36
420070408,14,0,3,17
420070409,407,10,159,576
420070410,4,0,3,7
420070411,14,0,6,20
420070412,0,0,0,0
420070413,274,9,146,429
420070501,164,3,123,290
420070502,13,0,0,13
420070503,2,0,2,4
420070504,7,0,7,14
420070505,23,0,5,28
420070506,6,0,3,9
420070507,6,0,2,8
420070508,116,1,99,216
420140101,27,0,0,27
420140102,21,0,6,27
420140103,29,0,12,41
420140201,307,14,179,500
420140202,10,0,2,12
420140203,57,0,18,75
420140204,0,0,0,0
420140205,64,0,15,79
420140206,11,0,0,11
420140207,1,0,2,3
420140208,0,0,0,0
420140209,14,0,5,19
420140210,316,16,200,532
420140211,224,8,93,325
420210101,74,1,18,93
420210102,17,0,4,21
420210103,33,0,9,42
420210104,16,1,1,18
420210105,205,15,75,295
420210106,51,2,9,62
420210107,46,0,12,58
420210108,27,0,6,33
420210109,16,0,2,18
420210110,55,3,19,77
420210111,454,36,176,666
420210112,444,53,214,711
420210113,445,19,177,641
420210114,293,18,52,363
420210115,0,0,0,0
420210116,0,0,0,0
420210117,210,13,90,313
420210118,332,15,93,440
420210201,167,3,133,303
420210202,36,0,8,44
420210203,6,0,1,7
420210204,21,5,9,35
420210205,24,0,17,41
420210206,27,1,22,50
420210207,20,0,7,27
420210208,21,0,6,27
420210209,308,23,248,579
420210210,194,15,155,364
420210301,387,21,125,533
420210302,397,34,146,577
420210303,421,19,170,610
420210304,419,42,182,643
420210305,379,34,189,602
420210306,478,61,228,767
420210307,435,29,152,616
420210308,388,26,202,616
420210309,392,35,165,592
420210310,430,33,185,648
420210311,606,32,241,879
420210312,615,43,239,897
420210401,416,26,171,613
420210402,386,34,164,584
420210403,347,11,116,474
420210404,442,39,157,638
420210405,344,20,153,517
420210406,381,13,192,586
420210407,567,22,182,771
420210408,391,16,179,586
420210409,24,1,4,29
420210410,179,6,98,283
420210411,208,9,96,313
420210412,222,6,130,358
420210413,297,9,209,515
420210414,381,14,230,625
420210415,265,8,153,426
420210416,261,6,128,395
420210417,323,11,124,458
420210418,339,8,103,450
420210419,318,10,115,443
420210420,463,6,156,625
420210421,271,3,98,372
420210501,382,24,178,584
420210502,645,57,256,958
420210503,547,45,281,873
420210504,385,22,175,582
420210505,520,20,215,755
420210506,566,25,228,819
420210507,491,15,279,785
420210508,2,0,1,3
420210509,295,18,159,472
420210510,426,46,219,691
420210511,395,31,203,629
420210512,460,52,231,743
420210513,351,28,181,560
420210514,301,15,163,479
420210515,401,23,257,681
420210516,597,20,295,912
420210601,312,32,166,510
420210602,302,23,161,486
420210603,447,26,191,664
420210604,349,23,213,585
420210605,209,7,138,354
420210606,178,7,108,293
420210607,264,10,182,456
420210608,167,3,106,276
420210609,130,6,116,252
420210610,3,0,4,7
420210611,214,6,149,369
420210612,174,14,124,312
420210613,325,18,155,498
420210614,324,14,211,549
420210615,168,2,132,302
420210616,167,5,114,286
420210701,199,10,158,367
420210702,192,6,122,320
420210703,266,15,197,478
420210704,309,13,148,470
420210705,310,12,206,528
420210706,225,4,137,366
420210707,272,8,205,485
420210708,340,19,211,570
420210709,272,8,120,400
420210710,265,9,138,412
420210711,243,4,86,333
420210712,357,23,138,518
420210713,373,23,168,564
420210714,427,18,169,614
420210715,553,19,191,763
420210716,264,12,142,418
420210717,322,14,118,454
420210718,282,22,138,442
420210719,438,36,229,703
420210720,411,43,209,663
420210721,401,48,223,672
420210722,489,54,208,751
420210723,436,15,150,601
420210724,290,8,129,427
420210725,244,2,69,315
420210801,177,6,125,308
420210802,203,8,145,356
420210803,207,9,89,305
420210804,306,15,148,469
420210805,349,11,181,541
420210806,297,9,193,499
420210807,316,18,183,517
420210808,460,32,201,693
420210809,384,6,118,508
420210810,433,31,207,671
420210811,268,16,129,413
420210812,259,17,116,392
420210813,208,9,157,374
420210814,346,10,139,495
420210815,428,23,196,647
420210816,480,20,226,726
420210817,418,27,149,594
420210818,402,27,139,568
420210819,423,33,139,595
420210820,404,31,148,583
420210821,502,43,265,810
420210822,324,23,138,485
420210823,244,13,120,377
420210824,327,20,109,456
420210901,120,6,82,208
420210902,403,10,206,619
420210903,462,20,239,721
420210904,503,12,207,722
420210905,554,55,250,859
420210906,283,18,118,419
420210907,509,21,239,769
420210908,623,46,248,917
420210909,263,5,136,404
420210910,312,11,114,437
420210911,371,9,137,517
420210912,635,51,267,953
420210913,374,19,94,487
420210914,258,21,88,367
420210915,306,26,140,472
420210916,543,41,253,837
420210917,325,26,120,471
420211001,618,69,264,951
420211002,639,77,268,984
420211003,346,21,153,520
420211004,498,42,238,778
420211005,515,45,232,792
420211006,500,29,228,757
420280101,185,21,128,334
420280102,13,1,23,37
420280103,74,1,24,99
420280104,40,0,13,53
420280105,195,16,153,364
420280201,417,22,253,692
420280202,164,4,79,247
420280203,254,8,126,388
420280301,415,17,211,643
420280302,315,9,182,506
420280303,504,15,302,821
420280304,319,17,246,582
420280305,291,9,187,487
420280401,53,0,22,75
420280402,37,0,18,55
420350101,92,3,76,171
420350102,3,0,1,4
420350103,9,0,5,14
420350104,18,0,11,29
420350105,24,1,11,36
420350106,9,0,8,17
420350201,200,6,121,327
420350202,121,2,55,178
420350301,5,0,1,6
420350302,16,0,7,23
420350303,19,0,0,19
420350304,7,0,0,7
420350305,8,0,1,9
420350306,311,9,150,470
420350307,13,1,3,17
420350308,43,1,6,50
420350309,246,19,136,401
420350310,476,24,285,785
420350401,230,13,165,408
420350402,240,15,167,422
420350403,376,5,188,569
420350404,276,20,150,446
420350405,389,9,163,561
420350406,190,10,157,357
420350407,222,3,188,413
420350408,164,4,138,306
420350409,236,13,168,417
420350410,192,7,145,344
420350411,187,14,134,335
420350412,331,18,214,563
420350413,287,19,229,535
420350501,94,1,79,174
420350502,28,1,30,59
420350503,28,0,3,31
420350504,23,0,9,32
420350505,115,5,85,205
420350601,317,8,150,475
420350602,281,12,153,446
420350603,25,0,3,28
420350604,26,0,16,42
420350605,30,1,18,49
420350606,21,0,18,39
420350607,13,2,10,25
420350608,99,0,29,128
420350609,329,6,185,520
420350610,191,13,144,348
420350701,132,5,96,233
420350702,9,0,5,14
420350703,11,0,5,16
420350704,28,0,12,40
420350705,23,0,18,41
420420101,4,0,0,4
420420102,1,0,0,1
420420103,1,0,1,2
420420104,2,0,0,2
420420105,0,0,0,0
420420106,7,0,0,7
420420107,12,0,0,12
420420201,188,9,96,293
420420202,83,1,11,95
420420301,192,9,75,276
420420302,18,0,4,22
420420303,4,0,0,4
420420304,0,0,0,0
420420305,1,0,1,2
420420306,14,0,3,17
420420307,4,0,0,4
420420308,6,0,1,7
420490101,232,4,175,411
420490102,376,16,248,640
420490103,201,7,115,323
420490104,19,0,0,19
420490105,98,0,17,115
420490106,70,0,5,75
420490107,243,8,120,371
420490108,130,6,87,223
420560101,295,5,217,517
420560102,61,0,16,77
420560201,57,7,55,119
420560202,28,0,8,36
420560301,156,3,132,291
420560302,73,4,28,105
420560303,446,11,223,680
420560304,122,2,102,226
420560401,154,3,82,239
420560402,54,1,26,81
420560501,333,7,237,577
420560502,368,8,226,602
420560503,272,11,152,435
420560504,253,6,133,392
420560505,36,0,15,51
420560506,167,3,92,262
420560507,33,0,12,45
420560508,23,0,4,27
420560509,27,0,9,36
420560510,44,0,15,59
420560511,336,12,163,511
420560512,238,6,61,305
420560513,242,9,102,353
420560514,242,1,179,422
420560515,525,29,235,789
420560516,372,23,217,612
420560517,248,22,144,414
420560601,294,39,192,525
420560602,39,0,9,48
420630101,122,8,69,199
420630102,149,9,95,253
420630103,167,4,80,251
420630104,1,0,0,1
420630105,9,0,2,11
420630106,49,2,31,82
420630107,124,1,91,216
420700101,199,6,165,370
420700102,9,0,0,9
420700103,125,1,76,202
420700104,142,3,142,287
420700105,221,14,171,406
420700106,204,0,144,348
420700201,488,19,252,759
420700202,82,1,16,99
420700203,3,0,0,3
420700301,14,0,8,22
420700302,36,0,20,56
420700401,205,4,151,360
420700402,84,0,44,128
420700501,386,19,329,734
420700502,338,4,220,562
420700503,255,11,171,437
420700504,396,1,196,593
420700505,194,10,112,316
420700506,45,1,23,69
420700507,323,12,275,610
420700508,255,13,157,425
420770101,135,5,94,234
420770102,2,0,1,3
420770103,10,0,3,13
420770104,6,0,3,9
420770105,12,0,5,17
420770106,9,0,2,11
420770107,31,0,5,36
420770108,56,1,28,85
420770201,240,10,174,424
420770202,253,3,128,384
420770203,145,11,141,297
420770204,26,0,6,32
420770205,12,1,7,20
420770206,26,2,14,42
420770207,28,0,14,42
420770208,17,0,7,24
420770209,7,0,2,9
420770210,184,6,134,324
420770211,164,12,140,316
420770212,169,16,123,308
420770301,246,20,218,484
420770302,164,22,141,327
420770303,9,0,5,14
420770304,21,0,29,50
420770305,37,0,10,47
420770306,93,8,74,175
420770307,148,7,138,293
420770401,369,14,233,616
420770402,283,12,162,457
420770403,10,0,4,14
420770404,13,0,11,24
420770405,7,0,1,8
420770406,13,3,11,27
420770407,4,0,2,6
420770408,7,0,5,12
420770409,260,6,180,446
420770410,236,9,155,400
420840101,89,9,28,126
420840102,68,0,2,70
420840201,20,0,3,23
420840202,29,0,15,44
420840203,18,0,4,22
420840204,0,0,0,0
420840205,3,0,0,3
420840206,6,0,6,12
420840207,5,0,3,8
420910101,52,1,5,58
420910102,62,1,30,93
420910103,50,0,4,54
420910104,37,0,1,38
420910105,109,2,36,147
420980101,247,31,203,481
420980102,192,12,116,320
420980103,243,13,180,436
420980104,201,19,143,363
420980105,194,14,171,379
420980106,176,7,111,294
420980107,205,7,142,354
420980108,181,5,137,323
420980109,277,15,168,460
420980110,246,16,193,455
420980111,288,12,178,478
420980112,32,0,23,55
420980113,53,1,10,64
420980114,24,0,12,36
420980201,274,18,216,508
420980202,27,0,26,53
420980301,192,47,233,472
420980302,99,0,26,125
420980303,151,40,251,442
420980401,118,21,77,216
420980402,149,1,20,170
421050101,142,26,95,263
421050102,4,0,1,5
421050103,59,0,10,69
421050201,19,1,9,29
421050202,42,0,9,51
421050203,73,0,28,101
421050204,13,0,9,22
421050205,18,0,0,18
421050206,321,11,143,475
421050207,287,9,96,392
421050301,399,18,165,582
421050302,222,22,184,428
421050303,340,24,152,516
421050304,257,16,188,461
421050305,276,10,175,461
421050306,224,7,144,375
421050307,149,7,118,274
421050308,249,10,162,421
421050309,255,8,133,396
421050310,240,12,147,399
421050311,284,12,165,461
421050312,259,10,202,471
421050313,222,4,125,351
421050314,213,2,82,297
421050401,522,8,182,712
421050402,588,65,258,911
421050403,552,56,268,876
421050404,483,96,321,900
421050405,398,49,258,705
421050406,594,31,298,923
421050407,60,5,13,78
421050408,296,17,162,475
421050409,307,14,183,504
421050410,220,7,160,387
421050411,244,9,165,418
421050412,292,11,107,410
421050413,234,13,153,400
421050414,291,9,172,472
421050415,216,3,141,360
421050416,160,6,95,261
421050417,222,7,115,344
421050418,214,5,138,357
421050419,314,11,130,455
421050501,162,9,116,287
421050502,14,0,5,19
421050503,78,1,42,121
421050504,22,0,9,31
421050601,142,3,76,221
421050602,44,0,25,69
421050701,381,24,242,647
421050702,268,12,152,432
421050703,355,17,242,614
421050704,280,11,183,474
421050705,395,20,265,680
421050706,462,20,215,697
421050707,149,23,80,252
421050708,374,58,200,632
421050709,394,16,241,651
421050710,330,16,171,517
421050711,330,21,224,575
421050712,421,24,263,708
421050713,398,36,252,686
421050714,434,44,191,669
421050715,348,16,191,555
421050716,374,13,152,539
421050717,547,22,192,761
421050718,476,46,161,683
421050801,691,63,330,1084
421050802,301,10,136,447
421050803,404,17,189,610
421050804,668,72,295,1035
421050805,601,39,238,878
421050806,399,41,165,605
421050807,531,58,323,912
421050808,330,13,133,476
421050901,407,22,174,603
421050902,175,22,86,283
421050903,138,20,85,243
421050904,336,40,141,517
421050905,425,40,294,759
421050906,418,38,244,700
421051001,490,15,162,667
421051002,477,22,197,696
421051003,358,33,234,625
421051004,285,50,174,509
421051005,439,38,234,711
421051006,296,11,177,484
421051007,305,35,140,480
421051008,280,16,142,438
421051009,239,8,97,344
421051010,285,16,182,483
421051011,376,10,176,562
421051012,518,32,290,840
421120101,151,12,86,249
421120102,263,11,73,347
421120201,29,0,13,42
421120301,303,20,227,550
421120302,265,8,146,419
421120303,395,9,241,645
421120304,91,6,45,142
421120305,435,33,279,747
421120306,563,44,338,945
421120307,399,17,197,613
421120308,469,37,333,839
421120309,286,7,108,401
421120310,70,4,10,84
421120311,5,1,13,19
421120312,376,25,265,666
421120313,25,0,2,27
421120314,11,0,1,12
421120315,25,1,32,58
421120316,8,1,11,20
421120317,0,1,0,1
421120318,4,0,2,6
421120319,7,0,0,7
421120320,7,0,1,8
421120321,5,0,3,8
421120322,7,0,1,8
421190101,234,5,197,436
421190102,4,0,2,6
421190103,14,0,8,22
421190104,21,2,16,39
421190201,152,1,141,294
421190202,150,3,100,253
421190203,310,5,277,592
421190204,364,11,191,566
421190205,31,3,13,47
421190206,24,0,5,29
421190207,7,0,2,9
421190208,13,0,11,24
421190209,21,0,8,29
421190210,14,0,6,20
421190211,263,1,163,427
421190212,462,19,218,699
421190301,265,17,230,512
421190302,308,15,274,597
421190303,19,0,7,26
421190304,4,0,2,6
421190305,14,0,18,32
421190306,24,0,12,36
421190307,35,1,24,60
421190308,31,0,16,47
421190309,2,0,0,2
421190310,7,0,0,7
421190311,306,9,261,576
421190312,309,10,229,548
421190401,388,12,223,623
421190402,42,5,26,73
421190403,39,1,21,61
421190404,19,0,9,28
421190405,20,0,4,24
421260101,290,20,231,541
421260102,293,10,232,535
421260103,334,18,207,559
421260104,10,0,4,14
421260105,25,0,13,38
421260106,13,1,3,17
421260107,29,1,9,39
421260108,55,5,35,95
421260109,28,0,12,40
421260110,35,0,8,43
421260111,272,14,203,489
421260112,216,15,109,340
421260201,386,14,239,639
421260202,223,7,153,383
421260203,173,2,126,301
421260204,9,0,3,12
421260205,129,11,78,218
421260206,8,0,6,14
421260207,122,6,88,216
421260208,193,7,125,325
421260301,13,0,6,19
421260302,25,3,10,38
421260303,15,0,3,18
421260304,7,0,3,10
421260401,241,5,148,394
421260402,17,1,18,36
421260403,17,0,8,25
421260404,19,0,6,25
421260405,50,3,29,82
421260406,20,0,7,27
421260407,234,12,179,425
421260501,192,4,154,350
421260502,93,2,50,145
421260503,41,0,26,67
421260504,17,0,6,23
421260505,11,0,4,15
421260506,94,10,52,156
421260507,10,0,0,10
421260508,6,0,1,7
421260509,217,7,169,393
421260510,315,21,195,531
421260511,165,3,130,298
421330101,121,2,93,216
421330102,11,0,4,15
421330103,18,0,7,25
421330201,356,16,228,600
421330202,156,1,135,292
421330203,327,5,157,489
421330204,234,4,155,393
421330205,300,5,228,533
421330206,29,0,9,38
421330207,550,17,289,856
421330208,0,0,0,0
421330209,2,0,0,2
421330210,1,0,0,1
421330211,238,12,200,450
421330212,220,11,102,333
421330213,173,6,101,280
421330214,261,11,157,429
421330215,265,7,184,456
421330216,412,9,153,574
421330301,115,2,89,206
421330302,21,0,10,31
421330401,78,0,64,142
421330402,23,1,15,39
421330403,21,0,9,30
421330501,252,12,150,414
421330502,215,5,182,402
421330503,242,9,184,435
421330504,238,14,168,420
421330505,243,8,172,423
421330506,12,0,2,14
421330507,24,0,30,54
421330508,373,21,265,659
421330509,215,14,128,357
421330510,297,26,202,525
421330601,247,11,167,425
421330602,324,8,197,529
421330603,8,0,3,11
421330604,81,2,45,128
421330605,14,0,2,16
421330701,320,11,219,550
421330702,268,2,191,461
421330703,30,1,18,49
421330704,65,1,35,101
421330705,19,0,9,28
421330706,12,0,5,17
421330707,17,0,5,22
421400101,21,0,1,22
421400102,41,2,12,55
421400103,21,0,4,25
421400104,2,0,0,2
421400201,258,23,166,447
421400202,286,29,178,493
421400203,234,35,175,444
421400204,368,27,223,618
421400205,241,14,153,408
421400206,287,25,216,528
421400207,246,32,132,410
421400208,238,13,118,369
421400209,280,14,178,472
421400210,306,30,203,539
421400211,439,35,276,750
421400212,269,29,131,429
421400213,94,3,64,161
421400214,77,8,50,135
421400215,217,3,88,308
421400216,247,12,92,351
421400217,271,6,64,341
421400218,230,9,63,302
421400219,239,9,62,310
421400220,113,2,31,146
421400221,40,0,19,59
421400222,262,15,120,397
421400223,83,1,27,111
421400301,2,0,0,2
421400302,97,0,6,103
421400303,8,0,1,9
421470101,189,12,155,356
421470102,5,0,0,5
421470103,4,0,1,5
421470104,20,0,8,28
421470105,10,0,3,13
421470106,15,1,11,27
421470107,19,0,13,32
421470108,20,0,22,42
421470109,261,6,179,446
421470201,356,8,203,567
421470202,206,4,156,366
421470203,22,0,7,29
421470204,1,0,1,2
421470205,8,0,6,14
421470206,21,0,6,27
421470207,10,0,2,12
421470208,9,0,4,13
421470209,24,0,12,36
421470210,56,2,20,78
421470211,14,0,3,17
421470212,10,0,2,12
421470213,4,0,1,5
421470214,349,7,200,556
421470215,442,7,223,672
421470216,273,9,186,468
421470301,200,12,167,379
421470302,13,0,7,20
421540101,109,1,36,146
421540102,51,0,25,76
421540103,67,0,11,78
421540201,192,9,112,313
421540202,128,2,28,158
421540301,288,16,223,527
421540302,68,1,32,101
421540401,59,0,8,67
421540402,31,0,12,43
421540403,78,3,37,118
421540404,54,2,6,62
421540501,129,7,66,202
421540502,341,20,218,579
421540503,293,14,179,486
421540504,267,25,178,470
421540505,346,21,224,591
421540506,232,12,161,405
421540507,260,6,189,455
421540508,270,10,214,494
421540509,355,13,217,585
421540510,242,18,166,426
421540511,277,21,180,478
421540512,401,67,229,697
421540513,441,41,266,748
421540514,297,35,206,538
421540515,359,16,246,621
421540516,443,27,223,693
421540517,331,40,223,594
421540601,134,7,101,242
421540602,24,0,1,25
421540701,26,1,28,55
421540702,59,1,15,75
460070101,543,38,312,893
460070102,411,20,227,658
460070103,572,37,438,1047
460070104,510,43,320,873
460070105,534,54,276,864
460070106,124,11,115,250
460070107,449,50,208,707
460070108,530,32,381,943
460070109,379,15,220,614
460070110,301,25,170,496
460070111,539,85,382,1006
460070112,726,30,337,1093
460070201,402,82,368,852
460070202,134,5,156,295
460070203,16,2,15,33
460070204,266,13,282,561
460140101,254,18,143,415
460140102,44,4,22,70
460140103,680,25,469,1174
460140104,356,13,113,482
460140105,416,36,214,666
460140106,626,31,238,895
460140107,663,71,388,1122
460140108,394,19,182,595
460140109,748,73,335,1156
460140110,858,99,450,1407
460140111,604,31,253,888
460140201,31,2,31,64
460140202,81,0,157,238
460140301,34,0,68,102
460140302,105,0,121,226
460140401,480,29,307,816
460140402,513,13,241,767
460140403,386,30,244,660
460140404,669,62,354,1085
460140405,509,44,263,816
460140406,567,50,268,885
460140407,458,40,216,714
460140408,607,22,404,1033
460140409,531,30,274,835
460140410,409,4,197,610
460140411,805,35,399,1239
460140412,470,32,299,801
460140413,660,45,270,975
460140414,401,28,201,630
460140415,452,22,202,676
460140416,485,45,248,778
460140417,443,11,209,663
460140418,398,16,201,615
460140501,435,24,241,700
460140502,420,30,261,711
460140503,492,23,195,710
460140504,750,68,363,1181
460140505,663,75,291,1029
460140506,465,33,204,702
460140507,894,56,342,1292
460140508,744,58,400,1202
460140509,749,59,368,1176
460140510,626,70,355,1051
460140511,500,74,309,883
460140512,546,44,330,920
460140513,542,47,347,936
460140514,687,82,411,1180
460140515,741,90,336,1167
460140516,698,78,397,1173
460140517,806,58,386,1250
460140518,696,41,352,1089
460140519,521,29,288,838
460140601,610,25,378,1013
460140602,417,14,257,688
460140603,307,17,170,494
460140604,403,20,237,660
460140605,388,6,260,654
460140606,338,6,209,553
460140607,336,20,219,575
460140608,304,23,222,549
460140609,349,24,205,578
460140610,416,23,289,728
460140611,412,20,241,673
460140701,203,10,74,287
460140702,887,47,413,1347
460140703,766,61,302,1129
460140704,719,38,309,1066
460140705,697,54,397,1148
460140706,484,33,231,748
460140707,480,40,271,791
460140708,603,63,302,968
460140709,544,24,254,822
460140710,634,31,274,939
460140711,518,35,268,821
460140712,611,34,217,862
460140713,708,94,351,1153
460140714,844,46,335,1225
460140715,536,28,314,878
460140716,488,19,198,705
460140717,218,4,60,282
460140718,349,4,114,467
460140801,550,27,366,943
460140802,551,25,283,859
460140803,613,25,469,1107
460140804,582,50,403,1035
460140805,542,21,314,877
460140806,694,47,471,1212
460140807,742,44,417,1203
460140808,439,30,252,721
460140809,629,30,399,1058
460140810,741,59,439,1239
460140811,741,59,386,1186
460140812,594,38,295,927
460140813,341,27,396,764
460140814,758,40,327,1125
460140901,561,35,216,812
460140902,380,41,319,740
460140903,342,19,200,561
460140904,442,24,247,713
460140905,423,12,161,596
460140906,780,60,351,1191
460140907,675,33,281,989
460140908,713,48,231,992
460140909,639,14,211,864
460140910,984,72,329,1385
460140911,64,4,35,103
460140912,637,41,375,1053
460140913,377,24,322,723
460140914,754,37,330,1121
460140915,729,41,277,1047
460140916,639,40,280,959
460140917,804,77,331,1212
460140918,570,43,251,864
460140919,627,46,233,906
460140920,566,32,230,828
460140921,426,44,206,676
460140922,567,36,246,849
460141001,479,37,437,953
460141002,273,32,184,489
460141003,457,24,309,790
460141004,405,20,215,640
460141005,878,34,338,1250
460141006,735,39,434,1208
460141007,459,25,232,716
460141008,717,59,388,1164
460141009,444,38,244,726
460141010,465,33,274,772
460141011,459,26,297,782
460141012,1049,60,557,1666
460141013,797,74,461,1332
460141014,691,57,429,1177
460141015,503,56,241,800
460141016,699,63,367,1129
460141017,1121,81,621,1823
460141018,509,29,234,772
460141101,728,47,352,1127
460141102,721,87,360,1168
460141103,405,29,269,703
460141104,689,49,308,1046
460141105,864,62,527,1453
460141106,685,70,356,1111
460141107,510,33,304,847
460141108,728,44,393,1165
460141109,536,31,445,1012
460141110,884,103,519,1506
460141111,813,51,356,1220
460141112,575,37,365,977
460141113,532,17,330,879
460141114,604,57,440,1101
460141115,710,46,414,1170
460210101,328,23,264,615
460210102,564,39,226,829
460210103,128,4,78,210
460210104,203,6,127,336
460210105,204,4,123,331
460210106,210,6,52,268
460210201,164,6,142,312
460210202,167,5,146,318
460280101,291,1,129,421
460280102,440,38,302,780
460280103,477,25,242,744
460280104,219,8,173,400
460280105,281,47,348,676
460280106,191,9,232,432
460280107,324,22,140,486
460280108,354,14,184,552
460280109,213,7,155,375
460280201,161,5,118,284
460280202,459,96,462,1017
460280203,197,27,249,473
460280204,288,30,287,605
460350101,503,17,425,945
460350102,370,12,297,679
460350103,799,42,542,1383
460350104,823,64,592,1479
460350105,357,11,200,568
460350106,460,40,378,878
460350107,575,19,327,921
460350108,755,30,457,1242
460350109,616,34,406,1056
460350201,517,18,484,1019
460350202,185,27,200,412
460350203,62,2,49,113
460420101,874,50,473,1397
460420102,332,16,193,541
460420103,429,35,226,690
460420104,370,17,267,654
460420105,312,15,150,477
460420106,695,25,391,1111
460420107,420,19,205,644
460420108,526,49,224,799
460420109,711,48,422,1181
460420110,823,59,376,1258
460420111,562,17,259,838
460420112,604,22,279,905
460420113,1249,41,481,1771
460420114,657,33,265,955
460420115,547,19,253,819
460420116,636,26,356,1018
460420117,536,15,214,765
460420118,669,43,405,1117
460420119,453,20,144,617
460420120,1075,57,410,1542
460420121,669,32,267,968
460420122,418,49,188,655
460420123,558,37,198,793
460420201,629,46,523,1198
460420202,671,38,548,1257
460420203,384,25,174,583
460420204,652,51,342,1045
460420205,378,27,133,538
460420206,283,14,164,461
460420301,848,86,573,1507
460420302,913,45,715,1673
460420303,374,22,271,667
460420304,360,20,276,656
460420305,282,5,198,485
460420306,864,74,559,1497
460420401,513,41,355,909
460420402,704,27,303,1034
460420403,191,14,84,289
460490101,628,34,368,1030
460490102,523,19,296,838
460490103,253,14,222,489
460490104,37,0,43,80
460490201,404,15,222,641
460490202,375,17,260,652
460490203,93,5,61,159
460490204,171,11,154,336
460490205,97,11,81,189
460560101,492,28,293,813
460560102,365,6,334,705
460560103,104,7,130,241
460560104,257,5,215,477
460630101,451,21,302,774
460630102,653,40,407,1100
460630103,494,12,337,843
460630104,381,11,268,660
460630105,272,10,238,520
460630106,283,14,341,638
460630201,317,9,345,671
460630202,18,2,45,65
460630203,95,4,122,221
460700101,495,19,433,947
460700102,250,51,436,737
460700103,73,41,177,291
460700201,258,25,433,716
460700202,23,2,37,62
460700203,59,24,126,209
460770101,361,13,210,584
460770102,9,0,0,9
460770103,17,0,5,22
460770104,369,30,254,653
460840101,365,20,255,640
460840102,198,14,310,522
460840103,215,12,397,624
460840104,355,19,254,628
460840201,361,24,275,660
460840202,323,8,211,542
460840203,70,6,98,174
460840204,87,6,70,163
460840205,290,7,245,542
460840206,479,36,343,858
460910101,85,1,59,145
460910102,126,27,166,319
460910201,637,18,339,994
460910202,192,22,209,423
460910203,161,3,186,350
460910204,690,32,468,1190
460980101,642,17,382,1041
460980102,424,23,287,734
460980103,10,0,21,31
460980104,112,1,57,170
460980105,19,1,10,30
461050101,419,30,250,699
461050102,338,11,204,553
461050103,165,9,170,344
461050104,62,1,58,121
461120101,597,39,446,1082
461120102,507,21,291,819
461120103,460,22,288,770
461120104,695,35,376,1106
461120105,427,32,270,729
461120106,530,24,397,951
461120107,466,17,305,788
461120108,540,29,410,979
461120109,571,26,329,926
461120201,268,30,213,511
461120202,281,74,409,764
461120203,39,8,64,111
461120301,172,2,280,454
461120302,136,10,194,340
461190101,250,19,220,489
461190102,458,12,325,795
461190103,511,34,392,937
461190104,170,17,136,323
461190201,197,5,146,348
461260101,618,34,316,968
461260102,34,0,27,61
461260103,491,18,264,773
500070101,524,34,256,814
500070102,426,30,200,656
500070103,395,18,172,585
500070104,263,9,184,456
500070105,337,29,132,498
500070106,348,21,195,564
500070107,293,25,125,443
500070108,334,17,154,505
500070109,300,18,155,473
500070110,140,12,80,232
500070111,208,9,69,286
500070112,203,4,83,290
500070113,150,9,80,239
500070114,234,20,93,347
500070115,244,11,107,362
500070116,169,5,51,225
500070117,179,9,112,300
500070201,548,37,279,864
500070202,379,20,205,604
500070203,556,43,311,910
500070204,434,39,256,729
500070205,411,31,182,624
500070206,522,38,277,837
500070207,370,23,198,591
500070208,339,17,147,503
500070209,442,30,202,674
500070210,361,27,189,577
500070211,481,19,269,769
500070212,253,12,133,398
500070213,435,23,206,664
500070214,403,14,154,571
500070215,267,22,128,417
500070301,339,21,152,512
500070302,451,52,221,724
500070303,445,23,137,605
500070304,303,20,116,439
500070305,173,12,50,235
500070306,133,11,54,198
500070307,108,10,84,202
500070308,140,9,84,233
500070309,179,4,39,222
500070310,221,16,109,346
500070311,246,14,124,384
500070312,229,11,96,336
500070313,225,22,84,331
500070314,147,12,70,229
500070315,261,14,115,390
500070316,198,8,115,321
500070317,94,3,51,148
500070401,325,8,130,463
500070402,235,13,122,370
500070403,109,9,74,192
500070404,189,14,107,310
500070405,157,11,68,236
500070406,61,7,39,107
500070407,134,15,148,297
500070408,156,2,106,264
500070409,194,10,134,338
500070410,161,4,73,238
500070411,175,7,116,298
500070412,287,20,151,458
500070501,346,17,191,554
500070502,354,22,207,583
500070503,342,14,203,559
500070504,192,10,105,307
500070505,286,10,125,421
500070506,482,10,200,692
500070507,240,3,104,347
500070508,376,19,237,632
500070509,369,14,219,602
500070510,412,25,254,691
500070511,321,7,154,482
500070512,186,6,84,276
500070601,314,24,174,512
500070602,299,27,175,501
500070603,332,20,199,551
500070604,304,17,204,525
500070605,284,10,138,432
500070606,628,37,326,991
500070607,430,32,234,696
500070608,551,16,228,795
500070609,261,16,148,425
500070610,497,18,200,715
500070611,195,7,104,306
500070701,343,25,179,547
500070702,507,46,278,831
500070703,373,19,193,585
500070704,355,25,188,568
500070705,306,32,224,562
500070706,457,27,199,683
500070707,370,18,196,584
500070708,250,23,145,418
500070709,236,24,150,410
500070710,397,49,254,700
500070711,512,20,235,767
500070801,267,17,80,364
500070802,236,16,119,371
500070803,554,41,254,849
500070804,149,5,91,245
500070805,269,14,121,404
500070806,334,13,151,498
500070807,317,7,146,470
500070808,239,2,108,349
500070809,282,11,153,446
500070810,382,14,148,544
500070811,193,7,84,284
500070901,327,7,195,529
500070902,298,12,166,476
500070903,304,13,139,456
500070904,361,17,220,598
500070905,404,31,174,609
500070906,379,15,180,574
500070907,374,14,192,580
500070908,328,14,164,506
500070909,131,2,84,217
500070910,397,20,159,576
500070911,315,24,176,515
500070912,191,13,107,311
500071001,590,30,364,984
500071002,384,38,211,633
500071003,460,26,266,752
500071004,633,43,481,1157
500071005,531,66,316,913
500071006,609,102,440,1151
500071007,324,27,122,473
500071008,476,99,287,862
500071009,565,107,250,922
500071010,544,67,362,973
500071011,342,18,189,549
500071012,292,10,148,450
500071013,4,0,0,4
500071014,478,56,250,784
500071015,203,22,159,384
500071016,196,17,77,290
500071017,443,37,311,791
500071018,0,0,0,0
500071019,608,23,373,1004
500071020,438,39,194,671
500071021,415,38,272,725
500071022,176,15,128,319
500071101,358,12,162,532
500071102,445,27,283,755
500071103,402,28,202,632
500071104,408,35,236,679
500071105,390,22,299,711
500071106,527,38,312,877
500071107,392,15,228,635
500071108,555,38,239,832
500071109,365,15,222,602
500071110,412,24,287,723
500071111,259,26,208,493
500071112,282,17,141,440
500071113,248,13,158,419
500071201,163,4,94,261
500071202,110,3,58,171
500071203,167,3,83,253
500071204,107,8,89,204
500071205,173,8,79,260
500071206,218,11,134,363
500071207,144,13,106,263
500071208,210,14,91,315
500071209,273,16,155,444
500071210,310,13,157,480
500071301,641,40,371,1052
500071302,505,37,243,785
500071303,632,52,282,966
500071304,489,46,316,851
500071305,366,43,170,579
500071306,368,33,257,658
500071307,541,46,284,871
500071308,490,44,221,755
500071309,596,52,224,872
500071310,0,0,0,0
500071311,72,11,29,112
500140101,166,2,68,236
500140201,74,2,25,101
500140301,39,4,46,89
500140302,146,6,107,259
500140303,92,12,96,200
500140304,323,19,361,703
500140305,86,2,67,155
500140401,312,7,146,465
500140402,131,10,157,298
500140403,12,1,5,18
500140404,351,44,326,721
500140405,449,29,318,796
500140406,436,55,334,825
500140407,21,1,7,29
500140408,498,30,318,846
500140409,393,48,337,778
500140410,405,26,305,736
500140411,259,40,200,499
500140412,197,13,132,342
500140501,453,8,368,829
500140502,329,25,264,618
500140503,281,10,232,523
500140504,400,26,223,649
500140505,303,23,240,566
500140506,300,15,143,458
500140601,468,28,403,899
500140602,334,26,248,608
500140603,264,27,248,539
500140604,321,27,295,643
500140605,254,16,245,515
500140606,307,37,275,619
500140607,325,17,246,588
500140608,238,14,174,426
500140609,413,15,332,760
500140610,331,13,217,561
500140611,512,32,336,880
500140612,452,46,318,816
500140613,298,14,334,646
500140614,202,12,230,444
500140615,642,46,494,1182
500140616,485,24,341,850
500140617,373,30,178,581
500140701,621,55,438,1114
500140702,447,37,382,866
500140703,671,31,479,1181
500140704,178,7,215,400
500140705,462,55,391,908
500140706,295,12,289,596
500140707,444,17,244,705
500140708,462,35,333,830
500140709,433,40,337,810
500140710,414,29,359,802
500140711,349,9,208,566
500140712,297,16,240,553
500140713,236,16,256,508
500140714,332,9,341,682
500140715,449,25,291,765
500140716,559,36,294,889
500210101,297,22,228,547
500210102,349,36,333,718
500210103,186,13,96,295
500210104,381,48,374,803
500210105,471,27,238,736
500210106,422,52,268,742
500210107,1115,134,614,1863
500210108,569,47,273,889
500210109,442,28,237,707
500210110,355,29,219,603
500210111,735,87,344,1166
500210112,334,65,173,572
500210113,433,28,303,764
500210114,320,26,276,622
500210115,681,70,324,1075
500210116,609,44,273,926
500210117,218,9,172,399
500210118,276,27,203,506
500210119,249,23,106,378
500210201,431,44,213,688
500210202,354,31,253,638
500210203,385,38,252,675
500210204,576,73,387,1036
500210205,376,45,326,747
500210206,411,33,256,700
500210207,493,55,295,843
500210208,360,26,244,630
500210209,394,34,283,711
500210210,294,21,186,501
500210211,305,44,230,579
500210212,478,41,329,848
500210213,419,24,219,662
500210214,328,39,159,526
500210215,449,31,340,820
500210216,500,60,370,930
500210217,438,54,348,840
500210218,106,3,68,177
500210219,198,13,96,307
500210301,461,35,219,715
500210302,224,15,115,354
500210303,231,18,106,355
500210304,458,24,260,742
500210305,274,28,101,403
500210306,348,15,168,531
500210307,261,22,150,433
500210308,546,41,296,883
500210309,488,55,261,804
500210310,357,17,199,573
500210311,477,26,224,727
500210312,274,14,135,423
500210313,283,15,87,385
500210314,355,13,123,491
500210315,245,29,119,393
500210316,256,14,106,376
500210317,330,24,111,465
500210401,488,67,276,831
500210402,336,42,226,604
500210403,495,46,216,757
500210404,463,30,249,742
500210405,256,22,159,437
500210406,363,25,196,584
500210407,366,30,235,631
500210408,473,53,268,794
500210409,534,19,254,807
500210410,295,20,137,452
500210411,551,32,443,1026
500210412,577,46,292,915
500210413,420,18,126,564
500210414,676,64,343,1083
500210415,293,36,196,525
500210416,297,26,133,456
500210417,358,51,259,668
500210418,501,63,318,882
500210419,213,19,116,348
500210420,288,26,143,457
500210501,210,9,159,378
500210502,372,21,223,616
500210503,473,38,228,739
500210504,86,1,41,128
500210505,452,44,245,741
500210506,404,22,308,734
500210507,422,34,315,771
500210508,713,52,321,1086
500210509,583,44,380,1007
500210510,405,33,279,717
500210511,351,33,262,646
500210512,509,25,257,791
500210513,403,28,201,632
500210601,576,43,311,930
500210602,419,22,260,701
500210603,477,42,192,711
500210604,472,52,333,857
500210605,571,51,298,920
500210606,600,58,298,956
500210607,511,38,301,850
500210608,662,49,365,1076
500210609,353,11,176,540
500210610,328,26,208,562
500210611,449,54,252,755
500210612,463,49,274,786
500210613,676,46,261,983
500210701,379,25,211,615
500210702,460,34,281,775
500210703,534,30,297,861
500210704,390,29,250,669
500210705,430,34,191,655
500210706,571,30,256,857
500210707,336,16,206,558
500210708,466,35,276,777
500210709,483,30,254,767
500210710,256,21,143,420
500210801,479,86,280,845
500210802,382,67,240,689
500210803,460,45,307,812
500210804,165,21,113,299
500210805,316,36,225,577
500210806,591,47,381,1019
500210807,667,65,498,1230
500210808,483,47,282,812
500210809,359,50,168,577
500210810,417,41,253,711
500210811,677,65,354,1096
500210812,330,60,194,584
500210813,202,4,129,335
500210901,318,25,122,465
500210902,454,24,203,681
500210903,308,9,140,457
500210904,374,24,186,584
500210905,449,42,254,745
500210906,406,41,220,667
500210907,376,26,217,619
500210908,201,25,125,351
500210909,422,39,230,691
500210910,445,26,273,744
500210911,523,19,235,777
500210912,390,23,202,615
500210913,371,33,217,621
500210914,281,20,140,441
500210915,418,12,116,546
500210916,304,24,193,521
500210917,286,20,162,468
500211001,397,38,238,673
500211002,482,43,247,772
500211003,320,27,193,540
500211004,420,43,235,698
500211005,255,23,163,441
500211006,564,41,317,922
500211007,567,53,305,925
500211008,380,22,246,648
500211009,425,31,277,733
500211010,330,31,189,550
500211011,277,16,135,428
500211012,282,17,135,434
500211101,285,16,171,472
500211102,65,2,36,103
500211103,230,13,95,338
500211104,293,18,142,453
500211105,196,11,106,313
500211106,367,28,175,570
500211107,320,12,138,470
500211108,276,14,76,366
500211109,373,20,209,602
500211110,326,19,165,510
500211111,305,8,188,501
500211112,309,11,146,466
500211201,229,22,112,363
500211202,496,42,273,811
500211203,284,20,143,447
500211204,355,20,198,573
500211205,552,56,302,910
500211206,470,49,257,776
500211207,600,82,355,1037
500211208,394,72,234,700
500211209,441,36,226,703
500211210,368,23,238,629
500211211,444,25,238,707
500211301,370,16,124,510
500211302,293,17,134,444
500211303,613,35,290,938
500211304,507,22,272,801
500211305,475,30,335,840
500211306,290,18,241,549
500211307,617,63,334,1014
500211308,442,30,171,643
500211309,553,50,325,928
500211310,331,33,301,665
500211311,481,42,357,880
500211312,471,23,266,760
500211313,654,11,358,1023
500211314,428,37,223,688
500211315,266,18,261,545
500211401,206,9,174,389
500211402,453,38,233,724
500211403,649,73,329,1051
500211404,437,63,218,718
500211405,548,100,310,958
500211406,593,67,303,963
500211407,681,67,376,1124
500211408,453,63,195,711
500211409,532,39,281,852
500211410,551,21,311,883
500211501,624,28,307,959
500211502,366,34,199,599
500211503,193,16,77,286
500211504,272,20,120,412
500211505,312,14,106,432
500211506,263,15,105,383
500211507,425,18,215,658
500211508,246,12,134,392
500211509,227,12,140,379
500211601,734,89,470,1293
500211602,735,64,438,1237
500211603,419,37,248,704
500211604,616,59,438,1113
500211605,489,67,296,852
500211606,659,73,455,1187
500211607,533,53,376,962
500211608,537,39,332,908
500211609,309,50,212,571
500211610,233,26,200,459
500280101,200,8,128,336
500280102,344,29,147,520
500280103,360,26,205,591
500280104,310,16,140,466
500280105,372,14,207,593
500280106,517,36,268,821
500280107,338,22,194,554
500280108,431,38,199,668
500280109,346,23,166,535
500280110,436,28,236,700
500280111,494,50,278,822
500280112,276,10,127,413
500280201,384,30,218,632
500280202,336,32,259,627
500280203,405,33,246,684
500280204,287,16,154,457
500280205,500,48,243,791
500280206,466,30,348,844
500280207,346,25,195,566
500280208,326,14,156,496
500280209,427,43,250,720
500280210,342,32,168,542
500280211,453,18,255,726
500280212,486,23,224,733
500280213,292,11,139,442
500280214,294,37,171,502
500280301,693,54,273,1020
500280302,599,50,325,974
500280303,433,49,220,702
500280304,663,45,421,1129
500280305,602,48,257,907
500280306,662,45,314,1021
500280307,576,46,276,898
500280308,539,60,311,910
500280309,438,41,265,744
500280310,803,56,352,1211
500280311,505,45,360,910
500280312,586,43,371,1000
500280313,735,57,417,1209
500280314,634,82,443,1159
500280315,780,82,494,1356
500280316,454,56,282,792
500280317,499,41,272,812
500280401,363,37,174,574
500280402,425,33,176,634
500280403,772,64,411,1247
500280404,430,12,213,655
500280405,361,7,262,630
500280406,453,41,278,772
500280407,510,35,234,779
500280408,509,21,293,823
500280409,552,23,421,996
500280410,400,47,260,707
500280411,544,54,378,976
500280412,520,42,268,830
500280413,675,62,419,1156
500280414,561,53,364,978
500280415,508,44,311,863
500280501,259,37,168,464
500280502,560,35,359,954
500280503,429,33,482,944
500280504,395,30,271,696
500280505,226,27,244,497
500280506,388,63,297,748
500280507,816,35,569,1420
500280508,756,72,541,1369
500280509,702,23,252,977
500280510,592,20,385,997
500280511,762,58,420,1240
500280512,274,28,188,490
500280513,535,37,336,908
500280514,526,24,331,881
500280515,356,20,263,639
500280516,736,83,522,1341
500280517,804,92,616,1512
500280518,225,31,159,415
500280519,428,38,344,810
500280520,352,6,160,518
500280601,450,71,242,763
500280602,362,47,154,563
500280603,291,22,201,514
500280604,603,73,373,1049
500280605,444,42,256,742
500280606,929,89,401,1419
500280607,557,57,348,962
500280608,498,41,228,767
500280609,191,9,89,289
500280610,525,49,356,930
500280611,375,36,275,686
500280612,174,14,102,290
500280613,476,45,307,828
500280614,573,38,310,921
500280701,351,27,193,571
500280702,396,9,150,555
500280703,396,28,195,619
500280704,550,40,250,840
500280705,344,20,209,573
500280706,567,48,314,929
500280707,463,47,219,729
500280708,453,27,238,718
500280709,595,63,308,966
500280710,333,52,201,586
500280711,462,16,102,580
500280712,572,22,166,760
500280801,426,25,262,713
500280802,279,29,184,492
500280803,272,12,216,500
500280804,293,16,181,490
500280805,502,23,236,761
500280806,465,21,225,711
500280807,437,27,253,717
500280808,501,40,278,819
500280809,511,49,288,848
500280810,464,27,201,692
500280811,559,43,415,1017
500280812,570,28,208,806
500280813,563,50,239,852
500280814,294,24,137,455
500280815,533,42,310,885
500280816,366,42,205,613
500280817,382,23,184,589
500280818,246,18,141,405
500280819,254,16,116,386
500280820,300,22,126,448
500280901,517,31,294,842
500280902,345,23,218,586
500280903,427,26,264,717
500280904,264,7,154,425
500280905,546,30,293,869
500280906,575,50,427,1052
500280907,269,7,116,392
500280908,584,29,326,939
500280909,442,37,243,722
500280910,554,34,310,898
500280911,217,22,144,383
500280912,494,20,224,738
500280913,506,54,350,910
500280914,314,11,108,433
500281001,481,31,259,771
500281002,400,47,189,636
500281003,321,26,231,578
500281004,553,57,348,958
500281005,324,26,173,523
500281006,538,25,320,883
500281007,625,30,357,1012
500281008,607,60,339,1006
500281009,383,18,215,616
500281010,516,50,287,853
500281101,390,43,282,715
500281102,432,45,248,725
500281103,740,59,384,1183
500281104,698,39,481,1218
500281105,630,59,282,971
500281106,491,53,271,815
500281107,619,40,358,1017
500281108,597,38,308,943
500281109,541,30,296,867
500281110,609,67,344,1020
500281111,316,43,200,559
500281112,466,33,267,766
500281113,273,33,216,522
500281114,462,28,168,658
500281115,483,48,332,863
500281116,331,33,229,593
500281117,444,52,226,722
500281118,388,43,230,661
500281201,762,40,378,1180
500281202,467,57,254,778
500281203,540,73,274,887
500281204,497,51,452,1000
500281205,466,15,252,733
500281206,427,26,318,771
500281207,394,26,221,641
500281208,305,21,146,472
500281209,447,36,290,773
500281210,679,56,336,1071
500281211,418,37,192,647
500281212,424,34,181,639
500281213,405,30,231,666
500281214,418,41,210,669
500281215,402,21,203,626
500281216,469,25,305,799
500281217,413,40,305,758
500281218,409,32,268,709
500281219,658,34,295,987
500281301,471,48,250,769
500281302,539,38,227,804
500281303,570,52,331,953
500281304,464,34,287,785
500281305,508,36,242,786
500281306,368,29,137,534
500281307,295,18,159,472
500281308,485,45,260,790
500281309,324,34,187,545
500281310,489,50,164,703
500281311,334,37,220,591
500281312,280,32,175,487
500281401,283,19,143,445
500281402,292,27,197,516
500281403,297,16,169,482
500281404,399,31,282,712
500281405,445,30,293,768
500281406,404,53,240,697
500281407,463,44,287,794
500281408,497,50,261,808
500281409,392,33,304,729
500281410,321,23,302,646
500281411,297,23,224,544
500281412,478,29,332,839
500281413,438,52,248,738
500281414,366,12,87,465
500281415,410,24,131,565
500281501,613,45,312,970
500281502,840,66,487,1393
500281503,234,19,138,391
500281504,540,37,237,814
500281505,753,64,493,1310
500281506,765,90,358,1213
500281507,568,66,327,961
500281508,455,41,193,689
500281601,432,27,223,682
500281602,315,18,180,513
500281603,352,29,187,568
500281604,463,34,192,689
500281605,571,60,395,1026
500281606,291,8,164,463
500281607,300,19,133,452
500281608,557,34,245,836
500281609,697,50,324,1071
500281610,443,34,262,739
500281611,579,54,247,880
500281701,335,32,195,562
500281702,491,25,247,763
500281703,502,45,377,924
500281704,337,22,249,608
500281705,346,25,233,604
500281706,605,44,367,1016
500281707,672,45,364,1081
500281708,408,18,225,651
500281709,398,19,152,569
500281710,465,46,315,826
500281711,239,22,98,359
500281712,834,55,576,1465
500281713,479,13,222,714
500281714,444,16,164,624
500281715,398,55,248,701
500281716,589,43,293,925
500281801,482,38,237,757
500281802,563,45,267,875
500281803,773,129,405,1307
500281804,486,45,317,848
500281805,674,38,413,1125
500281806,564,29,134,727
500281807,695,45,382,1122
500281808,467,23,178,668
500281809,576,51,289,916
500281810,496,40,235,771
500281811,396,33,269,698
500281812,339,34,264,637
500281901,811,41,363,1215
500281902,399,40,227,666
500281903,348,20,185,553
500281904,531,67,285,883
500281905,901,98,521,1520
500281906,564,40,307,911
500281907,368,39,197,604
500281908,566,26,240,832
500281909,622,36,401,1059
500281910,534,51,332,917
500282001,566,29,340,935
500282002,418,31,218,667
500282003,297,20,182,499
500282004,262,31,178,471
500282005,385,33,256,674
500282006,378,23,301,702
500282007,502,23,315,840
500282008,304,7,190,501
500282009,511,32,179,722
500282010,337,19,190,546
500282011,373,11,234,618
500350101,646,60,525,1231
500350102,351,8,270,629
500350103,417,17,352,786
500350104,287,20,331,638
500350105,439,23,298,760
500350201,553,50,385,988
500350202,546,50,309,905
500350203,783,45,435,1263
500350204,287,13,296,596
500350205,556,47,337,940
500350206,248,8,176,432
500350207,466,40,359,865
500350208,339,19,249,607
500350209,532,40,457,1029
500350210,425,37,464,926
500350211,356,31,343,730
500350212,349,20,312,681
500350213,420,33,315,768
500350214,549,27,358,934
500350215,336,37,280,653
500350216,680,35,526,1241
500350217,345,20,284,649
500350218,443,50,345,838
500350301,667,38,648,1353
500350302,509,27,390,926
500350303,509,24,378,911
500350401,197,14,120,331
500350402,181,10,155,346
500350403,504,23,530,1057
500350404,220,15,194,429
500350501,786,30,639,1455
500350502,236,13,168,417
500350503,138,9,107,254
500350504,595,18,458,1071
500350505,185,9,125,319
500350506,166,10,141,317
500350507,324,11,272,607
500420101,248,13,208,469
500420102,86,4,90,180
500420201,67,3,52,122
500420301,60,1,28,89
500420302,44,1,8,53
500420401,77,3,84,164
500420402,147,16,153,316
500420403,152,28,154,334
500420404,370,33,209,612
500420405,251,14,141,406
500420406,563,34,649,1246
500420407,324,43,294,661
500420408,385,44,351,780
500420409,301,23,259,583
500420410,266,13,266,545
500420411,289,27,307,623
500420412,129,11,176,316
500490101,9,0,5,14
500490201,580,30,507,1117
500490202,116,2,57,175
500490203,322,35,180,537
500490204,498,57,306,861
500490205,595,61,292,948
500490206,594,66,245,905
500490207,616,63,484,1163
500490208,402,38,278,718
500490209,503,76,312,891
500490210,599,57,327,983
500490211,459,46,296,801
500490212,699,35,350,1084
500490213,652,70,359,1081
500490214,551,47,220,818
500490215,513,45,380,938
500490216,693,70,448,1211
500490217,405,38,259,702
500490218,488,56,332,876
500490219,734,137,498,1369
500490220,508,35,318,861
500490221,728,111,402,1241
500490301,404,46,300,750
500490302,454,53,291,798
500490303,561,49,339,949
500490304,538,35,361,934
500490305,550,19,345,914
500490306,596,45,378,1019
500490307,30,4,18,52
500490308,427,44,310,781
500490309,698,76,434,1208
500490310,279,30,204,513
500490311,294,27,217,538
500490312,433,19,233,685
500490313,745,46,519,1310
500490314,671,47,466,1184
500490315,542,39,298,879
500490316,499,50,280,829
500490317,516,41,359,916
500490318,434,40,167,641
500490319,407,43,284,734
500490320,473,30,267,770
500490321,528,53,278,859
500490401,397,44,269,710
500490402,558,48,345,951
500490403,532,55,274,861
500490404,506,57,273,836
500490405,341,28,237,606
500490406,329,18,200,547
500490407,423,36,303,762
500490408,321,34,168,523
500490409,584,70,350,1004
500490410,412,42,250,704
500490411,538,36,282,856
500490412,388,36,249,673
500490413,204,31,136,371
500490414,526,29,251,806
500490501,12,0,0,12
500490502,257,23,111,391
500490503,699,33,402,1134
500490504,603,22,325,950
500490505,876,37,458,1371
500490506,262,9,100,371
500490507,670,40,257,967
500490601,0,0,0,0
500490602,56,6,28,90
500490603,95,0,18,113
500490701,461,60,216,737
500490702,432,44,232,708
500490703,395,34,254,683
500490704,649,50,357,1056
500490705,575,38,385,998
500490706,349,19,204,572
500490707,347,22,222,591
500490708,384,23,229,636
500490709,429,60,326,815
500490710,235,19,159,413
500490711,419,36,257,712
500490712,441,46,199,686
500490713,429,26,223,678
500490714,240,21,129,390
500490715,444,25,238,707
500490801,469,48,261,778
500490802,578,41,331,950
500490803,335,34,249,618
500490804,543,65,304,912
500490805,714,64,355,1133
500490806,482,65,268,815
500490807,543,41,388,972
500490808,720,69,402,1191
500490809,563,86,381,1030
500490810,473,45,319,837
500490811,616,51,402,1069
500490812,733,66,443,1242
500490813,223,16,169,408
500490814,493,38,358,889
500490815,598,63,304,965
500490816,321,33,191,545
500490817,512,45,322,879
500490818,489,39,209,737
500490819,338,57,189,584
500490820,392,44,200,636
500490901,617,35,304,956
500490902,394,59,200,653
500490903,331,35,219,585
500490904,311,42,168,521
500490905,530,68,307,905
500490906,567,42,250,859
500490907,428,26,258,712
500490908,324,38,163,525
500490909,435,37,308,780
500490910,415,35,277,727
500490911,627,47,236,910
500490912,271,13,170,454
500490913,452,37,218,707
500490914,429,62,277,768
500490915,496,37,244,777
500490916,559,65,264,888
500490917,403,25,164,592
500490918,341,26,198,565
500490919,247,31,150,428
500491001,818,76,423,1317
500491002,556,66,365,987
500491003,335,29,154,518
500491004,273,21,142,436
500491005,439,37,221,697
500491006,288,38,217,543
500491007,588,72,389,1049
500491008,359,27,142,528
500491009,369,34,198,601
500491010,465,38,281,784
500491011,431,27,209,667
500491012,538,41,259,838
500491013,394,21,189,604
500491101,9,0,8,17
500491102,37,5,37,79
500491103,537,50,368,955
500491104,306,14,115,435
500491105,262,17,85,364
500491106,344,8,191,543
500491107,205,3,93,301
500491108,293,9,154,456
500491109,342,15,108,465
500491110,597,44,403,1044
500491111,418,20,270,708
500491112,505,29,425,959
500491113,177,20,140,337
500491114,426,39,307,772
500491115,275,28,222,525
500491116,493,79,334,906
500491117,629,75,393,1097
500491118,345,36,232,613
500491119,478,37,325,840
500491201,286,36,173,495
500491202,484,23,221,728
500491203,667,43,377,1087
500491204,360,14,142,516
500491205,558,64,261,883
500491206,440,16,165,621
500491207,602,40,356,998
500491208,345,64,180,589
500491209,309,17,161,487
500491210,394,31,176,601
500491211,285,13,155,453
500491212,611,41,317,969
500491213,412,43,215,670
500491214,333,18,192,543
500491215,681,43,311,1035
500491216,465,33,385,883
500491217,392,21,177,590
500491301,425,45,331,801
500491302,752,73,508,1333
500491303,487,43,286,816
500491304,547,53,334,934
500491305,342,39,211,592
500491306,335,55,203,593
500491307,626,68,387,1081
500491308,594,50,418,1062
500491309,609,36,362,1007
500491310,616,55,360,1031
500491311,603,53,376,1032
500491312,685,89,409,1183
500491313,416,49,288,753
500491314,336,28,160,524
500491401,490,19,176,685
500491402,791,66,365,1222
500491403,547,42,186,775
500491404,239,27,100,366
500491405,616,82,309,1007
500491406,591,67,362,1020
500491407,533,43,292,868
500491408,567,50,299,916
500491409,449,14,288,751
500491410,620,38,292,950
500491411,306,18,115,439
500491412,569,68,301,938
500491413,514,68,306,888
500491414,347,35,146,528
500560101,379,7,304,690
500560201,517,8,212,737
500560301,332,25,236,593
500560401,261,12,194,467
500560402,361,27,253,641
500560403,477,61,432,970
500560404,634,38,444,1116
500560405,308,9,209,526
500560406,417,42,295,754
500560407,793,19,589,1401
500560408,299,26,214,539
500560409,487,21,335,843
500560501,514,32,267,813
500560502,248,3,84,335
500560503,388,17,235,640
500560504,479,37,327,843
500560505,247,14,158,419
500560506,432,11,224,667
500560507,416,44,328,788
500560601,178,20,135,333
500560602,376,29,295,700
500560603,551,39,361,951
500560604,660,26,420,1106
500560605,643,38,508,1189
500560606,636,41,391,1068
500560607,193,15,100,308
500560608,386,19,292,697
500560609,488,47,413,948
500560610,361,42,284,687
500560611,549,24,402,975
500560612,331,22,283,636
500560613,363,42,283,688
500560614,97,9,90,196
500560615,459,35,319,813
500560616,279,22,259,560
500560701,254,15,195,464
500630101,463,23,283,769
500630102,401,20,175,596
500630103,709,24,313,1046
500630104,609,30,252,891
500630105,343,17,159,519
500630106,295,9,175,479
500630107,658,17,288,963
500630108,322,11,151,484
500630109,647,23,220,890
500630110,287,9,167,463
500630111,241,7,129,377
500630112,213,14,110,337
500630113,568,11,171,750
500630201,397,23,250,670
500630202,503,37,350,890
500630203,414,39,301,754
500630204,293,20,316,629
500630205,322,25,235,582
500630206,220,10,163,393
500630207,263,17,174,454
500630208,403,19,179,601
500630209,343,21,162,526
500630210,327,15,219,561
500630211,608,34,340,982
500630212,347,24,222,593
500630213,339,16,267,622
500630214,324,17,256,597
500630215,401,28,208,637
500630216,329,28,206,563
500630217,74,5,44,123
500630218,425,31,271,727
500630301,17,1,27,45
500630302,390,27,220,637
500630303,101,6,59,166
500630304,208,14,176,398
500630305,540,22,335,897
500630306,581,49,439,1069
500630307,493,50,401,944
500630308,408,33,245,686
500630309,547,34,393,974
500630310,1079,95,752,1926
500630311,413,17,356,786
500630312,732,66,530,1328
500630401,403,33,251,687
500630402,650,14,368,1032
500630403,491,56,332,879
500630404,169,2,99,270
500630405,451,69,311,831
500630406,964,55,585,1604
500630407,479,5,270,754
500630408,330,14,259,603
500630409,515,29,426,970
500630410,630,33,309,972
500630411,885,49,587,1521
500630501,490,22,331,843
500630502,421,28,232,681
500630503,341,4,165,510
500630504,369,10,174,553
500630601,51,3,29,83
500630602,76,6,27,109
500630701,10,1,4,15
500630702,49,5,19,73
500630703,281,22,166,469
500630704,99,4,45,148
500630705,77,2,15,94
500630706,29,4,11,44
500630707,88,5,36,129
500630801,400,19,238,657
500630802,509,20,237,766
500630803,493,20,275,788
500630804,611,60,353,1024
500630805,403,39,306,748
500630806,266,11,116,393
500630807,414,44,176,634
500630808,465,40,311,816
500630809,656,37,364,1057
500630810,295,11,157,463
500630811,524,20,322,866
500630812,576,20,268,864
500630813,465,27,234,726
500630814,661,13,295,969
500630901,508,18,237,763
500630902,0,0,0,0
500630903,335,12,141,488
500630904,488,18,248,754
500630905,641,36,396,1073
500630906,547,61,421,1029
500630907,712,54,411,1177
500630908,386,50,244,680
500630909,533,49,255,837
500630910,492,53,329,874
500630911,257,26,237,520
500630912,502,53,272,827
500630913,378,27,257,662
500630914,701,83,400,1184
500630915,537,66,326,929
500631001,364,25,222,611
500631002,304,15,131,450
500631003,483,33,189,705
500631004,302,12,157,471
500631005,519,21,218,758
500631006,479,56,222,757
500631007,367,25,203,595
500631008,628,30,301,959
500631009,293,28,166,487
500631010,522,26,289,837
500631011,527,30,306,863
500631012,300,30,155,485
500631013,522,52,334,908
500631014,271,26,216,513
500631015,316,18,181,515
500631016,208,6,70,284
500631017,683,43,303,1029
500631101,667,58,350,1075
500631102,274,13,120,407
500631103,687,100,449,1236
500631104,546,90,296,932
500631105,605,69,351,1025
500631106,340,45,203,588
500631107,242,23,130,395
500631108,523,38,262,823
500631109,462,54,291,807
500631110,208,16,71,295
500631111,286,22,140,448
500631112,275,7,76,358
500631113,514,45,343,902
500631114,553,52,260,865
500631115,371,12,202,585
500631116,346,30,189,565
500700101,505,13,200,718
500700102,529,10,314,853
500700103,676,30,387,1093
500700104,290,21,193,504
500700105,839,56,459,1354
500700106,639,42,428,1109
500700107,289,25,164,478
500700108,292,4,245,541
500700109,1029,88,678,1795
500700110,1180,179,716,2075
500700111,642,27,276,945
500700112,519,24,303,846
500700113,448,14,213,675
500700114,561,27,275,863
500700115,261,16,133,410
500700116,890,65,615,1570
500700117,733,94,531,1358
500700118,436,19,207,662
500700201,384,6,157,547
500700202,608,16,287,911
500700203,387,15,181,583
500700204,572,19,332,923
500700205,527,13,286,826
500700206,505,25,298,828
500700207,820,61,607,1488
500700208,516,20,306,842
500700209,470,31,319,820
500700210,637,30,387,1054
500700211,721,25,358,1104
500700212,543,35,317,895
500700213,578,50,314,942
500700214,379,39,257,675
500700215,237,12,99,348
500700301,731,54,490,1275
500700302,840,64,634,1538
500700303,639,11,369,1019
500700304,488,18,304,810
500700305,794,81,677,1552
500700306,361,6,148,515
500700307,262,30,176,468
500700308,404,27,330,761
500700401,222,19,130,371
500700402,510,33,367,910
500700403,720,60,301,1081
500700404,779,57,409,1245
500700405,653,74,395,1122
500700406,765,78,442,1285
500700407,762,72,474,1308
500700408,879,90,562,1531
500700409,800,79,503,1382
500700410,212,8,112,332
500700411,482,38,310,830
500700412,605,96,404,1105
500700413,623,85,561,1269
500700414,514,26,353,893
500700415,331,29,262,622
500700416,621,42,501,1164
500700417,614,61,364,1039
500700418,500,42,324,866
500700419,611,34,382,1027
500700420,511,41,271,823
500700421,527,37,366,930
500700422,448,25,351,824
500700423,586,27,277,890
500700424,332,21,201,554
500700425,401,34,258,693
500700501,912,62,434,1408
500700502,536,43,281,860
500700503,341,16,146,503
500700504,428,35,204,667
500700505,589,39,333,961
500700506,495,46,353,894
500700507,461,35,271,767
500700508,435,11,283,729
500700509,284,18,267,569
500700510,624,36,417,1077
500700511,548,58,383,989
500700512,658,54,337,1049
500700513,541,55,302,898
500700514,449,63,281,793
500700601,710,77,482,1269
500700602,792,68,484,1344
500700603,706,39,440,1185
500700604,294,30,212,536
500700605,374,35,249,658
500700606,489,32,310,831
500700607,522,47,263,832
500700608,770,101,476,1347
500700609,424,33,195,652
500700610,275,26,304,605
500700611,269,45,221,535
500700612,596,67,475,1138
500700613,449,24,173,646
500700701,333,26,188,547
500700702,466,28,264,758
500700703,527,47,250,824
500700704,319,24,170,513
500700705,528,39,323,890
500700706,795,89,366,1250
500700707,438,30,257,725
500700708,406,44,299,749
500700709,264,18,164,446
500700710,226,19,189,434
500700711,456,32,213,701
500700712,289,13,171,473
500700801,557,27,253,837
500700802,488,33,245,766
500700803,454,26,310,790
500700804,624,23,224,871
500700805,778,56,463,1297
500700806,556,31,390,977
500700807,344,19,231,594
500700808,560,17,219,796
500700809,437,25,210,672
500700810,567,55,343,965
500700811,445,45,228,718
500700812,562,63,298,923
500700813,389,50,169,608
500700814,481,43,297,821
500700815,346,40,212,598
500700816,509,31,273,813
500700901,435,24,224,683
500700902,622,66,410,1098
500700903,1222,85,675,1982
500700904,550,64,383,997
500700905,370,19,212,601
500700906,289,30,188,507
500700907,497,34,248,779
500700908,591,45,408,1044
500700909,348,36,272,656
500700910,388,41,244,673
500700911,640,87,442,1169
500700912,530,50,313,893
500700913,414,25,186,625
500701001,466,44,326,836
500701002,440,42,261,743
500701003,446,20,245,711
500701004,548,36,212,796
500701005,280,24,174,478
500701006,681,50,286,1017
500701007,391,16,153,560
500701008,319,26,212,557
500701009,332,40,189,561
500701010,494,24,331,849
500701011,275,21,195,491
500701012,551,19,276,846
500701013,316,28,190,534
500770101,255,0,10,265
500770102,173,5,41,219
500770103,213,18,165,396
500770104,222,1,26,249
500770105,466,24,273,763
500770106,382,24,230,636
500770107,360,17,160,537
500770108,459,13,204,676
500770109,375,17,217,609
500770110,326,20,273,619
500770111,75,3,28,106
500770112,419,19,248,686
500770113,451,17,240,708
500770114,655,75,502,1232
500770115,317,19,274,610
500770116,593,33,330,956
500770117,475,28,269,772
500770118,345,19,222,586
500770119,446,32,352,830
500770120,397,25,206,628
500770121,325,20,149,494
500770122,543,27,376,946
500770123,583,23,284,890
500770124,380,30,302,712
500770125,384,21,280,685
500770126,347,30,296,673
500770127,412,50,299,761
500770128,6,0,1,7
500770201,300,9,104,413
500770202,194,0,52,246
500770203,5,0,45,50
500770301,286,26,224,536
500770302,65,3,29,97
500770401,26,0,24,50
500770402,363,6,200,569
500770403,108,6,191,305
500840101,557,27,435,1019
500840102,270,16,181,467
500840103,404,21,273,698
500840104,300,10,296,606
500840105,307,19,247,573
500840201,786,61,550,1397
500840202,409,60,343,812
500840203,370,30,269,669
500840204,683,21,530,1234
500840205,535,50,433,1018
500840206,456,29,284,769
500840207,552,28,397,977
500840208,311,14,205,530
500840209,223,13,173,409
500840210,328,38,288,654
500840211,401,53,325,779
500840212,353,22,280,655
500840213,464,31,356,851
500840214,460,42,362,864
500840215,555,47,393,995
500840216,268,19,253,540
500840217,144,9,116,269
500840301,280,16,290,586
500840302,571,35,554,1160
500840303,315,40,323,678
500840304,493,29,443,965
500840305,432,33,373,838
500840306,405,21,314,740
500840307,354,17,342,713
500840308,345,22,310,677
500840309,357,19,362,738
500840401,91,4,80,175
500840402,313,14,191,518
500840403,521,15,371,907
500840404,133,4,128,265
500840405,250,24,223,497
500840406,329,12,270,611
500840407,271,15,358,644
500840501,106,3,105,214
500840601,95,2,44,141
500840701,190,8,144,342
500840702,389,15,272,676
500840703,253,16,208,477
500840704,237,15,193,445
500840705,428,36,406,870
500840706,293,16,162,471
500840801,307,18,283,608
500840802,537,41,382,960
500840803,555,60,385,1000
500840804,326,19,258,603
500840805,564,28,407,999
500840806,573,38,455,1066
500840807,304,9,306,619
500840808,519,27,462,1008
500840809,570,25,307,902
500840810,476,44,361,881
500840811,432,17,321,770
500840812,458,25,435,918
500840813,588,47,536,1171
500910101,904,46,610,1560
500910102,251,3,166,420
500910103,292,4,160,456
500910104,207,9,238,454
500910105,645,38,373,1056
500910106,314,17,222,553
500910107,342,5,231,578
500910108,549,30,407,986
500910109,387,35,323,745
500910110,329,19,256,604
500910111,619,26,423,1068
500910112,349,22,250,621
500910113,370,16,234,620
500910201,575,33,340,948
500910202,844,64,597,1505
500910203,672,34,402,1108
500910204,503,23,327,853
500910205,366,13,302,681
500910206,453,37,357,847
500910207,537,12,281,830
500910208,567,29,329,925
500910209,486,20,355,861
500910301,404,19,254,677
500910302,524,29,369,922
500910303,405,16,272,693
500910304,358,18,263,639
500910305,550,43,330,923
500910306,514,17,437,968
500910307,429,32,266,727
500910401,56,0,33,89
500910501,61,0,13,74
500910601,126,3,73,202
500980101,491,23,372,886
500980102,854,58,470,1382
500980103,480,11,276,767
500980104,635,50,413,1098
500980105,371,28,373,772
500980106,623,21,381,1025
500980107,223,6,144,373
500980108,501,49,355,905
500980201,45,4,17,66
500980202,310,11,232,553
500980203,116,3,77,196
500980204,206,16,149,371
500980205,137,11,133,281
500980206,65,1,22,88
500980301,360,12,332,704
500980302,270,8,194,472
500980303,584,24,395,1003
500980304,381,24,275,680
500980305,413,12,313,738
500980306,596,46,505,1147
500980307,244,10,230,484
500980308,570,20,437,1027
500980401,416,26,131,573
500980402,446,38,342,826
500980403,449,46,397,892
500980404,494,42,406,942
500980405,433,27,333,793
500980406,552,15,286,853
500980407,682,53,423,1158
500980408,493,20,285,798
500980409,499,20,365,884
500980410,309,8,223,540
500980411,383,32,353,768
500980412,344,20,273,637
500980413,292,29,207,528
500980414,39,0,26,65
500980415,699,31,355,1085
500980416,281,4,98,383
500980417,556,56,225,837
500980501,334,18,175,527
500980502,108,9,53,170
500980503,432,38,278,748
500980504,546,68,315,929
500980505,539,43,348,930
500980506,574,42,342,958
500980507,364,29,273,666
500980508,601,45,532,1178
500980509,307,25,224,556
500980510,323,23,248,594
500980511,249,24,248,521
500980512,533,41,394,968
500980601,338,4,189,531
500980602,386,17,265,668
500980603,452,22,307,781
500980604,495,27,306,828
500980605,416,26,400,842
500980606,501,25,412,938
500980607,327,29,313,669
500980608,446,22,350,818
500980609,342,42,278,662
500980610,248,19,156,423
500980611,545,29,426,1000
500980612,374,25,293,692
500980701,238,13,194,445
500980702,540,39,402,981
500980703,426,30,243,699
500980704,440,36,210,686
500980705,515,41,353,909
500980706,385,25,299,709
500980707,399,25,300,724
500980708,241,25,194,460
500980709,416,27,250,693
500980710,255,5,128,388
500980711,291,9,179,479
500980712,341,15,227,583
500980713,262,5,220,487
500980714,396,23,307,726
500980715,860,64,452,1376
500980716,581,47,340,968
500980717,312,31,156,499
500980718,377,22,229,628
500980719,553,61,388,1002
500980720,265,10,159,434
500980721,313,17,234,564
500980722,294,27,256,577
500980801,469,91,317,877
500980802,691,61,484,1236
500980803,728,57,506,1291
500980804,707,56,444,1207
500980805,789,61,418,1268
500980806,597,85,454,1136
500980807,534,22,357,913
500980808,463,35,341,839
500980809,450,38,290,778
500980810,447,53,315,815
500980811,761,59,361,1181
500980812,296,36,197,529
500980813,445,29,230,704
500980814,316,31,180,527
500980815,289,42,179,510
500980816,249,8,148,405
500980817,294,16,197,507
500980818,563,53,523,1139
500980819,499,43,375,917
500980820,387,21,274,682
500980821,248,34,161,443
500980901,351,13,307,671
500980902,251,17,160,428
500980903,566,39,372,977
500980904,568,52,376,996
500980905,404,26,378,808
500980906,461,52,303,816
500980907,793,46,619,1458
500980908,465,38,466,969
500980909,598,40,482,1120
500980910,404,29,293,726
500980911,579,62,412,1053
500980912,463,26,268,757
501050101,9,0,1,10
501050102,465,39,370,874
501050103,407,24,331,762
501050104,340,34,402,776
501050105,351,24,265,640
501050106,520,44,343,907
501050107,488,35,300,823
501050108,573,32,373,978
501050109,140,4,98,242
501050110,295,28,264,587
501050111,465,18,280,763
501050112,495,27,400,922
501050113,441,15,209,665
501050201,6,0,0,6
501050202,538,39,461,1038
501050203,305,38,326,669
501050204,645,47,418,1110
501050205,550,42,445,1037
501050301,25,0,3,28
501050302,308,23,229,560
501050303,386,14,232,632
501050304,806,67,573,1446
501050305,311,43,286,640
501050306,626,50,449,1125
501050307,461,23,259,743
501050308,308,30,261,599
501050309,481,29,261,771
501050310,308,30,279,617
501050401,479,35,292,806
501050402,443,41,340,824
501050403,362,21,225,608
501050404,286,33,151,470
501050405,585,37,333,955
501050406,486,35,240,761
501050407,570,92,413,1075
501050408,494,36,331,861
501050409,317,12,232,561
501050410,343,34,243,620
501050411,487,66,305,858
501050412,363,19,198,580
501050413,388,30,276,694
501050414,443,31,270,744
501050415,224,11,154,389
501050416,327,36,241,604
501050417,396,42,292,730
501050418,484,57,374,915
501050419,590,90,474,1154
501050420,282,19,182,483
501050421,792,44,499,1335
501050422,139,6,86,231
501050501,226,6,179,411
501050502,108,12,91,211
501050503,225,18,172,415
501050504,326,17,208,551
501050505,259,12,139,410
501050506,376,32,242,650
501050507,351,20,210,581
501050508,272,29,164,465
501050509,400,38,258,696
501050510,364,30,244,638
501050511,330,25,228,583
501050512,208,9,186,403
501050513,356,35,319,710
501050514,403,17,300,720
501050515,381,39,250,670
501050516,404,23,293,720
501050517,237,29,185,451
501050518,218,15,127,360
501050519,300,34,186,520
501050520,281,31,161,473
501050521,239,21,180,440
501050601,54,0,32,86
501050602,321,27,399,747
501050603,66,3,49,118
501050604,3,0,1,4
501050605,216,10,246,472
501050606,314,21,407,742
501050607,358,17,374,749
501050608,110,6,106,222
501050701,13,0,4,17
501050702,266,17,264,547
501050703,356,7,247,610
501050704,341,14,316,671
501050705,399,21,379,799
501050706,383,17,354,754
501050707,268,33,256,557
501050708,290,25,269,584
501050801,359,20,244,623
501050802,218,5,160,383
501050803,196,7,121,324
501050804,26,0,25,51
501050805,12,0,3,15
501050806,91,3,83,177
501050807,241,14,172,427
501050808,148,7,144,299
501050901,201,8,167,376
501050902,31,0,6,37
501050903,361,2,205,568
501050904,419,27,419,865
501050905,203,16,299,518
501050906,387,28,361,776
501050907,320,33,325,678
501051001,26,0,12,38
501051002,338,49,422,809
501051003,98,1,19,118
501051004,206,4,52,262
501051005,139,0,16,155
501051006,387,50,411,848
501051007,401,25,379,805
501051008,495,34,514,1043
501051009,366,17,256,639
501051010,71,3,27,101
501051011,282,8,270,560
501051012,279,30,326,635
501051101,473,38,422,933
501051102,337,21,327,685
501051103,327,34,296,657
501051104,291,12,221,524
501051105,700,42,754,1496
501051106,557,48,676,1281
501051107,458,36,585,1079
501051108,244,16,210,470
501051109,186,12,132,330
501051110,333,7,315,655
501051201,158,13,124,295
501051202,171,6,160,337
501051203,124,7,124,255
501051204,127,6,72,205
501051205,387,26,388,801
501051206,211,9,162,382
501051207,115,23,107,245
501051208,290,22,358,670
501051209,238,52,280,570
501051301,281,8,159,448
501051302,301,18,194,513
501051303,327,10,213,550
501051304,253,24,138,415
501051305,203,7,142,352
501051306,228,26,166,420
501051307,352,14,197,563
501051308,140,8,174,322
501051309,323,12,235,570
501051310,314,29,281,624
501051311,122,10,100,232
501051312,251,16,185,452
501051401,487,29,280,796
501051402,157,6,128,291
501051403,267,10,142,419
501051404,273,14,159,446
501051405,448,23,218,689
501051406,232,9,141,382
501051407,298,11,72,381
501051408,265,7,196,468
501051409,255,15,139,409
501051410,257,23,190,470
501051411,346,17,205,568
501051412,336,23,241,600
501051413,430,22,291,743
501051501,493,46,384,923
501051502,246,18,198,462
501051503,308,24,212,544
501051504,299,11,193,503
501051505,459,42,246,747
501051506,323,13,285,621
501051507,317,26,206,549
501051508,447,30,312,789
501051509,309,26,213,548
501051510,352,32,211,595
501051511,399,22,343,764
501051512,273,26,191,490
501051513,449,38,358,845
501051514,377,34,196,607
501051515,205,12,186,403
501051516,291,15,156,462
501051517,572,37,255,864
501051518,527,100,376,1003
501051519,354,26,339,719
501051601,582,31,392,1005
501051602,643,32,452,1127
501051603,561,34,505,1100
501051604,380,49,344,773
501051605,720,48,450,1218
501051606,52,3,7,62
501051607,254,12,238,504
501051608,95,2,79,176
501051609,347,13,207,567
501051701,569,58,275,902
501051702,400,40,268,708
501051703,403,17,239,659
501051704,375,26,238,639
501051705,347,30,194,571
501051706,356,55,249,660
501051707,243,6,121,370
501051708,408,25,187,620
501051709,346,23,296,665
501051710,342,21,221,584
501051711,393,34,232,659
501051712,492,29,295,816
501051713,336,9,195,540
501051714,241,6,152,399
501051801,556,33,314,903
501051802,181,14,140,335
501051803,346,33,234,613
501051804,605,46,392,1043
501051805,434,29,352,815
501051806,364,43,243,650
501051807,257,28,123,408
501051808,246,14,208,468
501051809,352,18,239,609
501051810,471,30,301,802
501051811,362,17,221,600
501051812,302,27,231,560
501051813,282,13,231,526
501051814,300,16,171,487
501051815,382,20,297,699
501051816,346,20,186,552
501051817,280,9,156,445
501051818,538,74,394,1006
501051901,273,27,154,454
501051902,616,57,348,1021
501051903,297,8,188,493
501051904,413,27,248,688
501051905,495,62,285,842
501051906,560,56,519,1135
501051907,571,41,336,948
501051908,602,31,311,944
501051909,464,30,284,778
501051910,526,62,412,1000
501051911,203,24,118,345
501051912,434,45,327,806
501051913,314,55,295,664
501051914,446,56,303,805
501051915,247,22,155,424
501120101,373,15,240,628
501120102,908,70,612,1590
501120103,310,15,236,561
501120104,624,47,477,1148
501120105,261,26,179,466
501120201,470,34,316,820
501120202,371,21,291,683
501120203,148,15,140,303
501120204,563,47,408,1018
501120205,518,27,429,974
501120301,140,11,101,252
501120302,384,19,274,677
501120303,196,7,113,316
501120304,453,24,386,863
501120305,395,23,321,739
501120401,336,16,178,530
501120501,137,0,55,192
501120601,213,8,126,347
501190101,4,0,0,4
501190201,146,4,85,235
501190202,225,5,141,371
501190203,77,1,73,151
501190204,657,48,420,1125
501190205,568,35,341,944
501190206,461,14,254,729
501190301,654,68,410,1132
501190302,540,45,384,969
501190303,620,42,423,1085
501190304,618,29,416,1063
501190305,594,32,441,1067
501190306,632,53,482,1167
501190307,465,34,414,913
501190308,829,59,649,1537
501190309,908,85,520,1513
501190310,628,24,360,1012
501190311,421,25,256,702
501190312,257,19,214,490
501190401,564,77,520,1161
501190402,281,12,160,453
501190403,706,49,448,1203
501190404,191,10,91,292
501190405,234,6,160,400
501190406,443,17,299,759
501190407,831,44,526,1401
501190408,763,33,461,1257
501190409,620,42,546,1208
501190501,119,3,84,206
501190601,374,23,284,681
501190602,159,7,129,295
501190603,526,55,430,1011
501190604,484,38,401,923
501190605,354,20,250,624
501190606,410,41,274,725
501190607,734,40,303,1077
501190608,416,19,265,700
501190609,299,6,162,467
501190610,354,29,268,651
501190611,355,27,200,582
501190612,569,35,411,1015
501190613,892,25,577,1494
501190614,480,43,509,1032
501260101,167,7,103,277
501260102,11,2,4,17
501260201,15,0,11,26
501260202,178,8,107,293
501260203,148,5,86,239
501260204,156,4,96,256
501260205,6,0,0,6
501260301,1252,62,825,2139
501260302,286,17,263,566
501260303,910,50,516,1476
501260304,589,23,401,1013
501260305,554,32,333,919
501260306,523,22,398,943
501260307,472,14,221,707
501260308,254,11,155,420
501260309,552,25,427,1004
501260310,409,34,322,765
501260311,577,51,345,973
501260312,582,57,429,1068
501260313,361,11,209,581
501260314,543,39,412,994
501260315,321,20,186,527
501260316,401,14,195,610
501260317,409,27,365,801
501260318,130,4,70,204
501260319,488,15,331,834
501260401,428,22,271,721
501260402,22,1,9,32
501260501,1199,79,716,1994
501260502,459,22,320,801
501260503,434,11,314,759
501260504,603,14,315,932
540070101,39,2,54,95
540070102,255,18,348,621
540070103,356,23,533,912
540070104,125,7,92,224
540070105,166,6,159,331
540070106,9,0,5,14
540070107,198,19,250,467
540070108,491,21,354,866
540070109,260,23,390,673
540070110,130,15,210,355
540070201,46,1,55,102
540070202,23,0,22,45
540070301,51,2,29,82
540070302,128,14,104,246
540070303,411,41,319,771
540070304,163,1,105,269
540070305,73,1,78,152
540070306,63,1,50,114
540070307,57,1,80,138
540070308,32,2,37,71
540070309,43,1,29,73
540070310,238,13,238,489
540070311,402,19,315,736
540070312,623,42,496,1161
540070313,418,19,259,696
540070314,142,9,167,318
540070315,424,17,287,728
540070316,489,24,179,692
540070317,200,29,230,459
540070318,498,27,367,892
540070319,295,32,274,601
540070401,64,2,73,139
540070402,104,4,129,237
540070403,207,12,182,401
540070404,42,0,38,80
540070405,14,2,11,27
540070406,22,0,16,38
540070501,33,0,29,62
540070502,102,3,85,190
540070503,88,0,152,240
540070504,311,17,257,585
540070505,8,1,9,18
540070506,124,8,139,271
540070507,74,3,38,115
540070508,425,23,396,844
540070509,239,4,221,464
540070601,38,0,24,62
540070602,391,22,317,730
540070603,388,10,318,716
540070604,283,24,287,594
540070605,290,23,211,524
540070606,400,15,299,714
540070607,511,19,451,981
540070608,215,7,143,365
540070609,210,15,115,340
540070610,253,15,231,499
540070611,360,18,244,622
540070612,276,16,270,562
540070613,414,21,370,805
540070614,229,10,203,442
540070615,444,29,417,890
540070616,424,33,452,909
540070617,312,8,160,480
540070618,332,19,236,587
540070619,353,14,346,713
540070620,161,9,101,271
540140101,55,0,50,105
540140102,139,8,150,297
540140103,299,11,355,665
540140104,332,13,319,664
540140105,55,0,39,94
540140106,104,4,75,183
540140107,167,4,197,368
540140108,306,16,265,587
540140109,313,11,361,685
540140110,303,16,295,614
540140111,342,38,426,806
540140112,86,4,114,204
540140201,142,6,154,302
540140202,295,12,194,501
540140203,277,8,196,481
540140204,251,20,229,500
540140205,308,19,211,538
540140206,238,6,149,393
540140207,162,5,163,330
540140208,432,18,296,746
540140209,373,22,340,735
540140210,460,16,254,730
540140211,422,19,400,841
540140212,318,18,281,617
540140301,118,7,80,205
540140302,114,6,95,215
540140303,406,22,338,766
540140304,222,1,180,403
540140305,128,10,64,202
540140306,43,0,51,94
540140307,352,26,422,800
540140308,146,4,152,302
540140309,235,23,196,454
540140401,215,2,145,362
540140402,105,2,94,201
540140403,160,2,77,239
540140404,422,10,248,680
540140501,210,9,153,372
540140502,257,2,251,510
540140503,247,9,184,440
540140504,250,9,220,479
540140505,332,32,232,596
540140506,272,14,263,549
540140507,195,4,158,357
540140508,384,19,255,658
540140509,288,11,211,510
540140510,181,8,81,270
540140511,411,28,399,838
540140512,297,22,152,471
540140601,135,9,140,284
540140602,405,2,244,651
540140603,126,0,72,198
540140604,255,5,264,524
540140605,182,1,136,319
540140606,255,2,216,473
540140607,676,13,382,1071
540140608,495,12,311,818
540140609,195,10,214,419
540140701,211,2,145,358
540140702,146,0,74,220
540140703,302,0,173,475
540140704,338,4,130,472
540140705,227,3,145,375
540140801,204,2,179,385
540140802,165,4,87,256
540140803,96,0,36,132
540140804,111,0,57,168
540140805,114,0,63,177
540140806,337,17,332,686
540140807,271,8,123,402
540140808,383,17,270,670
540140901,130,3,76,209
540140902,148,4,137,289
540140903,112,1,105,218
540140904,35,0,63,98
540140905,108,2,97,207
540140906,214,0,219,433
540141001,133,4,191,328
540141002,198,6,189,393
540141003,80,3,93,176
540141004,114,7,185,306
540141005,151,4,92,247
540141006,185,6,109,300
540210101,84,4,54,142
540210102,174,10,130,314
540210103,42,1,41,84
540210201,42,1,45,88
540210202,253,21,352,626
540210203,50,0,59,109
540210301,43,0,40,83
540210302,94,1,31,126
540210303,27,0,15,42
540210304,56,1,31,88
540210305,58,1,46,105
540210306,208,9,233,450
540210401,133,7,123,263
540210402,40,1,62,103
540210403,40,0,10,50
540210404,5,0,4,9
540210501,138,9,86,233
540210502,59,7,81,147
540210503,50,4,28,82
540210504,447,37,369,853
540210505,274,22,330,626
540210506,259,17,249,525
540210507,300,33,336,669
540210508,315,24,345,684
540210509,352,29,352,733
540210510,273,7,359,639
540210511,254,13,355,622
540210512,370,22,423,815
540210513,257,27,210,494
540210514,367,27,340,734
540210515,313,14,275,602
540210516,331,14,281,626
540210517,217,25,151,393
540210518,151,3,117,271
540210601,309,8,347,664
540210602,229,19,265,513
540210603,137,1,190,328
540210604,44,2,47,93
540210605,37,2,25,64
540210606,33,0,22,55
540210607,369,14,419,802
540210608,236,16,271,523
540210609,319,21,344,684
540210610,116,8,118,242
540210611,61,1,88,150
540210701,83,1,67,151
540210702,52,0,28,80
540210703,76,3,26,105
540210704,280,23,325,628
540210705,333,11,255,599
540280101,329,21,109,459
540280102,337,43,244,624
540280103,582,40,438,1060
540280104,343,17,174,534
540280105,109,5,44,158
540280106,155,7,92,254
540280107,450,22,254,726
540280108,329,5,196,530
540280109,261,8,159,428
540280110,313,7,140,460
540280111,397,12,226,635
540280112,542,15,261,818
540280113,270,12,131,413
540280114,237,8,156,401
540280116,9,0,1,10
540280117,308,8,132,448
540280118,209,4,105,318
540280119,325,9,111,445
540280201,278,11,126,415
540280202,285,8,105,398
540280203,375,4,186,565
540280204,311,16,131,458
540280205,239,3,137,379
540280206,311,15,148,474
540280207,376,20,158,554
540280208,268,10,145,423
540280209,213,5,106,324
540280210,310,9,197,516
540280211,249,18,123,390
540280212,172,2,88,262
540280213,237,15,147,399
540280214,141,7,92,240
540280215,238,8,152,398
540280216,149,7,72,228
540280217,248,20,131,399
540280218,183,11,64,258
540280301,771,61,406,1238
540280302,464,38,301,803
540280303,500,32,288,820
540280304,367,30,164,561
540280305,499,29,289,817
540280306,448,43,192,683
540280307,850,65,370,1285
540280308,692,37,443,1172
540280309,363,17,193,573
540280310,425,27,223,675
540280311,665,37,352,1054
540280312,510,17,304,831
540280313,422,39,205,666
540280314,405,15,227,647
540280401,521,30,382,933
540280402,627,63,428,1118
540280403,354,20,187,561
540280404,267,23,143,433
540280405,469,10,250,729
540280406,450,13,243,706
540280407,418,16,241,675
540280408,705,45,302,1052
540280409,429,23,252,704
540280410,626,66,412,1104
540280411,418,41,301,760
540280412,640,35,425,1100
540280413,492,50,312,854
540280414,375,32,215,622
540280415,402,37,207,646
540280416,369,31,195,595
540280417,560,53,334,947
540280418,421,48,236,705
540280419,620,75,446,1141
540280501,459,22,154,635
540280502,398,27,226,651
540280504,318,22,134,474
540280505,383,33,244,660
540280506,607,28,252,887
540280507,444,11,187,642
540280508,362,16,173,551
540280509,400,20,199,619
540280510,164,14,97,275
540280511,407,69,253,729
540280601,596,22,288,906
540280602,500,22,239,761
540280603,659,30,373,1062
540280604,244,13,161,418
540280605,325,41,249,615
540280606,340,17,186,543
540280607,478,40,279,797
540280608,449,24,198,671
540280609,484,19,220,723
540280610,239,16,176,431
540280611,505,30,269,804
540280612,572,62,385,1019
540280613,493,33,368,894
540280614,342,24,255,621
540280615,111,1,44,156
540280616,322,20,232,574
540280617,373,14,230,617
540280618,765,19,510,1294
540280701,407,26,279,712
540280702,440,44,277,761
540280703,622,31,243,896
540280704,463,18,190,671
540280705,420,21,261,702
540280706,296,4,150,450
540280707,271,14,135,420
540280708,439,21,189,649
540280709,374,17,149,540
540280710,502,47,242,791
540280711,375,22,158,555
540280712,488,51,258,797
540280713,717,56,337,1110
540280714,551,39,340,930
540280715,388,42,246,676
540280716,536,33,318,887
540280717,387,27,206,620
540280718,330,21,156,507
540280719,401,27,215,643
540280720,443,40,242,725
540280721,402,13,223,638
540280803,489,31,322,842
540280804,404,21,222,647
540280805,330,17,248,595
540280806,475,49,286,810
540280807,754,97,595,1446
540280808,584,69,503,1156
540280809,592,47,383,1022
540280810,496,56,424,976
540280811,386,27,220,633
540280812,533,61,430,1024
540280813,354,19,217,590
540280814,414,20,205,639
540280815,335,21,233,589
540280816,482,25,217,724
540280817,260,14,166,440
540280818,594,43,299,936
540280819,307,30,278,615
540280820,629,61,434,1124
540280821,366,37,263,666
540280822,215,4,150,369
540280901,337,12,161,510
540280902,335,12,152,499
540280903,231,22,78,331
540280906,326,14,135,475
540280907,494,15,254,763
540280908,380,18,193,591
540280909,221,6,109,336
540280910,212,15,131,358
540280911,228,13,139,380
540281001,302,13,135,450
540281002,198,18,133,349
540281003,441,18,219,678
540281004,590,28,298,916
540281005,398,20,162,580
540281006,292,18,184,494
540281007,285,13,141,439
540281008,690,25,308,1023
540281009,626,27,354,1007
540281010,507,28,291,826
540281011,451,17,256,724
540281012,428,15,232,675
540281013,296,12,139,447
540281014,299,23,192,514
540281015,289,33,176,498
540281101,157,7,141,305
540281102,170,6,81,257
540281103,192,8,148,348
540281201,677,29,370,1076
540281202,280,15,173,468
540281203,43,8,48,99
540281204,97,5,81,183
540281205,489,35,283,807
540281206,529,28,242,799
540281207,434,12,206,652
540281208,533,29,228,790
540281209,580,40,306,926
540281210,819,26,317,1162
540281211,714,81,434,1229
540281212,627,49,422,1098
540281213,745,63,553,1361
540281214,819,31,251,1101
540281215,463,23,135,621
540281216,609,55,311,975
540281217,554,18,178,750
540281218,638,62,426,1126
540281219,702,26,267,995
540281220,457,34,119,610
540281301,140,8,95,243
540281302,83,10,75,168
540281303,89,3,69,161
540281304,11,0,4,15
540281305,109,9,118,236
540281306,436,26,383,845
540281307,167,10,199,376
540281308,360,31,328,719
540281309,158,18,199,375
540281310,302,33,276,611
540281311,461,36,245,742
540281312,410,32,410,852
540281313,387,38,437,862
540281314,574,37,457,1068
540281315,654,37,387,1078
540281316,442,25,315,782
540281317,229,13,232,474
540281318,218,10,66,294
540281319,743,46,350,1139
540281320,285,17,129,431
540281321,236,20,144,400
540281322,484,35,333,852
540281323,214,7,201,422
540281401,379,13,383,775
540281402,0,0,0,0
540281403,2,0,1,3
540281501,126,1,51,178
540281502,74,0,55,129
540281503,86,6,58,150
540281504,631,35,304,970
540281505,648,28,278,954
540281601,594,22,425,1041
540281602,10,0,1,11
540281701,61,0,76,137
540281702,30,3,21,54
540281703,26,2,19,47
540281704,11,1,11,23
540281801,473,57,454,984
540281802,296,25,243,564
540281803,298,28,289,615
540281804,447,38,394,879
540281805,297,19,243,559
540281806,187,16,211,414
540281807,504,49,393,946
540281808,317,19,180,516
540281809,296,25,278,599
540281810,409,41,334,784
540281811,464,26,358,848
540281812,324,18,301,643
540281813,525,79,468,1072
540281814,490,62,403,955
540281815,490,31,374,895
540281816,284,28,253,565
540281817,266,19,276,561
540281818,326,15,225,566
540281819,259,14,222,495
540281820,255,25,216,496
540281821,308,30,287,625
540281822,278,7,202,487
540281901,697,50,461,1208
540281902,283,28,141,452
540281903,625,43,349,1017
540281904,491,37,291,819
540281905,798,60,356,1214
540281906,584,44,314,942
540281907,602,36,295,933
540281908,785,58,402,1245
540281909,672,67,367,1106
540281910,387,24,232,643
540281911,548,42,296,886
540281912,648,34,359,1041
540281913,800,30,414,1244
540281914,480,42,382,904
540281915,548,40,241,829
540281916,647,59,274,980
540281917,537,79,342,958
540281918,637,31,319,987
540281919,638,50,373,1061
540281920,662,62,332,1056
540281921,680,49,368,1097
540281922,602,48,333,983
540281923,880,62,414,1356
540281924,799,71,486,1356
540281925,722,48,389,1159
540281926,627,56,335,1018
540281927,398,33,242,673
540281928,597,32,245,874
540282001,693,44,434,1171
540282002,816,45,420,1281
540282003,759,49,415,1223
540282004,782,51,461,1294
540282005,554,22,323,899
540282006,525,36,298,859
540282007,521,41,306,868
540282008,221,21,120,362
540282009,465,29,272,766
540282010,353,20,195,568
540282011,772,41,376,1189
540282012,292,10,180,482
540282013,328,24,347,699
540282014,363,15,207,585
540282015,439,44,240,723
540282016,563,35,258,856
540282017,317,33,224,574
540282018,406,22,232,660
540282019,651,30,262,943
540282020,295,9,229,533
540282021,432,25,322,779
540282101,8,0,2,10
540282102,145,3,107,255
540282103,25,1,21,47
540282201,373,16,158,547
540282202,743,54,329,1126
540282203,308,21,156,485
540282204,477,21,263,761
540282205,297,13,173,483
540282206,576,42,268,886
540282207,447,21,236,704
540282208,337,11,195,543
540282209,672,28,288,988
540282210,465,41,250,756
540282211,350,21,127,498
540282212,357,21,167,545
540282213,285,7,205,497
540282301,727,42,369,1138
540282302,365,38,224,627
540282303,535,49,259,843
540282304,538,39,384,961
540282305,781,58,384,1223
540282306,486,39,314,839
540282307,403,40,277,720
540282308,400,16,182,598
540282309,441,41,273,755
540282310,339,32,221,592
540282311,759,62,456,1277
540282312,595,34,346,975
540282313,455,17,320,792
540282314,302,12,111,425
540282401,506,23,331,860
540282402,500,36,170,706
540282403,610,35,204,849
540282404,628,63,505,1196
540282405,400,39,300,739
540282406,313,20,268,601
540282407,676,38,356,1070
540282408,638,50,365,1053
540282409,451,40,214,705
540282410,450,50,245,745
540282411,493,32,188,713
540282412,623,74,307,1004
540282413,372,17,91,480
540282414,521,10,167,698
540282415,606,57,321,984
540282416,589,40,303,932
540282417,74,5,46,125
540350101,74,0,99,173
540350102,32,1,23,56
540350103,130,2,215,347
540350104,8,0,45,53
540350105,2,0,1,3
540350106,11,0,13,24
540350201,81,1,78,160
540350202,9,0,18,27
540350203,14,2,13,29
540350204,10,1,40,51
540350205,8,0,1,9
540350206,16,0,6,22
540350207,38,0,31,69
540350301,121,7,68,196
540350302,6,0,4,10
540350303,32,0,14,46
540350304,44,1,73,118
540350305,3,0,5,8
540350306,2,0,12,14
540350307,16,6,18,40
540350308,26,4,33,63
540350401,152,8,214,374
540350402,44,9,69,122
540350403,343,12,307,662
540350404,298,11,289,598
540350405,46,0,78,124
540350406,31,0,23,54
540350407,16,0,4,20
540350408,0,0,0,0
540350409,31,1,17,49
540350410,296,9,286,591
540350411,208,15,250,473
540350412,446,21,478,945
540350413,103,2,146,251
540350414,294,23,314,631
540420101,120,13,176,309
540420102,118,12,157,287
540420103,58,5,86,149
540420104,23,1,7,31
540420105,27,4,29,60
540420106,24,2,20,46
540420107,352,32,458,842
540420201,1,0,0,1
540420202,0,0,0,0
540420203,58,1,19,78
540420301,182,16,259,457
540420302,162,7,167,336
540420303,296,25,302,623
540420304,103,4,71,178
540420305,682,37,561,1280
540420306,446,47,266,759
540420307,547,42,248,837
540420308,163,10,179,352
540420309,549,26,426,1001
540420310,242,17,198,457
540420311,173,8,76,257
540420312,259,18,110,387
540420313,278,13,162,453
540420314,385,28,175,588
540420315,272,10,219,501
540420316,368,14,138,520
540420317,384,15,258,657
540420318,190,13,181,384
540420401,308,30,280,618
540420402,378,33,444,855
540420403,507,27,346,880
540420404,369,15,242,626
540420405,680,48,347,1075
540420406,549,55,393,997
540420407,524,55,431,1010
540420408,240,28,183,451
540420409,433,66,238,737
540420410,462,45,394,901
540420411,422,72,542,1036
540420412,290,24,276,590
540420413,372,11,185,568
540420414,431,38,357,826
540420415,381,40,324,745
540420416,380,12,286,678
540420417,322,21,266,609
540420418,375,69,327,771
540420419,316,49,234,599
540420420,391,23,320,734
540420501,330,31,235,596
540420502,534,40,405,979
540420503,390,8,129,527
540420504,429,7,239,675
540420505,516,12,239,767
540420506,402,30,216,648
540420507,387,21,198,606
540420508,391,11,194,596
540420509,374,5,119,498
540420510,260,6,98,364
540420511,440,10,120,570
540420512,450,32,222,704
540420513,452,26,237,715
540420514,398,19,180,597
540420515,421,18,219,658
540420516,394,22,208,624
540420517,359,28,236,623
540420518,433,23,218,674
540420519,380,15,191,586
540420520,342,13,153,508
540420601,317,21,373,711
540420602,425,22,247,694
540420603,229,16,260,505
540420604,60,7,55,122
540420605,141,15,136,292
540420606,94,5,104,203
540420607,296,20,247,563
540420608,46,2,46,94
540420609,18,1,19,38
540420610,272,20,458,750
540420611,160,11,212,383
540420612,434,46,428,908
540420613,742,31,522,1295
540420614,467,32,372,871
540420701,337,12,291,640
540420702,139,14,188,341
540420703,113,7,138,258
540420704,139,6,208,353
540420705,45,0,33,78
540420706,31,0,27,58
540420707,24,0,4,28
540420708,22,0,18,40
540420709,89,5,129,223
540420710,202,7,266,475
540420801,174,6,211,391
540420802,184,3,217,404
540420803,183,6,167,356
540420804,7,0,4,11
540420805,77,2,51,130
540420806,8,0,7,15
540420901,39,2,50,91
540420902,15,0,5,20
540420903,5,0,1,6
540420904,29,0,10,39
540421001,264,27,417,708
540421002,49,2,36,87
540421003,69,5,123,197
540421004,6,1,53,60
540421005,233,37,413,683
540421006,112,31,237,380
540421007,117,21,191,329
540421008,237,18,379,634
540421009,167,18,302,487
540490101,579,11,405,995
540490102,768,16,488,1272
540490103,364,6,278,648
540490104,657,25,631,1313
540490105,699,22,668,1389
540490106,323,13,231,567
540490107,556,8,280,844
540490108,444,25,349,818
540490109,464,27,312,803
540490110,228,4,174,406
540490111,315,4,89,408
540490112,316,3,183,502
540490113,323,17,244,584
540490114,382,13,387,782
540490115,284,17,253,554
540490116,325,16,286,627
540490201,223,0,70,293
540490202,741,8,413,1162
540490203,1043,11,542,1596
540490204,290,6,235,531
540490205,499,2,288,789
540490206,649,36,561,1246
540490207,263,13,180,456
540490301,601,20,693,1314
540490302,242,0,146,388
540490303,518,15,331,864
540490304,316,17,291,624
540490305,307,5,266,578
540490306,172,7,218,397
540490307,292,6,196,494
540490308,342,13,211,566
540490309,347,16,412,775
540490310,201,31,255,487
540490311,295,17,293,605
540490312,317,7,221,545
540490401,546,13,428,987
540490402,93,0,5,98
540490403,39,0,12,51
540560101,318,4,161,483
540560102,382,2,277,661
540560103,358,0,210,568
540560104,243,2,247,492
540560105,206,1,58,265
540560106,158,0,86,244
540560201,417,4,369,790
540560202,194,6,182,382
540560203,119,1,119,239
540560204,286,1,90,377
540560205,489,1,219,709
540560206,424,15,288,727
540560207,199,1,120,320
540560208,500,13,299,812
540560209,240,1,174,415
540560210,328,7,341,676
540560301,761,2,281,1044
540560302,403,1,194,598
540560303,788,4,559,1351
540560304,149,1,171,321
540560305,521,4,230,755
540560306,119,11,251,381
540560307,157,1,107,265
540560308,360,2,223,585
540560309,236,0,150,386
540560401,1,0,0,1
540560402,7,0,0,7
540560403,96,0,37,133
540560501,498,3,256,757
540560502,2,0,0,2
540560503,2,0,0,2
540560601,813,6,596,1415
540560602,833,2,417,1252
540560603,741,10,448,1199
540560604,750,38,659,1447
540560605,268,8,343,619
540560606,214,1,164,379
540560607,357,1,247,605
540560608,739,2,454,1195
540560609,427,0,187,614
540560610,448,29,402,879
540560611,384,18,418,820
540560612,516,14,391,921
540560613,449,19,513,981
540560614,232,15,301,548
540560701,122,4,82,208
540560702,382,8,268,658
540560703,76,0,55,131
540560704,91,0,64,155
540560705,196,0,85,281
540560706,102,0,88,190
540560707,157,0,93,250
540560708,550,1,319,870
540560709,392,7,304,703
540560710,385,20,247,652
540560711,460,8,147,615
540560801,803,16,495,1314
540560802,838,7,412,1257
540560803,217,3,328,548
540560901,551,21,336,908
540560902,921,55,510,1486
540560903,575,37,445,1057
540560904,405,11,343,759
540560905,434,23,248,705
540560906,334,16,184,534
540560907,305,9,244,558
540560908,443,9,353,805
540560909,364,16,372,752
540560910,317,7,214,538
540560911,286,7,193,486
540630101,148,8,106,262
540630102,133,2,63,198
540630103,4,0,0,4
540630104,3,0,1,4
540630105,281,6,137,424
540630106,399,31,237,667
540630107,422,16,239,677
540630108,335,31,194,560
540630109,537,49,335,921
540630110,538,24,294,856
540630111,398,16,269,683
540630112,415,19,287,721
540630113,370,25,236,631
540630114,319,10,142,471
540630115,322,19,184,525
540630201,7,0,6,13
540630202,2,0,1,3
540630203,0,0,0,0
540630301,60,0,37,97
540630302,91,4,97,192
540630401,32,0,25,57
540630402,23,2,9,34
540630403,133,1,81,215
540630404,98,0,37,135
540630405,214,19,325,558
540630406,471,34,436,941
540630407,232,17,420,669
540630408,335,15,330,680
540630409,195,16,209,420
540630410,278,10,188,476
540630501,288,5,96,389
540630502,30,0,20,50
540630503,64,0,30,94
540630504,35,1,65,101
540630505,94,4,33,131
540630601,1,0,0,1
540630602,42,0,6,48
540630701,5,2,9,16
540630702,4,0,0,4
540630703,23,2,15,40
540630704,77,1,58,136
540630705,31,4,25,60
540630801,215,26,218,459
540630802,612,39,489,1140
540630803,231,5,115,351
540630804,222,13,196,431
540630805,603,38,404,1045
540630806,43,0,24,67
540630807,49,2,56,107
540630808,8,0,12,20
540630809,4,0,3,7
540630810,83,4,102,189
540630811,116,4,167,287
540630812,265,25,427,717
540630813,645,56,404,1105
540630814,622,82,515,1219
540630815,556,39,420,1015
540630816,368,51,490,909
540630817,243,17,476,736
540630818,270,8,196,474
540630819,392,57,467,916
540630901,194,19,221,434
540630902,106,2,82,190
540630903,21,0,5,26
540630904,239,8,174,421
540630905,251,11,382,644
540630906,328,15,276,619
540630907,386,12,221,619
540630908,481,42,387,910
540630909,313,14,256,583
540630910,192,13,362,567
540630911,262,9,211,482
540630912,315,9,255,579
540630913,139,21,166,326
540630914,479,30,430,939
540630915,345,27,349,721
540630916,213,23,238,474
540630917,249,14,238,501
540630918,252,11,137,400
540631001,426,13,166,605
540631002,558,34,324,916
540631003,714,58,353,1125
540631004,611,20,423,1054
540631005,403,24,208,635
540631006,327,22,219,568
540631007,357,16,131,504
540631008,542,24,332,898
540631009,274,14,236,524
540631010,258,32,157,447
540631011,331,10,243,584
540631012,346,44,309,699
540631013,523,33,374,930
540631014,594,41,380,1015
540631101,405,7,141,553
540631102,511,13,385,909
540631103,315,21,169,505
540631104,644,33,311,988
540631105,669,27,249,945
540631106,641,35,360,1036
540631107,607,32,310,949
540631108,380,36,285,701
540631109,371,21,238,630
540631110,490,16,254,760
540631111,326,21,145,492
540631112,480,25,235,740
540631113,595,27,276,898
540700101,250,12,247,509
540700102,69,7,72,148
540700103,30,1,16,47
540700104,155,10,147,312
540700105,116,2,131,249
540700201,125,1,101,227
540700202,137,4,225,366
540700203,96,2,76,174
540700204,49,19,71,139
540700205,225,2,339,566
540700206,246,10,218,474
540700207,428,12,482,922
540700208,276,45,334,655
540700301,169,2,180,351
540700302,206,6,221,433
540700303,135,2,93,230
540700304,299,14,406,719
540700305,234,19,365,618
540700306,360,11,282,653
540700307,425,21,295,741
540700308,458,26,569,1053
540700309,510,31,508,1049
540700310,336,9,216,561
540700311,435,26,357,818
540700312,318,17,178,513
540700313,302,12,199,513
540700314,272,15,262,549
540700315,268,12,226,506
540700316,334,12,181,527
540700401,134,0,90,224
540700402,359,11,401,771
540700403,115,1,75,191
540700404,131,0,101,232
540700501,154,2,93,249
540700502,177,1,159,337
540700503,606,29,461,1096
540700504,261,13,258,532
540700505,232,5,177,414
540700506,161,1,48,210
540700507,236,14,206,456
540700508,460,8,359,827
540700601,249,1,56,306
540700602,337,11,178,526
540700603,149,2,63,214
540700701,375,12,220,607
540700702,231,3,139,373
540700703,347,16,201,564
540700704,400,32,264,696
540700705,317,11,223,551
540700706,394,15,205,614
540700707,379,4,295,678
540700708,466,23,310,799
540700709,235,9,177,421
540700801,315,10,234,559
540700802,378,10,250,638
540700803,528,25,367,920
540700804,354,10,249,613
540700805,319,13,233,565
540700806,366,12,285,663
540700807,497,13,434,944
540700808,391,25,243,659
540770101,422,30,306,758
540770102,468,32,487,987
540770103,246,8,415,669
540770104,381,9,293,683
540770105,521,17,422,960
540770106,62,1,54,117
540770107,377,22,318,717
540770108,508,19,462,989
540770109,276,19,250,545
540770110,549,39,336,924
540770201,242,9,243,494
540770202,185,3,101,289
540770203,28,0,9,37
540770204,17,0,18,35
540770205,189,0,172,361
540770206,57,0,11,68
540770207,154,12,133,299
540770208,482,44,500,1026
540770209,309,14,392,715
540770210,254,10,232,496
540770211,300,17,488,805
540770212,243,22,270,535
540770213,331,25,323,679
540770301,291,7,336,634
540770302,140,7,294,441
540770303,35,0,63,98
540770304,216,1,162,379
540770305,188,4,100,292
540770306,132,0,70,202
540770307,10,0,0,10
540770308,216,10,326,552
540770309,417,12,434,863
540770401,387,34,480,901
540770402,252,2,240,494
540770403,75,3,84,162
540770404,435,39,349,823
540770405,308,13,223,544
540770406,54,11,100,165
540770407,365,7,292,664
540770408,287,21,290,598
540770501,204,1,105,310
540770502,11,0,5,16
540770503,12,0,12,24
540770601,231,3,121,355
540770602,488,20,384,892
540770603,218,19,162,399
540770604,143,5,145,293
540770605,234,5,262,501
540770701,47,2,47,96
540770702,126,1,190,317
540770703,383,25,414,822
540770704,166,11,247,424
540770801,400,15,240,655
540770802,144,5,154,303
540770803,325,16,274,615
540770804,358,11,305,674
540770805,467,33,424,924
540770806,391,12,311,714
540770807,351,13,173,537
540770808,185,3,101,289
540770809,301,10,160,471
540770810,364,15,195,574
540770811,284,12,159,455
540770812,256,12,179,447
540840101,109,7,99,215
540840102,351,17,354,722
540840103,23,8,61,92
540840104,125,27,347,499
540840105,308,31,340,679
540840106,353,11,291,655
540840107,387,15,416,818
540840108,288,29,427,744
540840109,380,31,417,828
540840110,258,18,286,562
540840201,52,2,67,121
540840202,72,8,141,221
540840203,12,4,44,60
540840204,1,0,0,1
540840301,468,25,488,981
540840302,380,29,334,743
540840303,258,33,212,503
540840304,535,30,341,906
540840305,274,10,163,447
540840306,36,0,21,57
540840307,221,23,286,530
540840308,14,6,24,44
540840309,176,10,209,395
540840310,42,3,40,85
540840311,81,2,111,194
540840312,416,24,247,687
540840313,178,16,245,439
540840314,261,17,204,482
540840401,40,0,57,97
540840402,105,29,105,239
540840403,383,29,409,821
540840404,39,4,55,98
540840405,249,27,282,558
540840406,8,0,12,20
540840407,30,6,69,105
540840408,154,17,317,488
540840409,300,19,244,563
540840501,57,1,31,89
540840502,78,0,20,98
540840601,49,1,56,106
540840602,174,2,130,306
540840603,84,1,106,191
540840604,51,1,45,97
540840605,128,9,133,270
540840606,196,2,258,456
540840607,194,16,375,585
540840701,38,0,62,100
540840702,9,0,1,10
540840801,27,0,4,31
540840802,80,2,67,149
540840901,405,46,352,803
540840902,382,39,705,1126
540840903,266,4,166,436
540840904,397,35,347,779
540840905,250,5,237,492
540840906,365,29,279,673
540840907,529,36,347,912
540840908,357,3,181,541
540840909,428,47,431,906
540840910,258,6,162,426
540910101,415,11,200,626
540910102,382,7,216,605
540910103,332,4,146,482
540910104,576,24,307,907
540910105,513,21,276,810
540910106,595,24,324,943
540910107,533,19,295,847
540910108,573,15,386,974
540910109,317,9,172,498
540910110,300,7,140,447
540910111,338,24,181,543
540910112,509,8,232,749
540910113,282,8,174,464
540910114,222,12,118,352
540910115,305,9,171,485
540910116,803,30,391,1224
540910117,520,17,360,897
540910118,324,14,279,617
540910119,520,15,352,887
540910201,745,58,544,1347
540910202,643,28,444,1115
540910203,424,12,251,687
540910204,333,18,222,573
540910205,484,22,318,824
540910206,337,9,182,528
540910207,624,27,232,883
540910208,508,14,226,748
540910209,474,25,348,847
540910210,472,23,271,766
540910211,415,19,231,665
540910212,414,16,261,691
540910213,691,57,608,1356
540910214,322,14,321,657
540910215,441,16,342,799
540910216,346,12,149,507
540910217,303,6,176,485
540910218,403,26,272,701
540910219,425,21,249,695
540910301,57,3,81,141
540910302,70,3,123,196
540910303,51,1,52,104
540910304,101,0,31,132
540910305,144,6,167,317
540910306,272,16,300,588
540910401,146,4,184,334
540910402,167,4,178,349
540910403,316,13,246,575
540910404,290,6,270,566
540910405,128,0,139,267
540910406,252,9,224,485
540910501,100,1,45,146
540910502,154,0,95,249
540910503,146,4,103,253
540910504,114,2,106,222
540910505,87,1,114,202
540910506,84,1,154,239
540910507,248,2,222,472
540910508,192,3,98,293
540910509,480,48,590,1118
540910510,67,9,98,174
540910511,204,4,96,304
540910512,382,18,237,637
540910513,324,24,294,642
540910514,314,17,287,618
540910515,398,25,382,805
540910516,187,14,183,384
540910601,202,2,192,396
540910602,140,7,169,316
540910603,124,1,78,203
540910701,75,2,81,158
540910702,82,5,98,185
540910703,133,5,119,257
540910704,81,2,77,160
540910705,165,12,164,341
540910706,229,11,145,385
540910707,356,19,295,670
540910708,127,4,156,287
540910709,154,6,120,280
540910710,234,9,85,328
540910711,33,1,20,54
540910712,404,25,267,696
540910713,413,27,277,717
540910714,329,26,252,607
540910715,632,35,268,935
540910716,364,26,253,643
540910717,458,21,228,707
540910718,541,28,231,800
540910719,414,27,209,650
540910801,57,2,58,117
540910802,224,4,194,422
540910803,273,1,228,502
540910804,62,3,117,182
540910805,174,2,199,375
540910806,35,0,44,79
540910807,125,10,154,289
540910808,160,10,136,306
540910809,153,3,181,337
540910810,360,19,389,768
540910811,221,16,225,462
540910901,339,7,377,723
540910902,258,6,287,551
540910903,218,1,226,445
540910904,114,1,134,249
540910905,310,14,355,679
540911001,300,17,327,644
540911002,169,2,191,362
540911003,61,0,70,131
540911004,43,0,40,83
540911005,221,3,173,397
540911006,110,1,96,207
540911007,26,0,64,90
540911008,173,10,201,384
540911009,201,4,187,392
540911010,188,1,88,277
540911011,61,4,37,102
540911012,28,0,31,59
540911013,97,0,129,226
540911014,230,8,283,521
540911101,374,10,353,737
540911102,108,1,118,227
540911103,24,0,41,65
540911104,43,0,40,83
540911105,112,1,82,195
540911106,184,13,171,368
540911107,94,3,88,185
540911108,178,2,163,343
540911201,139,5,141,285
540911202,32,1,45,78
540911203,142,0,135,277
540911204,18,0,12,30
540911205,112,3,165,280
540911206,86,6,123,215
540911207,108,0,143,251
540911208,18,0,130,148
540911209,287,12,352,651
540911210,304,3,301,608
540911211,171,5,153,329
540911301,389,20,365,774
540911302,302,34,313,649
540911303,480,6,229,715
540911304,416,14,253,683
540911305,355,7,115,477
540911306,423,9,202,634
540911307,306,32,196,534
540911308,461,23,251,735
540911309,760,31,393,1184
540911310,549,26,398,973
540911311,464,17,370,851
540911312,537,32,272,841
540911313,516,14,185,715
540980101,207,4,174,385
540980102,117,1,115,233
540980103,80,4,100,184
540980104,312,21,395,728
540980105,60,0,77,137
540980106,367,10,416,793
540980201,29,0,34,63
540980202,388,51,439,878
540980203,202,5,156,363
540980204,57,1,52,110
540980205,49,3,29,81
540980206,426,21,433,880
540980207,384,15,469,868
540980301,75,2,92,169
540980302,155,8,211,374
540980303,120,3,146,269
540980401,150,6,142,298
540980402,76,5,92,173
540980403,51,1,64,116
540980501,461,16,342,819
540980502,415,30,383,828
540980503,302,7,286,595
540980504,298,4,266,568
540980505,298,14,222,534
540980506,190,11,189,390
540980507,260,22,261,543
540980508,45,1,28,74
540980509,198,5,207,410
540980510,112,9,98,219
540980511,187,11,206,404
540980512,84,4,124,212
540980513,256,31,272,559
540980514,251,21,259,531
540980515,225,5,184,414
540980516,375,54,436,865
540980517,100,3,202,305
540980518,287,26,167,480
540980601,70,4,101,175
540980602,83,0,82,165
540980603,78,0,31,109
540980604,32,0,23,55
540980605,12,0,16,28
540980701,149,12,224,385
540980702,305,14,335,654
540980703,63,1,64,128
540980704,180,11,192,383
540980801,116,3,113,232
540980802,205,2,138,345
540980803,128,1,157,286
540980901,215,3,165,383
540980902,484,4,423,911
540980903,326,8,250,584
540980904,384,3,230,617
540980905,174,6,152,332
540980906,93,1,116,210
540980907,369,15,363,747
540980908,435,15,330,780
540981001,17,2,17,36
540981002,569,46,739,1354
540981003,251,16,219,486
540981004,299,9,213,521
540981005,296,17,288,601
540981006,367,8,276,651
540981007,305,37,293,635
540981008,350,8,311,669
540981009,290,4,168,462
540981010,225,9,291,525
540981011,397,19,343,759
540981101,77,1,84,162
540981102,108,6,177,291
540981103,164,6,210,380
540981201,203,10,121,334
540981202,275,42,236,553
540981203,172,11,246,429
540981204,305,47,471,823
540981205,452,49,443,944
540981206,358,16,272,646
540981207,309,24,265,598
540981208,416,42,418,876
540981209,288,23,253,564
540981210,232,24,204,460
540981211,324,11,237,572
540981212,275,27,292,594
540981213,228,8,177,413
540981214,325,39,419,783
541050101,100,2,99,201
541050102,39,2,71,112
541050103,296,1,180,477
541050104,137,0,49,186
541050105,102,1,99,202
541050106,9,0,4,13
541050107,67,5,55,127
541050108,128,3,78,209
541050109,3,0,10,13
541050110,23,0,10,33
541050111,11,1,11,23
541050112,104,7,93,204
541050113,234,5,252,491
541050201,109,4,157,270
541050202,145,1,101,247
541050203,157,1,93,251
541050204,77,1,102,180
541050205,6,0,8,14
541050206,8,0,7,15
541050207,135,3,162,300
541050208,85,2,133,220
541050209,400,31,490,921
541050210,36,1,28,65
541050211,24,0,25,49
541050212,82,2,43,127
541050213,259,5,301,565
541050214,372,11,191,574
541050215,192,7,201,400
541050216,288,9,229,526
541050217,299,5,340,644
541050218,421,13,419,853
541050219,407,2,180,589
541050220,257,7,219,483
541050221,306,12,286,604
541050222,279,5,214,498
541050223,269,13,147,429
541050301,37,0,67,104
541050302,368,8,273,649
541050303,55,0,51,106
541050304,12,1,6,19
541050305,77,1,45,123
541050306,83,1,72,156
541050307,157,0,56,213
541050308,69,3,36,108
541050401,303,6,242,551
541050402,208,2,265,475
541050403,194,4,100,298
541050404,102,0,73,175
541120101,519,21,698,1238
541120102,1049,20,926,1995
541120103,406,8,402,816
541120104,88,0,8,96
541120105,83,0,8,91
541120106,108,3,87,198
541120201,17,0,1,18
541120202,38,0,13,51
541120301,2,0,11,13
541120302,29,1,19,49
541120401,1,0,0,1
541120402,3,0,0,3
541120501,394,19,369,782
541120502,409,17,258,684
541120503,289,33,222,544
541120504,299,17,342,658
541120505,511,8,356,875
541120506,427,17,248,692
541120507,251,0,203,454
541120508,496,1,374,871
541120509,305,19,290,614
541120510,430,17,408,855
541120511,400,14,365,779
541120512,302,12,310,624
541120513,276,11,272,559
541120514,176,10,139,325
541120515,244,8,338,590
541120601,321,7,335,663
541120602,923,9,387,1319
541120701,15,0,18,33
541120702,460,31,438,929
541120703,884,17,823,1724
541120704,169,1,170,340
541190101,275,1,297,573
541190102,254,2,239,495
541190103,540,9,417,966
541190104,439,6,441,886
541190105,698,18,795,1511
541190106,400,14,250,664
541190107,658,19,588,1265
541190201,218,0,139,357
541190202,417,3,305,725
541190203,381,0,254,635
541190204,231,1,115,347
541190301,132,0,26,158
541190302,730,4,307,1041
541190303,426,5,249,680
541190304,220,0,114,334
541190305,202,2,207,411
541190306,113,0,62,175
541190307,335,12,217,564
541190401,212,2,155,369
541190402,504,0,181,685
541190403,623,3,335,961
541190501,146,0,82,228
541190502,729,9,469,1207
541190503,359,5,251,615
541190504,204,1,197,402
541190505,58,0,65,123
541190506,150,0,131,281
541190507,151,1,183,335
541190508,508,7,372,887
541190601,50,0,51,101
541190602,214,1,251,466
541190603,179,1,113,293
580070101,0,0,0,0
580070102,154,6,91,251
580070103,186,17,134,337
580070104,279,7,92,378
580070105,132,6,42,180
580070201,87,6,130,223
580070202,27,0,43,70
580070203,86,3,94,183
580070204,26,4,36,66
580070205,164,25,296,485
580070301,129,5,101,235
580070302,834,62,452,1348
580070303,519,32,318,869
580070304,524,18,277,819
580070305,130,10,53,193
580140101,191,0,33,224
580140102,183,3,78,264
580140103,105,1,62,168
580140104,389,27,175,591
580140105,130,4,42,176
580140106,497,29,258,784
580140107,334,17,244,595
580140108,325,20,192,537
580140109,762,68,484,1314
580140110,500,33,291,824
580140111,176,4,70,250
580140112,97,5,42,144
580140113,90,9,52,151
580140114,352,42,162,556
580140115,198,29,102,329
580140116,377,45,235,657
580210101,22,0,49,71
580210102,40,3,39,82
580210103,38,11,120,169
580210104,72,0,21,93
580210105,97,2,78,177
580210106,11,0,15,26
580210107,42,5,69,116
580210108,7,0,31,38
580210109,44,4,72,120
580210110,34,11,33,78
580210111,23,0,15,38
580210112,325,11,237,573
580280101,47,0,23,70
580280102,14,0,14,28
580280103,66,3,48,117
580280104,41,4,94,139
580280105,18,0,28,46
580280106,23,1,4,28
580280107,439,31,290,760
580280108,170,15,136,321
580280109,375,21,213,609
580280110,203,11,147,361
580280115,51,2,19,72
580280116,103,2,56,161
580280117,367,48,185,600
580350101,38,2,6,46
580350102,122,1,76,199
580350103,20,0,7,27
580350104,40,1,13,54
580350105,39,1,6,46
580350106,20,0,35,55
580350107,35,0,6,41
580350108,30,0,10,40
580350109,13,0,9,22
580350201,192,12,101,305
580350202,223,28,145,396
580350203,15,0,1,16
580350204,436,40,243,719
580350205,164,15,172,351
580350206,64,2,16,82
580350207,179,22,105,306
580350208,157,13,93,263
580350209,293,26,131,450
580350210,328,26,115,469
580350211,179,28,54,261
580350212,173,19,63,255
580350213,184,14,66,264
580350214,184,24,94,302
580350215,289,32,114,435
580350216,90,1,27,118
580350301,428,25,166,619
580350302,456,30,180,666
580350303,451,40,221,712
580350304,620,20,210,850
580350305,554,30,372,956
580350306,605,13,178,796
580350307,543,29,301,873
580350308,741,59,300,1100
580350309,535,20,227,782
580350310,352,20,203,575
580350311,181,12,54,247
580350312,219,9,105,333
580350313,463,12,220,695
580350314,98,1,47,146
580350315,240,22,108,370
580350316,502,16,191,709
580350401,325,16,164,505
580350402,447,14,193,654
580350403,242,7,61,310
580350404,836,60,312,1208
580350405,475,38,223,736
580350406,444,17,186,647
580350407,309,20,188,517
580350408,502,18,208,728
580350409,489,24,201,714
580350410,552,20,273,845
580350411,494,26,207,727
580350412,581,24,243,848
580350413,288,18,120,426
580350414,497,24,239,760
580350415,430,25,192,647
580350416,374,34,183,591
580350417,401,18,156,575
580350418,396,10,101,507
580350419,534,21,212,767
580350420,462,10,169,641
580350421,332,8,127,467
580350501,282,9,70,361
580350502,320,23,183,526
580350503,445,28,236,709
580350504,231,5,48,284
580350505,277,18,84,379
580350506,310,12,147,469
580350507,226,11,112,349
580350508,262,6,68,336
580350509,300,10,127,437
580350510,357,10,135,502
580350511,384,12,166,562
580350512,153,5,71,229
580350513,271,9,221,501
580350514,220,4,107,331
580350515,230,11,79,320
580350516,410,8,156,574
580350517,263,5,98,366
580350518,164,9,79,252
580350519,199,7,104,310
580350520,157,7,85,249
580350521,226,8,168,402
580350522,296,15,100,411
580350523,216,5,134,355
580350601,588,20,240,848
580350602,288,12,99,399
580350603,305,6,120,431
580350604,313,14,129,456
580350605,368,12,180,560
580350606,321,28,151,500
580350607,314,33,220,567
580350608,577,36,231,844
580350609,445,23,169,637
580350610,346,18,85,449
580350611,348,7,149,504
580350612,373,11,137,521
580350613,369,9,132,510
580350614,371,13,160,544
580350615,327,7,99,433
580350616,254,10,102,366
580350617,329,9,141,479
580350618,108,3,48,159
580350701,80,0,30,110
580350702,269,23,133,425
580350703,502,19,176,697
580350704,713,68,330,1111
580350705,488,53,227,768
580350706,608,59,277,944
580350707,534,48,250,832
580350708,699,60,280,1039
580350709,564,42,237,843
580350710,579,35,202,816
580350711,677,62,260,999
580350712,712,66,295,1073
580350713,455,33,181,669
580350714,375,29,238,642
580350715,476,40,236,752
580350801,276,30,96,402
580350802,784,63,366,1213
580350803,621,84,256,961
580350804,312,27,167,506
580350805,194,16,79,289
580350806,624,35,280,939
580350807,470,50,258,778
580350808,315,23,161,499
580350809,555,59,204,818
580350810,673,59,271,1003
580350811,593,53,244,890
580350812,418,41,149,608
580350813,470,35,206,711
580350814,705,86,324,1115
580350815,484,33,235,752
580350816,596,55,285,936
580350817,507,28,251,786
580350818,348,20,125,493
580350819,377,18,187,582
580350820,432,49,217,698
580350821,342,29,117,488
580350822,652,45,334,1031
580350823,506,39,270,815
580350824,222,29,129,380
580350825,369,42,231,642
580350826,417,37,237,691
580350901,277,46,204,527
580350902,574,47,196,817
580350903,625,44,271,940
580350904,620,82,369,1071
580350905,355,58,232,645
580350906,416,50,206,672
580350907,566,39,294,899
580350908,552,55,287,894
580350909,669,48,253,970
580350910,560,39,196,795
580350911,517,74,259,850
580350912,567,38,260,865
580350913,675,82,375,1132
580350914,547,67,272,886
580350915,426,48,211,685
580350916,473,53,235,761
580350917,599,35,246,880
580350918,479,36,222,737
580351001,309,24,178,511
580351002,466,34,261,761
580351003,394,23,147,564
580351004,438,25,187,650
580351005,555,55,350,960
580351006,742,61,322,1125
580351007,361,39,199,599
580351008,484,17,201,702
580351009,506,38,259,803
580351010,266,24,91,381
580351011,404,16,210,630
580351012,496,96,252,844
580351013,906,43,296,1245
580351014,354,15,95,464
580351015,514,30,205,749
580351016,415,20,184,619
580351017,402,20,186,608
580351018,242,8,124,374
580351101,395,9,188,592
580351102,405,40,142,587
580351103,614,41,365,1020
580351104,688,50,286,1024
580351105,378,11,140,529
580351106,630,27,195,852
580351107,591,29,315,935
580351108,382,23,149,554
580351109,186,5,70,261
580351110,389,16,138,543
580351111,0,0,0,0
580351112,544,26,174,744
580351113,608,39,202,849
580351114,449,45,210,704
580351115,433,53,233,719
580351116,301,17,122,440
580351117,595,50,347,992
580351118,383,22,136,541
580351119,378,19,179,576
580351120,342,14,90,446
580351121,455,19,162,636
580351122,448,30,234,712
580351123,352,15,121,488
580351124,230,15,56,301
580351125,292,15,63,370
580351126,270,18,76,364
580351201,497,27,136,660
580351202,202,10,108,320
580351203,336,15,137,488
580351204,615,43,288,946
580351205,660,44,352,1056
580351206,406,26,199,631
580351207,369,30,163,562
580351208,373,15,172,560
580351209,530,22,245,797
580351210,383,18,156,557
580351211,236,16,126,378
580351212,357,13,168,538
580351213,384,17,166,567
580351214,372,26,157,555
580351215,492,38,209,739
580351216,428,15,179,622
580351301,348,16,139,503
580351302,218,5,60,283
580351303,153,9,50,212
580351304,206,8,88,302
580351305,211,17,103,331
580351306,418,27,181,626
580351307,412,17,157,586
580351308,298,9,106,413
580351309,451,21,203,675
580351310,608,29,255,892
580351311,371,38,186,595
580351312,447,17,226,690
580351313,624,39,266,929
580351314,410,30,153,593
580351315,532,49,213,794
580351316,522,26,165,713
580351401,292,13,123,428
580351402,106,2,44,152
580351403,564,25,204,793
580351404,448,25,233,706
580351405,445,17,201,663
580351406,259,6,119,384
580351407,527,28,196,751
580351408,497,29,209,735
580351409,519,22,152,693
580351410,646,29,296,971
580351411,750,56,384,1190
580351412,584,21,198,803
580351413,669,45,210,924
580351414,691,33,325,1049
580351415,321,34,150,505
580351416,235,10,84,329
580351417,496,40,239,775
580351418,652,26,252,930
580351419,499,45,209,753
580351420,87,1,17,105
580351421,323,13,131,467
580351422,392,17,160,569
580351501,675,32,237,944
580351502,338,19,161,518
580351503,580,20,171,771
580351504,419,25,198,642
580351505,690,30,313,1033
580351506,641,44,314,999
580351507,551,29,245,825
580351508,523,18,166,707
580351509,557,20,196,773
580351510,612,45,217,874
580351511,535,21,239,795
580351512,419,23,148,590
580351513,432,27,210,669
580351514,520,10,234,764
580351515,332,16,135,483
580351601,266,12,175,453
580351602,351,20,259,630
580351603,102,5,40,147
580351604,230,15,189,434
580351605,360,53,271,684
580351606,309,11,143,463
580351607,144,15,116,275
580351608,217,7,130,354
580351609,184,20,104,308
580351610,315,22,125,462
580351611,371,36,216,623
580351612,269,52,193,514
580351613,227,32,127,386
580351614,181,26,71,278
580351615,245,27,123,395
580351616,519,69,356,944
580351617,69,11,18,98
580351618,107,5,47,159
580351619,245,4,53,302
580351620,130,5,52,187
580351701,415,14,277,706
580351702,363,22,189,574
580351703,168,9,139,316
580351704,484,22,190,696
580351705,148,16,74,238
580351706,330,21,164,515
580351707,415,56,330,801
580351708,466,41,356,863
580351709,535,34,338,907
580351710,487,44,367,898
580351711,621,54,321,996
580351801,6,0,0,6
580351802,456,14,225,695
580351803,411,22,188,621
580351804,275,22,144,441
580351805,465,24,223,712
580351806,333,18,170,521
580351807,490,34,253,777
580351808,404,31,284,719
580351809,492,30,258,780
580351810,480,24,258,762
580351811,467,36,186,689
580351812,598,23,293,914
580351813,408,41,213,662
580351814,216,12,91,319
580351815,474,31,238,743
580351816,452,27,226,705
580351817,286,35,108,429
580351818,428,5,215,648
580351819,287,20,127,434
580351820,354,28,151,533
580351821,375,44,167,586
580351822,304,23,173,500
580351823,323,13,213,549
580351824,346,37,179,562
580351825,346,25,225,596
580351826,352,34,171,557
580351901,337,6,131,474
580351902,491,38,280,809
580351903,405,23,245,673
580351904,473,27,235,735
580351905,543,28,302,873
580351906,452,38,250,740
580351907,455,24,206,685
580351908,540,32,315,887
580351909,546,28,321,895
580351910,438,28,187,653
580351911,561,41,220,822
580351912,162,0,63,225
580351913,294,11,170,475
580351914,298,13,109,420
580352001,200,8,41,249
580352002,379,16,113,508
580352003,75,1,32,108
580352004,136,19,105,260
580352005,28,1,14,43
580352006,128,6,90,224
580352007,545,49,377,971
580352008,594,35,426,1055
580352009,325,27,251,603
580352010,418,44,264,726
580352011,480,70,297,847
580352012,684,63,542,1289
580352101,140,19,91,250
580352102,413,39,370,822
580352103,376,23,300,699
580352104,473,38,344,855
580352105,355,24,220,599
580352106,367,14,243,624
580352107,441,24,289,754
580352108,444,28,241,713
580352109,382,37,276,695
580352110,467,26,264,757
580352111,411,54,270,735
580352112,305,17,192,514
580352113,183,8,100,291
580352114,351,17,282,650
580352115,298,32,179,509
580352116,258,19,226,503
580352201,213,8,138,359
580352202,324,25,206,555
580352203,58,3,26,87
580352204,19,5,12,36
580352205,357,50,304,711
580352206,415,27,274,716
580352207,363,22,272,657
580352208,378,29,387,794
580352209,341,33,234,608
580352210,349,31,277,657
580352211,511,51,474,1036
580352212,177,13,139,329
580352213,383,38,229,650
580352214,357,19,309,685
580352215,198,24,183,405
580352216,214,8,217,439
580352217,558,27,345,930
580352218,196,15,139,350
580352219,382,37,352,771
580352220,325,37,314,676
580352221,350,18,228,596
580352301,84,6,41,131
580352302,423,35,263,721
580352303,335,14,174,523
580352304,344,16,294,654
580352305,295,9,202,506
580352306,208,9,119,336
580352307,422,18,223,663
580352308,421,22,219,662
580352309,476,23,308,807
580352310,363,8,235,606
580352311,412,30,314,756
580352312,373,27,244,644
580352313,452,22,252,726
580352314,419,29,241,689
580352315,300,15,214,529
580352316,321,8,252,581
580352317,400,26,244,670
580352318,285,15,148,448
580352319,481,48,356,885
580352320,322,15,187,524
580352321,242,17,183,442
580352322,13,0,0,13
580352323,292,32,213,537
580352324,290,20,141,451
580352325,320,10,242,572
580352326,341,16,170,527
580352327,264,30,170,464
580352401,396,27,151,574
580352402,366,22,191,579
580352403,759,80,420,1259
580352404,620,58,289,967
580352405,391,46,277,714
580352406,343,37,183,563
580352407,424,40,135,599
580352408,410,39,186,635
580352409,339,42,183,564
580352410,481,59,233,773
580352411,725,49,329,1103
580352412,586,79,246,911
580352413,272,63,141,476
580352414,325,20,133,478
580352501,513,37,345,895
580352502,522,53,301,876
580352503,515,69,287,871
580352504,337,39,234,610
580352505,271,10,118,399
580352506,273,23,162,458
580352507,352,38,220,610
580352508,276,13,123,412
580352509,301,32,205,538
580352510,489,41,286,816
580352511,353,43,187,583
580352512,363,41,228,632
580352513,416,62,275,753
580352514,516,50,340,906
580352515,399,45,272,716
580352516,418,30,248,696
580352517,494,68,338,900
580420101,160,3,75,238
580420102,78,9,77,164
580420103,99,7,82,188
580420104,72,3,72,147
580420105,148,8,93,249
580420106,162,21,141,324
580420107,43,1,30,74
580420108,63,1,34,98
580420109,79,4,44,127
580420201,337,10,118,465
580420202,338,22,253,613
580420203,411,16,165,592
580420204,302,19,145,466
580420205,324,14,179,517
580420206,356,18,194,568
580420207,399,5,184,588
580420208,380,23,186,589
580420209,251,20,164,435
580420210,306,8,145,459
580420211,462,32,309,803
580420212,337,9,190,536
580420213,260,23,169,452
580420214,440,21,249,710
580420215,297,29,183,509
580420216,283,14,155,452
580420217,483,61,319,863
580490101,6,0,1,7
580490102,75,2,35,112
580490103,17,0,7,24
580490201,36,0,17,53
580490202,192,7,143,342
580490203,91,0,60,151
580490204,98,1,105,204
580490205,146,6,106,258
580490301,119,5,37,161
580490302,31,0,8,39
580490401,450,15,153,618
580490402,193,16,92,301
580490403,438,35,253,726
580490404,485,23,168,676
580490405,275,16,143,434
580490406,361,29,167,557
580490407,770,53,299,1122
580490408,420,33,223,676
580490409,370,10,198,578
580490410,301,12,150,463
580490411,337,13,209,559
580490412,306,63,192,561
580490413,536,36,265,837
580490414,338,16,153,507
580490415,270,12,115,397
580560101,107,10,64,181
580560102,9,2,9,20
580560104,5,0,14,19
580560105,176,3,76,255
580560201,46,1,16,63
580560202,29,0,9,38
580560203,13,0,4,17
580560204,13,0,3,16
580560205,23,0,4,27
580560206,34,4,11,49
580560301,279,14,146,439
580560302,457,46,232,735
580560303,504,42,199,745
580560304,474,42,235,751
580560305,545,32,238,815
580560306,552,43,232,827
580560307,319,17,122,458
580560308,576,80,244,900
580560309,260,19,126,405
580560310,180,22,101,303
580560401,333,15,135,483
580560402,354,19,170,543
580560403,418,17,132,567
580560404,308,15,103,426
580560405,752,52,334,1138
580560406,465,18,194,677
580560407,642,26,330,998
580560408,367,40,174,581
580560409,316,18,120,454
580560410,245,12,100,357
580560411,98,5,43,146
580560501,30,0,8,38
580560502,240,17,86,343
580560503,157,3,75,235
580560504,233,12,66,311
580560505,576,29,227,832
580560506,448,41,184,673
580560507,598,56,290,944
580560508,413,28,201,642
580560509,475,21,178,674
580560510,276,11,88,375
580560511,312,14,134,460
580560512,280,16,119,415
580560513,198,8,72,278
580560514,153,7,69,229
580560515,237,11,103,351
580560516,251,4,90,345
580560517,181,5,102,288
580630101,41,21,36,98
580630102,149,1,43,193
580630103,6,0,50,56
580630104,194,1,194,389
580630105,206,1,112,319
580630106,6,0,13,19
580630107,8,1,41,50
580630108,36,1,28,65
580630109,105,13,101,219
580630110,56,3,28,87
580630111,905,37,556,1498
580630112,657,31,512,1200
580630113,492,39,307,838
580700101,19,0,11,30
580700102,55,1,15,71
580700103,486,18,157,661
580700104,309,6,114,429
580700105,710,36,232,978
580700106,384,20,128,532
580700107,701,41,291,1033
580700108,318,17,101,436
580700109,305,14,143,462
580700110,250,14,98,362
580700111,508,35,179,722
580700112,245,10,79,334
580700113,500,34,195,729
580700114,527,18,182,727
580700201,36,1,30,67
580700202,96,1,9,106
580700203,11,1,22,34
580700204,176,3,47,226
580770101,0,0,0,0
580770102,194,19,117,330
580770103,244,23,158,425
580770104,149,8,85,242
580770105,220,8,95,323
580770106,374,14,196,584
580770201,146,7,155,308
580770202,77,5,46,128
580770203,133,8,64,205
580770204,128,2,59,189
580770205,358,22,149,529
580770206,142,1,70,213
580770207,367,7,150,524
580770208,618,28,314,960
580770210,129,9,68,206
580840101,15,0,10,25
580840102,264,17,226,507
580840103,134,3,66,203
580840104,47,0,35,82
580840105,222,8,145,375
580840106,399,11,220,630
580840107,119,1,79,199
580840108,170,8,71,249
580840109,161,3,95,259
580840110,23,0,4,27
580840111,86,18,214,318
580840112,20,0,22,42
580840113,5,0,1,6
580840114,25,0,4,29
580840115,0,0,0,0
580840116,299,10,75,384
580910101,38,0,18,56
580910102,76,3,76,155
580910103,288,46,241,575
580910104,29,0,35,64
580910105,19,0,4,23
580910106,183,9,120,312
580910107,619,38,331,988
580910108,449,14,205,668
580910109,83,0,27,110
580910201,9,0,5,14
580910202,6,1,15,22
580910203,5,0,17,22
580910204,8,0,7,15
580910205,61,13,28,102
580910301,40,0,16,56
580910302,210,9,91,310
580910303,386,10,214,610
580910304,569,32,282,883
580910305,436,7,177,620
580910306,299,18,85,402
580910307,207,6,60,273
580910308,297,15,84,396
580910309,283,13,174,470
580910310,268,17,81,366
580910311,432,23,176,631
580910312,253,18,137,408
580910313,275,16,111,402
580910314,257,13,111,381
580910315,236,12,91,339
580910316,213,8,107,328
580910317,339,18,134,491
580910318,463,33,268,764
580910319,330,21,190,541
580910320,351,17,168,536
580910321,325,24,182,531
580910322,362,27,165,554
580910323,357,21,197,575
580910324,435,32,200,667
580910325,324,22,139,485
580910326,193,25,112,330
580910327,330,13,154,497
580980101,107,8,73,188
580980102,6,0,1,7
580980103,669,29,376,1074
580980104,728,75,369,1172
580980105,116,3,80,199
580980201,53,1,19,73
580980202,158,4,164,326
580980203,10,0,22,32
580980204,50,0,82,132
580980205,88,6,41,135
581050101,80,2,34,116
581050102,177,11,122,310
581050103,330,15,226,571
581050104,438,16,257,711
581050105,343,14,254,611
581050106,735,38,470,1243
581050201,9,0,0,9
581050202,20,0,4,24
581050203,16,1,5,22
581050204,78,1,51,130
581050205,48,0,2,50
581050206,18,1,8,27
581050207,84,2,36,122
581050208,21,0,26,47
581050209,41,3,94,138
581050210,26,0,43,69
581050211,290,10,244,544
581050212,46,0,5,51
581050213,35,0,36,71
581050214,29,0,21,50
581120101,137,4,59,200
581120102,41,0,4,45
581120103,164,10,49,223
581120104,48,1,33,82
581120105,91,3,46,140
581120106,45,0,15,60
581120107,57,4,19,80
581120108,30,1,39,70
581120109,71,2,23,96
581120201,103,2,92,197
581120202,112,9,96,217
581120203,61,0,13,74
581120205,316,24,150,490
581120206,341,16,176,533
581120207,112,12,94,218
581120208,365,19,224,608
581120301,178,13,127,318
581120302,577,55,462,1094
581120303,611,71,488,1170
581120304,615,56,455,1126
581120305,493,82,319,894
581120306,404,33,245,682
581120307,570,36,303,909
581120308,601,78,400,1079
581120309,417,46,293,756
581120310,494,46,328,868
581120311,336,36,257,629
581120312,385,13,251,649
581120313,332,7,165,504
581120314,382,18,200,600
581120315,192,7,95,294
581120316,336,16,136,488
581120401,205,17,141,363
581120402,293,44,217,554
581120403,29,1,16,46
581120404,513,39,398,950
581120405,317,37,297,651
581120406,206,16,172,394
581120407,292,20,149,461
581120408,473,21,298,792
581120409,191,11,103,305
581120410,231,12,148,391
581120411,238,35,163,436
581120412,260,18,194,472
581120413,522,57,346,925
581120414,143,17,108,268
581120415,426,56,271,753
581120416,166,9,106,281
581120417,28,0,10,38
581120418,686,55,365,1106
581120419,411,15,246,672
581120420,384,22,261,667
581120421,533,59,342,934
620070101,27,0,7,34
620070201,53,0,6,59
620070301,26,0,14,40
620070302,255,18,135,408
620070303,164,7,89,260
620070401,41,0,3,44
620070501,303,25,134,462
620070502,228,23,115,366
620070503,439,34,209,682
620070504,238,2,92,332
620070505,228,7,134,369
620070506,277,10,124,411
620070507,282,7,149,438
620070508,276,10,119,405
620070509,250,5,63,318
620070510,524,24,237,785
620070511,286,19,148,453
620070601,121,1,45,167
620070602,433,8,123,564
620070603,329,12,137,478
620070604,174,2,39,215
620070605,10,0,1,11
620070606,84,1,12,97
620070607,223,29,125,377
620070608,641,26,149,816
620070609,638,23,192,853
620070610,360,24,66,450
620070611,251,24,71,346
620070612,581,41,222,844
620070613,182,6,45,233
620070614,182,14,50,246
620070701,305,8,139,452
620070702,371,14,149,534
620070703,313,14,149,476
620070704,484,35,337,856
620070705,530,38,294,862
620070706,333,21,166,520
620070707,790,61,245,1096
620070708,779,62,290,1131
620070709,232,9,88,329
620070710,85,4,49,138
620070711,1088,82,518,1688
620070712,375,37,177,589
620070713,446,32,188,666
620070801,264,6,92,362
620070802,232,16,91,339
620070803,49,0,15,64
620070804,512,29,150,691
620070805,617,47,194,858
620070806,698,66,242,1006
620070807,347,28,122,497
620070808,317,24,189,530
620070809,269,7,96,372
620070810,473,22,190,685
620070811,420,32,228,680
620070812,262,21,122,405
620070813,385,9,67,461
620070814,313,10,99,422
620070815,279,10,64,353
620070816,238,10,87,335
620070817,228,8,90,326
620070818,236,22,117,375
620070901,28,2,19,49
620070902,115,6,56,177
620070903,38,4,11,53
620070904,70,2,31,103
620070905,43,2,23,68
620070906,73,6,33,112
620071001,215,12,113,340
620071002,261,4,96,361
620071003,310,2,167,479
620071004,233,8,146,387
620071005,308,12,117,437
620071006,259,6,157,422
620071007,337,12,159,508
620071008,245,13,118,376
620071009,196,13,125,334
620071010,218,2,108,328
620071011,232,6,85,323
620071012,296,34,162,492
620071013,326,22,158,506
620071101,632,45,191,868
620071102,292,14,146,452
620071103,584,35,234,853
620071104,576,21,241,838
620071105,182,18,67,267
620071106,313,17,114,444
620071107,371,18,130,519
620071108,322,31,159,512
620071109,432,37,231,700
620071110,315,18,162,495
620071111,525,58,269,852
620071112,462,39,282,783
620140101,24,0,9,33
620140102,301,17,175,493
620140103,478,26,260,764
620140104,440,36,378,854
620140105,398,41,301,740
620140106,43,3,17,63
620140107,0,0,0,0
620140108,222,7,180,409
620140109,92,4,38,134
620140110,417,12,240,669
620140111,517,35,269,821
620140112,283,16,148,447
620140201,413,9,230,652
620140202,247,6,154,407
620140203,328,14,225,567
620140204,422,22,266,710
620140301,581,22,351,954
620140302,193,10,140,343
620140303,401,16,157,574
620140304,484,24,296,804
620140401,579,35,257,871
620140402,435,12,250,697
620140403,373,7,196,576
620140404,417,25,239,681
620140405,337,21,135,493
620140406,373,14,151,538
620140407,322,7,127,456
620140408,569,37,324,930
620140409,316,12,102,430
620140410,425,19,250,694
620140501,34,0,5,39
620140601,285,14,233,532
620140602,336,17,238,591
620140603,298,19,188,505
620140604,289,23,190,502
620140605,292,17,229,538
620140606,214,25,173,412
620140607,323,20,283,626
620140608,340,36,207,583
620140609,295,21,247,563
620140701,72,0,18,90
620140801,80,1,3,84
620140901,271,14,132,417
620140902,171,16,96,283
620140903,18,0,16,34
620141001,121,3,32,156
620141002,249,8,120,377
620141003,221,21,182,424
620141101,251,10,107,368
620141102,483,18,227,728
620141103,290,12,82,384
620210101,186,15,85,286
620210102,520,50,184,754
620210103,135,8,74,217
620210104,309,9,87,405
620210105,182,6,51,239
620210106,343,16,112,471
620210107,336,18,103,457
620210108,325,25,102,452
620210109,263,32,77,372
620210110,395,35,100,530
620210111,404,16,146,566
620210112,193,2,62,257
620210201,152,4,43,199
620210202,223,13,78,314
620210203,417,67,261,745
620210204,369,59,194,622
620210205,449,49,198,696
620210206,576,70,226,872
620210207,356,49,144,549
620210208,489,54,215,758
620210209,301,25,163,489
620210210,388,44,208,640
620210211,548,57,211,816
620210212,230,35,201,466
620210301,177,8,55,240
620210302,133,6,74,213
620210303,210,9,78,297
620210304,170,7,76,253
620210305,174,5,60,239
620210306,147,4,44,195
620210307,145,5,51,201
620210308,175,5,71,251
620210309,293,8,98,399
620210310,200,11,65,276
620210311,231,6,92,329
620210312,236,7,89,332
620210313,304,8,108,420
620210401,60,1,15,76
620210402,109,1,49,159
620210403,39,0,13,52
620210501,262,11,181,454
620210502,124,9,113,246
620210503,18,1,14,33
620210601,160,9,86,255
620210602,254,22,113,389
620210603,188,4,82,274
620210604,339,9,137,485
620210605,199,9,100,308
620210606,252,11,109,372
620210607,322,23,171,516
620210608,452,27,174,653
620210701,359,7,128,494
620210702,157,5,95,257
620210703,164,7,96,267
620210704,170,8,112,290
620210705,414,28,195,637
620210706,489,24,224,737
620210707,614,45,271,930
620210708,196,6,70,272
620210709,475,14,210,699
620210710,237,3,75,315
620210801,246,20,154,420
620210802,277,23,81,381
620210803,367,22,186,575
620210804,242,16,91,349
620210805,403,34,208,645
620210806,342,39,145,526
620210807,392,20,151,563
620210808,357,34,195,586
620210809,579,34,243,856
620210810,601,68,240,909
620210901,276,9,111,396
620210902,447,21,173,641
620210903,530,54,253,837
620210904,542,42,253,837
620210905,464,28,227,719
620210906,277,27,146,450
620210907,353,16,132,501
620210908,617,54,262,933
620210909,314,35,126,475
620211001,443,39,220,702
620211002,490,37,201,728
620211003,388,46,165,599
620211004,319,39,136,494
620211005,536,67,302,905
620211006,383,52,176,611
620211007,320,31,133,484
620211008,335,43,180,558
620211009,403,43,140,586
620211010,341,38,163,542
620211011,330,42,130,502
620211101,269,16,120,405
620211102,335,11,111,457
620211103,454,15,123,592
620211104,284,4,112,400
620211105,389,18,83,490
620211106,387,8,139,534
620211107,278,13,114,405
620211108,273,16,92,381
620211109,349,12,64,425
620211110,312,20,120,452
620211111,419,37,164,620
620211112,522,43,189,754
620211113,360,14,120,494
620211114,254,6,85,345
620211201,310,25,99,434
620211202,313,19,68,400
620211203,257,11,96,364
620211204,197,10,67,274
620211205,234,4,68,306
620211206,352,22,111,485
620211207,321,14,98,433
620211208,512,30,158,700
620211209,45,1,18,64
620211301,290,16,89,395
620211302,406,16,137,559
620211303,364,11,131,506
620211304,243,6,92,341
620211305,188,7,72,267
620211306,346,15,113,474
620211307,349,15,125,489
620211308,312,17,128,457
620211309,192,12,78,282
620211310,293,8,128,429
620211311,355,14,152,521
620211401,283,41,166,490
620211402,585,74,271,930
620211403,542,70,220,832
620211404,516,62,250,828
620211405,642,69,256,967
620211406,280,59,101,440
620211407,240,90,95,425
620211408,400,34,251,685
620211409,648,62,271,981
620211410,596,83,229,908
620211411,512,65,221,798
620211412,383,29,159,571
620211413,330,17,135,482
620211414,385,20,127,532
620211415,437,31,112,580
620211416,493,11,162,666
620211417,350,18,131,499
620211418,71,3,21,95
620211501,167,12,69,248
620211502,172,4,75,251
620211503,366,21,157,544
620211504,185,11,64,260
620211505,232,10,80,322
620211506,391,16,212,619
620211507,211,8,103,322
620211508,204,11,105,320
620211509,212,5,50,267
620211510,204,9,63,276
620211511,255,18,119,392
620211512,284,15,116,415
620211601,463,44,205,712
620211602,404,35,184,623
620211603,663,69,201,933
620211604,555,34,185,774
620211605,359,40,165,564
620211606,555,52,219,826
620211607,529,87,256,872
620211608,627,80,231,938
620211609,366,49,232,647
620211701,427,40,156,623
620211702,372,47,177,596
620211703,310,22,132,464
620211704,278,58,119,455
620211705,480,70,283,833
620211706,381,76,194,651
620211707,383,44,224,651
620211708,579,54,223,856
620211709,389,32,154,575
620211710,364,35,161,560
620211801,353,41,152,546
620211802,375,19,150,544
620211803,332,20,162,514
620211804,264,20,127,411
620211805,355,12,115,482
620211806,269,29,145,443
620211807,311,39,142,492
620211808,247,8,124,379
620211809,483,41,177,701
620211901,293,19,120,432
620211902,333,31,165,529
620211903,356,12,178,546
620211904,389,19,172,580
620211905,323,11,111,445
620211906,254,7,69,330
620211907,163,1,74,238
620211908,495,32,180,707
620211909,250,22,99,371
620211910,306,35,117,458
620211911,405,25,219,649
620211912,318,32,149,499
620280101,13,0,1,14
620280102,51,0,25,76
620280103,99,0,36,135
620280104,352,12,178,542
620280105,193,5,89,287
620280201,44,0,7,51
620280301,39,0,3,42
620280401,424,26,322,772
620280402,427,13,251,691
620280403,291,7,141,439
620280404,456,33,238,727
620280405,311,9,143,463
620280406,438,18,253,709
620280407,205,14,79,298
620350101,257,12,114,383
620350102,160,5,193,358
620350103,74,2,81,157
620350104,119,9,57,185
620350105,49,3,49,101
620350106,130,0,35,165
620350107,126,0,9,135
620350108,32,1,6,39
620350109,22,1,49,72
620350110,306,17,167,490
620350111,371,4,196,571
620350112,218,14,93,325
620350113,287,21,116,424
620350114,306,10,133,449
620420101,44,0,5,49
620420102,76,1,51,128
620420103,182,9,124,315
620420104,41,0,18,59
620420201,91,3,38,132
620420202,210,10,175,395
620420301,22,1,8,31
620420401,530,38,370,938
620420402,314,34,239,587
620420403,230,25,188,443
620420404,326,14,207,547
620420405,373,67,342,782
620420406,330,19,173,522
620420407,110,9,76,195
620420408,210,18,137,365
620420409,168,13,74,255
620420410,308,33,230,571
620420411,239,22,167,428
620420412,326,22,266,614
620420501,243,9,98,350
620420502,211,16,124,351
620420503,81,4,28,113
620420504,244,40,193,477
620420505,280,11,143,434
620420506,325,42,196,563
620420601,449,60,268,777
620420602,474,36,378,888
620420603,278,20,142,440
620420604,286,32,203,521
620420605,308,29,234,571
620420606,239,36,238,513
620420607,346,28,286,660
620420608,239,18,130,387
620420609,360,21,183,564
620420610,284,19,180,483
620420611,242,13,197,452
620420612,196,15,156,367
620420613,243,29,163,435
620420614,262,19,193,474
620420615,347,40,326,713
620420701,623,45,314,982
620420702,622,62,429,1113
620420703,243,12,100,355
620420704,347,12,160,519
620420705,658,27,262,947
620420706,151,22,111,284
620420707,355,13,174,542
620420708,296,14,121,431
620420709,291,18,158,467
620420710,295,37,209,541
620420711,348,11,88,447
620420712,172,18,44,234
620420713,507,37,170,714
620420714,549,60,256,865
620420715,378,32,157,567
620420716,356,21,166,543
620420717,192,9,98,299
620420801,429,19,167,615
620420802,421,25,231,677
620420803,375,15,127,517
620420804,296,20,112,428
620420805,266,5,96,367
620420806,364,16,171,551
620420807,366,30,173,569
620420808,348,7,145,500
620420809,217,7,116,340
620420810,311,9,124,444
620420901,345,39,194,578
620420902,537,26,256,819
620420903,439,34,218,691
620420904,311,11,178,500
620420905,385,28,230,643
620420906,467,33,271,771
620420907,460,30,241,731
620420908,341,31,151,523
620420909,326,14,196,536
620420910,363,21,179,563
620421001,477,52,323,852
620421002,341,43,260,644
620421003,281,35,260,576
620421004,328,8,76,412
620421005,314,47,225,586
620421006,334,29,232,595
620421007,283,18,216,517
620421008,321,38,213,572
620421009,448,38,244,730
620421010,434,38,230,702
620421011,299,23,209,531
620421012,283,10,144,437
620421013,293,11,98,402
620421101,333,11,161,505
620421102,388,13,171,572
620421103,241,23,164,428
620421104,397,20,125,542
620421105,358,44,255,657
620421106,348,37,216,601
620421107,325,27,223,575
620421108,241,12,120,373
620421109,290,28,276,594
620421110,467,40,317,824
620421111,271,28,141,440
620421112,371,15,100,486
620421201,465,28,203,696
620421202,554,55,303,912
620421203,530,29,249,808
620421204,364,17,190,571
620421205,186,14,125,325
620421206,217,15,135,367
620421207,419,24,235,678
620421208,387,12,144,543
620421209,318,16,173,507
620421210,260,4,131,395
620421211,231,13,92,336
620421212,233,13,142,388
620421213,229,9,144,382
620421214,154,1,61,216
620421301,373,40,225,638
620421302,469,54,258,781
620421303,398,32,262,692
620421304,542,34,244,820
620421305,457,22,257,736
620421306,610,31,320,961
620421401,320,24,250,594
620421402,32,0,15,47
620421403,429,32,300,761
620421404,234,15,178,427
620421405,467,40,315,822
620421406,183,9,96,288
620421407,449,10,151,610
620421408,307,21,204,532
620421409,228,14,156,398
620421410,185,8,85,278
620421411,275,40,213,528
620421412,135,13,57,205
620421501,551,51,329,931
620421502,255,17,240,512
620421503,342,26,230,598
620421504,296,14,191,501
620421505,286,17,177,480
620421506,224,26,207,457
620421507,350,21,239,610
620421508,150,23,160,333
620421601,329,39,319,687
620421602,173,11,152,336
620421603,238,28,261,527
620421604,274,11,185,470
620421701,377,48,277,702
620421702,270,17,211,498
620421801,335,9,246,590
620421802,197,7,118,322
620421803,406,39,352,797
620421804,334,23,256,613
620421805,333,35,271,639
620421806,284,29,210,523
620421807,451,41,393,885
620421901,365,29,268,662
620421902,245,12,204,461
620421903,389,31,277,697
620421904,359,46,332,737
620421905,122,8,98,228
620422001,85,19,57,161
620422002,328,7,189,524
620422003,234,4,94,332
620422004,224,7,134,365
620422005,155,4,118,277
620422006,335,31,231,597
620422007,369,21,186,576
620422008,227,10,125,362
620422009,181,6,124,311
620422010,153,6,110,269
620422011,322,11,172,505
620422012,313,27,161,501
620422013,401,39,234,674
620422101,323,46,296,665
620422102,234,9,122,365
620422103,452,48,298,798
620422104,225,16,138,379
620422105,314,40,232,586
620422106,243,32,217,492
620422107,408,32,250,690
620422108,173,9,132,314
620422109,183,5,98,286
620422201,602,32,382,1016
620422202,92,5,106,203
620422203,390,30,206,626
620422204,111,7,64,182
620422205,421,61,384,866
620422206,295,25,269,589
620422301,362,32,228,622
620422302,364,5,153,522
620422303,285,18,166,469
620422304,322,24,172,518
620422305,607,37,359,1003
620422306,364,15,186,565
620422307,297,11,143,451
620422308,281,6,140,427
620422309,301,16,165,482
620422310,258,4,140,402
620422311,446,26,318,790
620422401,440,29,195,664
620422402,330,19,159,508
620422403,336,19,177,532
620422404,563,35,267,865
620422405,473,45,245,763
620422406,295,19,135,449
620422407,260,18,113,391
620422408,411,27,279,717
620422501,594,28,220,842
620422502,470,43,245,758
620422503,617,45,348,1010
620422504,350,21,151,522
620422505,580,21,301,902
620422506,397,16,163,576
620422507,421,27,232,680
620422508,596,23,311,930
620422509,447,41,206,694
620422510,535,32,306,873
620422601,438,46,257,741
620422602,315,36,283,634
620422603,578,39,272,889
620422604,289,16,163,468
620422605,291,22,178,491
620422606,290,23,198,511
620422607,280,24,176,480
620422608,273,31,115,419
620422609,418,23,250,691
620422610,326,21,133,480
620422611,245,21,103,369
620422612,378,19,155,552
620422613,391,36,194,621
620422614,295,12,174,481
620422615,210,7,77,294
620422701,352,34,140,526
620422702,362,18,212,592
620422703,233,12,122,367
620422704,243,12,119,374
620422705,288,6,127,421
620422706,284,11,104,399
620422707,258,12,132,402
620422708,406,23,253,682
620422709,416,28,222,666
620422710,424,45,228,697
620422711,290,24,131,445
620422712,359,33,175,567
620422713,477,33,196,706
620422714,339,42,197,578
620422715,269,24,146,439
620422801,540,32,259,831
620422802,323,15,152,490
620422803,674,26,285,985
620422804,591,50,255,896
620422805,617,37,279,933
620422806,660,49,279,988
620422807,418,38,189,645
620422808,413,53,158,624
620422901,346,19,212,577
620422902,278,8,77,363
620422903,479,21,281,781
620422904,476,19,227,722
620422905,395,14,218,627
620422906,374,33,242,649
620422907,392,16,205,613
620422908,485,20,290,795
620422909,466,34,279,779
620422910,478,18,245,741
620423001,339,15,252,606
620423002,468,31,374,873
620423003,323,25,185,533
620423004,292,41,252,585
620423005,267,34,225,526
620423006,58,4,26,88
620423007,498,42,330,870
620423008,490,36,389,915
620423009,480,35,317,832
620423010,383,22,249,654
620423011,408,30,300,738
620423012,129,6,143,278
620423101,607,76,280,963
620423102,665,81,381,1127
620423103,435,34,189,658
620423104,676,55,244,975
620423105,666,53,339,1058
620423106,562,53,220,835
620423107,506,32,201,739
620423108,431,25,225,681
620423109,550,27,246,823
620423201,373,16,124,513
620423202,381,16,216,613
620423203,365,32,145,542
620423204,544,26,243,813
620423205,311,26,137,474
620423206,310,18,144,472
620423207,316,21,156,493
620423208,298,23,135,456
620423209,351,11,188,550
620423210,349,13,159,521
620423211,371,13,171,555
620423212,278,7,146,431
620423301,337,26,130,493
620423302,364,18,145,527
620423303,547,55,254,856
620423304,435,21,231,687
620423305,314,21,182,517
620423306,252,12,127,391
620423307,223,16,89,328
620423308,223,13,91,327
620423309,271,12,158,441
620423310,307,16,149,472
620423311,523,17,172,712
620423401,387,24,122,533
620423402,690,44,267,1001
620423403,391,20,184,595
620423404,320,24,148,492
620423405,541,20,186,747
620423406,283,18,121,422
620423407,266,5,91,362
620423408,274,14,93,381
620423409,312,9,141,462
620423410,605,18,265,888
620423501,305,14,114,433
620423502,354,7,130,491
620423503,344,9,174,527
620423504,300,16,147,463
620423505,336,6,144,486
620423506,330,7,126,463
620423507,528,11,204,743
620423508,300,19,143,462
620423509,478,14,207,699
620423601,436,12,201,649
620423602,308,14,181,503
620423603,369,9,234,612
620423604,353,16,217,586
620423605,279,11,136,426
620423606,269,13,164,446
620423607,387,18,208,613
620423608,390,36,213,639
620423609,356,22,232,610
620423610,263,16,156,435
620423611,360,32,226,618
620423612,339,25,222,586
620423701,313,25,134,472
620423702,326,10,103,439
620423703,363,43,161,567
620423704,359,27,189,575
620423705,488,53,241,782
620423706,467,60,275,802
620423707,454,37,279,770
620423708,127,18,69,214
620423709,476,65,244,785
620423710,546,20,166,732
620423711,323,21,79,423
620423801,477,47,193,717
620423802,473,19,270,762
620423803,387,20,207,614
620423804,292,35,155,482
620423805,313,21,170,504
620423806,259,24,164,447
620423807,244,6,176,426
620423808,360,44,150,554
620423809,329,37,147,513
620423810,299,37,237,573
620423811,527,47,253,827
620423812,287,28,155,470
620423813,351,16,153,520
620423814,617,71,242,930
620423901,336,15,166,517
620423902,201,11,93,305
620423903,203,8,114,325
620423904,300,8,138,446
620423905,451,10,182,643
620423906,369,25,132,526
620423907,430,32,190,652
620423908,230,8,164,402
620423909,237,10,114,361
620423910,234,14,118,366
620423911,284,10,153,447
620423912,270,12,120,402
620424001,289,34,135,458
620424002,285,30,123,438
620424003,582,43,386,1011
620424004,483,56,305,844
620424005,267,21,139,427
620424006,288,15,143,446
620424007,454,23,137,614
620424008,261,25,125,411
620424009,524,54,266,844
620424010,209,13,120,342
620424011,447,20,189,656
620424012,325,15,99,439
620424013,209,5,55,269
620424014,518,31,302,851
620424101,318,7,132,457
620424102,312,7,126,445
620424103,250,11,136,397
620424104,186,11,59,256
620424105,344,38,165,547
620424106,279,4,140,423
620424107,212,6,156,374
620424108,371,20,162,553
620424109,239,17,139,395
620424110,188,10,126,324
620424111,339,16,118,473
620424112,397,10,134,541
620424113,247,20,149,416
620424114,250,15,132,397
620424201,402,20,251,673
620424202,377,36,281,694
620424203,315,23,185,523
620424204,356,18,245,619
620424205,216,19,220,455
620424206,437,44,409,890
620424207,545,56,359,960
620424208,460,49,280,789
620424209,490,51,285,826
620424210,300,28,228,556
620424301,258,52,302,612
620424302,181,0,74,255
620424303,263,30,156,449
620424304,245,4,177,426
620424305,393,31,189,613
620424306,579,39,296,914
620424307,448,26,283,757
620424308,467,69,274,810
620424309,435,36,340,811
620424310,376,19,223,618
620424311,365,58,348,771
620424312,506,68,344,918
620490101,360,17,193,570
620490102,364,10,291,665
620490103,73,4,56,133
620490104,176,2,66,244
620490105,172,4,71,247
620490106,367,5,124,496
620490107,119,1,36,156
620560101,199,16,146,361
620560102,115,0,89,204
620560103,289,2,107,398
620560104,213,1,140,354
620630101,345,16,154,515
620630102,214,4,160,378
620630103,268,15,185,468
620630104,334,18,176,528
620630105,354,24,155,533
620630106,421,35,285,741
620630107,125,2,66,193
620630108,274,47,210,531
620630109,392,16,229,637
620630110,210,5,145,360
620630111,257,11,147,415
620630112,289,18,233,540
620630113,538,24,248,810
620630114,158,7,139,304
620630115,307,15,188,510
620630116,186,4,97,287
620630117,269,32,223,524
620630118,225,9,144,378
620630201,421,20,306,747
620630202,142,3,90,235
620630203,97,3,40,140
620630204,179,8,122,309
620630205,319,39,152,510
620630301,29,0,17,46
620630302,75,2,21,98
620630401,69,0,11,80
620700101,317,17,227,561
620700102,313,26,192,531
620700103,259,15,160,434
620700104,312,3,152,467
620700105,145,2,60,207
620700106,214,0,59,273
620700107,178,5,86,269
620700201,365,9,178,552
620700202,261,12,164,437
620700203,512,37,219,768
620700204,275,11,100,386
620700205,334,15,146,495
620770101,320,15,159,494
620770102,208,9,139,356
620770103,207,7,102,316
620770104,309,10,197,516
620770105,142,5,111,258
620770106,256,15,200,471
620770107,331,25,265,621
620770108,234,12,207,453
620770109,385,20,203,608
620770110,325,21,207,553
620770111,469,38,341,848
620770112,419,22,308,749
620770113,233,12,134,379
620770114,187,11,126,324
620770115,197,3,109,309
620770116,246,10,159,415
620770117,345,33,155,533
620770201,467,20,304,791
620770202,187,10,171,368
620770203,263,15,169,447
620770204,152,5,95,252
620770205,306,12,243,561
620770206,227,6,157,390
620770207,219,5,79,303
620770208,389,8,203,600
620770209,301,15,140,456
620770210,371,23,245,639
620770211,332,18,156,506
620770301,93,5,55,153
620770302,86,0,40,126
620770303,88,2,46,136
620770304,99,1,46,146
620770305,207,11,103,321
620770306,82,4,31,117
620770307,243,16,93,352
620770401,167,7,84,258
620770402,198,11,58,267
620770403,468,26,340,834
620770404,543,49,307,899
620770405,501,30,237,768
620770406,511,27,237,775
620770407,56,7,31,94
620770408,22,0,1,23
620770409,273,23,104,400
620770410,92,7,69,168
620770411,171,8,68,247
620770412,153,9,74,236
620770413,235,22,128,385
620770501,42,0,0,42
620770502,16,0,10,26
620770503,51,0,12,63
620770504,46,1,19,66
620770601,84,2,22,108
620770602,43,1,15,59
620770603,107,2,46,155
620770604,123,5,64,192
620770605,170,10,79,259
620770606,71,2,32,105
620770607,130,4,56,190
620840101,231,11,155,397
620840102,182,11,133,326
620840103,168,6,130,304
620840104,353,12,271,636
620840105,224,7,200,431
620840106,191,6,98,295
620840107,229,14,188,431
620840201,7,0,7,14
620840202,77,2,34,113
620840203,29,0,18,47
620840204,62,0,53,115
620840205,18,0,6,24
620840206,46,1,13,60
620840207,13,0,64,77
620840208,158,5,71,234
620840209,102,1,17,120
620849999,1013,3,604,1620
620910101,619,38,362,1019
620910102,387,23,299,709
620910103,612,26,374,1012
620910104,283,32,238,553
620910201,280,10,235,525
620910202,452,25,259,736
620910203,282,8,174,464
620910301,252,23,215,490
620910302,173,2,175,350
620910303,397,19,196,612
620910304,427,19,181,627
620910305,502,65,353,920
620910306,268,15,189,472
620910307,349,8,162,519
620910308,376,26,263,665
620910401,42,3,34,79
620910402,76,2,34,112
620910403,40,0,24,64
620910404,442,12,225,679
620910405,287,1,65,353
620910406,81,1,148,230
620910407,135,1,52,188
660070101,425,0,68,493
660070102,22,0,0,22
660070103,112,2,99,213
660070104,37,0,60,97
660070105,93,0,120,213
660070106,291,5,204,500
660070107,298,5,244,547
660070108,295,3,358,656
660070201,181,1,54,236
660070202,111,0,33,144
660070203,11,0,2,13
660070204,196,0,113,309
660070205,346,9,188,543
660070206,27,0,6,33
660070207,337,18,342,697
660070208,339,10,321,670
660070209,332,8,198,538
660070210,275,8,203,486
660070211,473,14,254,741
660070212,376,16,349,741
660070213,380,4,211,595
660070214,295,4,272,571
660070301,8,0,0,8
660070302,41,0,8,49
660070303,271,24,211,506
660070304,74,4,23,101
660070305,41,0,17,58
660070306,13,0,0,13
660070307,25,0,3,28
660070308,39,0,34,73
660070309,19,0,13,32
660070310,5,0,3,8
660070311,47,0,1,48
660070312,8,0,3,11
660070313,34,0,1,35
660070314,7,0,28,35
660070315,224,27,259,510
660070316,403,12,421,836
660070317,463,16,336,815
660070318,671,22,357,1050
660070319,375,22,290,687
660070320,412,19,365,796
660070321,524,14,503,1041
660070322,471,9,285,765
660070401,34,1,17,52
660070402,32,0,9,41
660070403,34,0,7,41
660070404,25,1,7,33
660070405,146,2,148,296
660070406,23,1,21,45
660070407,89,5,99,193
660070408,420,20,430,870
660070409,67,2,41,110
660070410,43,9,74,126
660070411,17,1,20,38
660070412,38,0,59,97
660070413,39,2,81,122
660070414,80,27,187,294
660070415,193,15,249,457
660070416,585,25,530,1140
660070417,474,33,560,1067
660070418,501,25,372,898
660070419,403,20,426,849
660070420,479,31,402,912
660070421,296,5,188,489
660070422,374,19,266,659
660070423,390,20,327,737
660070424,531,55,677,1263
660070425,322,19,434,775
660070426,329,27,371,727
660070427,343,17,317,677
660070501,76,1,67,144
660070502,48,1,16,65
660070503,43,0,50,93
660070504,3,0,73,76
660070505,57,10,72,139
660070506,54,1,47,102
660070507,21,0,6,27
660070508,59,19,90,168
660070509,24,0,27,51
660070510,131,3,362,496
660070601,543,29,710,1282
660070602,28,1,13,42
660070603,27,1,21,49
660070604,12,0,48,60
660070605,27,0,16,43
660070606,80,0,61,141
660070607,81,4,80,165
660070608,55,4,49,108
660070609,69,1,53,123
660070610,25,1,64,90
660070611,90,5,126,221
660070612,43,0,78,121
660070613,17,0,2,19
660070614,290,39,512,841
660070615,227,11,373,611
660070616,215,18,350,583
660070617,373,24,352,749
660070618,258,16,289,563
660070619,317,16,295,628
660070620,332,28,212,572
660070621,359,52,510,921
660140101,271,1,141,413
660140102,49,2,57,108
660140103,148,3,166,317
660140104,198,9,132,339
660140201,0,0,8,8
660140202,896,49,703,1648
660140203,364,14,183,561
660140204,153,4,53,210
660140205,18,0,4,22
660140206,473,11,270,754
660140207,264,12,156,432
660210101,112,2,100,214
660210102,45,4,33,82
660210103,344,10,249,603
660210104,443,30,293,766
660210105,30,1,20,51
660210106,98,4,111,213
660210107,428,48,216,692
660210108,563,26,306,895
660210109,546,28,352,926
660210110,589,27,270,886
660210111,399,18,223,640
660210112,484,19,346,849
660210113,404,28,257,689
660210114,557,26,297,880
660210115,486,22,342,850
660210116,609,23,310,942
660210201,7,0,5,12
660210202,16,0,19,35
660280101,258,6,69,333
660280102,137,0,29,166
660280103,43,1,66,110
660280104,618,28,316,962
660280105,630,21,151,802
660280106,553,14,73,640
660280107,419,14,161,594
660280108,316,17,153,486
660280109,443,31,205,679
660280110,517,12,231,760
660280111,444,17,208,669
660280112,723,28,307,1058
660280113,404,17,134,555
660280114,442,14,235,691
660280115,333,5,94,432
660280116,199,6,122,327
660280117,598,43,316,957
660280118,585,36,280,901
660280119,477,42,198,717
660280120,350,18,126,494
660280121,198,12,133,343
660280201,395,20,214,629
660280202,310,43,152,505
660280203,23,0,11,34
660280204,20,2,11,33
660280205,406,6,44,456
660280206,443,28,230,701
660280207,702,63,343,1108
660280208,322,48,180,550
660280301,11,0,9,20
660280302,17,0,33,50
660280303,19,0,14,33
660280304,32,2,18,52
660280401,403,28,304,735
660280402,526,44,384,954
660280403,468,33,358,859
660280404,660,42,400,1102
660280405,658,54,488,1200
660280406,789,97,476,1362
660280407,589,59,427,1075
660280408,692,56,446,1194
660280409,451,77,385,913
660280410,464,41,252,757
660280411,304,34,201,539
660280412,504,84,460,1048
660280413,550,72,536,1158
660280414,411,35,186,632
660280415,477,54,271,802
660280416,378,49,208,635
660280417,1023,122,487,1632
660280418,574,55,343,972
660280419,494,102,359,955
660280420,450,50,254,754
660280421,439,36,249,724
660280422,846,116,452,1414
660280423,716,105,509,1330
660280501,771,74,461,1306
660280502,328,11,253,592
660280503,542,29,219,790
660280504,416,40,189,645
660280505,478,36,261,775
660280506,592,81,291,964
660280507,626,41,363,1030
660280508,506,57,442,1005
660280509,535,71,355,961
660280510,663,72,493,1228
660280511,412,51,247,710
660280512,443,23,289,755
660280513,421,21,219,661
660280514,363,41,281,685
660280515,530,52,237,819
660280516,677,100,403,1180
660280517,577,71,384,1032
660280518,343,41,188,572
660280519,263,46,188,497
660280520,364,47,209,620
660280601,583,38,323,944
660280602,559,56,357,972
660280603,638,26,316,980
660280604,553,34,286,873
660280605,642,41,325,1008
660280606,439,32,221,692
660280607,503,25,232,760
660280608,488,34,304,826
660280609,337,12,215,564
660280610,469,31,283,783
660280611,665,59,372,1096
660280612,410,18,200,628
660280613,394,23,203,620
660280614,431,20,170,621
660280615,390,12,186,588
660280616,612,21,294,927
660280617,336,16,261,613
660280618,318,17,218,553
660280619,542,26,301,869
660280620,377,34,238,649
660280621,770,61,370,1201
660280622,672,47,380,1099
660280701,575,53,339,967
660280702,645,49,354,1048
660280703,558,54,252,864
660280704,548,54,266,868
660280705,486,62,232,780
660280706,461,34,260,755
660280707,802,46,411,1259
660280708,738,44,312,1094
660280709,775,70,333,1178
660280710,680,51,387,1118
660280711,898,70,468,1436
660280712,383,28,181,592
660280713,587,57,329,973
660280714,605,63,250,918
660280715,582,46,329,957
660280716,605,36,382,1023
660280717,627,43,305,975
660280801,0,0,0,0
660280802,409,17,231,657
660280803,380,31,271,682
660280804,422,42,277,741
660280805,422,29,248,699
660280806,475,71,245,791
660280807,388,36,304,728
660280808,459,39,246,744
660280809,860,53,505,1418
660280810,524,25,287,836
660280811,371,21,308,700
660280812,387,25,268,680
660280813,463,29,287,779
660280814,263,25,147,435
660280815,345,32,213,590
660280901,732,26,283,1041
660280902,796,44,336,1176
660280903,470,50,208,728
660280904,498,58,282,838
660280905,787,50,499,1336
660280906,867,51,365,1283
660280907,490,34,189,713
660280908,547,35,258,840
660280909,716,53,369,1138
660280910,346,27,191,564
660280911,338,16,204,558
660280912,323,22,179,524
660280913,395,20,276,691
660280914,454,31,337,822
660280915,347,11,183,541
660280916,369,17,186,572
660281001,459,41,193,693
660281002,475,27,379,881
660281003,606,53,303,962
660281004,544,34,290,868
660281005,444,24,251,719
660281006,623,44,313,980
660281007,370,21,218,609
660281008,308,15,117,440
660281009,431,25,308,764
660281010,433,25,243,701
660281011,240,17,146,403
660281012,343,55,265,663
660281013,351,22,206,579
660281101,461,10,167,638
660281102,275,14,120,409
660281103,463,15,258,736
660281104,320,27,188,535
660281105,394,12,240,646
660281106,344,39,183,566
660281107,337,24,170,531
660281108,231,20,140,391
660281109,239,14,152,405
660281110,283,12,131,426
660281111,258,6,136,400
660281112,347,7,148,502
660281113,247,8,92,347
660281114,308,7,163,478
660281115,172,13,86,271
660281116,148,3,81,232
660281201,488,16,258,762
660281202,326,17,219,562
660281203,325,10,216,551
660281204,367,13,142,522
660281205,241,11,149,401
660281206,222,16,163,401
660281207,234,8,118,360
660281208,238,16,168,422
660281209,264,13,128,405
660281210,423,29,275,727
660281211,588,63,297,948
660281212,870,53,440,1363
660281213,906,70,469,1445
660281214,476,41,246,763
660281215,479,47,284,810
660281301,377,11,147,535
660281302,152,6,68,226
660281303,383,17,204,604
660281304,270,21,132,423
660281305,617,36,370,1023
660281306,403,39,234,676
660281307,566,36,313,915
660281308,317,13,170,500
660281309,229,17,126,372
660281310,299,32,177,508
660281311,193,12,113,318
660281401,492,31,360,883
660281402,647,26,328,1001
660281403,509,31,328,868
660281404,397,22,228,647
660281405,464,25,286,775
660281406,667,51,376,1094
660281407,746,54,374,1174
660281408,632,87,401,1120
660281409,665,63,350,1078
660281410,677,29,298,1004
660281411,838,66,495,1399
660281412,709,85,455,1249
660281413,713,64,414,1191
660281414,474,35,205,714
660281501,405,19,213,637
660281502,701,62,517,1280
660281503,704,100,458,1262
660281504,661,66,311,1038
660281505,640,87,331,1058
660281506,580,52,306,938
660281507,655,110,440,1205
660281508,474,38,350,862
660281509,454,38,296,788
660281510,443,46,300,789
660281511,761,65,390,1216
660281512,674,77,415,1166
660281513,537,35,245,817
660281514,423,35,282,740
660281515,745,43,440,1228
660281516,526,21,214,761
660281517,349,37,241,627
660281518,580,45,385,1010
660281519,429,29,226,684
660281520,474,44,301,819
660281521,440,37,251,728
660281522,617,45,371,1033
660281523,470,33,270,773
660281524,798,65,464,1327
660281525,673,57,324,1054
660281601,693,41,458,1192
660281602,1057,92,583,1732
660281603,356,31,291,678
660281604,583,52,316,951
660281605,718,35,407,1160
660281606,672,54,352,1078
660281607,530,32,308,870
660281608,578,45,320,943
660281609,549,51,396,996
660281610,717,43,344,1104
660281611,673,50,395,1118
660281612,497,40,327,864
660281613,489,29,282,800
660281614,574,71,419,1064
660281615,538,42,292,872
660281616,607,51,358,1016
660281617,809,52,385,1246
660281618,807,68,420,1295
660281619,880,79,474,1433
660281701,417,27,229,673
660281702,416,28,177,621
660281703,453,47,203,703
660281704,388,13,161,562
660281705,466,44,290,800
660281706,381,22,176,579
660281707,658,80,359,1097
660281708,655,52,387,1094
660281709,623,46,344,1013
660281710,432,36,164,632
660281711,401,37,217,655
660281712,793,69,313,1175
660281713,606,84,316,1006
660281714,779,58,465,1302
660281715,519,50,306,875
660281716,634,49,299,982
660281801,504,36,297,837
660281802,720,71,442,1233
660281803,438,29,250,717
660281804,406,48,260,714
660281805,462,37,263,762
660281806,536,37,285,858
660281807,432,68,223,723
660281808,439,22,216,677
660281809,439,34,255,728
660281810,398,59,309,766
660281811,622,41,417,1080
660281812,469,32,312,813
660281813,618,30,305,953
660281814,593,63,351,1007
660281815,443,51,255,749
660281816,499,24,322,845
660281817,524,47,289,860
660281818,467,43,255,765
660281901,630,56,394,1080
660281902,554,57,286,897
660281903,463,39,256,758
660281904,443,61,271,775
660281905,660,50,337,1047
660281906,559,43,333,935
660281907,550,47,392,989
660281908,482,21,260,763
660281909,474,31,268,773
660281910,808,56,418,1282
660281911,565,61,415,1041
660281912,369,32,252,653
660281913,549,36,371,956
660281914,492,50,378,920
660281915,523,36,280,839
660282001,391,33,164,588
660282002,594,54,344,992
660282003,437,33,198,668
660282004,503,58,272,833
660282005,324,31,161,516
660282006,295,37,171,503
660282007,757,56,394,1207
660282008,604,47,333,984
660282009,626,90,342,1058
660282010,432,33,220,685
660282011,699,54,449,1202
660282012,606,77,336,1019
660282013,448,72,263,783
660282014,604,65,363,1032
660282015,595,73,365,1033
660282016,667,79,364,1110
660282017,606,50,349,1005
660282018,863,85,598,1546
660282019,319,43,212,574
660282101,327,40,221,588
660282102,367,16,72,455
660282103,257,11,88,356
660282104,701,74,345,1120
660282105,785,84,529,1398
660282106,673,44,496,1213
660282107,562,44,216,822
660282108,374,10,196,580
660282109,374,26,164,564
660282110,226,14,100,340
660282111,420,45,245,710
660282112,482,38,241,761
660282113,536,33,289,858
660282114,415,64,229,708
660282115,702,89,413,1204
660282116,904,123,423,1450
660282117,807,81,364,1252
660282118,542,45,329,916
660282119,590,59,389,1038
660282120,596,57,368,1021
660282121,690,49,411,1150
660282122,576,62,375,1013
660282123,417,46,254,717
660282124,422,42,268,732
660282201,609,92,245,946
660282202,387,65,182,634
660282203,715,116,346,1177
660282204,867,123,474,1464
660282205,396,49,262,707
660282206,462,66,239,767
660282207,424,45,240,709
660282208,557,33,200,790
660282209,524,24,243,791
660282210,533,53,321,907
660282211,446,30,267,743
660282212,636,76,351,1063
660282213,685,84,354,1123
660282214,738,58,475,1271
660282301,690,77,417,1184
660282302,576,59,308,943
660282303,901,104,525,1530
660282304,718,75,410,1203
660282305,692,102,406,1200
660282306,668,100,378,1146
660282307,739,114,334,1187
660282308,626,74,416,1116
660282309,851,115,461,1427
660282310,701,82,417,1200
660282311,700,93,408,1201
660282312,656,55,318,1029
660282313,643,48,442,1133
660282314,661,82,385,1128
660282315,629,32,391,1052
660282316,512,53,221,786
660282317,599,31,317,947
660282318,531,55,278,864
660282401,191,8,46,245
660282402,398,14,133,545
660282403,588,57,309,954
660282404,663,49,374,1086
660282405,552,63,344,959
660282406,479,56,314,849
660282407,387,23,278,688
660282408,710,54,560,1324
660282409,619,53,360,1032
660282410,805,77,416,1298
660282411,749,53,421,1223
660282412,945,81,564,1590
660282501,787,67,368,1222
660282502,399,36,249,684
660282503,444,26,199,669
660282504,496,24,202,722
660282505,288,14,145,447
660282506,466,18,157,641
660282507,514,28,235,777
660282508,748,56,340,1144
660282509,441,34,228,703
660282510,675,75,309,1059
660282511,775,82,395,1252
660282512,446,29,181,656
660282513,393,30,177,600
660282514,576,81,294,951
660282515,644,32,198,874
660282601,489,32,272,793
660282602,538,63,295,896
660282603,554,47,174,775
660282604,382,42,249,673
660282605,454,30,249,733
660282606,558,17,239,814
660282607,672,45,310,1027
660282608,666,47,319,1032
660282609,756,61,329,1146
660282610,726,51,399,1176
660282611,665,43,387,1095
660282612,757,68,426,1251
660282613,717,53,280,1050
660282614,765,57,421,1243
660282615,516,60,340,916
660282616,532,43,328,903
660282617,763,72,389,1224
660282618,459,58,241,758
660282619,551,92,279,922
660282620,524,22,255,801
660282701,479,52,276,807
660282702,342,38,255,635
660282703,612,47,415,1074
660282704,615,52,455,1122
660282705,498,22,368,888
660282706,404,51,319,774
660282707,440,52,272,764
660282708,453,59,330,842
660282709,494,64,339,897
660282710,457,32,294,783
660282711,579,37,361,977
660282712,651,50,318,1019
660282713,711,53,462,1226
660282714,584,43,372,999
660282715,615,51,369,1035
660282801,410,23,195,628
660282802,361,39,229,629
660282803,390,27,295,712
660282804,402,28,159,589
660282805,567,50,179,796
660282806,749,114,399,1262
660282807,593,69,367,1029
660282808,561,46,349,956
660282809,876,109,585,1570
660282810,787,78,476,1341
660282811,741,58,348,1147
660282812,689,50,364,1103
660282813,854,107,482,1443
660282814,481,46,214,741
660282815,436,82,247,765
660350101,95,1,40,136
660350102,356,15,165,536
660350103,372,18,215,605
660350104,39,0,6,45
660350105,255,5,131,391
660350106,602,19,272,893
660350107,50,0,39,89
660350108,270,6,190,466
660350109,775,66,563,1404
660350110,551,30,266,847
660350111,480,30,279,789
660350112,487,45,296,828
660350113,521,21,289,831
660350114,538,43,304,885
660350115,348,31,268,647
660350116,570,28,432,1030
660350117,685,53,490,1228
660350118,318,20,234,572
660350119,246,16,185,447
660350120,540,32,368,940
660350121,383,28,205,616
660350122,457,46,262,765
660350123,571,31,308,910
660350124,590,35,224,849
660350201,563,20,393,976
660350202,316,11,255,582
660350203,296,7,182,485
660350204,14,0,20,34
660350205,72,0,45,117
660350206,393,25,361,779
660350207,132,1,78,211
660350208,294,12,229,535
660350209,462,22,375,859
660350210,549,24,477,1050
660350211,429,17,351,797
660350212,580,27,480,1087
660420101,135,1,78,214
660420102,72,0,44,116
660420103,402,10,286,698
660420104,597,17,625,1239
660420105,213,5,180,398
660420106,329,21,243,593
660420107,103,5,61,169
660420108,432,27,294,753
660420109,456,21,366,843
660420110,299,11,266,576
660420111,393,18,384,795
660420201,208,8,170,386
660420202,289,14,259,562
660420203,533,14,510,1057
660420204,9,0,0,9
660420205,610,48,657,1315
660420206,663,58,569,1290
660420207,516,48,454,1018
660420208,571,60,511,1142
660420209,369,16,346,731
660420210,378,20,257,655
660490101,41,0,13,54
660490102,96,2,66,164
660490103,239,5,94,338
660490104,561,46,537,1144
660490105,584,30,489,1103
660490106,375,42,462,879
660490107,472,63,467,1002
660490201,132,0,128,260
660490202,38,1,19,58
660490203,7,0,6,13
660490204,63,2,23,88
660490205,117,12,94,223
660490206,70,4,36,110
660490207,26,1,6,33
660490208,39,2,27,68
660490209,30,5,48,83
660490210,17,2,9,28
660490211,362,25,265,652
660490212,367,58,318,743
660490213,548,86,547,1181
660490214,312,49,439,800
660490215,328,35,287,650
660490216,278,25,229,532
660490217,485,53,338,876
660490301,307,7,179,493
660490302,305,33,284,622
660490303,33,1,47,81
660490304,290,26,301,617
660490305,526,49,503,1078
660490306,308,39,356,703
660490307,317,57,383,757
660490308,280,22,352,654
660490309,269,36,336,641
660490401,406,41,432,879
660490402,346,37,324,707
660490403,590,42,527,1159
660490404,418,54,408,880
660490405,454,51,404,909
660490406,306,26,294,626
660490407,332,25,222,579
660490408,386,17,285,688
660490409,430,36,465,931
660490410,677,74,624,1375
660490411,344,63,346,753
660490412,449,42,293,784
660490413,408,29,322,759
660490414,242,57,272,571
660490415,256,46,445,747
660490416,404,49,422,875
660490417,353,20,250,623
660490418,329,106,335,770
660490419,319,40,242,601
660490420,282,36,263,581
660490421,321,25,307,653
660490422,289,29,267,585
660560101,53,0,27,80
660560102,378,83,397,858
660560103,188,27,371,586
660560104,33,0,10,43
660560105,424,49,396,869
660560106,549,59,545,1153
660560107,383,29,264,676
660560108,343,34,212,589
660560109,452,40,345,837
660560110,337,37,275,649
660560111,347,15,309,671
660560112,709,79,539,1327
660560113,249,42,173,464
660560114,438,50,409,897
660560115,334,87,305,726
660560116,129,72,162,363
660560117,241,131,371,743
660560118,365,33,343,741
660560119,430,58,507,995
660560120,179,49,269,497
660560201,28,11,123,162
660560202,167,28,114,309
660560203,477,30,451,958
660560204,311,36,590,937
660560205,135,32,171,338
660560206,90,6,84,180
660560207,136,8,5,149
660560208,113,27,260,400
660560209,99,10,206,315
660560210,421,27,412,860
660560211,381,38,321,740
660560212,273,34,279,586
660560213,421,224,352,997
660560214,270,16,211,497
660560215,232,15,255,502
660560216,303,19,310,632
660560217,255,20,213,488
660560218,385,48,455,888
660560301,275,25,346,646
660560302,314,9,324,647
660560303,176,4,152,332
660560304,141,33,268,442
660560305,439,19,507,965
660560306,349,49,385,783
660560307,337,11,369,717
660560401,148,7,234,389
660560402,266,97,209,572
660560403,151,50,128,329
660560404,5,0,10,15
660560405,383,72,334,789
660560406,89,15,69,173
660560407,105,8,97,210
660560408,280,42,292,614
660560409,128,44,241,413
660560410,291,61,520,872
660560411,179,28,210,417
660560501,61,0,5,66
660560502,69,1,15,85
660560503,77,2,174,253
660560504,189,15,432,636
660560505,312,28,294,634
660560601,35,0,6,41
660560602,93,13,109,215
660560603,207,7,203,417
660560604,41,1,65,107
660560605,29,0,142,171
660560606,48,14,88,150
660560607,54,0,38,92
660560608,302,10,478,790
660560609,77,4,36,117
660560610,40,0,33,73
660560611,150,3,328,481
660560612,233,27,391,651
660560613,361,48,408,817
660560614,543,51,411,1005
660560615,508,42,438,988
660560616,603,31,616,1250
660560617,399,29,441,869
660560618,480,32,634,1146
660560619,315,10,251,576
660560620,344,10,285,639
660560621,422,16,356,794
660560622,470,12,324,806
660560623,301,24,206,531
660560624,701,37,840,1578
660560625,205,8,214,427
660560626,492,20,389,901
660560627,261,9,280,550
660560628,317,9,310,636
660560629,245,36,219,500
660560630,126,4,175,305
660560701,706,114,691,1511
660560702,493,50,334,877
660560703,462,23,321,806
660560704,376,29,152,557
660560705,431,32,267,730
660560706,633,92,334,1059
660560707,64,4,41,109
660560708,620,88,402,1110
660560709,444,40,248,732
660560710,670,42,490,1202
660560711,398,18,377,793
660560712,301,24,175,500
660560713,455,42,284,781
660560714,481,29,258,768
660560715,601,73,427,1101
660560801,466,60,269,795
660560802,492,60,351,903
660560803,376,56,271,703
660560804,376,23,328,727
660560805,336,11,154,501
660560806,279,5,143,427
660560807,199,5,118,322
660560808,255,13,185,453
660560809,269,25,177,471
660560810,386,13,195,594
660560811,227,10,141,378
660560812,457,19,273,749
660560813,388,39,217,644
660560814,436,24,469,929
660560815,456,36,376,868
660560901,95,2,44,141
660560902,357,42,261,660
660560903,392,26,183,601
660560904,455,22,241,718
660560905,427,87,331,845
660560906,466,59,294,819
660560907,464,32,390,886
660560908,566,58,283,907
660560909,873,71,374,1318
660560910,239,21,250,510
660560911,449,139,350,938
660560912,468,53,234,755
660560913,536,29,314,879
660560914,410,36,238,684
660560915,670,68,387,1125
660560916,509,152,344,1005
660560917,492,82,615,1189
660560918,351,26,406,783
660560919,358,45,245,648
660560920,439,64,370,873
660560921,309,38,182,529
660560922,507,62,253,822
660560923,451,59,242,752
660560924,465,59,264,788
660560925,490,76,279,845
660561001,348,29,268,645
660561002,436,47,567,1050
660561003,383,61,445,889
660561004,292,49,332,673
660561005,372,46,330,748
660561006,311,39,274,624
660561007,375,27,251,653
660561008,263,57,298,618
660561009,243,37,224,504
660561010,368,48,370,786
660561011,409,35,404,848
660561012,236,92,347,675
660561013,331,51,344,726
660561014,196,33,175,404
660561015,240,27,188,455
660630101,22,1,31,54
660630102,11,0,2,13
660630103,3,0,8,11
660630104,35,1,20,56
660630105,20,0,19,39
660630106,9,1,1,11
660630107,81,7,101,189
660630108,86,7,71,164
660630109,29,0,17,46
660630110,369,21,239,629
660630111,320,29,260,609
660630201,32,3,57,92
660630202,133,0,136,269
660630203,23,0,56,79
660700101,8,0,38,46
660700102,82,2,178,262
660700103,8,1,48,57
660700104,2,1,36,39
660700105,55,1,67,123
660700106,3,14,31,48
660700107,61,1,105,167
660700201,54,6,93,153
660700202,6,2,40,48
660700203,110,17,155,282
660700204,126,27,123,276
660700205,329,17,298,644
660700301,26,0,39,65
660700302,5,0,23,28
660700303,12,2,34,48
660700401,43,4,28,75
660700402,18,1,15,34
660700403,0,0,35,35
660700404,14,0,30,44
660700405,0,1,11,12
660700406,0,0,20,20
660700407,17,0,59,76
660700501,1,0,14,15
660700502,15,0,0,15
660700503,10,2,8,20
660700504,57,13,140,210
660700505,2,0,2,4
660700506,10,0,30,40
660700507,145,7,226,378
660700508,208,6,251,465
660770101,33,0,21,54
660770102,54,0,61,115
660770103,94,3,48,145
660770104,292,13,118,423
660770105,390,25,157,572
660770106,339,20,150,509
660770107,371,8,219,598
660770108,372,33,231,636
660770109,349,18,156,523
660770201,17,1,25,43
660770202,11,0,14,25
660770203,18,0,11,29
660770204,447,22,239,708
660770205,529,26,267,822
660770301,22,1,3,26
660770302,12,0,2,14
660770303,174,7,56,237
660770304,52,3,21,76
660840101,133,0,117,250
660840102,179,0,172,351
660840103,15,0,11,26
660840104,21,0,16,37
660840105,19,0,13,32
660840106,364,4,281,649
660840107,367,17,275,659
660840108,288,8,241,537
660840109,314,12,309,635
660840201,38,0,38,76
660840202,36,1,60,97
660840203,61,3,62,126
660840204,42,1,5,48
660840205,209,13,187,409
660910101,20,1,18,39
660910102,37,2,47,86
660910103,35,1,50,86
660910104,11,0,81,92
660910105,36,0,45,81
660910201,43,0,8,51
660910202,39,0,18,57
660910203,14,0,35,49
660910204,104,0,50,154
660910205,228,11,132,371
660980101,291,17,174,482
660980102,97,2,103,202
660980103,96,1,21,118
660980104,51,1,8,60
660980105,571,25,484,1080
660980106,675,25,608,1308
660980201,30,1,7,38
660980202,2,0,2,4
660980203,111,5,71,187
660980204,31,0,21,52
660980205,158,2,144,304
660980206,10,0,0,10
660980207,45,1,31,77
660980208,275,7,280,562
660980209,329,8,359,696
661050101,0,0,0,0
661050102,0,0,0,0
661050103,5,0,1,6
661050104,88,3,38,129
661050201,32,0,25,57
661050202,136,3,98,237
661050203,34,3,73,110
661050204,26,0,26,52
661050205,103,0,6,109
661050206,7,0,1,8
661050207,1,0,2,3
661050208,3,1,8,12
661050209,360,30,347,737
661050210,256,7,218,481
661050211,225,25,207,457
661050212,201,15,196,412
661050213,315,22,318,655
661120101,85,0,57,142
661120102,6,0,11,17
661120103,32,0,12,44
661120104,60,1,36,97
661120105,325,62,260,647
661120106,152,13,159,324
661120107,89,5,69,163
661120108,105,8,96,209
661120109,459,36,462,957
661120110,140,11,122,273
661120201,137,8,137,282
661120202,39,0,15,54
661120203,5,2,4,11
661120204,53,0,30,83
661120205,61,18,134,213
661120206,63,1,139,203
661120207,81,2,4,87
661120208,200,10,212,422
661120209,360,15,226,601
661120210,208,9,150,367
661120211,35,18,58,111
661120212,348,73,360,781
661120213,501,45,489,1035
661120214,535,28,663,1226
661120215,357,57,404,818
661120301,408,40,478,926
661120302,406,35,280,721
661120303,295,22,277,594
661120304,299,25,285,609
661120305,405,29,388,822
661120306,424,55,336,815
661120307,277,29,190,496
661120308,263,18,183,464
661120309,375,68,275,718
661120310,572,72,418,1062
661120311,385,24,344,753
661120312,464,29,439,932
661120313,362,53,330,745
661120401,532,25,550,1107
661120402,241,28,259,528
661120403,285,18,172,475
661120404,337,14,253,604
661120405,406,29,411,846
661120406,368,44,306,718
661120407,290,12,204,506
661120408,326,31,293,650
661120409,705,67,649,1421
661120410,374,15,208,597
661120411,425,34,402,861
661120412,501,36,501,1038
661120413,583,33,503,1119
661190101,19,0,157,176
661190102,237,21,770,1028
661190103,216,4,190,410
661190104,94,2,90,186
661190105,139,16,57,212
661190201,8,0,44,52
661190202,79,0,63,142
661190203,201,8,187,396
661190204,75,1,114,190
661190205,375,13,346,734
661260101,62,1,27,90
661260102,685,6,311,1002
661260103,237,6,100,343
661260104,401,13,236,650
661260105,433,40,369,842
661260201,71,2,76,149
661260202,69,2,88,159
661260203,148,17,289,454
661260204,45,1,20,66
661260205,340,34,170,544
661260206,616,32,444,1092
661260207,421,39,238,698
661260208,527,52,283,862
661260209,654,117,393,1164
661260210,490,29,323,842
661260211,380,23,191,594
661260212,417,28,165,610
661260213,616,72,355,1043
661260214,350,13,247,610
661260215,461,69,211,741
661260216,411,23,175,609
661260217,873,67,650,1590
661260218,380,44,279,703
661260301,95,1,43,139
661260302,272,13,233,518
661260303,366,30,449,845
661260304,230,18,345,593
661260401,301,40,315,656
661260402,284,1,165,450
661260403,49,1,26,76
661260404,76,1,69,146
661260405,31,0,15,46
661260406,150,9,141,300
661260407,51,0,43,94
661260408,299,15,252,566
661260409,335,21,320,676
661260410,694,33,561,1288
661260411,504,25,497,1026
661260412,470,24,472,966
661260413,388,11,572,971
661260414,379,17,317,713
661260415,460,22,381,863
661260416,599,51,470,1120
661260417,218,12,176,406
661260418,366,13,327,706
661260501,16,0,5,21
661260502,337,17,307,661
661260503,5,0,12,17
661260504,418,33,304,755
661260505,414,39,328,781
661260506,324,78,411,813
661260507,565,41,460,1066
661260508,524,20,425,969
661260509,574,43,522,1139
661260510,410,79,455,944
661260511,445,33,412,890
661260601,348,14,220,582
661260602,67,2,62,131
661260603,250,5,270,525
661260604,35,1,33,69
661260605,73,0,116,189
661260606,31,0,36,67
661260607,28,0,34,62
661260608,14,0,0,14
661260609,529,30,566,1125
661260610,592,16,615,1223
661260611,517,37,633,1187
661260612,464,40,347,851
661260613,465,52,487,1004
661260614,514,28,497,1039
661260615,549,39,287,875
661260616,413,21,333,767
661260617,338,16,271,625
661260618,382,32,239,653
661260619,483,63,546,1092
661260620,560,34,522,1116
661260621,232,28,287,547
661260622,308,20,301,629
661260623,143,20,103,266
661260624,392,28,348,768
661260625,193,27,251,471
661260701,524,18,585,1127
661260702,516,107,463,1086
661260703,443,75,384,902
661260704,511,28,175,714
661260705,360,30,245,635
661260706,536,17,265,818
661260707,582,22,380,984
661260708,661,36,344,1041
661260709,808,61,427,1296
661260710,365,13,249,627
661260711,387,19,179,585
661260712,381,11,188,580
661260713,565,37,543,1145
661260714,539,28,413,980
661260715,333,14,164,511
661260716,291,4,121,416
661260717,581,22,222,825
661260718,480,17,247,744
661260719,283,21,174,478
661260720,570,37,345,952
661260721,571,43,269,883
661260722,400,71,200,671
661260723,576,44,247,867
661260801,629,67,617,1313
661260802,367,26,384,777
661260803,226,11,131,368
661260804,346,9,137,492
661260805,330,21,173,524
661260806,316,6,192,514
661260807,331,24,200,555
661260808,297,42,282,621
661260809,747,76,542,1365
661260810,326,37,277,640
661260811,359,28,324,711
661260812,635,57,537,1229
661260813,692,83,423,1198
661260814,651,68,424,1143
661260815,597,39,355,991
661260816,584,9,304,897
661260817,626,59,374,1059
661260818,814,57,583,1454
661260819,633,42,397,1072
661260820,226,26,121,373
661260821,588,61,440,1089
661260822,590,34,417,1041
661260823,544,43,369,956
661260824,723,115,475,1313
661330101,697,25,1098,1820
661330102,340,39,754,1133
661330103,109,26,153,288
661330104,181,2,86,269
661330105,25,0,137,162
661330106,276,10,361,647
661330107,524,14,531,1069
661330108,608,31,512,1151
661330201,41,0,53,94
661330202,57,2,23,82
661330203,30,3,262,295
661330204,32,0,65,97
661330205,43,1,10,54
661330206,75,1,17,93
661330207,50,0,10,60
661330208,264,2,175,441
661330209,47,0,91,138
661330210,79,6,109,194
661330211,50,1,122,173
661330212,23,82,68,173
661330213,9,0,114,123
661330214,35,5,295,335
661330215,29,1,33,63
661330216,200,10,399,609
661330217,47,7,19,73
661330218,113,2,50,165
661330219,145,9,164,318
661330220,275,25,365,665
661330221,396,25,364,785
661330222,169,2,188,359
661330223,291,10,273,574
661330224,259,44,323,626
661330301,233,9,275,517
661330302,84,1,210,295
661330303,45,0,40,85
661330304,316,6,301,623
661330305,219,8,265,492
661330306,184,7,424,615
661330307,106,3,31,140
661330308,145,3,97,245
661330309,325,16,263,604
661330310,297,22,291,610
661330311,324,14,285,623
661330312,232,64,379,675
661400101,25,1,30,56
661400102,53,7,29,89
661400103,37,6,65,108
661400104,18,1,1,20
661400105,24,3,37,64
661400106,28,0,25,53
661400107,46,6,33,85
661400108,117,13,119,249
661400109,5,0,6,11
661400110,91,0,89,180
661400111,58,0,6,64
661400112,38,2,43,83
661400113,88,12,83,183
661400114,91,0,43,134
661400115,47,10,66,123
661400116,366,38,316,720
661400117,449,50,433,932
661400118,397,45,263,705
661400119,448,35,388,871
661400120,453,70,372,895
661400121,730,101,574,1405
661400201,24,0,11,35
661400202,22,1,25,48
661400203,33,0,72,105
661400204,32,4,68,104
661400205,50,4,67,121
661400301,39,3,29,71
661400302,23,1,30,54
661400303,10,0,6,16
661400304,113,8,140,261
661400305,13,0,15,28
661400306,21,1,7,29
661400307,34,1,27,62
661400308,10,0,16,26
661400309,10,0,21,31
661400310,159,9,170,338
661400311,158,12,156,326
661400312,198,17,190,405
661400401,427,20,373,820
661400402,426,33,342,801
661400403,350,25,320,695
661400404,363,11,165,539
661400405,412,49,303,764
661400406,251,9,285,545
661400407,259,10,232,501
661400408,307,8,233,548
661400409,503,71,407,981
661400410,487,44,400,931
661400411,514,38,284,836
661400412,341,12,342,695
661400413,323,13,258,594
661400414,457,53,445,955
661400415,434,46,412,892
661400416,255,6,265,526
661470101,53,0,51,104
661470102,14,0,74,88
661470103,64,1,20,85
661470104,43,0,72,115
661470105,70,3,24,97
661470201,26,0,33,59
661470202,51,1,48,100
661470203,52,0,2,54
661470204,28,0,7,35
661470205,44,1,51,96
661470301,10,1,50,61
661470302,25,20,70,115
661470303,11,0,9,20
661470304,20,1,2,23
661470305,24,0,39,63
661470306,187,12,164,363
661470307,772,44,662,1478
661470308,3,0,9,12
661470309,16,0,19,35
661470310,3,0,18,21
661470311,494,46,507,1047
661470312,496,56,503,1055
661470313,245,23,278,546
661470314,230,12,157,399
661470315,642,59,676,1377
661470316,626,37,428,1091
661470317,486,43,556,1085
661470401,500,21,296,817
661470402,308,10,171,489
661470403,135,9,106,250
661470404,183,10,176,369
661470405,72,3,55,130
661470406,13,0,1,14
661470407,700,43,771,1514
661470408,557,92,548,1197
661470409,430,21,296,747
661470501,287,37,379,703
661470502,365,20,301,686
661470503,468,39,343,850
661470504,493,67,391,951
661470505,348,26,325,699
661470506,316,41,392,749
661470507,425,20,333,778
661470508,350,21,286,657
661470509,416,27,360,803
661470510,574,38,458,1070
661470511,567,72,427,1066
661470512,206,17,211,434
661470513,412,68,409,889
661470514,434,17,446,897
661470515,396,27,298,721
661540101,45,3,77,125
661540102,100,0,117,217
661540103,33,0,31,64
661540104,1,0,2,3
661540105,173,14,217,404
661540106,321,9,210,540
661540201,26,3,95,124
661540202,32,0,15,47
661540203,45,2,82,129
661540204,18,0,38,56
661540205,8,2,19,29
661540206,68,0,61,129
661540207,38,0,67,105
661540208,139,12,165,316
661540209,520,25,352,897
661540210,507,36,367,910
661540211,338,16,277,631
661610101,21,8,111,140
661610102,92,3,440,535
661610103,126,14,492,632
661610104,23,7,112,142
661610105,72,8,286,366
661610106,29,1,99,129
661610107,24,0,121,145
661610108,25,15,61,101
661610109,43,7,182,232
661610110,349,9,410,768
661610201,90,5,148,243
661610202,44,5,220,269
661610203,63,17,117,197
661610204,39,3,82,124
661610205,273,22,365,660
661610301,67,12,101,180
661610302,60,11,204,275
661610303,17,1,64,82
661610304,137,3,329,469
661610305,19,21,101,141
661610306,230,9,298,537
700070101,425,34,523,982
700070102,575,37,424,1036
700070103,419,31,374,824
700070104,384,19,348,751
700070201,430,46,326,802
700070202,383,23,260,666
700070203,322,34,235,591
700070204,529,114,605,1248
700070205,627,30,580,1237
700070206,563,61,396,1020
700070207,236,23,212,471
700070301,539,29,513,1081
700070302,358,20,254,632
700070303,178,9,130,317
700070304,318,24,224,566
700070305,85,7,76,168
700070306,368,26,337,731
700070307,447,54,396,897
700070308,397,30,421,848
700070401,218,26,210,454
700070402,190,20,208,418
700070403,436,43,399,878
700070501,64,4,62,130
700140101,162,8,171,341
700140102,221,14,142,377
700140103,479,45,414,938
700140104,332,23,297,652
700140105,284,49,334,667
700140106,480,34,382,896
700140107,626,83,546,1255
700140201,106,3,82,191
700140202,182,5,181,368
700140301,28,1,20,49
700210101,115,6,120,241
700210201,463,16,379,858
700210202,59,9,70,138
700210203,354,41,330,725
700210204,73,11,68,152
700210205,19,0,12,31
700210301,135,9,111,255
700210302,398,19,300,717
700210401,436,10,238,684
700210402,64,3,37,104
700210403,408,12,349,769
700210404,554,31,342,927
700210405,78,2,56,136
700210501,17,0,7,24
700210601,13,0,1,14
700210701,4,0,20,24
700210702,1,0,0,1
700280101,456,9,216,681
700280102,335,11,153,499
700280103,317,7,206,530
700280104,338,12,162,512
700280105,162,5,70,237
700280106,400,16,215,631
700280107,214,6,118,338
700280108,251,5,144,400
700280109,173,10,136,319
700280110,339,12,164,515
700280111,280,8,130,418
700280112,330,15,196,541
700280113,198,11,98,307
700280114,288,19,141,448
700280115,183,6,82,271
700280116,281,6,152,439
700280117,176,9,139,324
700280118,206,4,129,339
700280201,500,32,161,693
700280202,506,38,289,833
700280203,643,26,312,981
700280204,318,15,117,450
700280205,357,20,177,554
700280206,252,28,249,529
700280207,325,30,151,506
700280208,267,33,180,480
700280209,377,26,142,545
700280210,435,13,141,589
700280211,268,18,175,461
700280212,195,10,130,335
700280213,258,18,177,453
700280301,292,37,271,600
700280302,401,27,189,617
700280303,559,44,284,887
700280304,576,75,316,967
700280305,407,24,314,745
700280306,430,24,229,683
700280307,329,17,163,509
700280308,409,32,235,676
700280309,450,24,220,694
700280310,273,21,175,469
700280311,296,25,195,516
700280312,236,16,158,410
700280313,499,38,326,863
700280314,339,29,171,539
700280315,186,10,136,332
700280316,470,20,225,715
700280317,327,13,111,451
700280318,498,36,383,917
700280319,296,15,175,486
700280320,234,12,130,376
700280321,247,10,161,418
700280401,175,17,105,297
700280402,244,37,184,465
700280403,357,11,183,551
700280404,250,13,143,406
700280405,393,33,293,719
700280406,420,20,234,674
700280407,365,15,185,565
700280408,457,33,241,731
700280409,288,22,187,497
700280410,418,20,285,723
700280411,282,24,155,461
700280412,496,15,341,852
700280413,418,39,204,661
700280414,510,36,197,743
700280501,384,33,302,719
700280502,486,29,245,760
700280503,201,7,182,390
700280504,457,8,310,775
700280505,223,6,120,349
700280506,575,20,257,852
700280507,279,7,174,460
700280508,360,24,195,579
700280509,323,12,180,515
700280510,322,13,206,541
700280511,489,30,281,800
700280512,297,26,153,476
700280513,349,19,194,562
700280514,238,7,100,345
700280515,313,27,175,515
700280516,311,14,168,493
700280601,526,86,362,974
700280602,528,38,156,722
700280603,304,36,213,553
700280604,405,19,243,667
700280605,457,24,322,803
700280606,269,16,158,443
700280607,382,40,196,618
700280608,471,31,301,803
700280609,426,41,231,698
700280610,263,13,197,473
700280611,417,33,297,747
700280612,393,17,228,638
700280613,427,16,280,723
700280614,312,22,224,558
700280615,415,20,272,707
700280616,241,17,171,429
700280617,508,53,241,802
700280618,469,28,292,789
700280619,220,10,124,354
700280701,516,32,277,825
700280702,320,16,149,485
700280703,549,22,208,779
700280704,472,60,293,825
700280705,454,52,240,746
700280706,440,17,198,655
700280707,516,34,262,812
700280708,440,57,290,787
700280709,494,78,271,843
700280710,430,41,276,747
700280711,507,55,331,893
700280712,555,62,364,981
700280713,316,32,244,592
700280714,502,40,321,863
700280715,393,24,199,616
700280716,208,7,134,349
700280801,417,24,216,657
700280802,288,23,158,469
700280803,321,39,191,551
700280804,292,8,173,473
700280805,421,47,193,661
700280806,407,12,239,658
700280807,378,16,252,646
700280808,272,11,160,443
700280809,465,16,280,761
700280810,490,34,249,773
700280811,304,19,145,468
700280901,504,31,291,826
700280902,441,12,251,704
700280903,268,13,210,491
700280904,252,6,161,419
700280905,366,21,230,617
700280906,230,11,111,352
700280907,335,13,164,512
700280908,567,45,283,895
700280909,419,27,227,673
700280910,419,22,195,636
700280911,142,19,70,231
700280912,255,27,156,438
700280913,226,19,171,416
700280914,249,23,143,415
700280915,469,24,323,816
700280916,524,34,269,827
700350101,476,64,455,995
700350102,338,48,465,851
700350103,368,120,457,945
700350104,353,54,370,777
700350105,528,65,481,1074
700350106,396,73,336,805
700350107,286,24,338,648
700350108,365,58,489,912
700350109,375,26,420,821
700350110,340,24,303,667
700350111,330,55,423,808
700350112,395,35,448,878
700350113,388,20,315,723
700350114,422,22,471,915
700350201,318,30,298,646
700350202,119,42,211,372
700350203,260,31,407,698
700350204,226,33,210,469
700350205,246,9,116,371
700350301,337,37,361,735
700350302,292,68,378,738
700350401,175,8,128,311
700350402,339,37,333,709
700350403,303,28,301,632
700350501,110,13,184,307
700350502,63,8,98,169
700350503,143,13,110,266
700350601,26,0,43,69
700350602,71,7,102,180
700350701,251,42,293,586
700350702,646,58,671,1375
700350703,385,23,355,763
700350704,326,29,294,649
700350705,374,26,420,820
700350706,293,39,243,575
700350707,394,56,334,784
700350708,334,56,216,606
700350709,441,41,300,782
700350710,313,22,320,655
700350711,351,33,340,724
700420101,295,12,233,540
700420102,661,69,414,1144
700420103,452,43,289,784
700420104,623,107,460,1190
700420105,501,67,404,972
700420106,642,71,505,1218
700420107,377,33,194,604
700420108,397,50,337,784
700420109,393,26,334,753
700420110,449,57,300,806
700420111,378,41,262,681
700420112,321,22,309,652
700420201,624,70,411,1105
700420202,314,19,269,602
700420203,572,39,441,1052
700420204,739,65,546,1350
700420205,474,35,301,810
700420206,572,47,263,882
700420207,825,86,568,1479
700420208,372,46,256,674
700420209,607,58,412,1077
700420210,617,50,275,942
700420211,385,26,186,597
700420212,642,51,437,1130
700420213,635,58,342,1035
700420214,506,42,265,813
700420215,349,34,283,666
700420216,663,45,386,1094
700420217,690,75,314,1079
700420301,419,33,315,767
700420302,526,32,368,926
700420303,495,42,324,861
700420304,76,5,33,114
700420401,438,38,302,778
700420402,716,86,489,1291
700420403,309,60,296,665
700420404,598,76,352,1026
700420405,602,54,351,1007
700420406,602,117,498,1217
700420407,412,42,336,790
700420408,413,66,214,693
700420409,403,59,290,752
700420410,389,31,257,677
700420411,362,40,236,638
700420412,602,45,412,1059
700420413,647,69,376,1092
700420414,691,62,421,1174
700420415,442,32,309,783
700420416,600,39,221,860
700420417,804,72,408,1284
700420418,341,25,256,622
700420419,306,29,186,521
700420501,655,82,400,1137
700420502,557,55,398,1010
700420503,408,38,274,720
700420504,568,82,355,1005
700420505,605,47,438,1090
700420506,645,66,346,1057
700420507,640,89,446,1175
700420508,536,20,431,987
700420509,546,71,382,999
700420510,778,67,422,1267
700420511,381,34,329,744
700420512,478,58,298,834
700420513,464,31,356,851
700420514,702,80,519,1301
700420515,370,48,254,672
700490101,111,9,144,264
700490102,36,6,49,91
700490201,164,6,116,286
700490202,250,12,235,497
700490203,443,8,266,717
700490204,448,10,227,685
700490205,250,14,234,498
700490206,138,9,86,233
700490207,329,28,278,635
700490301,179,10,121,310
700490302,246,26,191,463
700490303,99,20,111,230
700490401,17,0,0,17
700560101,229,23,268,520
700560102,385,30,414,829
700560103,217,13,256,486
700560104,312,31,316,659
700560105,393,26,645,1064
700560106,123,14,220,357
700560107,98,21,171,290
700560108,192,13,233,438
700560109,246,11,235,492
700560201,380,36,328,744
700560202,387,23,322,732
700560203,408,46,354,808
700560204,175,15,134,324
700560205,359,33,366,758
700560206,360,36,335,731
700560207,293,14,263,570
700560208,440,27,330,797
700560209,328,27,277,632
700560210,72,13,89,174
700560211,469,35,411,915
700560212,279,16,303,598
700560213,290,17,219,526
700560301,194,12,164,370
700560302,183,48,463,694
700560401,58,0,4,62
700560501,14,0,5,19
700560601,116,5,88,209
700560701,203,21,212,436
700560702,111,2,37,150
700630101,167,22,167,356
700630102,283,47,223,553
700630103,463,57,483,1003
700630104,111,6,102,219
700630105,45,5,51,101
700630106,353,21,402,776
700630201,53,1,38,92
700630202,432,60,439,931
700630203,379,75,449,903
700630204,301,40,285,626
700630205,354,65,331,750
700700101,395,26,319,740
700700102,630,39,474,1143
700700103,662,45,426,1133
700700104,439,27,318,784
700700105,566,28,215,809
700700106,387,50,360,797
700700107,401,37,294,732
700700108,403,36,301,740
700700109,370,14,320,704
700700110,306,8,202,516
700700111,389,6,185,580
700700112,427,31,331,789
700700113,501,37,290,828
700700114,689,31,461,1181
700700115,531,36,271,838
700700201,122,5,71,198
700700202,164,27,118,309
700700203,530,17,338,885
700700204,344,22,214,580
700700205,355,24,319,698
700700206,740,59,682,1481
700700207,853,54,573,1480
700700301,297,12,217,526
700700302,300,32,353,685
700700303,328,20,280,628
700700304,402,36,364,802
700700305,163,7,135,305
700700401,48,1,54,103
700700501,447,44,401,892
700700502,361,40,219,620
700700503,406,29,232,667
700700504,265,49,211,525
700700505,356,44,222,622
700700506,430,38,297,765
700700507,408,44,240,692
700700508,385,19,450,854
700700509,375,42,399,816
700700510,442,59,378,879
700700511,696,66,554,1316
700700512,546,39,475,1060
700700513,471,57,509,1037
700700514,589,66,439,1094
700700515,520,30,418,968
700700516,537,34,362,933
700700517,459,64,361,884
700700518,294,26,203,523
700770101,246,17,129,392
700770102,758,131,534,1423
700770103,4,0,2,6
700770104,488,50,306,844
700770105,392,35,251,678
700770106,437,59,275,771
700770201,656,66,327,1049
700770202,671,86,387,1144
700770203,553,54,408,1015
700770204,578,76,434,1088
700770205,565,64,365,994
700770206,567,64,302,933
700770207,545,73,366,984
700770208,748,65,440,1253
700770209,554,36,199,789
700770210,268,49,161,478
700770211,471,34,231,736
700770212,393,62,335,790
700770213,517,39,377,933
700770301,363,63,292,718
700770302,395,43,303,741
700770303,519,35,236,790
700770304,552,79,419,1050
700770305,395,62,332,789
700770306,547,62,428,1037
700770307,599,48,404,1051
700770308,373,35,261,669
700770309,515,61,356,932
700770310,499,43,451,993
700770311,515,33,372,920
700770312,330,12,299,641
700770313,377,53,249,679
700770401,330,14,215,559
700770402,260,21,203,484
700770403,373,26,198,597
700770404,407,23,259,689
700770405,390,42,280,712
700770406,432,32,385,849
700770407,547,38,231,816
700770408,364,30,259,653
700770409,336,29,193,558
700770410,560,38,370,968
700770411,326,59,205,590
700770412,464,86,413,963
700770413,216,27,293,536
700770414,315,46,215,576
700770415,314,19,281,614
700770416,333,47,284,664
700770501,520,36,259,815
700770502,529,38,414,981
700770503,405,35,222,662
700770504,200,10,191,401
700770505,415,63,201,679
700770506,238,7,196,441
700770507,497,43,254,794
700770508,336,21,204,561
700770509,281,28,149,458
700770510,536,57,283,876
700770511,654,43,323,1020
700770512,539,17,272,828
700770601,533,13,311,857
700770602,384,47,305,736
700770603,214,27,144,385
700770701,385,2,248,635
700770702,308,20,154,482
700770703,228,8,179,415
700770801,342,14,163,519
700770802,349,22,247,618
700770803,638,25,424,1087
700770804,393,50,285,728
700770805,525,57,332,914
700770806,684,49,457,1190
700770807,346,47,251,644
700770808,489,61,283,833
700770809,554,32,481,1067
700770810,681,99,422,1202
700770811,479,72,291,842
700770812,517,60,302,879
700770813,653,91,494,1238
700770814,439,34,322,795
700770815,427,61,351,839
700770901,475,32,287,794
700770902,381,22,278,681
700770903,412,27,323,762
700770904,522,53,332,907
700770905,598,68,442,1108
700770906,483,68,330,881
700770907,481,81,320,882
700770908,460,64,276,800
700770909,410,83,362,855
700770910,573,57,314,944
700770911,512,57,376,945
700770912,453,50,285,788
700771001,329,21,173,523
700771002,695,75,426,1196
700771003,322,21,207,550
700771004,577,47,242,866
700771005,549,57,304,910
700771006,483,29,359,871
700771007,598,51,350,999
700771008,358,33,288,679
700771009,302,17,252,571
700771010,401,56,347,804
700771011,391,33,166,590
700771012,372,22,243,637
700771013,559,38,320,917
700840101,19,2,19,40
700840102,118,3,53,174
700840201,410,71,257,738
700840202,333,16,195,544
700840203,452,26,206,684
700840204,623,64,331,1018
700840205,414,28,285,727
700840206,474,13,179,666
700840207,391,29,255,675
700840208,555,11,202,768
700840209,416,31,220,667
700840210,625,20,245,890
700840211,595,29,316,940
700840212,573,33,434,1040
700840213,385,27,229,641
700840214,327,55,214,596
700840215,529,51,319,899
700840216,605,68,275,948
700840217,422,21,213,656
700840301,708,97,351,1156
700840302,551,34,315,900
700840303,589,55,249,893
700840304,471,60,420,951
700840305,810,43,380,1233
700840306,630,36,321,987
700840307,667,39,402,1108
700840308,593,41,340,974
700840309,615,48,318,981
700840310,706,56,376,1138
700840311,639,63,345,1047
700840312,605,67,381,1053
700840313,511,38,216,765
700840314,529,47,284,860
700840315,596,62,298,956
700840316,396,40,414,850
700840317,466,42,270,778
700840318,346,48,238,632
700840319,450,58,266,774
700840320,440,27,214,681
700840401,830,44,360,1234
700840402,366,32,247,645
700840403,460,31,337,828
700840404,375,18,217,610
700840405,651,67,393,1111
700840406,257,53,244,554
700840407,371,56,274,701
700840408,474,20,270,764
700840409,532,45,370,947
700840410,445,49,240,734
700840411,340,26,172,538
700840412,622,59,413,1094
700840413,326,33,236,595
700840414,305,19,268,592
700840415,368,31,265,664
700840416,364,14,233,611
700840417,354,26,183,563
700840501,542,48,324,914
700840502,391,61,198,650
700840503,657,119,477,1253
700840504,854,63,453,1370
700840505,300,43,263,606
700840506,273,38,218,529
700840601,516,67,383,966
700840602,670,62,467,1199
700840603,448,28,202,678
700840604,628,68,326,1022
700840605,430,20,244,694
700840606,466,20,325,811
700840607,462,25,186,673
700840608,483,29,248,760
700840609,494,42,269,805
700840610,782,84,503,1369
700840611,509,37,352,898
700840612,504,36,343,883
700840613,366,24,140,530
700910101,370,19,215,604
700910102,379,20,301,700
700910103,140,11,130,281
700910104,387,34,442,863
700910105,96,3,102,201
700910106,150,13,148,311
700910107,280,10,140,430
700910108,159,2,84,245
700910109,418,28,397,843
700910110,97,7,137,241
700910111,191,22,229,442
700910112,546,46,426,1018
700910113,361,39,370,770
700910114,343,37,441,821
700910201,20,0,20,40
700980101,490,51,295,836
700980102,324,64,235,623
700980103,447,40,276,763
700980104,507,41,259,807
700980105,457,53,309,819
700980106,654,119,431,1204
700980107,489,54,347,890
700980108,478,38,254,770
700980109,566,30,416,1012
700980110,542,46,311,899
700980111,494,42,393,929
700980112,537,17,251,805
700980113,298,12,238,548
700980114,411,41,226,678
700980115,421,25,232,678
700980116,724,134,425,1283
700980117,319,16,201,536
700980118,457,45,357,859
700980201,574,50,352,976
700980202,327,17,172,516
700980203,375,47,259,681
700980204,397,22,235,654
700980205,656,59,401,1116
700980206,711,51,346,1108
700980207,627,51,374,1052
700980301,735,50,336,1121
700980302,486,30,297,813
700980303,307,19,178,504
700980304,461,51,381,893
700980305,537,51,329,917
700980306,424,23,252,699
700980307,600,14,343,957
700980308,517,50,260,827
700980401,632,31,451,1114
700980402,416,20,174,610
700980403,427,25,235,687
700980404,546,8,371,925
700980405,337,28,270,635
700980406,450,21,216,687
700980407,272,24,131,427
700980408,268,9,139,416
700980409,439,8,200,647
700980410,306,8,163,477
700980411,440,26,203,669
700980412,296,11,185,492
701050101,150,4,106,260
701050102,286,15,185,486
701050103,139,2,112,253
701050104,151,6,164,321
701050105,213,4,175,392
701050106,348,24,325,697
701050107,495,24,484,1003
701050108,501,24,414,939
701050201,675,22,590,1287
701050202,768,34,591,1393
701050203,276,12,287,575
701050301,510,21,349,880
701050302,749,37,613,1399
701050303,721,17,442,1180
701050304,346,11,285,642
701050305,455,5,341,801
701050306,529,18,359,906
701050307,523,22,315,860
701050308,337,27,280,644
701120101,238,14,227,479
701120102,553,50,390,993
701120103,152,13,137,302
701120104,331,51,372,754
701120105,424,37,362,823
701120201,28,0,3,31
701190101,113,2,41,156
701190102,129,4,123,256
701190103,37,1,32,70
701190201,438,21,332,791
701190202,722,28,502,1252
701190203,72,1,76,149
701190204,22,0,59,81
701190205,154,5,161,320
701190206,380,13,241,634
701190207,331,10,222,563
701190301,90,7,78,175
701190302,61,3,109,173
701190303,186,11,304,501
701260101,502,43,558,1103
701260102,312,39,307,658
701260103,259,57,389,705
701260104,411,64,383,858
701260105,283,33,229,545
701260106,276,48,269,593
701260107,359,61,379,799
701260201,499,44,466,1009
701260202,424,35,334,793
701260203,362,43,386,791
701260204,261,35,229,525
701260205,143,18,126,287
701260206,303,30,288,621
701260207,247,11,247,505
701260208,329,24,254,607
701260301,302,50,366,718
701260401,54,3,60,117
701330101,237,8,164,409
701330102,859,40,591,1490
701330103,723,23,475,1221
701330104,126,4,68,198
701330201,5,0,2,7
740070101,62,1,41,104
740070102,86,1,64,151
740070201,64,6,95,165
740070202,83,1,42,126
740070203,47,2,72,121
740070301,7,0,33,40
740070302,19,0,43,62
740070303,70,0,42,112
740070304,606,33,359,998
740070305,501,22,404,927
740070306,78,0,26,104
740070307,23,0,14,37
740070401,207,6,116,329
740070402,438,16,323,777
740070403,252,8,169,429
740070404,393,8,252,653
740070405,430,23,227,680
740070406,386,16,157,559
740070407,322,32,201,555
740070408,392,16,246,654
740070409,285,12,155,452
740070410,349,29,219,597
740070411,94,1,43,138
740070412,15,0,10,25
740070413,394,28,288,710
740070414,412,58,363,833
740070501,44,0,14,58
740070502,44,0,17,61
740070503,19,0,13,32
740070504,144,5,146,295
740070505,102,4,73,179
740070506,61,5,125,191
740070507,555,21,372,948
740070508,376,35,295,706
740070509,352,14,256,622
740070510,251,26,214,491
740140101,15,0,1,16
740140102,69,1,42,112
740140103,38,0,18,56
740140201,15,0,13,28
740140202,38,1,10,49
740140203,21,0,27,48
740140204,21,0,12,33
740140301,58,0,15,73
740140302,33,0,42,75
740140303,46,0,39,85
740140304,57,0,61,118
740140401,41,1,20,62
740140402,72,7,53,132
740140403,292,12,232,536
740140404,193,11,151,355
740140405,212,5,169,386
740140406,33,1,22,56
740140501,26,0,54,80
740140502,47,0,43,90
740140503,219,19,178,416
740140504,19,0,5,24
740140505,55,1,45,101
740210101,24,0,11,35
740210102,110,5,73,188
740210103,31,1,59,91
740210104,20,0,38,58
740210105,97,1,59,157
740210106,72,2,43,117
740210107,97,7,78,182
740210108,93,5,64,162
740210109,205,13,104,322
740210110,131,7,76,214
740210111,125,10,93,228
740210112,146,3,76,225
740210113,28,0,9,37
740210201,51,1,90,142
740210202,38,0,44,82
740210203,186,1,91,278
740210204,89,0,60,149
740210301,23,0,12,35
740210302,63,3,21,87
740210303,401,27,235,663
740210304,380,19,245,644
740210305,587,88,413,1088
740210306,389,64,267,720
740210307,571,24,321,916
740210308,507,48,414,969
740210309,288,15,161,464
740210310,38,3,46,87
740210311,45,1,28,74
740210401,94,6,90,190
740210402,19,0,6,25
740210403,40,2,23,65
740210404,73,4,25,102
740210405,450,25,302,777
740210406,57,2,26,85
740210407,43,1,13,57
740280101,62,6,52,120
740280102,541,35,282,858
740280103,393,23,247,663
740280104,290,17,136,443
740280105,256,8,158,422
740280106,349,20,218,587
740280107,499,47,319,865
740280108,82,6,61,149
740280109,130,6,74,210
740280110,53,2,27,82
740280201,92,1,74,167
740280202,270,23,151,444
740280203,411,11,191,613
740280204,131,3,105,239
740280205,189,12,121,322
740280206,261,14,165,440
740280301,177,5,113,295
740280302,79,7,83,169
740280303,15,3,4,22
740280304,84,7,79,170
740280305,59,1,24,84
740280306,284,8,257,549
740280307,47,0,6,53
740280308,412,27,236,675
740280309,417,25,184,626
740280310,430,26,215,671
740280311,401,11,238,650
740280401,30,0,14,44
740280402,258,25,170,453
740280403,435,39,273,747
740280404,437,23,279,739
740280405,592,39,245,876
740280406,325,22,173,520
740280407,390,22,287,699
740280408,343,38,256,637
740280409,83,6,56,145
740280410,60,1,66,127
740280411,21,1,12,34
740350101,12,0,4,16
740350102,20,1,12,33
740350103,118,9,86,213
740350104,26,0,11,37
740350201,14,0,12,26
740350202,14,0,3,17
740350203,46,2,22,70
740350204,28,0,11,39
740350205,19,1,11,31
740350301,30,0,26,56
740350302,40,2,41,83
740350303,16,0,36,52
740350304,97,1,52,150
740350305,36,0,10,46
740350401,49,0,6,55
740350402,34,0,19,53
740350403,62,1,22,85
740350404,87,5,36,128
740350405,27,0,3,30
740350406,20,2,8,30
740350407,237,16,108,361
740350501,59,1,7,67
740350502,45,0,8,53
740350601,76,24,72,172
740350602,116,5,65,186
740350603,46,0,20,66
740350604,21,0,5,26
740350605,17,0,3,20
740350701,40,1,31,72
740350702,466,36,205,707
740350703,418,63,289,770
740350704,351,21,200,572
740350705,348,24,156,528
740350706,354,30,214,598
740350707,368,23,246,637
740350708,459,46,279,784
740350709,373,44,184,601
740350710,537,34,334,905
740350711,401,60,236,697
740350712,371,29,252,652
740350713,486,17,366,869
740350714,365,20,214,599
740350715,269,14,177,460
740350716,342,10,247,599
740350801,460,54,298,812
740350802,270,18,146,434
740350803,2,0,1,3
740350804,606,50,301,957
740350805,647,40,335,1022
740350806,322,21,221,564
740350807,258,15,151,424
740350808,332,23,254,609
740350809,368,30,268,666
740350810,424,63,251,738
740350811,647,76,407,1130
740350812,341,16,182,539
740350813,265,26,198,489
740350814,456,34,245,735
740350815,358,26,265,649
740350816,348,34,233,615
740350817,476,43,355,874
740350818,499,47,272,818
740350819,503,71,255,829
740350820,299,20,152,471
740350821,46,4,19,69
740350901,379,21,191,591
740350902,410,15,207,632
740350903,424,46,254,724
740350904,481,42,258,781
740350905,75,3,55,133
740350906,422,38,198,658
740350907,574,21,271,866
740350908,389,30,236,655
740350909,351,7,166,524
740350910,483,23,249,755
740350911,481,9,217,707
740350912,337,8,169,514
740350913,357,20,246,623
740350914,422,31,295,748
740350915,480,52,198,730
740350916,405,50,204,659
740350917,470,88,195,753
740351001,776,51,315,1142
740351002,324,39,156,519
740351003,362,18,199,579
740351004,411,38,256,705
740351005,684,49,321,1054
740351006,711,32,284,1027
740351007,523,33,274,830
740351008,513,52,267,832
740351009,459,63,216,738
740351010,312,9,188,509
740351011,427,24,233,684
740351012,280,19,158,457
740351013,353,22,210,585
740351014,205,6,124,335
740351015,234,21,178,433
740351016,507,43,300,850
740351017,390,22,169,581
740351018,386,51,203,640
740351019,605,31,372,1008
740351020,82,5,25,112
740351101,102,7,39,148
740351102,422,54,184,660
740351103,472,25,205,702
740351104,330,29,222,581
740351105,231,15,152,398
740351106,305,10,154,469
740351107,234,10,119,363
740351108,223,10,112,345
740351109,209,10,121,340
740351110,438,35,281,754
740351111,562,39,345,946
740351112,645,83,355,1083
740351113,272,45,263,580
740351114,500,31,324,855
740351201,402,20,246,668
740351202,440,31,241,712
740351203,289,34,172,495
740351204,328,50,162,540
740351205,407,28,242,677
740351206,415,42,192,649
740351207,375,68,209,652
740351208,463,33,281,777
740351209,544,27,295,866
740351210,466,23,301,790
740351211,201,12,109,322
740351212,227,15,100,342
740351213,264,22,149,435
740351214,569,47,334,950
740351215,431,19,242,692
740351216,441,41,174,656
740351217,303,51,148,502
740351218,198,6,95,299
740351301,409,23,138,570
740351302,5,0,0,5
740351303,551,32,153,736
740351304,543,34,181,758
740351305,538,35,184,757
740351306,364,31,128,523
740351307,55,4,23,82
740351308,481,27,172,680
740351309,554,44,187,785
740351310,430,33,155,618
740351311,431,38,185,654
740351401,708,57,368,1133
740351402,30,0,9,39
740351403,519,46,252,817
740351404,458,43,260,761
740351405,390,34,184,608
740351406,566,56,243,865
740351407,540,43,286,869
740351408,585,49,306,940
740351409,519,51,244,814
740351410,530,28,181,739
740351501,12,0,8,20
740351502,200,6,98,304
740351503,74,9,45,128
740351504,126,6,64,196
740351505,3,0,6,9
740351506,8,1,6,15
740351507,41,0,15,56
740351601,257,10,241,508
740351602,231,24,196,451
740351603,263,7,182,452
740351604,279,25,242,546
740351605,251,18,198,467
740351606,302,17,354,673
740351607,278,11,255,544
740351608,267,5,305,577
740351609,310,13,278,601
740351610,509,61,447,1017
740351611,369,55,305,729
740351612,412,26,248,686
740351701,98,2,63,163
740351702,93,3,43,139
740351703,19,0,32,51
740351704,79,8,48,135
740351705,98,0,21,119
740351801,74,1,24,99
740351802,71,2,20,93
740351803,55,0,14,69
740351804,22,0,5,27
740351805,50,0,18,68
740351806,33,0,12,45
740420101,19,0,16,35
740420102,81,1,53,135
740420103,40,3,24,67
740420201,52,1,13,66
740420202,143,6,95,244
740420203,33,1,2,36
740420204,211,13,87,311
740420205,152,0,45,197
740420206,142,3,69,214
740420207,504,38,366,908
740420208,496,26,386,908
740420301,9,0,4,13
740420302,99,1,53,153
740420303,26,2,15,43
740420304,336,13,233,582
740420305,50,0,16,66
740420306,564,19,349,932
740420307,73,0,27,100
740420308,261,10,175,446
740420401,29,0,20,49
740420402,84,15,42,141
740420403,442,21,273,736
740420404,490,15,381,886
740420405,109,8,65,182
740420406,24,2,17,43
740420501,38,0,14,52
740420502,10,0,5,15
740420601,25,0,5,30
740420602,59,0,6,65
740420603,442,44,235,721
740490101,33,0,36,69
740490102,76,0,43,119
740490103,152,20,111,283
740490104,87,0,83,170
740490105,68,2,53,123
740490106,73,0,67,140
740490107,12,0,10,22
740490201,80,13,76,169
740490202,74,2,96,172
740490203,61,1,59,121
740490204,345,13,286,644
740490205,280,15,162,457
740490206,364,47,247,658
740490207,293,20,212,525
740490208,282,10,167,459
740490209,356,17,216,589
740490210,268,18,176,462
740490211,213,13,122,348
740490212,61,4,36,101
740490213,84,5,98,187
740490301,161,11,76,248
740490302,72,6,24,102
740490303,609,35,360,1004
740490304,444,21,167,632
740490305,300,9,194,503
740490306,345,13,206,564
740490401,641,39,318,998
740490402,434,38,226,698
740490403,320,15,119,454
740490404,268,17,110,395
740490405,731,56,356,1143
740490406,610,49,338,997
740490407,341,10,173,524
740490408,229,13,138,380
740490409,283,16,153,452
740490410,320,18,232,570
740490411,430,20,273,723
740490412,305,13,177,495
740490413,497,7,289,793
740490414,374,23,205,602
740490415,757,35,430,1222
740490416,372,12,177,561
740490417,363,20,180,563
740490418,276,13,146,435
740490419,259,13,142,414
740560101,43,2,37,82
740560102,23,2,23,48
740560103,68,4,31,103
740560104,89,5,95,189
740560105,248,20,162,430
740560201,81,0,46,127
740560202,137,4,66,207
740560203,124,10,94,228
740560204,673,64,388,1125
740560205,246,11,112,369
740560206,448,45,353,846
740560301,9,0,11,20
740560302,329,11,77,417
740560303,210,5,91,306
740560304,283,24,181,488
740560305,293,43,114,450
740560306,482,36,217,735
740560307,387,24,179,590
740560308,392,30,170,592
740560309,0,0,0,0
740560310,481,40,222,743
740560311,501,42,250,793
740560312,481,27,190,698
740560313,518,47,217,782
740560314,401,31,203,635
740560315,376,25,144,545
740560316,511,31,252,794
740560317,0,0,0,0
740560318,16,0,0,16
740560401,99,6,41,146
740560402,129,5,59,193
740560403,251,10,128,389
740560404,255,8,97,360
740560405,184,13,112,309
740560406,436,22,278,736
740560407,303,13,218,534
740560408,65,5,52,122
740560501,275,9,142,426
740560502,525,19,231,775
740560503,151,11,83,245
740560504,324,13,79,416
740560505,338,16,58,412
740560506,485,29,257,771
740560507,369,13,157,539
740560508,519,43,251,813
740560509,622,50,335,1007
740560510,431,7,179,617
740560511,175,14,52,241
740560512,674,15,325,1014
740560513,535,35,325,895
740560514,436,24,290,750
740560515,59,0,22,81
740560601,10,0,1,11
740560602,99,11,38,148
740560603,444,49,219,712
740560604,484,28,184,696
740560605,543,69,295,907
740560606,652,92,353,1097
740560607,348,28,206,582
740560608,200,12,177,389
740560609,388,38,299,725
740560610,604,85,293,982
740560611,525,55,304,884
740560612,490,35,241,766
740560613,432,60,243,735
740560614,390,40,167,597
740560615,624,52,293,969
740560616,394,34,178,606
740560617,516,43,308,867
740560701,462,53,267,782
740560702,631,48,362,1041
740560703,29,0,32,61
740560704,843,88,456,1387
740560705,885,83,492,1460
740560706,893,107,524,1524
740560707,235,24,166,425
740560708,627,55,327,1009
740560709,482,32,258,772
740560710,629,79,346,1054
740560711,221,6,156,383
740560712,573,54,284,911
740560713,712,110,438,1260
740560714,511,67,244,822
740560715,449,63,302,814
740560716,498,38,343,879
740560717,648,65,332,1045
740560718,329,19,148,496
740560719,479,74,220,773
740560720,477,14,252,743
740560721,555,58,359,972
740560722,335,28,279,642
740560723,250,15,174,439
740560724,335,39,190,564
740560725,348,44,223,615
740560726,539,38,328,905
740560801,412,58,267,737
740560802,544,58,359,961
740560803,375,25,120,520
740560804,352,31,219,602
740560805,376,29,166,571
740560806,154,22,77,253
740560807,420,29,167,616
740560808,421,32,194,647
740560809,382,29,129,540
740560810,449,50,221,720
740560811,283,8,101,392
740560812,403,68,174,645
740560813,406,33,135,574
740560814,376,18,141,535
740560815,368,22,123,513
740560901,396,35,202,633
740560902,458,50,220,728
740560903,415,39,195,649
740560904,258,14,106,378
740560905,343,16,198,557
740560906,430,19,197,646
740560907,425,37,239,701
740560908,475,70,258,803
740560909,381,38,204,623
740560910,482,47,225,754
740560911,366,35,177,578
740560912,259,14,120,393
740560913,130,0,26,156
740560914,363,23,179,565
740560915,455,22,157,634
740560916,256,6,102,364
740561001,388,27,282,697
740561002,303,15,177,495
740561003,535,34,279,848
740561004,380,41,259,680
740561005,642,72,270,984
740561006,600,48,276,924
740561007,558,75,305,938
740561008,318,34,190,542
740561009,232,9,130,371
740561010,503,28,270,801
740561011,680,34,296,1010
740561012,715,38,322,1075
740561013,403,68,246,717
740561014,407,25,206,638
740561015,454,25,256,735
740561016,414,21,197,632
740561017,421,27,248,696
740561018,457,30,249,736
740561101,396,62,238,696
740561102,581,71,324,976
740561103,545,78,273,896
740561104,375,22,206,603
740561105,282,33,206,521
740561106,267,45,164,476
740561107,430,27,255,712
740561108,294,28,183,505
740561109,234,38,139,411
740561110,243,8,136,387
740561111,227,9,143,379
740561112,300,2,134,436
740561113,280,14,121,415
740561114,151,3,107,261
740561115,196,11,96,303
740561116,215,5,93,313
740561117,289,26,156,471
740561118,579,31,294,904
740561119,339,38,200,577
740561120,392,18,199,609
740561121,350,39,221,610
740561122,460,115,289,864
740561201,789,103,529,1421
740561202,575,69,294,938
740561203,798,95,433,1326
740561204,712,97,476,1285
740561205,406,58,232,696
740561206,400,48,222,670
740561207,315,27,204,546
740561208,263,20,159,442
740561209,305,19,224,548
740561210,289,30,181,500
740561211,276,51,155,482
740561212,350,27,221,598
740561213,445,87,338,870
740561214,525,64,277,866
740561215,668,88,388,1144
740561216,741,68,383,1192
740561217,227,14,133,374
740561218,52,4,24,80
740561219,353,26,154,533
740561220,411,40,273,724
740561301,227,11,148,386
740561302,248,13,129,390
740561303,330,18,146,494
740561304,301,14,120,435
740561305,318,10,153,481
740561306,195,12,113,320
740561307,395,19,233,647
740561308,436,25,225,686
740561309,432,41,252,725
740561310,324,8,179,511
740561311,473,51,290,814
740561312,380,23,225,628
740561401,274,21,113,408
740561402,256,14,117,387
740561403,434,20,254,708
740561404,434,12,285,731
740561405,490,19,325,834
740561406,496,26,278,800
740561407,304,26,182,512
740561408,431,46,288,765
740561409,444,31,212,687
740561410,220,17,136,373
740561411,274,19,159,452
740561412,349,30,172,551
740561413,379,17,288,684
740561414,580,47,246,873
740561415,593,41,308,942
740561416,520,53,303,876
740561417,573,58,368,999
740561418,581,56,314,951
740561501,357,43,218,618
740561502,451,39,253,743
740561503,602,101,340,1043
740561504,212,19,123,354
740561505,399,79,226,704
740561506,523,47,292,862
740561507,609,66,342,1017
740561508,623,67,352,1042
740561509,426,44,210,680
740561510,414,64,251,729
740561511,540,61,283,884
740561512,525,67,302,894
740561513,623,76,293,992
740561514,465,91,293,849
740561515,182,22,130,334
740561601,144,4,71,219
740561602,84,0,47,131
740561603,75,0,24,99
740561701,49,2,36,87
740561702,7,0,1,8
740561703,13,0,3,16
740561704,27,0,26,53
740561705,37,3,14,54
740561706,6,0,4,10
740561707,380,31,240,651
740561801,5,0,4,9
740561802,93,3,59,155
740561803,23,0,10,33
740561804,21,0,3,24
740561805,9,0,4,13
740561901,41,0,33,74
740561902,97,2,37,136
740561903,11,0,1,12
740561904,6,0,3,9
740630101,42,1,128,171
740630102,339,14,199,552
740630201,76,7,133,216
740630202,163,9,179,351
740630301,207,6,148,361
740630302,90,1,42,133
740630303,85,0,110,195
740630304,82,2,72,156
740630305,95,0,60,155
740630401,102,6,146,254
740630402,177,1,149,327
740630501,52,0,43,95
740630502,23,0,16,39
740630503,170,14,154,338
740630504,116,0,143,259
780070101,28,0,4,32
780070201,39,0,10,49
780070301,14,0,0,14
780070302,15,0,1,16
780070401,89,0,2,91
780070501,532,40,188,760
780070502,753,44,347,1144
780070503,696,47,208,951
780070504,237,15,89,341
780070505,880,53,275,1208
780070601,333,21,173,527
780070602,804,37,354,1195
780070603,442,29,217,688
780070604,491,23,196,710
780140101,34,0,3,37
780140102,38,0,8,46
780140103,777,47,326,1150
780140104,784,53,342,1179
780140105,496,31,153,680
780140106,1058,42,416,1516
780140107,623,29,204,856
780140108,839,44,239,1122
780140109,1135,53,391,1579
780140201,58,1,2,61
780140202,633,30,208,871
780140203,976,59,322,1357
780140204,716,87,392,1195
780140205,648,61,314,1023
780140206,729,49,328,1106
780140207,565,42,212,819
780140208,789,73,388,1250
780140209,309,15,78,402
780140210,683,66,315,1064
780140211,832,44,381,1257
780140212,923,78,371,1372
780140213,786,97,300,1183
780140214,478,20,159,657
780140215,16,0,3,19
780140216,744,51,292,1087
780140217,447,35,137,619
780140218,651,37,230,918
780140219,672,65,315,1052
780140220,629,34,193,856
780140221,742,45,212,999
780140222,669,36,184,889
780140301,32,0,0,32
780140302,36,0,0,36
780140303,92,2,50,144
780140304,529,34,223,786
780140305,788,51,383,1222
780140401,33,0,5,38
780140402,139,15,64,218
780140403,193,7,66,266
780140501,30,0,18,48
780140502,42,0,1,43
780140503,23,5,14,42
780140504,356,19,111,486
780140505,1001,48,368,1417
780140506,490,26,150,666
780140507,661,43,281,985
780140601,34,0,0,34
780140701,47,0,3,50
780140801,309,21,103,433
780140802,682,47,266,995
780140803,655,28,241,924
780140804,693,52,244,989
780140805,720,31,261,1012
780140901,865,27,470,1362
780140902,758,39,290,1087
780140903,391,30,253,674
780140904,324,19,217,560
780140905,520,18,229,767
780140906,666,39,398,1103
780140907,414,18,196,628
780140908,759,60,411,1230
780140909,520,37,303,860
780140910,542,33,380,955
780140911,529,35,345,909
780140912,632,77,376,1085
780140913,569,27,294,890
780140914,444,28,281,753
780141001,392,19,197,608
780141101,779,28,309,1116
780141102,471,21,265,757
780141103,226,4,93,323
780141104,417,23,195,635
780141105,237,9,89,335
780141106,340,14,123,477
780141107,355,20,147,522
780141108,735,50,301,1086
780141109,501,17,157,675
780141110,387,30,193,610
780141111,742,55,323,1120
780141112,548,27,311,886
780141113,563,36,254,853
780141114,579,33,201,813
780141115,618,22,290,930
780141116,414,25,217,656
780141117,373,21,185,579
780141118,212,9,92,313
780141119,331,13,124,468
780141120,853,41,265,1159
780141121,372,25,259,656
780141122,427,31,204,662
780141123,368,28,165,561
780141124,291,21,156,468
780141125,354,19,149,522
780141201,467,35,179,681
780141202,539,40,204,783
780141203,793,54,323,1170
780141204,427,30,218,675
780141205,317,25,134,476
780141206,588,33,219,840
780141207,435,17,174,626
780141208,507,22,239,768
780210101,128,0,9,137
780210102,30,1,2,33
780210201,45,0,0,45
780210301,96,0,5,101
780210401,148,1,31,180
780210402,72,3,30,105
780210403,72,3,20,95
780210404,2,0,1,3
780210405,640,34,257,931
780210406,63,8,29,100
780210501,55,0,5,60
780210601,121,0,17,138
780210701,159,4,50,213
780210702,151,8,54,213
780210703,9,0,4,13
780210704,198,19,86,303
780210705,10,1,7,18
780210706,85,3,41,129
780210801,601,29,231,861
780210802,1119,58,398,1575
780210803,17,2,10,29
780210804,395,13,186,594
780210805,578,21,220,819
780210806,669,33,302,1004
780210807,886,40,394,1320
780210901,828,36,371,1235
780210902,1071,52,415,1538
780210903,1015,52,480,1547
780211001,416,20,171,607
780211002,692,34,289,1015
780211003,320,13,170,503
780211004,336,6,112,454
780211005,270,15,84,369
780211006,307,13,123,443
780211007,239,11,88,338
780211008,457,25,268,750
780211009,274,16,126,416
780211010,586,69,344,999
780211011,506,54,295,855
780211012,431,33,305,769
780211013,304,20,158,482
780211014,548,22,240,810
780211015,269,3,112,384
780211016,349,21,159,529
780211101,392,9,113,514
780211102,286,5,142,433
780211103,609,24,213,846
780211104,196,7,93,296
780211105,635,38,287,960
780211106,362,8,138,508
780211107,335,11,89,435
780211108,256,8,92,356
780211109,412,15,189,616
780211110,240,10,147,397
780211111,352,13,162,527
780211112,506,42,241,789
780211113,452,30,226,708
780211114,468,22,138,628
780211115,516,20,211,747
780211116,264,7,154,425
780211117,245,3,110,358
780211118,457,32,146,635
780211119,170,8,69,247
780211120,431,15,201,647
780211121,358,24,169,551
780211122,577,42,208,827
780211123,494,37,256,787
780211201,530,30,286,846
780211202,323,9,131,463
780211203,365,24,144,533
780211204,508,32,189,729
780211205,610,18,315,943
780211206,252,5,103,360
780211207,616,45,298,959
780211208,595,45,292,932
780211209,517,14,285,816
780211210,377,24,143,544
780211211,393,9,189,591
780211212,678,39,293,1010
780211213,342,27,174,543
780211214,413,25,198,636
780211215,390,29,159,578
780211216,447,24,188,659
780211217,482,22,140,644
780211218,342,11,126,479
780211219,410,24,166,600
780211220,669,31,302,1002
780211221,987,51,453,1491
780211301,585,13,178,776
780211302,328,24,158,510
780211303,314,19,180,513
780211304,680,40,262,982
780211305,761,63,348,1172
780211306,981,77,442,1500
780211307,869,84,474,1427
780211308,820,60,374,1254
780211309,612,35,230,877
780211310,638,20,207,865
780211311,490,34,257,781
780211312,993,56,516,1565
780211313,274,25,106,405
780211314,482,23,241,746
780211315,713,40,337,1090
780211316,94,1,27,122
780211317,879,90,345,1314
780211318,307,18,70,395
780211319,309,8,108,425
780211320,917,96,352,1365
780211321,566,38,179,783
780211322,627,21,220,868
780211401,669,35,333,1037
780211402,527,34,244,805
780211403,477,37,228,742
780211404,401,34,183,618
780211405,360,18,184,562
780211406,580,23,267,870
780211407,656,32,305,993
780211408,525,26,273,824
780211409,478,37,238,753
780211410,611,31,271,913
780211411,413,27,192,632
780211412,356,31,188,575
780211413,240,11,91,342
780211414,651,35,339,1025
780211415,465,27,190,682
780280101,28,0,1,29
780280102,43,0,2,45
780280103,831,15,95,941
780280201,9,0,2,11
780280301,13,0,0,13
780280401,63,0,1,64
780280402,142,3,32,177
780280501,51,0,1,52
780280502,16,0,4,20
780280503,766,35,131,932
780280504,1261,119,364,1744
780280505,180,16,61,257
780280506,174,6,22,202
780280507,5,1,1,7
780280508,31,1,6,38
780280509,71,5,11,87
780280510,515,17,67,599
780280511,23,1,5,29
780280512,43,1,13,57
780280513,1003,46,286,1335
780280514,669,61,182,912
780280601,21,0,2,23
780280701,315,14,92,421
780280702,432,29,149,610
780280703,622,51,186,859
780280704,780,37,200,1017
780280705,469,32,138,639
780280706,483,18,123,624
780350101,17,1,0,18
780350102,23,0,0,23
780350201,30,0,2,32
780350301,31,0,1,32
780350401,46,0,0,46
780350402,366,10,129,505
780350403,722,28,265,1015
780350404,634,31,225,890
780350501,42,0,4,46
780350601,344,17,116,477
780350602,672,14,234,920
780350603,734,20,274,1028
780350604,457,19,154,630
780350605,169,2,43,214
780420101,68,0,2,70
780420201,23,0,2,25
780420202,305,15,83,403
780420203,236,15,73,324
780420301,491,14,201,706
780420302,516,15,256,787
780420303,178,4,72,254
780420304,438,21,144,603
780420305,621,22,297,940
780420306,877,26,392,1295
780420307,568,30,246,844
780490101,63,1,3,67
780490102,14,1,5,20
780490103,144,3,33,180
780490201,47,0,0,47
780490301,56,0,5,61
780490401,13,1,1,15
780490501,955,29,311,1295
780490502,692,35,280,1007
780490503,376,24,105,505
820070101,123,2,54,179
820070102,192,3,96,291
820070103,594,24,342,960
820070104,92,4,72,168
820070201,503,15,247,765
820070202,598,31,269,898
820070203,423,11,260,694
820070204,697,22,293,1012
820070205,582,29,294,905
820070206,385,9,210,604
820070207,347,8,210,565
820070208,905,35,371,1311
820070209,145,3,76,224
820070210,525,19,215,759
820070211,681,28,335,1044
820070212,153,0,87,240
820070213,308,7,233,548
820070214,311,6,208,525
820070215,321,8,153,482
820070216,634,34,304,972
820070217,377,8,190,575
820070301,428,17,267,712
820070302,579,10,366,955
820070303,547,7,291,845
820070304,486,6,270,762
820070305,609,16,321,946
820070306,601,26,289,916
820070307,177,1,88,266
820070308,337,16,234,587
820070309,136,2,66,204
820070310,720,7,447,1174
820070311,455,8,278,741
820070312,633,13,316,962
820070313,438,13,186,637
820070314,441,21,148,610
820070315,556,14,236,806
820070401,322,16,265,603
820070402,254,5,176,435
820070403,436,24,266,726
820070404,322,6,207,535
820070405,350,11,238,599
820070406,383,30,296,709
820070407,516,17,280,813
820070408,515,41,283,839
820070409,698,38,490,1226
820070410,347,10,220,577
820070411,305,9,194,508
820070412,627,33,376,1036
820070413,415,29,340,784
820070414,479,32,267,778
820140101,718,12,288,1018
820140102,690,27,329,1046
820140103,437,15,233,685
820140104,282,7,244,533
820140105,413,9,233,655
820140106,536,5,326,867
820140107,492,29,313,834
820140108,424,28,239,691
820140109,602,22,385,1009
820140110,633,23,383,1039
820140111,542,27,267,836
820140112,560,23,396,979
820140113,477,24,275,776
820140114,539,14,345,898
820140115,656,18,433,1107
820140116,375,19,210,604
820140117,436,10,225,671
820140118,10,0,8,18
820140119,32,3,24,59
820140120,63,2,19,84
820140121,72,0,34,106
820140122,26,2,17,45
820140123,10,0,7,17
820140124,43,1,18,62
820140125,34,0,10,44
820140126,68,0,42,110
820140127,56,2,15,73
820140128,93,1,61,155
820140129,58,2,53,113
820140130,355,15,262,632
820140201,73,4,46,123
820140202,64,1,30,95
820140203,395,20,284,699
820140204,782,55,434,1271
820140205,357,30,306,693
820140206,508,23,258,789
820140207,446,24,318,788
820140208,365,19,237,621
820140209,286,17,228,531
820140210,398,24,260,682
820140211,295,10,222,527
820140212,223,14,196,433
820140213,256,12,166,434
820140214,254,13,179,446
820140215,194,12,171,377
820140216,257,10,192,459
820140217,297,21,221,539
820140218,660,40,327,1027
820140219,433,17,196,646
820140301,299,7,186,492
820140302,317,11,211,539
820140303,509,25,347,881
820140304,260,14,212,486
820140305,436,18,228,682
820140306,137,6,86,229
820140307,784,42,467,1293
820140308,402,32,224,658
820140309,368,20,268,656
820140310,421,15,248,684
820140311,396,40,233,669
820140312,63,1,27,91
820140401,381,16,311,708
820140402,468,16,304,788
820140403,496,21,311,828
820140404,502,20,296,818
820140405,436,13,266,715
820140406,607,23,297,927
820140407,414,27,252,693
820140408,585,40,309,934
820140409,339,14,176,529
820140410,489,12,270,771
820140411,457,17,269,743
820140412,561,31,276,868
820140413,25,2,13,40
820140414,11,0,1,12
820140415,153,6,75,234
820140416,156,6,68,230
820140417,90,0,40,130
820140418,154,9,43,206
820140419,506,19,302,827
820140420,353,13,262,628
820140501,27,0,5,32
820140502,61,1,38,100
820140503,575,25,354,954
820140504,483,18,355,856
820140505,133,7,51,191
820140506,610,4,251,865
820140507,442,8,252,702
820140508,478,6,256,740
820140509,336,11,192,539
820140510,489,7,294,790
820140511,521,9,252,782
820140512,32,1,12,45
820140513,317,8,220,545
820140514,491,24,293,808
820140515,28,0,26,54
820140516,28,3,27,58
820140517,533,18,325,876
820140518,290,11,192,493
820140519,372,17,251,640
820140520,14,0,11,25
820140521,7,1,2,10
820140522,16,0,6,22
820140523,345,10,214,569
820140524,248,12,151,411
820140601,1242,86,600,1928
820140602,719,39,350,1108
820140603,262,7,198,467
820140604,523,29,299,851
820140605,758,42,381,1181
820140606,447,32,202,681
820140607,598,26,406,1030
820140608,483,30,315,828
820140609,658,54,292,1004
820140610,19,0,12,31
820140611,37,2,23,62
820149001,43,0,18,61
820210101,60,0,58,118
820210102,36,0,13,49
820210103,708,22,331,1061
820210104,422,16,269,707
820210105,323,16,212,551
820210106,433,10,268,711
820210107,406,5,237,648
820210108,239,2,60,301
820210109,62,0,31,93
820210110,540,12,345,897
820210111,184,4,59,247
820210112,333,2,67,402
820210113,77,0,65,142
820210114,86,2,39,127
820210115,306,4,187,497
820210116,229,1,39,269
820210117,161,0,47,208
820210118,364,13,199,576
820210119,809,25,357,1191
820210120,173,3,42,218
820210121,126,2,21,149
820210122,106,13,23,142
820210123,156,5,62,223
820210124,607,43,310,960
820210125,36,4,19,59
820210126,106,2,38,146
820210127,52,1,62,115
820210128,260,0,36,296
820210129,97,1,20,118
820210130,131,5,23,159
820210131,149,0,18,167
820210132,173,2,52,227
820210133,539,11,276,826
820210134,522,19,282,823
820210201,654,16,326,996
820210202,536,5,318,859
820210203,544,9,283,836
820210204,624,13,344,981
820210205,742,18,338,1098
820210206,495,10,274,779
820210207,632,26,300,958
820210208,491,14,268,773
820210209,598,16,317,931
820210210,544,13,252,809
820210211,542,11,206,759
820210212,773,13,198,984
820210213,278,2,165,445
820210214,545,22,216,783
820210215,1061,26,265,1352
820210216,556,10,260,826
820210217,938,38,321,1297
820210218,699,18,291,1008
820210301,32,1,11,44
820210302,754,36,536,1326
820210303,127,3,44,174
820210304,148,2,101,251
820210305,663,23,380,1066
820210306,155,1,35,191
820210307,82,19,61,162
820210308,125,3,80,208
820210309,11,2,8,21
820210310,275,2,96,373
820210311,311,13,146,470
820210312,43,1,43,87
820210313,468,9,295,772
820210314,184,2,56,242
820210315,87,2,69,158
820210316,36,1,39,76
820210317,522,8,335,865
820210318,454,12,345,811
820210319,117,14,48,179
820210320,124,2,113,239
820210321,619,13,338,970
820210322,172,9,58,239
820210323,94,2,23,119
820210324,77,1,12,90
820210325,53,1,26,80
820210326,78,1,22,101
820210327,337,14,121,472
820210328,87,0,37,124
820210329,107,1,37,145
820210330,94,1,26,121
820210331,107,0,35,142
820210332,114,0,98,212
820210333,193,2,160,355
820210401,855,50,345,1250
820210402,463,20,209,692
820210403,348,15,151,514
820210404,496,28,258,782
820210405,361,21,171,553
820210406,747,24,230,1001
820210407,195,19,124,338
820210408,519,29,247,795
820210409,514,21,257,792
820210410,234,6,112,352
820210411,401,14,266,681
820210412,313,8,208,529
820210413,422,9,155,586
820210414,420,12,240,672
820210415,448,17,280,745
820210416,1696,129,559,2384
820210417,714,62,323,1099
820210418,820,60,304,1184
820210419,746,62,240,1048
820210420,401,26,188,615
820210421,316,15,160,491
820210422,1754,155,774,2683
820210501,598,57,254,909
820210502,611,60,275,946
820210503,679,30,278,987
820210504,473,19,168,660
820210505,841,60,363,1264
820210506,564,25,215,804
820210507,349,8,187,544
820210508,480,18,280,778
820210509,278,8,204,490
820210510,276,11,144,431
820210511,401,18,187,606
820210512,749,56,250,1055
820210513,943,87,389,1419
820210514,738,77,338,1153
820210601,661,51,285,997
820210602,498,18,242,758
820210603,389,6,197,592
820210604,367,11,225,603
820210605,585,21,276,882
820210606,383,21,267,671
820210607,612,33,335,980
820210608,591,30,309,930
820210609,698,27,337,1062
820210610,620,36,233,889
820210611,716,53,341,1110
820210612,669,41,274,984
820210613,474,25,216,715
820210614,635,22,246,903
820210615,233,6,93,332
820210616,1704,52,460,2216
820210617,440,19,201,660
820210618,752,38,252,1042
820210619,807,46,268,1121
820210620,739,53,259,1051
820210701,327,8,210,545
820210702,871,50,478,1399
820210703,60,0,40,100
820210704,102,1,39,142
820210705,65,0,23,88
820210706,290,10,213,513
820210707,379,15,261,655
820210708,7,0,4,11
820210709,75,0,33,108
820210710,330,8,297,635
820210711,75,1,25,101
820210712,484,4,274,762
820210713,323,5,206,534
820210714,96,2,41,139
820210715,45,1,20,66
820210716,39,1,38,78
820210717,694,33,327,1054
820210718,571,30,321,922
820210719,483,9,206,698
820210720,462,33,180,675
820210721,427,35,186,648
820210722,944,36,433,1413
820210723,13,0,6,19
820210724,437,22,212,671
820210725,368,22,153,543
820210726,510,34,208,752
820210801,289,8,115,412
820210802,443,7,245,695
820210803,426,17,170,613
820210804,421,11,233,665
820210805,444,14,237,695
820210806,281,19,175,475
820210807,806,48,208,1062
820210808,474,28,201,703
820210809,516,41,241,798
820210810,569,30,276,875
820210811,520,17,275,812
820210812,265,3,165,433
820210813,534,31,234,799
820210814,648,37,287,972
820210815,482,56,225,763
820210901,609,21,304,934
820210902,574,14,233,821
820210903,575,31,217,823
820210904,944,34,306,1284
820210905,419,14,154,587
820210906,324,14,194,532
820210907,443,18,314,775
820210908,72,3,46,121
820210909,366,10,179,555
820210910,311,7,122,440
820210911,640,35,238,913
820210912,729,27,291,1047
820210913,394,18,178,590
820210914,442,19,214,675
820211001,120,1,55,176
820211002,262,3,216,481
820211003,115,2,63,180
820211004,47,7,55,109
820211005,101,1,31,133
820211006,602,14,379,995
820211007,534,12,351,897
820211008,655,22,384,1061
820211009,572,9,349,930
820211010,33,0,6,39
820211011,92,1,28,121
820211012,115,10,65,190
820211013,761,46,337,1144
820211014,481,18,358,857
820211015,529,24,341,894
820211016,317,8,265,590
820211017,519,9,283,811
820211018,384,8,287,679
820280101,733,45,494,1272
820280102,290,9,239,538
820280103,285,20,197,502
820280104,659,36,384,1079
820280105,880,44,506,1430
820280106,30,0,17,47
820280107,256,8,92,356
820280108,446,7,228,681
820280109,342,5,158,505
820280110,148,7,54,209
820280111,75,1,36,112
820280112,539,15,274,828
820280113,483,18,302,803
820280114,410,22,250,682
820280115,18,0,8,26
820280116,25,0,12,37
820280117,417,9,351,777
820280118,30,1,21,52
820280119,60,1,26,87
820280120,245,9,136,390
820280121,312,13,211,536
820280122,374,6,258,638
820280123,275,4,171,450
820280124,338,16,226,580
820280201,900,44,532,1476
820280202,108,5,23,136
820280203,182,0,125,307
820280204,387,18,323,728
820280205,655,61,430,1146
820280206,47,1,44,92
820280207,354,8,324,686
820280208,135,0,73,208
820280209,146,3,129,278
820280210,26,1,21,48
820280211,478,19,304,801
820280212,395,26,220,641
820280213,23,0,5,28
820280214,296,10,210,516
820280215,36,0,21,57
820280216,301,11,219,531
820280217,47,0,26,73
820280218,17,1,13,31
820280219,13,1,18,32
820280220,325,20,247,592
820280221,340,13,275,628
820280301,803,98,600,1501
820280302,464,32,301,797
820280303,495,57,377,929
820280304,373,32,332,737
820280305,352,21,288,661
820280306,673,59,316,1048
820280307,483,35,385,903
820280308,410,31,320,761
820280309,1137,89,751,1977
820280310,72,4,59,135
820280311,366,22,299,687
820280312,153,15,122,290
820280313,213,17,165,395
820280314,183,16,189,388
820280315,107,7,46,160
820280316,262,14,238,514
820280317,78,2,23,103
820280318,451,53,336,840
820280319,191,11,144,346
820280320,313,22,243,578
820280321,301,9,223,533
820280322,186,42,236,464
820280323,62,5,71,138
820280324,467,23,201,691
820280325,56,1,32,89
820280326,757,75,527,1359
820280327,143,12,89,244
820280401,490,50,354,894
820280402,387,32,263,682
820280403,505,53,338,896
820280404,480,66,379,925
820280405,500,55,336,891
820280406,303,24,208,535
820280407,453,33,300,786
820280408,337,23,245,605
820280409,385,29,327,741
820280410,658,56,479,1193
820280411,395,28,280,703
820280412,477,42,370,889
820280413,566,35,385,986
820280414,533,72,452,1057
820280415,465,45,320,830
820280501,382,65,337,784
820280502,292,26,202,520
820280503,333,33,328,694
820280504,414,37,283,734
820280505,585,105,468,1158
820280506,720,95,643,1458
820280507,367,67,363,797
820280508,554,50,463,1067
820280509,445,73,424,942
820280510,294,37,244,575
820280511,604,53,479,1136
820280512,758,88,561,1407
820280513,581,109,438,1128
820280514,590,47,343,980
820280515,507,66,443,1016
820280516,329,31,291,651
820280517,739,71,466,1276
820289201,74,2,49,125
820350101,220,6,66,292
820350102,301,10,356,667
820350103,97,1,39,137
820350104,14,1,9,24
820350105,16,0,22,38
820350106,387,8,263,658
820350107,31,2,20,53
820350108,134,3,138,275
820350109,110,1,92,203
820350110,213,5,184,402
820350111,514,23,453,990
820350112,396,35,289,720
820350113,454,28,443,925
820350114,467,21,406,894
820350115,8,2,40,50
820350116,244,4,143,391
820350117,369,15,312,696
820350201,6,0,4,10
820350202,852,34,552,1438
820350203,49,0,30,79
820350204,17,6,16,39
820350205,81,1,44,126
820350206,190,10,144,344
820350207,431,16,299,746
820350208,175,2,56,233
820350209,556,15,250,821
820350210,505,25,356,886
820350211,850,30,512,1392
820350212,584,14,381,979
820350213,463,25,286,774
820420101,65,0,13,78
820420102,323,11,194,528
820420103,431,7,213,651
820420104,146,8,114,268
820420105,46,1,17,64
820420106,90,1,44,135
820420107,508,21,272,801
820420108,665,20,346,1031
820420109,617,12,345,974
820420110,263,5,124,392
820420111,496,15,306,817
820420112,403,13,304,720
820420113,70,5,63,138
820420115,337,8,267,612
820420116,160,4,78,242
820420117,199,7,86,292
820420118,88,7,47,142
820420119,190,7,85,282
820420120,87,1,32,120
820420121,105,9,108,222
820420122,452,24,267,743
820420123,357,15,195,567
820420124,174,3,77,254
820420201,139,2,46,187
820420202,188,9,175,372
820420203,111,2,29,142
820420204,112,2,67,181
820420205,504,12,301,817
820420206,506,19,322,847
820420207,325,4,205,534
820420208,315,7,200,522
820420209,57,1,23,81
820420210,255,11,163,429
820420211,178,12,89,279
820420212,383,14,259,656
820420213,404,18,240,662
820420214,627,31,310,968
820420215,650,37,365,1052
820420216,149,2,105,256
820420217,170,3,61,234
820420218,217,4,85,306
820420219,594,33,286,913
820420220,472,17,302,791
820420221,663,20,294,977
820420222,489,17,261,767
820420301,89,0,58,147
820420302,269,3,84,356
820420303,92,3,48,143
820420304,112,8,42,162
820420305,142,9,112,263
820420306,97,4,74,175
820420307,61,1,39,101
820420308,305,10,136,451
820420309,187,14,139,340
820420310,342,9,201,552
820420311,356,20,263,639
820420312,559,23,267,849
820420313,774,24,449,1247
820420314,413,26,340,779
820420315,429,23,226,678
820420316,585,18,381,984
820420317,322,7,229,558
820420318,563,33,315,911
820420319,227,2,172,401
820420320,36,0,29,65
820420321,54,0,26,80
820420322,44,0,14,58
820420323,326,50,277,653
820420324,280,16,210,506
820420401,585,30,361,976
820420402,902,44,434,1380
820420403,788,61,327,1176
820420404,651,45,388,1084
820420405,264,7,205,476
820420406,399,13,288,700
820420407,254,10,243,507
820420408,652,30,322,1004
820420409,342,13,235,590
820420410,237,5,193,435
820420411,209,2,147,358
820420412,275,11,186,472
820420413,559,37,300,896
820420414,409,13,226,648
820420415,534,26,272,832
820420416,256,3,191,450
820420417,673,23,422,1118
820420418,484,14,218,716
820420419,469,20,171,660
820420420,70,6,26,102
820420421,614,24,326,964
820420501,683,20,345,1048
820420502,516,11,302,829
820420503,761,29,348,1138
820420504,195,2,206,403
820420505,280,5,275,560
820420506,495,27,310,832
820420507,422,23,301,746
820420508,662,30,409,1101
820420509,257,8,181,446
820420601,447,31,226,704
820420602,401,27,266,694
820420603,558,16,292,866
820420604,572,24,296,892
820420605,477,28,263,768
820420606,587,16,350,953
820420607,428,17,255,700
820420608,415,7,302,724
820420609,157,4,113,274
820420610,573,15,370,958
820420611,388,11,302,701
820420612,375,13,231,619
820420613,405,15,285,705
820420614,334,15,239,588
820420615,122,5,84,211
820420616,387,14,190,591
820420617,361,21,210,592
820420618,353,27,246,626
820420619,504,26,242,772
820420620,524,17,238,779
820420621,356,13,183,552
820420622,339,11,169,519
820420701,483,6,188,677
820420702,451,23,184,658
820420703,358,14,144,516
820420704,665,41,297,1003
820420705,813,47,238,1098
820420706,576,22,288,886
820420707,560,14,276,850
820420708,339,8,189,536
820420709,335,10,220,565
820420710,441,16,252,709
820420711,548,15,206,769
820420712,446,11,238,695
820420713,331,7,159,497
820420714,482,17,322,821
820420715,763,40,303,1106
820420716,720,36,334,1090
820420717,720,40,269,1029
820420718,380,19,194,593
820420719,350,7,125,482
820420720,363,23,186,572
820420721,373,6,178,557
820420801,443,16,210,669
820420802,469,24,256,749
820420803,297,3,154,454
820420804,313,4,180,497
820420805,609,10,200,819
820420806,513,14,243,770
820420807,324,4,169,497
820420808,373,15,170,558
820420809,465,19,222,706
820420810,471,13,239,723
820420811,547,29,172,748
820420901,784,37,294,1115
820420902,518,33,188,739
820420903,863,36,329,1228
820420904,369,13,155,537
820420905,581,24,223,828
820420906,846,73,422,1341
820420907,593,35,260,888
820420908,388,12,150,550
820420909,528,22,274,824
820420910,232,0,126,358
820420911,365,4,203,572
820420912,360,12,189,561
820420913,365,12,178,555
820420914,437,14,175,626
820420915,335,5,149,489
820420916,853,35,336,1224
820420917,613,39,256,908
820420918,405,9,191,605
820420919,666,23,274,963
820420920,518,52,217,787
820420921,827,47,299,1173
820420922,736,42,273,1051
820420923,866,47,337,1250
820420924,348,17,134,499
820420925,410,12,214,636
820420926,374,17,176,567
820421001,390,20,205,615
820421002,780,48,245,1073
820421003,457,34,248,739
820421004,483,18,315,816
820421005,429,44,234,707
820421006,375,18,203,596
820421007,509,32,258,799
820421008,723,52,283,1058
820421009,359,23,185,567
820421010,744,41,316,1101
820421011,1201,84,504,1789
820421012,575,28,176,779
820421013,476,35,175,686
820421014,302,26,195,523
820421015,635,21,242,898
820421016,804,49,351,1204
820421102,29,2,12,43
820421103,161,3,129,293
820421104,32,2,21,55
820421105,425,16,300,741
820421106,495,11,340,846
820421107,40,0,30,70
820421108,381,7,162,550
820421109,441,8,221,670
820421110,257,6,158,421
820421111,324,21,118,463
820421112,336,19,160,515
820421113,363,14,211,588
820421114,330,9,253,592
820421115,376,7,297,680
820421116,495,17,301,813
820421117,129,3,85,217
820421118,446,10,270,726
820421119,321,17,231,569
820421120,458,10,176,644
820421121,303,7,215,525
820421201,115,0,98,213
820421202,115,3,48,166
820421203,739,26,362,1127
820421204,496,20,259,775
820421205,383,11,284,678
820421206,369,8,227,604
820421207,298,15,276,589
820421208,565,18,346,929
820421209,167,3,97,267
820421210,785,26,383,1194
820421211,438,6,318,762
820421212,635,21,300,956
820421213,436,28,248,712
820421214,568,15,322,905
820421215,44,1,29,74
820421216,450,33,296,779
820429101,22,0,16,38
820490101,384,51,771,1206
820490102,743,177,926,1846
820490103,235,15,185,435
820490104,20,0,0,20
820490105,91,5,151,247
820490106,40,3,36,79
820490107,230,29,315,574
820490108,487,28,571,1086
820490109,379,24,533,936
820490110,248,10,279,537
820490111,101,1,55,157
820490112,555,18,582,1155
820490113,56,0,67,123
820490114,115,13,139,267
820490115,53,1,62,116
820490116,1102,67,887,2056
820490117,578,19,367,964
820490118,576,31,359,966
820490119,423,18,304,745
820490120,23,4,17,44
820490121,805,62,923,1790
820490122,72,4,92,168
820490123,612,106,1006,1724
820490124,536,20,380,936
820490125,460,25,344,829
820490126,91,1,80,172
820490127,340,19,198,557
820490128,551,18,457,1026
820490201,286,16,327,629
820490202,313,14,360,687
820490203,30,0,43,73
820490204,7,0,2,9
820490205,39,4,39,82
820490206,10,1,9,20
820490207,10,3,7,20
820490208,13,0,10,23
820490209,49,0,15,64
820490210,46,0,94,140
820490211,8,0,14,22
820490212,27,1,14,42
820490213,374,14,269,657
820490301,383,21,440,844
820490302,531,32,359,922
820490303,425,23,302,750
820490304,414,29,261,704
820490305,610,39,553,1202
820490306,442,35,341,818
820490307,120,8,168,296
820490308,860,128,909,1897
820490309,13,1,12,26
820490310,73,16,160,249
820490311,146,13,362,521
820490312,48,5,51,104
820490313,93,15,175,283
820490314,24,1,57,82
820490315,106,6,168,280
820490316,11,1,20,32
820490317,42,2,28,72
820490318,36,1,18,55
820490319,68,5,73,146
820490320,34,0,8,42
820490321,23,2,50,75
820490322,19,0,37,56
820490323,98,8,141,247
820490324,117,5,255,377
820490325,31,0,71,102
820490326,692,118,873,1683
820490327,78,8,114,200
820490328,130,13,135,278
820490329,414,58,346,818
820490330,413,47,287,747
820490331,433,20,291,744
820490332,436,18,327,781
820490333,503,39,340,882
820490334,343,52,406,801
820490401,33,0,84,117
820490402,107,7,139,253
820490403,181,12,199,392
820490404,132,50,135,317
820490405,63,0,83,146
820490406,267,4,288,559
820490407,52,1,45,98
820490408,374,42,383,799
820490409,91,21,115,227
820490410,117,11,186,314
820490411,147,8,216,371
820490412,197,20,156,373
820490413,79,11,161,251
820490414,12,0,13,25
820490415,55,17,100,172
820490416,222,46,281,549
820490417,14,1,5,20
820490418,155,4,112,271
820490419,7,0,3,10
820490501,8,1,46,55
820490502,92,4,121,217
820490503,67,3,48,118
820490504,150,6,240,396
820490505,73,4,113,190
820490506,124,3,98,225
820490507,112,3,133,248
820490508,69,3,64,136
820490509,473,25,223,721
820490510,1239,100,903,2242
820490511,527,31,294,852
820490512,563,54,308,925
820490513,510,15,355,880
820490514,970,81,664,1715
820490515,477,21,259,757
820490516,612,61,453,1126
820490517,373,32,259,664
820490518,447,27,337,811
820490519,1,0,5,6
820490520,1,0,4,5
820490521,310,10,179,499
820490522,523,22,310,855
820490523,1007,103,743,1853
820490524,762,47,375,1184
820490525,500,12,243,755
820490526,473,21,264,758
820490527,777,76,591,1444
820490601,367,11,213,591
820490602,403,30,274,707
820490603,744,44,394,1182
820490604,633,50,402,1085
820490605,633,18,306,957
820490606,466,39,235,740
820490607,479,61,294,834
820490608,874,70,700,1644
820490609,185,11,101,297
820490610,551,17,299,867
820490611,390,9,197,596
820490612,340,4,116,460
820490613,418,12,240,670
820490614,275,5,151,431
820490615,309,14,225,548
820490616,469,16,271,756
820490701,465,38,330,833
820490702,411,28,286,725
820490703,336,20,163,519
820490704,394,32,199,625
820490705,452,43,275,770
820490706,727,49,367,1143
820490707,756,43,434,1233
820490708,682,36,370,1088
820490709,562,31,404,997
820490710,398,14,218,630
820490711,349,15,201,565
820490712,703,20,288,1011
820490713,268,9,155,432
820490714,307,15,243,565
820490715,768,50,407,1225
820490716,732,46,503,1281
820490717,773,44,446,1263
820490718,1088,86,739,1913
820490719,790,32,621,1443
820490801,189,8,178,375
820490802,60,1,99,160
820490803,188,10,88,286
820490804,6,0,2,8
820490805,12,1,5,18
820490806,129,4,64,197
820490807,120,6,86,212
820490808,110,17,89,216
820490809,98,7,159,264
820490810,271,84,320,675
820490811,0,0,0,0
820490812,66,10,77,153
820490813,19,1,6,26
820490814,113,3,102,218
820490815,69,2,42,113
820490816,22,3,21,46
820490817,77,0,59,136
820490818,212,2,146,360
820490819,118,20,87,225
820490901,122,16,114,252
820490902,42,1,42,85
820490903,126,13,176,315
820490904,155,1,120,276
820490905,136,2,144,282
820490906,672,50,587,1309
820490907,301,11,272,584
820490908,418,15,290,723
820490909,107,3,95,205
820490910,202,9,84,295
820490911,102,27,148,277
820490912,83,6,87,176
820490913,271,41,278,590
820490914,487,13,315,815
820490915,443,22,395,860
820490916,366,18,307,691
820491001,409,20,253,682
820491002,415,33,228,676
820491003,528,47,303,878
820491004,602,77,332,1011
820491005,725,82,366,1173
820491006,541,39,435,1015
820491007,1238,87,686,2011
820491008,625,38,373,1036
820491009,616,36,300,952
820491010,561,37,321,919
820491011,757,35,369,1161
820491012,560,59,264,883
820491013,476,38,209,723
820491014,1077,126,470,1673
820491015,643,34,564,1241
820491016,625,50,580,1255
820491017,837,46,509,1392
820491018,691,29,252,972
820491019,827,90,554,1471
820560101,447,16,318,781
820560102,95,3,55,153
820560103,543,27,269,839
820560104,305,20,192,517
820560105,548,46,302,896
820560106,173,6,54,233
820560107,21,5,7,33
820560108,468,17,251,736
820560109,386,18,247,651
820560110,177,9,94,280
820560111,402,28,234,664
820560112,219,14,100,333
820560113,218,9,85,312
820560114,116,10,54,180
820560115,381,11,296,688
820560116,289,12,183,484
820560117,442,16,295,753
820560118,233,10,97,340
820560201,334,3,112,449
820560202,501,16,286,803
820560203,309,6,218,533
820560204,514,17,344,875
820560205,499,10,380,889
820560206,581,10,306,897
820560207,306,6,179,491
820560208,311,5,136,452
820560209,179,4,114,297
820560210,428,25,328,781
820560211,121,1,67,189
820560212,129,16,136,281
820560213,151,10,103,264
820560214,194,12,150,356
820560215,667,30,481,1178
820560216,333,13,220,566
820560217,370,28,199,597
820560218,531,14,270,815
820560219,427,21,261,709
820560301,541,12,339,892
820560302,238,5,98,341
820560303,753,78,529,1360
820560304,284,5,225,514
820560305,639,28,380,1047
820560306,315,24,274,613
820560307,398,14,280,692
820560308,311,28,210,549
820560309,392,13,207,612
820560310,232,6,227,465
820560311,788,41,450,1279
820560312,170,5,88,263
820560313,167,0,94,261
820560314,136,5,84,225
820560401,685,27,342,1054
820560402,660,24,342,1026
820560403,421,10,314,745
820560404,405,9,239,653
820560405,521,20,366,907
820560406,363,5,233,601
820560407,206,6,142,354
820560408,328,7,231,566
820560409,432,13,290,735
820560410,364,15,194,573
820560411,370,10,278,658
820560412,274,19,234,527
820560413,216,9,137,362
820560414,862,38,377,1277
820560415,416,23,213,652
820560501,260,14,89,363
820560502,814,21,394,1229
820560503,481,17,276,774
820560504,401,14,237,652
820560505,546,11,345,902
820560506,341,19,207,567
820560507,798,57,448,1303
820560508,289,3,136,428
820560509,610,33,429,1072
820560510,489,30,269,788
820560511,682,53,353,1088
820560512,514,28,219,761
820560513,434,37,172,643
820560514,493,39,189,721
820560515,327,17,215,559
820560516,406,29,226,661
820630101,296,2,262,560
820630102,19,0,21,40
820630103,524,10,296,830
820630104,383,17,281,681
820630105,469,23,399,891
820630106,214,3,48,265
820630107,391,27,288,706
820630108,138,16,60,214
820630109,422,40,289,751
820630110,508,50,400,958
820630111,237,6,143,386
820630112,131,1,80,212
820630113,81,0,33,114
820630114,152,7,100,259
820630115,90,0,42,132
820630116,43,0,22,65
820630117,51,1,27,79
820630118,410,23,290,723
820630119,547,24,410,981
820630120,438,42,279,759
820630121,309,39,198,546
820630122,488,20,429,937
820630123,342,23,248,613
820630124,376,24,272,672
820630125,472,45,298,815
820630126,788,37,441,1266
820630127,440,39,252,731
820630128,514,80,411,1005
820630129,779,70,627,1476
820630201,129,1,89,219
820630202,52,3,28,83
820630203,32,0,16,48
820630204,421,21,398,840
820630205,372,15,309,696
820630206,377,18,353,748
820630207,471,25,410,906
820630208,663,68,570,1301
820630209,342,24,264,630
820630210,364,11,269,644
820630211,353,24,273,650
820630212,532,49,379,960
820630213,558,26,519,1103
820630214,98,4,89,191
820630215,86,1,125,212
820630216,315,8,269,592
820630217,42,1,17,60
820630218,75,6,47,128
820630219,71,0,29,100
820630220,515,23,266,804
820630221,738,39,435,1212
820630222,700,42,393,1135
820630223,233,15,127,375
820630224,168,6,99,273
820630225,407,12,125,544
820630226,132,3,74,209
820630227,138,3,75,216
820630228,163,3,56,222
820630229,34,0,24,58
820630230,52,0,13,65
820630231,396,35,347,778
820630232,613,38,360,1011
820630301,280,14,137,431
820630302,359,14,197,570
820630303,256,13,151,420
820630304,2,0,0,2
820630305,320,12,166,498
820630306,282,19,156,457
820630307,649,46,234,929
820630308,451,15,194,660
820630309,542,26,199,767
820630310,690,63,368,1121
820630311,630,57,334,1021
820630312,723,42,407,1172
820630313,356,36,164,556
820630314,653,29,279,961
820630315,309,17,268,594
820630316,472,60,428,960
820630317,437,30,236,703
820630318,15,0,14,29
820630319,745,28,374,1147
820630320,2,0,0,2
820630321,0,0,0,0
820630322,570,21,233,824
820630323,401,16,168,585
820630324,670,29,298,997
820630325,536,39,293,868
820630326,568,9,167,744
820630327,331,12,127,470
820630401,16,0,23,39
820630402,732,58,317,1107
820630403,235,24,100,359
820630404,619,75,322,1016
820630405,156,21,88,265
820630406,8,0,2,10
820630407,473,55,368,896
820630408,437,39,351,827
820630409,1526,75,661,2262
820630410,1345,126,1232,2703
820630411,348,51,362,761
820630412,1015,140,442,1597
820630501,712,89,556,1357
820630502,622,96,511,1229
820630503,584,71,435,1090
820630504,510,47,337,894
820630505,444,32,306,782
820630506,763,99,658,1520
820630507,452,47,444,943
820630508,486,84,423,993
820630509,804,79,575,1458
820630510,571,65,430,1066
820630511,468,80,425,973
820630512,336,44,184,564
820630513,625,37,257,919
820630601,565,88,423,1076
820630602,557,33,305,895
820630603,707,32,289,1028
820630604,645,58,259,962
820630605,367,74,199,640
820630606,424,22,208,654
820630607,336,29,203,568
820630608,344,11,165,520
820630609,746,64,353,1163
820630610,344,28,187,559
820630611,452,29,233,714
820630612,443,57,202,702
820630613,441,27,196,664
820630614,532,29,279,840
820630615,478,35,228,741
820630616,461,16,272,749
820630617,395,39,293,727
820630618,333,28,205,566
820630701,378,33,296,707
820630702,367,14,201,582
820630703,318,12,172,502
820630704,634,24,339,997
820630705,629,27,333,989
820630706,695,29,405,1129
820630707,448,14,241,703
820630708,330,15,242,587
820630709,371,18,195,584
820630710,409,16,210,635
820630711,418,29,188,635
820630712,366,22,243,631
820630713,631,31,217,879
820630714,315,11,190,516
820630801,341,18,188,547
820630802,456,40,260,756
820630803,357,25,204,586
820630804,402,25,232,659
820630805,304,30,234,568
820630806,373,43,205,621
820630807,306,23,211,540
820630808,393,24,268,685
820630809,389,20,197,606
820630810,414,37,279,730
820630811,389,29,259,677
820630812,448,37,266,751
820630813,308,18,146,472
820630814,337,12,219,568
820630901,604,45,404,1053
820630902,374,23,231,628
820630903,546,39,354,939
820630904,324,17,197,538
820630905,337,23,219,579
820630906,502,34,290,826
820630907,367,21,221,609
820630908,518,37,307,862
820630909,396,30,230,656
820630910,525,27,287,839
820631001,484,23,233,740
820631002,554,62,329,945
820631003,412,26,179,617
820631004,312,30,225,567
820631005,325,45,223,593
820631006,383,16,212,611
820631007,760,50,327,1137
820631008,785,94,481,1360
820631009,561,73,315,949
820631010,554,68,309,931
820631011,546,87,318,951
820631012,305,19,196,520
820631013,659,70,355,1084
820631101,636,64,356,1056
820631102,476,50,263,789
820631103,596,69,419,1084
820631104,357,37,259,653
820631105,488,26,414,928
820631106,895,152,468,1515
820631107,1030,144,611,1785
820631108,325,38,190,553
820631109,363,50,233,646
820631110,784,63,504,1351
820631111,637,58,396,1091
820631112,354,52,201,607
820631113,712,56,263,1031
820631114,422,36,262,720
820631115,599,85,378,1062
820631116,426,33,230,689
820631117,402,19,236,657
820631118,424,33,278,735
820631119,339,52,163,554
820631201,555,31,270,856
820631202,292,33,214,539
820631203,258,31,156,445
820631204,598,57,374,1029
820631205,328,53,221,602
820631206,245,25,135,405
820631207,571,63,331,965
820631208,632,56,320,1008
820631209,581,37,357,975
820631210,372,49,300,721
820631211,407,37,287,731
820631212,403,38,243,684
820631213,562,41,341,944
820631214,415,70,252,737
820631215,449,50,207,706
820631301,411,36,238,685
820631302,481,49,318,848
820631303,269,7,144,420
820631304,432,18,211,661
820631305,419,16,206,641
820631306,375,46,167,588
820631307,393,39,256,688
820631308,348,38,256,642
820631309,794,59,386,1239
820631310,362,38,178,578
820631311,365,19,195,579
820631312,424,29,266,719
820631313,515,29,295,839
820631314,416,27,204,647
820631315,531,35,286,852
820631316,568,55,292,915
820631317,519,42,309,870
820631318,361,28,249,638
820631319,312,23,185,520
820631320,342,22,174,538
820631401,397,17,230,644
820631402,561,39,323,923
820631403,518,21,316,855
820631404,488,32,301,821
820631405,385,21,279,685
820631406,392,25,230,647
820631407,383,20,190,593
820631408,439,26,239,704
820631409,445,21,294,760
820631410,485,22,283,790
820631411,435,18,258,711
820631501,554,43,285,882
820631502,442,28,231,701
820631503,425,25,274,724
820631504,302,15,213,530
820631505,430,24,261,715
820631506,267,10,159,436
820631507,408,26,251,685
820631508,331,15,213,559
820631509,385,18,219,622
820631510,497,38,270,805
820631511,534,39,298,871
820631512,466,27,271,764
820631513,357,18,197,572
820631601,422,34,234,690
820631602,457,28,286,771
820631603,568,24,341,933
820631604,329,15,215,559
820631605,333,12,189,534
820631606,329,12,204,545
820631607,270,17,170,457
820631608,585,79,305,969
820631609,315,19,205,539
820631610,572,35,312,919
820631611,320,25,229,574
820631612,395,36,186,617
820631701,502,21,291,814
820631702,698,49,374,1121
820631703,387,31,219,637
820631704,231,12,142,385
820631705,475,11,296,782
820631706,435,23,279,737
820631707,311,17,182,510
820631708,414,27,245,686
820631709,377,19,232,628
820631710,423,23,215,661
820631711,424,26,261,711
820631712,386,13,190,589
820631713,443,25,223,691
820631714,446,23,204,673
820631801,427,26,211,664
820631802,447,43,290,780
820631803,359,29,250,638
820631804,309,16,227,552
820631805,102,4,70,176
820631806,282,25,192,499
820631807,561,34,324,919
820631808,458,17,221,696
820631809,238,14,130,382
820631810,312,11,140,463
820631811,350,20,270,640
820631812,189,16,173,378
820631813,182,9,152,343
820631901,525,44,272,841
820631902,364,22,212,598
820631903,595,40,316,951
820631904,268,9,150,427
820631905,357,24,177,558
820631906,234,23,106,363
820631907,538,39,282,859
820631908,245,30,199,474
820631909,561,42,368,971
820631910,661,94,361,1116
820631911,389,33,238,660
820631912,383,16,194,593
820631913,945,117,545,1607
820632001,430,21,235,686
820632002,175,10,108,293
820632003,261,20,173,454
820632004,0,0,0,0
820632005,215,15,132,362
820632006,322,19,170,511
820632007,242,12,139,393
820632008,466,36,240,742
820632009,351,30,230,611
820632010,459,30,287,776
820632011,398,28,215,641
820632012,397,50,274,721
820632101,374,16,250,640
820632102,475,13,225,713
820632103,361,14,212,587
820632104,589,30,296,915
820632105,431,27,260,718
820632106,351,21,206,578
820632107,483,24,216,723
820632108,358,27,182,567
820632109,456,31,242,729
820632110,135,8,75,218
820632111,447,29,213,689
820632112,435,25,208,668
820632113,280,5,147,432
820632114,390,27,223,640
820632115,204,10,97,311
820632201,265,12,134,411
820632202,269,22,150,441
820632203,241,14,108,363
820632204,153,10,84,247
820632205,154,7,91,252
820632206,153,6,61,220
820632207,366,20,207,593
820632208,422,15,212,649
820632209,291,10,177,478
820632210,243,18,126,387
820632211,198,6,124,328
820632212,265,16,172,453
820632213,278,18,138,434
820632214,278,12,145,435
820632301,407,11,214,632
820632302,416,24,239,679
820632303,342,21,215,578
820632304,403,17,298,718
820632305,339,18,177,534
820632306,664,18,265,947
820632307,190,4,132,326
820632308,453,8,280,741
820632309,342,19,205,566
820632310,492,31,280,803
820632311,227,17,138,382
820632312,417,22,206,645
820632313,155,8,123,286
820632314,454,10,178,642
820632401,338,18,202,558
820632402,278,19,174,471
820632403,356,15,169,540
820632404,264,24,167,455
820632405,212,12,119,343
820632406,176,8,140,324
820632407,161,9,86,256
820632408,267,16,153,436
820632409,304,14,190,508
820632410,321,7,158,486
820632411,314,23,179,516
820632412,324,18,224,566
820632413,213,21,132,366
820632414,296,10,161,467
820632415,270,21,170,461
820632416,318,12,188,518
820632417,237,10,164,411
820632418,160,9,85,254
820632501,356,34,149,539
820632502,562,41,288,891
820632503,594,23,292,909
820632504,258,12,145,415
820632505,268,7,102,377
820632506,395,44,250,689
820632507,247,12,161,420
820632508,296,7,142,445
820632509,458,27,283,768
820632510,387,26,255,668
820632511,374,27,208,609
820632512,184,6,109,299
820632513,344,16,181,541
820632601,774,107,583,1464
820632602,492,39,287,818
820632603,439,79,296,814
820632604,404,44,335,783
820632605,539,103,334,976
820632606,417,74,254,745
820632607,595,64,341,1000
820632608,525,28,260,813
820632609,612,58,327,997
820632610,365,58,203,626
820632611,362,39,210,611
820632612,546,51,243,840
820632613,878,97,658,1633
820632614,489,58,259,806
820632615,381,52,283,716
820632616,348,124,307,779
820632617,747,64,332,1143
820632701,435,28,160,623
820632702,460,33,220,713
820632703,408,38,215,661
820632704,419,29,322,770
820632705,406,19,227,652
820632706,590,20,288,898
820632707,388,24,287,699
820632708,410,14,184,608
820632709,882,102,345,1329
820632710,733,62,329,1124
820632711,688,34,282,1004
820632712,645,76,388,1109
820632713,684,80,451,1215
820632714,804,65,336,1205
820632715,638,70,294,1002
820632716,173,4,141,318
820632801,519,53,207,779
820632802,639,42,290,971
820632803,785,78,305,1168
820632804,23,1,9,33
820632805,908,63,331,1302
820632806,1020,129,409,1558
820632807,758,66,315,1139
820632808,512,51,254,817
820632809,718,87,268,1073
820632810,805,85,323,1213
820632811,1088,108,570,1766
820632812,8,0,1,9
820632813,10,0,7,17
820632814,776,66,341,1183
820632815,245,22,130,397
820632816,243,14,108,365
820632817,368,16,158,542
820632818,382,35,281,698
820632819,522,39,336,897
820632820,9,0,2,11
820632821,106,5,39,150
820632822,86,5,50,141
820632823,310,42,188,540
820632824,0,0,2,2
820632825,272,18,91,381
820632826,286,12,154,452
820632827,119,5,36,160
820632828,369,25,181,575
820632829,398,23,279,700
820632901,793,28,430,1251
820632902,414,44,189,647
820632903,435,16,202,653
820632904,637,37,380,1054
820632905,713,111,336,1160
820632906,555,89,366,1010
820632907,443,31,225,699
820632908,474,57,253,784
820632909,532,63,338,933
820632910,426,32,283,741
820632911,335,35,217,587
820632912,358,5,202,565
820632913,436,24,286,746
820632914,297,15,200,512
820632915,527,38,257,822
820633001,412,21,287,720
820633002,505,21,362,888
820633003,299,24,210,533
820633004,303,15,159,477
820633005,356,22,202,580
820633006,433,41,209,683
820633007,635,44,354,1033
820633008,743,43,405,1191
820633009,791,52,356,1199
820633010,724,32,307,1063
820633011,585,33,253,871
820633012,415,24,205,644
820633013,686,53,286,1025
820633101,948,96,362,1406
820633102,342,19,131,492
820633103,631,52,204,887
820633104,1057,82,557,1696
820633105,75,1,8,84
820633106,600,48,239,887
820633107,637,62,312,1011
820633108,365,29,244,638
820633109,1057,98,491,1646
820633110,618,63,365,1046
820633111,447,59,346,852
820633112,498,77,390,965
820633113,534,53,369,956
820633114,625,89,291,1005
820633115,704,75,462,1241
820633201,589,43,330,962
820633202,507,61,253,821
820633203,740,113,380,1233
820633204,394,36,241,671
820633205,519,78,362,959
820633206,441,60,212,713
820633207,914,115,436,1465
820633208,560,63,318,941
820633209,690,61,436,1187
820633210,438,28,344,810
820633211,626,55,385,1066
820633212,869,158,526,1553
820633213,796,64,425,1285
820633214,407,49,257,713
820633215,251,30,183,464
820633216,489,33,275,797
820633301,406,130,430,966
820633302,395,49,289,733
820633303,416,79,358,853
820633304,434,79,281,794
820633305,362,31,244,637
820633306,522,34,269,825
820633307,464,23,274,761
820633308,528,31,224,783
820633309,352,37,217,606
820633310,335,43,331,709
820633401,1075,163,598,1836
820633402,653,60,344,1057
820633403,721,73,398,1192
820633404,389,43,247,679
820633405,2579,307,960,3846
820633406,934,76,443,1453
820633407,406,18,231,655
820633408,392,16,167,575
820633409,433,43,221,697
820633410,385,40,211,636
820633411,418,38,284,740
820633412,758,85,331,1174
820633413,1487,128,644,2259
820633501,342,65,223,630
820633502,368,55,235,658
820633503,315,16,270,601
820633504,346,36,167,549
820633505,323,19,162,504
820633506,492,24,246,762
820633507,386,20,226,632
820633508,407,14,211,632
820633509,422,16,184,622
820700101,414,9,256,679
820700102,159,6,59,224
820700103,52,0,27,79
820700104,484,11,279,774
820700105,154,1,103,258
820700106,42,0,18,60
820700107,93,0,51,144
820700108,265,7,256,528
820700109,122,0,44,166
820700110,222,12,217,451
820700111,609,31,542,1182
820700112,142,4,50,196
820700113,41,5,38,84
820700114,49,1,32,82
820700115,147,4,56,207
820700116,84,1,40,125
820700117,285,10,180,475
820700201,545,9,357,911
820700202,279,5,94,378
820700203,130,5,94,229
820700204,444,11,340,795
820700205,194,4,100,298
820700206,159,1,39,199
820700207,240,5,192,437
820700208,187,3,102,292
820700209,364,10,280,654
820700210,273,7,91,371
820700211,191,3,142,336
820700212,225,4,54,283
820700213,496,7,358,861
820700214,287,10,108,405
820700215,57,0,50,107
820700216,104,2,38,144
820700217,94,5,73,172
820700218,551,25,312,888
820700219,703,6,422,1131
820700220,288,5,118,411
820700221,579,22,271,872
820700222,463,5,318,786
820700301,275,30,162,467
820700302,178,7,77,262
820700303,659,43,306,1008
820700304,245,18,154,417
820700305,460,21,324,805
820700306,317,13,236,566
820700307,430,16,196,642
820700308,395,19,313,727
820700309,396,14,257,667
820700310,656,52,404,1112
820700311,726,34,358,1118
820700312,288,15,254,557
820700313,427,30,243,700
820700314,458,18,305,781
820700315,769,49,407,1225
820700316,477,11,216,704
820700317,417,21,259,697
820700318,835,50,420,1305
820700319,619,28,318,965
820700320,498,24,263,785
820700401,1050,100,510,1660
820700402,821,52,423,1296
820700403,534,32,344,910
820700404,475,33,324,832
820700405,345,16,262,623
820700406,491,30,212,733
820700407,254,13,242,509
820700408,244,4,169,417
820700409,259,18,264,541
820700410,548,31,530,1109
820700411,388,19,262,669
820700412,326,12,292,630
820700413,434,16,358,808
820700414,474,25,290,789
820700415,773,45,357,1175
820700416,603,23,441,1067
820700417,1039,51,436,1526
820700418,232,11,227,470
820700419,397,14,307,718
820700420,297,11,184,492
820700501,584,10,370,964
820700502,259,6,205,470
820700503,569,10,371,950
820700504,283,0,180,463
820700505,328,5,145,478
820700506,108,0,30,138
820700507,147,1,21,169
820700508,687,17,415,1119
820700509,374,10,252,636
820700510,436,3,364,803
820700511,861,10,538,1409
820700512,471,12,200,683
820700513,70,0,42,112
820700514,58,2,20,80
820700515,172,3,90,265
820700516,106,3,17,126
820700517,423,21,258,702
820700518,179,8,104,291
820700519,177,8,94,279
820700520,138,2,36,176
820700521,241,4,176,421
820700522,388,4,216,608
820700523,733,27,344,1104
820700524,609,34,369,1012
820700525,705,30,314,1049
820700601,781,11,460,1252
820700602,181,3,66,250
820700603,339,28,217,584
820700604,103,1,45,149
820700605,348,30,242,620
820700606,120,2,56,178
820700607,336,11,160,507
820700608,191,1,94,286
820700609,86,2,75,163
820700610,92,2,32,126
820700611,401,26,316,743
820700612,634,18,528,1180
820700613,335,4,125,464
820700701,340,8,234,582
820700702,381,6,277,664
820700703,372,9,236,617
820700704,310,6,227,543
820700705,447,19,247,713
820700706,286,8,225,519
820700707,472,13,233,718
820700708,833,40,393,1266
820700709,175,4,88,267
820700710,333,8,240,581
820700711,79,1,73,153
820700712,497,14,313,824
820700713,409,19,265,693
820700714,85,10,44,139
820700715,597,41,291,929
820700716,412,13,227,652
820700717,423,9,243,675
820700718,422,5,273,700
820770101,121,15,131,267
820770102,116,4,105,225
820770103,502,21,400,923
820770104,214,0,93,307
820770105,129,5,114,248
820770106,319,12,328,659
820770107,335,17,314,666
820770201,273,8,125,406
820770202,324,7,152,483
820770203,423,32,347,802
820770204,273,13,154,440
820770205,119,2,39,160
820770206,705,19,415,1139
820770207,623,23,456,1102
820770301,224,4,94,322
820770302,369,10,305,684
820770303,555,34,402,991
820770304,772,43,488,1303
820770305,672,36,438,1146
820770306,514,16,298,828
820770307,488,11,329,828
820770308,566,43,449,1058
820770309,365,13,205,583
820770310,123,3,82,208
820770311,139,0,64,203
820770312,374,10,185,569
820770313,528,16,363,907
820770314,378,13,184,575
820770315,309,5,136,450
820770316,510,20,273,803
820770317,368,32,234,634
820770401,120,1,44,165
820770402,233,7,231,471
820770403,75,3,26,104
820770404,57,3,68,128
820770405,5,0,4,9
820770406,25,0,14,39
820770407,70,1,35,106
820770408,68,3,32,103
820770409,5,0,5,10
820840101,288,17,154,459
820840102,807,47,337,1191
820840103,1114,33,449,1596
820840201,345,31,172,548
820840202,530,68,319,917
820840203,549,41,381,971
820840204,776,69,310,1155
820840205,476,30,209,715
820840206,999,90,510,1599
820840207,431,18,176,625
820840208,796,62,361,1219
820840209,801,55,321,1177
820840210,895,60,401,1356
820840211,504,59,297,860
820840212,545,70,255,870
820840213,25,1,9,35
820840214,696,90,354,1140
820840301,216,7,71,294
820840302,681,80,344,1105
820840303,562,45,259,866
820840304,588,86,280,954
820840305,794,44,355,1193
820840306,814,53,384,1251
820840307,1126,24,345,1495
820840308,672,72,354,1098
820840309,480,29,300,809
820840310,464,29,293,786
820840311,808,58,426,1292
820840401,240,10,190,440
820840402,404,34,190,628
820840403,550,21,262,833
820840404,555,27,350,932
820840405,605,21,311,937
820840406,482,26,311,819
820840407,358,23,153,534
820840408,418,22,251,691
820840409,600,32,368,1000
820840410,362,20,208,590
820840411,436,31,268,735
820840412,480,41,301,822
820840413,467,65,364,896
820840414,373,11,261,645
820840415,318,29,204,551
820840416,168,7,107,282
820840417,151,12,66,229
820840418,232,20,103,355
820840419,112,5,56,173
820840420,501,42,318,861
820840421,832,77,430,1339
820840422,370,40,214,624
820840501,553,59,346,958
820840502,1250,70,751,2071
820840503,572,25,253,850
820840504,208,5,98,311
820840505,847,63,608,1518
820840506,483,29,312,824
820840507,499,20,266,785
820840508,447,44,255,746
820840509,480,18,235,733
820840510,395,10,188,593
820840511,492,22,242,756
820840512,259,8,177,444
820840513,307,19,215,541
820840514,526,35,272,833
820840515,328,14,213,555
820840516,512,11,252,775
820840517,486,18,299,803
820840518,592,14,338,944
820840519,566,14,332,912
820840601,314,36,216,566
820840602,456,22,290,768
820840603,386,22,242,650
820840604,750,97,443,1290
820840605,756,62,449,1267
820840606,606,35,340,981
820840607,373,29,220,622
820840608,415,26,209,650
820840609,376,40,225,641
820840610,533,31,349,913
820840611,549,36,298,883
820840612,520,54,299,873
820840613,649,23,295,967
820840614,718,42,437,1197
820840615,441,36,267,744
820840616,1043,104,529,1676
820840617,476,42,241,759
820840618,464,20,228,712
820840619,389,26,189,604
820840620,464,37,243,744
820840621,478,28,216,722
820840622,569,64,239,872
820840623,543,80,288,911
820840624,223,28,141,392
820840701,417,55,241,713
820840702,569,37,262,868
820840703,801,60,360,1221
820840704,734,72,407,1213
820840705,953,62,530,1545
820840706,1032,202,557,1791
820840707,554,38,262,854
820840708,424,38,239,701
820840709,749,67,482,1298
820840710,324,20,176,520
820840711,382,18,210,610
820840712,400,15,217,632
820840713,326,7,161,494
820840714,413,20,252,685
820840715,407,35,230,672
820840716,317,28,193,538
820840717,548,40,283,871
820840718,593,34,326,953
820840719,385,23,206,614
820840720,491,31,240,762
820840721,696,43,490,1229
820840722,301,18,174,493
820840723,458,42,226,726
820840724,463,47,231,741
820840801,367,18,206,591
820840802,435,24,237,696
820840803,429,24,235,688
820840804,408,19,225,652
820840805,479,26,274,779
820840806,454,26,286,766
820840807,537,35,277,849
820840808,482,23,276,781
820840809,448,20,215,683
820840810,381,18,222,621
820840811,585,54,507,1146
820840901,396,20,228,644
820840902,512,22,271,805
820840903,360,11,174,545
820840904,376,18,205,599
820840905,467,28,244,739
820840906,445,17,218,680
820840907,953,101,685,1739
820840908,494,27,227,748
820840909,285,18,149,452
820840910,286,18,155,459
820840911,291,11,152,454
820841001,654,46,375,1075
820841002,709,64,497,1270
820841003,382,21,180,583
820841004,792,65,467,1324
820841005,487,52,346,885
820841006,804,66,410,1280
820841007,1125,78,584,1787
820841008,831,48,353,1232
820841009,719,46,477,1242
820841010,767,66,472,1305
820841011,958,72,493,1523
820841012,870,59,420,1349
820841013,553,52,276,881
820841014,620,40,329,989
820841015,350,34,230,614
820841016,241,20,133,394
820841017,609,34,394,1037
820841018,922,68,429,1419
820841019,2136,175,1119,3430
820841020,363,32,318,713
820841101,456,10,186,652
820841102,310,13,191,514
820841103,536,19,224,779
820841104,402,14,136,552
820841105,529,26,243,798
820841106,562,50,260,872
820841107,857,85,353,1295
820841108,468,3,227,698
820841109,36,0,10,46
820841110,978,58,257,1293
820841111,624,22,343,989
820841112,508,21,251,780
820841113,323,28,160,511
820841114,561,34,275,870
820841115,314,38,205,557
820841116,432,26,226,684
820841117,549,27,270,846
820841118,557,25,232,814
820841119,528,24,229,781
820841201,708,59,377,1144
820841202,530,49,309,888
820841203,502,40,319,861
820841204,590,43,407,1040
820841205,490,46,269,805
820841206,748,59,363,1170
820841207,356,45,219,620
820841208,336,23,227,586
820841209,466,50,352,868
820841210,457,28,222,707
820841211,609,90,280,979
820841212,432,34,228,694
820841213,437,32,294,763
820841214,461,38,315,814
820841215,536,9,227,772
820841216,318,26,271,615
820841217,368,25,294,687
820841218,596,43,368,1007
820841219,413,57,272,742
820841220,420,34,239,693
820841221,533,37,369,939
820841301,426,27,331,784
820841302,884,84,446,1414
820841303,648,45,457,1150
820841304,818,75,476,1369
820841305,371,29,264,664
820841306,523,30,263,816
820841307,316,23,195,534
820841308,458,30,272,760
820841309,323,13,180,516
820841310,507,15,318,840
820841311,457,26,210,693
820841312,352,10,190,552
820841313,704,62,350,1116
820841314,434,39,274,747
820841401,400,19,264,683
820841402,281,21,165,467
820841403,383,19,240,642
820841404,489,18,275,782
820841405,428,14,208,650
820841406,458,38,309,805
820841407,425,26,237,688
820841408,453,25,277,755
820841409,325,18,215,558
820841410,506,38,299,843
820841411,242,25,135,402
820841501,374,26,215,615
820841502,421,23,174,618
820841503,372,23,189,584
820841504,427,26,201,654
820841505,364,19,220,603
820841506,391,24,218,633
820841507,279,24,168,471
820841508,385,28,193,606
820841509,388,28,198,614
820841601,433,17,227,677
820841602,488,29,232,749
820841603,531,27,245,803
820841604,440,21,231,692
820841605,527,33,245,805
820841606,420,23,209,652
820841607,454,40,310,804
820841608,269,10,151,430
820841609,480,33,239,752
820841610,318,5,181,504
820841611,286,15,145,446
820841612,314,13,133,460
820841701,254,24,83,361
820841702,344,12,139,495
820841703,319,17,87,423
820841704,386,28,127,541
820841705,335,11,143,489
820841706,465,23,172,660
820841707,357,11,145,513
820841708,210,7,86,303
820841709,435,26,162,623
820841710,401,20,124,545
820841711,457,34,223,714
820841712,390,23,155,568
820841713,340,19,207,566
820841714,277,17,137,431
820841715,407,33,238,678
820841716,264,7,94,365
820841717,272,10,109,391
820841718,348,15,133,496
820841719,324,17,174,515
820841801,578,18,214,810
820841802,196,13,89,298
820841803,214,6,66,286
820841804,674,17,176,867
820841805,384,22,92,498
820841806,304,20,158,482
820841807,600,33,163,796
820841808,321,21,119,461
820841809,339,19,159,517
820841810,349,11,159,519
820841811,489,20,185,694
820841812,304,9,101,414
820841813,507,16,173,696
820841814,246,11,158,415
820841815,271,15,139,425
820841816,225,6,71,302
820841817,237,10,93,340
820841818,377,22,178,577
820841901,393,12,133,538
820841902,321,11,147,479
820841903,442,17,204,663
820841904,247,12,95,354
820841905,264,9,126,399
820841906,281,15,101,397
820841907,277,7,101,385
820841908,379,13,167,559
820841909,468,20,145,633
820841910,442,15,168,625
820841911,335,18,135,488
820841912,327,17,135,479
820841913,198,5,86,289
820841914,186,10,112,308
820841915,267,16,163,446
820841916,261,7,155,423
820841917,410,16,145,571
820841918,430,14,171,615
820841919,213,5,68,286
820841920,233,10,105,348
820841921,185,5,89,279
820841922,119,8,73,200
820841923,180,9,93,282
820841924,327,15,128,470
820842001,279,7,95,381
820842002,332,10,135,477
820842003,446,18,169,633
820842004,258,17,89,364
820842005,223,7,97,327
820842006,275,13,118,406
820842007,335,10,157,502
820842008,216,7,131,354
820842009,363,14,162,539
820842010,213,6,96,315
820842011,295,11,121,427
820842012,265,9,164,438
820842013,386,10,157,553
820842014,301,28,143,472
820842015,161,5,70,236
820842016,161,12,106,279
820842017,143,9,92,244
820842101,378,11,156,545
820842102,408,6,184,598
820842103,346,18,183,547
820842104,489,19,207,715
820842105,220,7,86,313
820842106,62,0,18,80
820842107,357,21,163,541
820842108,332,11,126,469
820842109,257,11,152,420
820842110,292,14,170,476
820842111,323,14,148,485
820842112,180,2,83,265
820842113,80,0,36,116
820842114,422,15,194,631
820842115,246,11,97,354
820842116,399,9,128,536
820842117,189,14,106,309
820842201,319,8,142,469
820842202,288,15,127,430
820842203,293,11,157,461
820842204,2,0,2,4
820842205,401,5,213,619
820842206,413,17,173,603
820842207,439,10,172,621
820842208,372,14,194,580
820842209,281,11,157,449
820842210,483,31,215,729
820842211,449,12,222,683
820842212,473,13,189,675
820842213,251,8,80,339
820842301,395,18,145,558
820842302,285,10,137,432
820842303,388,19,209,616
820842304,276,2,112,390
820842305,355,11,197,563
820842306,362,9,157,528
820842307,350,18,150,518
820842308,421,15,186,622
820842309,308,17,157,482
820842310,234,10,133,377
820842311,489,27,187,703
820842312,382,17,173,572
820842313,446,22,161,629
820842314,313,21,174,508
820842315,302,29,138,469
820842316,292,24,135,451
820842317,221,15,97,333
820842318,289,19,121,429
820842319,294,12,113,419
820842320,273,2,142,417
820842321,180,1,87,268
820842322,277,14,112,403
820842323,286,16,122,424
820842324,254,15,106,375
820842401,211,11,152,374
820842402,356,25,153,534
820842403,209,11,110,330
820842404,387,28,148,563
820842405,346,18,125,489
820842406,299,17,117,433
820842407,364,11,139,514
820842408,322,13,104,439
820842409,442,19,172,633
820842410,248,10,126,384
820842411,231,9,99,339
820842412,349,17,209,575
820842413,447,25,181,653
820842414,221,5,120,346
820842415,261,5,111,377
820842416,321,9,141,471
820842417,188,5,52,245
820842418,296,21,117,434
820842419,276,11,133,420
820842501,312,11,181,504
820842502,262,17,158,437
820842503,245,10,114,369
820842504,227,24,122,373
820842505,297,8,163,468
820842506,421,20,187,628
820842507,342,9,126,477
820842508,401,27,176,604
820842509,405,15,121,541
820842510,179,15,113,307
820842511,344,8,110,462
820842512,802,22,162,986
820842513,481,23,159,663
820842514,81,5,60,146
820842515,206,18,95,319
820842516,101,8,46,155
820842601,319,16,189,524
820842602,281,21,145,447
820842603,356,23,198,577
820842604,438,13,201,652
820842605,224,17,105,346
820842606,231,17,129,377
820842607,315,16,141,472
820842608,327,24,158,509
820842609,156,10,92,258
820842610,407,31,157,595
820842611,208,11,98,317
820842612,172,5,104,281
820842613,459,39,224,722
820842614,410,20,138,568
820842615,326,16,160,502
820842616,427,17,258,702
820842617,249,5,119,373
820842618,255,19,87,361
820842619,185,13,96,294
820842620,226,5,131,362
820842621,376,19,246,641
820842622,152,15,119,286
820842623,276,11,145,432
820842701,412,12,198,622
820842702,320,20,181,521
820842703,225,5,116,346
820842704,186,13,131,330
820842705,220,7,110,337
820842706,188,10,91,289
820842707,311,13,171,495
820842708,337,14,177,528
820842709,159,2,87,248
820842710,336,24,162,522
820842711,277,13,131,421
820842712,470,16,212,698
820842713,288,9,124,421
820842714,293,10,161,464
820842715,418,10,197,625
820842716,362,11,148,521
820842717,178,4,91,273
820842718,210,9,115,334
820842719,264,7,126,397
820842720,235,8,121,364
820842721,304,13,153,470
820842722,223,21,110,354
820842801,208,8,109,325
820842802,499,20,210,729
820842803,172,9,129,310
820842804,311,19,156,486
820842805,164,3,74,241
820842806,38,0,18,56
820842807,487,22,168,677
820842808,247,14,121,382
820842809,399,26,204,629
820842810,532,17,154,703
820842811,540,20,205,765
820842812,220,17,117,354
820842813,298,10,135,443
820842814,221,12,79,312
820842815,354,18,203,575
820842816,360,21,202,583
820842817,389,17,149,555
820842818,285,11,109,405
820842819,251,23,178,452
820842820,392,14,187,593
820842821,254,14,118,386
820842822,267,10,94,371
820842823,187,8,98,293
820842824,335,17,149,501
820842825,275,9,104,388
820842901,638,33,243,914
820842902,393,23,220,636
820842903,473,16,160,649
820842904,390,20,183,593
820842905,481,19,217,717
820842906,226,15,102,343
820842907,419,25,156,600
820842908,406,27,197,630
820842909,308,12,131,451
820842910,514,23,189,726
820842911,546,18,164,728
820842912,344,10,123,477
820842913,352,18,124,494
820842914,452,29,181,662
820842915,421,18,175,614
820842916,258,14,141,413
820842917,352,18,161,531
820842918,421,19,162,602
820842919,368,15,166,549
820842920,292,26,149,467
820842921,189,13,106,308
820842922,239,9,89,337
820842923,213,6,103,322
820842924,422,15,139,576
820843001,440,27,210,677
820843002,479,26,238,743
820843003,963,64,498,1525
820843004,683,55,307,1045
820843005,457,56,272,785
820843006,410,40,230,680
820843007,752,78,378,1208
820843008,497,57,216,770
820843009,632,50,286,968
820843010,665,70,232,967
820843011,391,35,208,634
820843012,502,29,255,786
820843013,405,37,178,620
820843014,554,46,313,913
820843101,597,45,302,944
820843102,443,28,236,707
820843103,429,31,241,701
820843104,440,25,243,708
820843105,262,25,133,420
820843106,443,27,274,744
820843107,286,19,160,465
820843108,444,17,210,671
820843109,294,15,148,457
820843110,523,32,226,781
820843111,484,23,303,810
820843112,453,18,282,753
820843113,462,19,259,740
820843114,397,25,217,639
820843115,404,20,195,619
820843116,458,32,286,776
820843117,377,22,217,616
820843118,397,23,223,643
820843119,394,17,244,655
820843120,352,21,232,605
820843121,489,30,228,747
820843201,700,50,299,1049
820843202,542,41,286,869
820843203,544,43,245,832
820843204,524,24,232,780
820843205,467,65,274,806
820843206,619,80,259,958
820843207,573,43,222,838
820843208,797,57,526,1380
820843209,426,39,175,640
820843210,546,48,316,910
820843211,515,41,272,828
820843212,755,57,428,1240
820843213,725,54,343,1122
820843214,382,22,217,621
820843215,545,24,266,835
820843301,501,25,253,779
820843302,579,83,286,948
820843303,851,68,385,1304
820843304,587,58,304,949
820843305,738,70,379,1187
820843306,590,39,291,920
820843307,446,40,275,761
820843308,369,39,270,678
820843309,792,68,392,1252
820843310,798,60,343,1201
820843311,767,52,324,1143
820843312,624,49,320,993
820843313,485,44,195,724
820843314,377,40,338,755
820843315,731,106,493,1330
820843316,580,47,320,947
820843317,659,47,321,1027
820843318,498,38,353,889
820843319,502,31,244,777
820843401,468,63,257,788
820843402,628,55,334,1017
820843403,226,10,132,368
820843404,614,43,414,1071
820843405,504,28,283,815
820843406,519,35,261,815
820843407,457,24,271,752
820843408,541,27,323,891
820843409,562,37,289,888
820843410,482,27,205,714
820843411,297,13,127,437
820843412,342,21,167,530
820843413,292,10,132,434
820843414,434,15,246,695
820843415,514,43,238,795
820843416,640,49,411,1100
820843417,358,27,217,602
820843418,213,9,138,360
820843419,254,23,187,464
820843501,469,48,363,880
820843502,222,12,107,341
820843503,379,21,189,589
820843504,494,33,296,823
820843505,501,40,275,816
820843506,424,14,188,626
820843507,294,13,171,478
820843508,384,28,230,642
820843509,611,46,355,1012
820843510,486,47,420,953
820843511,602,45,369,1016
820843512,647,79,502,1228
820843513,421,33,309,763
820843514,630,69,323,1022
820843515,667,54,389,1110
820843516,441,67,228,736
820843517,1044,97,655,1796
820843601,357,18,192,567
820843602,381,21,177,579
820843603,416,16,184,616
820843604,460,33,192,685
820843605,244,23,129,396
820843606,215,6,107,328
820843607,455,15,201,671
820843608,495,34,246,775
820843609,490,28,246,764
820843610,521,42,242,805
820843611,463,27,207,697
820843612,1006,92,454,1552
820843613,449,27,234,710
820843614,403,18,148,569
820843615,347,20,171,538
820843616,708,58,296,1062
820843617,306,10,195,511
820843618,349,13,130,492
820843619,302,4,118,424
820843701,506,21,235,762
820843702,613,17,252,882
820843703,407,23,155,585
820843704,302,19,106,427
820843705,370,18,128,516
820843706,455,13,218,686
820843707,393,22,127,542
820843708,488,20,221,729
820843709,303,15,105,423
820843710,468,20,175,663
820843711,288,11,149,448
820843712,533,17,198,748
820843713,502,15,213,730
820843714,470,18,207,695
820843715,362,18,122,502
820843716,319,11,145,475
820843801,582,24,199,805
820843802,430,22,190,642
820843803,459,18,185,662
820843804,514,18,197,729
820843805,422,22,196,640
820843806,448,23,167,638
820843807,401,17,144,562
820843808,289,7,133,429
820843809,337,6,152,495
820843810,468,23,234,725
820843811,405,26,295,726
820843812,376,25,195,596
820843813,500,38,263,801
820843814,465,28,261,754
820843815,359,13,178,550
820843901,224,11,155,390
820843902,293,9,152,454
820843903,418,15,182,615
820843904,313,15,152,480
820843905,601,32,203,836
820843906,447,19,193,659
820843907,489,15,181,685
820843908,590,35,173,798
820843909,298,16,121,435
820843910,268,8,76,352
820843911,337,21,188,546
820843912,482,28,244,754
820843913,481,19,180,680
820843914,207,8,88,303
820843915,290,7,127,424
820843916,220,7,81,308
820843917,256,11,97,364
820843918,698,47,256,1001
820843919,306,17,94,417
820843920,306,23,162,491
820844001,501,20,191,712
820844002,457,18,149,624
820844003,479,17,213,709
820844004,537,31,211,779
820844005,557,60,338,955
820844006,379,18,140,537
820844007,390,18,128,536
820844008,273,7,104,384
820844009,436,31,154,621
820844010,449,17,192,658
820844011,149,24,118,291
820844012,116,2,66,184
820844013,324,18,150,492
820844014,509,21,203,733
820844015,360,19,118,497
820844101,454,16,218,688
820844102,391,22,256,669
820844103,415,23,208,646
820844104,448,42,273,763
820844105,0,0,0,0
820844106,431,35,229,695
820844107,560,32,263,855
820844108,470,48,304,822
820844109,507,75,270,852
820844110,570,86,457,1113
820844111,376,18,218,612
820844112,464,56,269,789
820844201,198,11,170,379
820844202,264,32,198,494
820844203,141,11,118,270
820844204,300,41,251,592
820844205,306,37,198,541
820844206,155,14,113,282
820844207,574,62,387,1023
820844208,435,47,327,809
820844209,483,46,402,931
820844210,592,50,277,919
820844211,430,51,237,718
820844212,452,65,273,790
820844213,632,67,455,1154
820844214,237,16,162,415
820844301,363,22,199,584
820844302,344,27,161,532
820844303,377,15,175,567
820844304,373,12,231,616
820844305,349,22,215,586
820844306,372,17,176,565
820844307,514,34,220,768
820844308,236,14,103,353
820844309,377,15,185,577
820844310,344,25,185,554
820844311,444,32,256,732
820844312,590,38,269,897
820844313,547,30,253,830
820844314,630,33,309,972
820844401,602,24,210,836
820844402,206,10,133,349
820844403,602,29,250,881
820844404,460,25,267,752
820844405,305,9,146,460
820844406,311,7,150,468
820844407,392,50,237,679
820844408,383,25,198,606
820844409,443,35,220,698
820844410,368,20,235,623
820844411,321,24,183,528
820844412,432,14,176,622
820844413,493,15,199,707
820844414,365,28,221,614
820844415,411,23,204,638
820844416,510,27,264,801
820844417,436,32,207,675
820844418,438,18,221,677
820844501,431,34,180,645
820844502,281,11,132,424
820844503,581,33,293,907
820844504,441,20,246,707
820844505,344,19,129,492
820844506,218,19,157,394
820844507,412,27,190,629
820844508,365,23,196,584
820844509,584,24,277,885
820844510,501,22,191,714
820844511,590,44,248,882
820844512,563,30,241,834
820844513,193,18,105,316
820844514,554,35,280,869
820844515,390,22,213,625
820844516,531,64,243,838
820844517,472,45,317,834
820844518,609,59,298,966
820844519,502,22,238,762
820844520,458,36,249,743
820844521,312,23,162,497
820844522,375,23,210,608
820844523,575,30,289,894
820844524,466,12,219,697
820844601,526,17,253,796
820844602,492,22,245,759
820844603,515,36,282,833
820844604,496,12,278,786
820844605,231,8,158,397
820844606,575,29,293,897
820844607,674,52,404,1130
820844608,438,37,251,726
820844609,886,91,460,1437
820844610,514,46,268,828
820844611,615,62,370,1047
820844612,349,32,153,534
820844613,657,63,378,1098
820844614,699,70,352,1121
820844615,355,35,181,571
820844701,501,59,250,810
820844702,450,43,168,661
820844703,470,38,241,749
820844704,839,60,547,1446
820844705,637,61,288,986
820844706,430,32,283,745
820844707,393,31,189,613
820844708,423,26,256,705
820844709,387,22,198,607
820844710,642,49,446,1137
820844711,390,26,185,601
820844712,442,40,192,674
820844713,395,44,189,628
820844714,420,27,215,662
820844715,435,28,210,673
820844716,835,51,512,1398
820844801,875,84,436,1395
820844802,686,71,300,1057
820844803,580,30,317,927
820844804,483,45,248,776
820844805,489,25,257,771
820844806,460,24,269,753
820844807,920,74,542,1536
820844808,388,42,220,650
820844809,347,28,212,587
820844810,583,25,292,900
820844811,868,45,276,1189
820844812,457,27,279,763
820844813,825,52,243,1120
820844814,625,32,253,910
820844815,379,18,279,676
820844816,657,49,254,960
820844817,726,81,412,1219
820844818,511,57,182,750
820844819,514,47,268,829
820844820,600,71,286,957
820844821,869,34,388,1291
820844822,577,87,407,1071
820844901,221,23,115,359
820844902,488,53,211,752
820844903,549,57,233,839
820844904,545,46,287,878
820844905,493,52,204,749
820844906,345,15,149,509
820844907,769,84,480,1333
820844908,943,111,502,1556
820844909,607,64,279,950
820844910,532,24,257,813
820844911,896,106,722,1724
820844912,546,42,388,976
820844913,511,40,438,989
820844914,520,69,496,1085
820844915,416,58,287,761
820845001,530,40,210,780
820845002,588,36,324,948
820845003,484,37,261,782
820845004,678,50,310,1038
820845005,511,43,315,869
820845006,589,41,342,972
820845007,719,61,288,1068
820845008,614,56,341,1011
820845009,310,16,180,506
820845010,284,21,218,523
820845011,562,55,306,923
820845012,755,44,367,1166
820845013,529,40,281,850
820845101,558,38,339,935
820845102,483,28,267,778
820845103,472,25,217,714
820845104,460,40,228,728
820845105,444,24,264,732
820845106,558,45,355,958
820845107,592,73,316,981
820845108,535,48,319,902
820845109,474,18,285,777
820845110,387,15,243,645
820845111,530,31,273,834
820845112,394,23,251,668
820845113,276,14,158,448
820845114,383,30,238,651
820845201,896,76,405,1377
820845202,529,41,257,827
820845203,547,49,375,971
820845204,613,70,300,983
820845205,575,79,388,1042
820845206,558,53,427,1038
820845207,467,30,624,1121
820845208,621,51,444,1116
820845209,483,35,302,820
820845210,502,78,257,837
820845211,565,64,405,1034
820845212,385,72,324,781
820845213,642,41,262,945
820845214,654,46,410,1110
820845301,357,12,211,580
820845302,477,21,231,729
820845303,593,33,268,894
820845304,481,59,367,907
820845305,296,37,196,529
820845306,562,53,291,906
820845307,607,58,297,962
820845308,632,81,469,1182
820845309,554,52,347,953
820845310,573,32,389,994
820845311,305,27,185,517
820845312,434,24,281,739
820845313,288,11,145,444
820845314,283,22,170,475
820845315,511,37,222,770
820845316,456,36,198,690
820845317,281,29,156,466
820845318,886,69,320,1275
820845319,425,48,230,703
820845320,311,33,177,521
820845321,333,30,121,484
820845322,83,5,55,143
820845323,945,94,447,1486
820845401,189,8,128,325
820845402,360,14,216,590
820845403,333,8,170,511
820845404,462,24,271,757
820845405,365,38,194,597
820845406,168,13,98,279
820845407,271,25,188,484
820845408,424,56,259,739
820845409,484,21,213,718
820845410,245,25,163,433
820845411,527,37,307,871
820845412,489,23,295,807
820845413,304,14,163,481
820845414,544,16,277,837
820845415,520,20,318,858
820845416,411,15,256,682
820845417,403,25,202,630
820845418,410,33,224,667
820845419,232,14,162,408
820845501,604,38,294,936
820845502,547,48,375,970
820845503,463,28,178,669
820845504,501,31,258,790
820845505,565,42,377,984
820845506,364,28,223,615
820845507,475,34,321,830
820845508,735,86,496,1317
820845509,453,33,230,716
820845510,646,48,371,1065
820845511,459,49,322,830
820845512,571,49,355,975
820845513,833,90,399,1322
820845514,667,56,399,1122
820845515,411,62,234,707
820845516,419,59,222,700
820845517,439,39,226,704
820845518,455,59,370,884
820845519,330,21,160,511
820845520,767,51,357,1175
820845521,442,38,253,733
820845522,534,63,498,1095
820845523,431,23,183,637
820845601,42,0,2,44
820845602,11,0,0,11
820845603,43,2,9,54
820845701,126,0,19,145
820845702,479,8,136,623
820845703,580,12,134,726
820845704,402,13,188,603
820845705,526,15,270,811
820845706,200,3,83,286
820845707,364,16,126,506
820845708,721,21,200,942
820845709,232,7,79,318
820845710,719,29,230,978
820845711,589,6,186,781
820845712,425,21,168,614
820845713,476,10,215,701
820845714,48,3,18,69
820845715,27,2,14,43
820845801,36,0,23,59
820845802,605,20,406,1031
820845803,527,17,395,939
820845804,40,2,29,71
820845805,663,52,476,1191
820845806,9,0,8,17
820845807,470,18,408,896
820845901,31,1,7,39
820845902,43,3,24,70
820845903,28,0,21,49
820845904,945,79,448,1472
820845905,751,59,454,1264
820845906,348,13,205,566
820845907,962,49,636,1647
820845908,428,25,270,723
820845909,703,48,284,1035
820845910,932,51,577,1560
820845911,671,30,382,1083
820845912,534,21,388,943
820845913,331,14,261,606
820845914,485,16,276,777
820845915,258,16,164,438
820845916,256,10,156,422
820845917,847,64,502,1413
820845918,663,60,422,1145
820845919,9,0,6,15
820845920,400,37,274,711
820845921,783,65,452,1300
820845922,703,36,458,1197
820845923,684,66,534,1284
820845924,532,23,254,809
820846001,84,5,51,140
820846002,263,2,126,391
820846003,23,0,8,31
820846004,642,17,342,1001
820846005,593,16,328,937
820846101,364,33,164,561
820846102,380,17,220,617
820846103,403,40,254,697
820846104,572,55,311,938
820846105,401,21,183,605
820846106,410,23,235,668
820846107,645,52,362,1059
820846108,702,65,295,1062
820846109,816,103,382,1301
820846110,674,35,363,1072
820846111,688,25,388,1101
820846112,714,33,240,987
820846113,456,16,224,696
820846114,528,66,344,938
820846115,891,124,501,1516
820846201,360,26,223,609
820846202,313,16,147,476
820846203,315,17,190,522
820846204,444,34,255,733
820846205,603,81,411,1095
820846206,585,60,497,1142
820846207,726,78,437,1241
820846208,647,59,294,1000
820846209,604,78,357,1039
820846210,549,91,379,1019
820846211,488,66,301,855
820846212,541,53,290,884
820846213,772,57,381,1210
820846214,370,27,191,588
820846215,357,21,234,612
820846216,605,69,348,1022
820846217,778,98,521,1397
820846218,758,85,504,1347
820846219,380,16,269,665
820846220,402,51,216,669
820846221,521,67,272,860
820846301,638,80,343,1061
820846302,807,71,312,1190
820846303,688,37,452,1177
820846304,479,50,207,736
820846305,412,22,184,618
820846306,659,48,354,1061
820846307,654,20,269,943
820846308,566,70,395,1031
820846309,553,39,364,956
820846310,652,72,433,1157
820846311,862,79,579,1520
820846312,403,24,235,662
820846313,602,60,494,1156
820846401,219,11,103,333
820846402,469,11,254,734
820846403,399,17,167,583
820846404,573,38,365,976
820846405,145,5,59,209
820846406,308,28,173,509
820846501,732,30,325,1087
820846502,531,25,205,761
820846503,1030,50,419,1499
820846504,358,19,179,556
820846505,1022,30,392,1444
820846601,507,33,247,787
820846602,1329,79,804,2212
820846701,194,5,103,302
820846702,22,2,20,44
820846703,28,2,18,48
820846704,363,26,302,691
820846801,326,6,147,479
820846802,279,19,210,508
820846901,104,8,54,166
820846902,509,25,335,869
820846903,488,31,343,862
820846904,1014,71,516,1601
820846905,308,21,158,487
820846906,523,20,355,898
820847001,16,0,11,27
820847002,241,9,165,415
820847101,11,0,8,19
820847102,140,7,103,250
820847201,87,3,36,126
820847202,669,23,401,1093
820847203,613,17,312,942
820847204,260,11,224,495
820847205,123,4,74,201
820847206,412,13,233,658
820847207,495,22,324,841
820847301,261,13,127,401
820847302,173,3,101,277
820847401,187,0,47,234
820847402,429,13,234,676
820847501,18,0,10,28
820847502,20,2,11,33
820847503,178,6,139,323
820847504,232,10,167,409
820847601,41,1,26,68
820847602,119,3,83,205
820847701,103,5,37,145
820847702,94,5,65,164
820847703,142,9,98,249
820847704,434,16,166,616
820847705,534,23,224,781
820847706,24,0,20,44
820847707,5,0,3,8
820847708,566,35,329,930
820847709,458,29,302,789
820847710,486,29,307,822
820847711,612,41,397,1050
820847712,484,46,402,932
820847713,616,33,340,989
820847714,295,19,242,556
820847715,276,15,189,480
820847716,444,36,264,744
820847717,356,23,226,605
820847718,740,109,456,1305
820847719,472,27,338,837
820847720,522,41,373,936
820847721,594,34,326,954
820847722,407,19,270,696
820847723,721,28,384,1133
820847724,412,22,240,674
820847725,420,12,264,696
820847801,10,0,9,19
820847802,167,7,95,269
820847803,410,25,305,740
820847804,482,35,357,874
820847805,238,11,162,411
820847806,533,34,307,874
820847807,486,24,343,853
820847901,12,0,3,15
820847902,73,4,39,116
820847903,63,2,24,89
820847904,6,0,1,7
820847905,447,11,255,713
820847906,469,20,352,841
820848001,529,35,220,784
820848002,509,17,279,805
820848003,487,32,231,750
820848004,410,27,239,676
820848005,392,32,200,624
820848006,343,13,147,503
820848007,327,13,164,504
820848008,586,26,225,837
820848009,476,36,243,755
820848010,382,12,133,527
820848011,262,13,98,373
820848012,246,9,139,394
820848013,427,13,238,678
820848014,372,16,160,548
820848015,364,8,189,561
820848016,442,26,215,683
820848017,439,16,203,658
820848018,344,14,183,541
820848019,364,20,201,585
820848020,504,19,207,730
820848021,363,11,163,537
820848022,328,33,235,596
820848101,514,34,241,789
820848102,376,17,186,579
820848103,345,23,148,516
820848104,365,21,147,533
820848105,345,11,173,529
820848106,364,15,160,539
820848107,411,22,189,622
820848108,373,15,143,531
820848109,482,23,262,767
820848110,486,29,225,740
820848111,312,13,166,491
820848112,410,27,246,683
820848113,266,10,240,516
820848114,328,15,159,502
820848115,146,9,80,235
820848116,505,29,283,817
820848117,417,20,196,633
820848118,407,28,257,692
820848119,470,45,214,729
820848120,416,21,232,669
820848121,312,17,175,504
820848201,864,79,362,1305
820848202,731,77,305,1113
820848203,661,51,323,1035
820848204,713,77,296,1086
820848205,559,54,250,863
820848206,507,48,312,867
820848207,722,54,230,1006
820848208,873,81,335,1289
820848209,1032,82,409,1523
820848210,914,80,400,1394
820848211,784,87,281,1152
820848212,690,64,325,1079
820848213,1000,83,369,1452
820848214,688,46,356,1090
820848215,589,46,180,815
820848216,677,18,298,993
820848301,602,31,246,879
820848302,611,32,346,989
820848303,395,19,247,661
820848304,553,63,260,876
820848305,484,28,231,743
820848306,443,42,236,721
820848307,477,15,195,687
820848308,471,50,354,875
820848309,269,22,182,473
820848310,341,10,119,470
820848311,492,32,267,791
820848312,349,33,193,575
820848313,398,35,222,655
820848314,580,32,317,929
820848315,416,24,291,731
820848401,519,48,325,892
820848402,577,46,297,920
820848403,827,60,370,1257
820848404,942,74,408,1424
820848405,458,18,176,652
820848406,416,39,255,710
820848407,309,21,143,473
820848408,588,35,237,860
820848409,985,103,401,1489
820848410,984,69,405,1458
820848411,919,29,352,1300
820848412,977,68,440,1485
820848413,711,98,427,1236
820848414,551,48,303,902
820848415,472,29,134,635
820848416,116,5,90,211
820848501,993,102,459,1554
820848502,772,82,307,1161
820848503,556,41,283,880
820848504,492,71,202,765
820848505,390,34,197,621
820848506,329,33,178,540
820848507,481,36,216,733
820848508,400,32,230,662
820848509,488,44,272,804
820848510,766,49,353,1168
820848511,483,43,199,725
820848512,778,52,332,1162
820848513,635,45,322,1002
820848514,745,78,336,1159
820848515,523,50,234,807
820848516,375,52,251,678
820848601,413,45,269,727
820848602,684,44,383,1111
820848603,545,45,284,874
820848604,470,41,336,847
820848605,575,76,379,1030
820848606,844,56,374,1274
820848607,891,65,483,1439
820848608,498,52,288,838
820848609,678,61,278,1017
820848610,997,131,589,1717
820848611,515,67,280,862
820848701,147,12,105,264
820848702,398,24,239,661
820848703,433,27,201,661
820848704,551,46,282,879
820848705,482,47,199,728
820848706,809,67,411,1287
820848707,723,43,282,1048
820848708,679,50,408,1137
820848709,539,38,309,886
820848710,649,31,324,1004
820848711,350,46,193,589
820848712,397,50,215,662
820848713,456,55,263,774
820848714,363,25,213,601
820848715,355,20,176,551
820848801,642,63,364,1069
820848802,537,32,307,876
820848803,390,25,242,657
820848804,433,25,259,717
820848805,420,21,378,819
820848806,657,74,355,1086
820848807,714,108,435,1257
820848808,426,25,351,802
820848809,432,38,233,703
820848810,514,30,307,851
820848811,704,36,406,1146
820848812,690,43,272,1005
820848813,485,30,313,828
820848814,408,12,225,645
820848815,447,28,276,751
820848816,582,44,357,983
820848817,427,36,236,699
820848901,398,16,241,655
820848902,758,99,351,1208
820848903,867,86,454,1407
820848904,530,55,320,905
820848905,710,41,389,1140
820848906,338,16,227,581
820848907,468,21,187,676
820848908,254,24,130,408
820848909,663,90,374,1127
820848910,957,82,551,1590
820848911,1360,163,716,2239
820848912,1195,118,586,1899
820849001,303,16,124,443
820849002,991,46,384,1421
820849003,792,31,410,1233
820849004,470,16,244,730
820849005,312,8,186,506
820849006,156,6,85,247
820849007,940,45,364,1349
820849008,476,27,179,682
820849009,210,11,138,359
820849010,559,18,171,748
820849011,647,22,200,869
820849012,538,21,176,735
820849013,384,14,145,543
820849501,7,0,0,7
820910101,253,11,201,465
820910102,516,11,348,875
820910103,417,3,286,706
820910104,217,5,113,335
820910105,210,3,96,309
820910106,159,8,69,236
820910107,374,13,212,599
820910108,192,2,93,287
820910109,96,4,72,172
820910110,84,1,33,118
820910111,136,0,86,222
820910112,405,17,232,654
820910113,504,6,268,778
820910201,90,1,46,137
820910202,109,1,62,172
820910203,212,4,101,317
820910204,100,0,46,146
820910205,9,2,12,23
820910206,178,2,102,282
820910207,115,19,186,320
820910208,26,2,22,50
820910209,131,2,83,216
820910210,75,0,57,132
820910211,270,14,183,467
820910212,43,1,29,73
820910213,43,7,51,101
820910214,397,16,380,793
820910216,36,1,21,58
820910217,182,3,106,291
820910218,69,5,34,108
820910301,152,3,49,204
820910302,479,11,202,692
820910303,224,15,182,421
820910304,900,12,294,1206
820910305,442,2,99,543
820910306,723,9,183,915
820910307,220,2,53,275
820910308,402,9,245,656
820910309,272,7,185,464
820910310,546,14,312,872
820910311,255,8,158,421
820910312,783,22,423,1228
820910313,487,15,261,763
820910314,670,13,219,902
820910315,331,2,69,402
820910316,13,0,0,13
820910317,803,34,371,1208
820910318,611,28,236,875
820910319,417,12,202,631
820910320,308,25,252,585
820910321,588,9,225,822
820910322,721,14,282,1017
820910323,278,4,195,477
820910401,272,3,75,350
820910402,125,1,59,185
820910403,204,22,165,391
820910404,124,4,124,252
820910405,31,5,40,76
820910406,44,3,42,89
820910407,55,0,28,83
820910408,436,23,278,737
820910409,180,3,126,309
820910410,375,19,310,704
820910411,139,3,53,195
820910412,61,0,29,90
820910413,49,1,40,90
820910414,45,2,56,103
820910415,122,0,79,201
820910501,402,22,240,664
820910502,471,12,330,813
820910503,406,28,250,684
820910504,457,23,285,765
820910505,953,46,514,1513
820910506,460,14,291,765
820910507,1108,63,609,1780
820910508,790,32,489,1311
820910509,768,41,414,1223
820910510,121,5,78,204
820910511,225,13,109,347
820910512,286,20,179,485
820910513,459,43,313,815
820910601,704,36,488,1228
820910602,429,14,247,690
820910603,396,6,300,702
820910604,291,7,228,526
820910605,353,14,173,540
820910606,295,11,207,513
820910607,215,8,204,427
820910608,601,38,491,1130
820910609,382,27,364,773
820910610,574,50,388,1012
820910611,429,20,345,794
820910612,663,29,528,1220
820910613,295,16,185,496
820910614,313,10,193,516
820910615,239,17,167,423
820910616,209,11,157,377
820980101,36,0,30,66
820980102,16,0,25,41
820980103,17,0,5,22
820980104,28,1,28,57
820980105,53,0,39,92
820980106,21,0,26,47
820980107,25,0,12,37
820980108,120,17,141,278
820980109,11,2,17,30
820980110,43,2,37,82
820980111,45,1,55,101
820980112,62,3,54,119
820980113,353,23,257,633
820980114,477,51,419,947
820980115,34,0,35,69
820980116,30,0,72,102
820980117,67,9,63,139
820980118,523,19,439,981
820980119,417,19,323,759
820980120,354,10,226,590
820980121,564,40,463,1067
820980122,404,51,400,855
820980201,104,2,92,198
820980202,57,0,26,83
820980203,322,6,244,572
820980204,24,1,20,45
820980205,173,10,183,366
820980206,312,34,340,686
820980207,561,44,405,1010
820980301,25,7,7,39
820980302,195,5,189,389
820980303,1,2,18,21
820980304,163,2,154,319
820980305,58,8,90,156
820980306,59,2,63,124
820980307,21,1,13,35
820980308,61,5,67,133
820980309,36,3,61,100
820980310,226,12,236,474
820980311,772,37,411,1220
820980312,155,8,149,312
820980313,79,4,39,122
820980314,51,4,61,116
820980315,104,8,133,245
820980316,1167,68,884,2119
820980401,474,18,335,827
820980402,421,16,393,830
820980403,306,9,223,538
820980404,265,28,248,541
820980405,401,10,215,626
820980406,290,12,272,574
820980407,411,34,382,827
820980408,338,12,202,552
820980409,252,24,203,479
820980410,406,26,342,774
821050101,173,12,122,307
821050102,317,6,149,472
821050103,344,28,324,696
821050104,60,1,52,113
821050105,412,6,280,698
821050106,46,1,21,68
821050107,212,7,163,382
821050108,419,2,184,605
821050109,335,2,144,481
821050110,339,18,222,579
821050111,286,10,234,530
821050112,408,10,269,687
821050113,46,1,36,83
821050114,318,22,281,621
821050115,408,10,285,703
821050116,415,23,290,728
821050117,348,19,285,652
821050118,350,17,231,598
821050119,396,23,261,680
821050120,460,22,355,837
821050121,311,18,200,529
821050201,98,4,42,144
821050202,41,0,28,69
821050203,38,0,27,65
821050204,118,5,75,198
821050205,77,2,39,118
821050206,105,3,44,152
821050207,30,0,22,52
821050208,50,1,34,85
821050209,121,0,60,181
821050210,111,3,58,172
821050211,128,2,61,191
821050212,375,15,286,676
821050213,626,25,475,1126
821050214,658,21,350,1029
821050215,121,1,53,175
821050216,39,0,24,63
821050217,355,36,287,678
821050218,422,19,283,724
821050219,71,2,47,120
821050220,279,9,231,519
821050221,544,25,369,938
821050222,523,29,351,903
821050223,316,11,180,507
821050224,469,20,301,790
821050225,174,4,129,307
821050226,281,10,190,481
821050227,291,25,272,588
821050228,582,43,379,1004
821050229,294,16,200,510
821050230,337,8,236,581
821050231,479,17,262,758
821050301,958,29,576,1563
821050302,480,25,407,912
821050303,403,16,334,753
821050304,288,19,238,545
821050305,353,15,259,627
821050306,627,41,333,1001
821050307,320,12,227,559
821050308,498,40,442,980
821050309,24,1,24,49
821050310,778,56,430,1264
821050311,272,9,271,552
821050312,298,21,287,606
821050313,300,14,222,536
821050314,372,7,226,605
821050315,193,4,135,332
821050316,507,28,255,790
821050401,594,31,278,903
821050402,383,18,258,659
821050403,351,15,268,634
821050404,324,4,210,538
821050405,319,10,227,556
821050406,322,2,188,512
821050407,543,21,338,902
821050408,293,3,226,522
821050409,388,21,348,757
821050410,645,23,332,1000
821050411,309,13,243,565
821050412,578,15,327,920
821050413,512,23,350,885
821050414,691,36,392,1119
821050415,430,28,246,704
821050416,468,35,334,837
821050417,390,20,175,585
821050418,326,29,193,548
821050419,763,16,429,1208
821050420,356,20,247,623
821050501,63,5,50,118
821050502,424,28,388,840
821050503,248,9,213,470
821050504,219,19,136,374
821050505,366,18,308,692
821050506,422,41,316,779
821050507,166,5,154,325
821050508,439,22,318,779
821050509,277,19,209,505
821050510,45,0,23,68
821050511,410,27,313,750
821050512,377,15,226,618
821050513,594,27,377,998
821050514,492,31,362,885
821050515,294,5,228,527
821050516,317,25,252,594
821050517,260,6,249,515
821120101,169,23,222,414
821120102,63,5,68,136
821120103,411,20,344,775
821120104,256,1,209,466
821120105,391,13,282,686
821120106,80,3,42,125
821120107,101,4,45,150
821120108,326,12,241,579
821120201,21,1,18,40
821120202,47,1,46,94
821120203,433,15,232,680
821120204,176,20,158,354
821120205,188,3,212,403
821120206,126,4,125,255
821120207,190,21,208,419
821120208,275,5,277,557
821120209,694,31,409,1134
821120210,525,5,300,830
821120211,66,2,46,114
821120212,45,1,47,93
821120213,88,2,30,120
821120214,26,1,23,50
821120215,21,0,26,47
821120216,152,2,129,283
821120217,330,8,378,716
821120218,503,38,325,866
821120219,441,8,232,681
821120301,65,2,49,116
821120302,67,6,31,104
821120303,243,5,158,406
821120304,18,0,23,41
821120305,41,0,39,80
821120306,73,1,37,111
821120307,111,0,73,184
821120308,13,4,16,33
821120309,35,1,26,62
821120310,129,6,114,249
821120311,284,11,316,611
821120312,103,11,121,235
821120313,123,1,78,202
821120314,544,18,442,1004
821120315,27,0,20,47
821120316,442,12,262,716
821120401,790,45,445,1280
821120402,348,9,216,573
821120403,237,8,189,434
821120404,475,27,279,781
821120405,661,46,489,1196
821120406,576,40,372,988
821120407,461,24,325,810
821120408,396,18,334,748
821120409,340,11,257,608
821120410,438,13,359,810
821120411,244,7,240,491
821120412,632,33,417,1082
821120413,907,65,551,1523
821120414,404,18,235,657
821120415,631,9,426,1066
821120416,419,15,236,670
821120417,254,3,201,458
821120418,378,23,241,642
821120419,561,45,350,956
821190101,274,24,134,432
821190102,943,68,551,1562
821190103,63,1,34,98
821190104,412,26,226,664
821190105,704,75,461,1240
821190106,526,40,380,946
821190107,236,17,171,424
821190108,406,22,247,675
821190109,299,16,164,479
821190110,720,21,277,1018
821190111,396,27,238,661
821190112,75,2,51,128
821190113,16,2,15,33
821190114,1,0,1,2
821190115,66,0,35,101
821190116,59,2,43,104
821190117,695,45,374,1114
821190118,336,51,279,666
821190119,546,41,301,888
821190120,1491,137,981,2609
821190121,819,71,613,1503
821190122,474,31,245,750
821190201,494,36,397,927
821190202,686,77,367,1130
821190203,688,46,379,1113
821190204,508,37,265,810
821190205,551,30,376,957
821190206,564,17,310,891
821190207,292,11,159,462
821190208,362,13,166,541
821190209,317,25,212,554
821190301,96,8,58,162
821190302,780,51,483,1314
821190303,351,20,257,628
821190304,724,58,406,1188
821190305,383,16,170,569
821190306,509,32,288,829
821190307,286,26,200,512
821190308,978,69,611,1658
821190309,419,33,229,681
821190310,299,16,141,456
821190311,374,45,251,670
821190312,473,24,248,745
821190313,405,29,237,671
821190314,456,39,313,808
821190315,55,2,10,67
821190401,77,8,24,109
821190402,457,46,265,768
821190403,509,61,343,913
821190404,456,45,298,799
821190405,87,5,75,167
821190406,429,33,326,788
821190407,570,44,350,964
821190408,554,43,376,973
821190409,758,56,444,1258
821190410,554,29,291,874
821190411,149,10,90,249
821190412,442,43,290,775
821190413,597,62,401,1060
821190414,824,84,558,1466
821190415,615,80,431,1126
821190416,453,41,300,794
821190417,693,67,520,1280
821190418,337,10,206,553
821190419,490,24,336,850
821190420,436,29,307,772
821190422,519,48,283,850
821190423,393,17,216,626
821190424,451,35,311,797
821190425,367,33,262,662
821190426,444,45,331,820
821190501,66,0,40,106
821190502,629,20,356,1005
821190503,666,35,429,1130
821190504,120,10,57,187
821190505,2,0,0,2
821190506,139,6,34,179
821190507,782,53,411,1246
821190508,449,45,293,787
821190509,400,14,201,615
821190510,704,35,379,1118
821190511,544,28,281,853
821190512,372,14,186,572
821190513,437,14,223,674
821190514,581,22,355,958
821190515,908,40,446,1394
821190516,190,9,73,272
821190517,332,13,137,482
821190518,383,12,122,517
821190519,657,31,236,924
821190601,175,2,99,276
821190602,328,12,318,658
821190603,802,18,481,1301
821190604,369,15,301,685
821190605,36,2,18,56
821190606,302,19,214,535
821190607,22,0,15,37
821190608,729,45,515,1289
821190609,556,17,434,1007
821190610,80,6,37,123
821190611,463,16,332,811
821190612,544,30,363,937
821190613,25,1,18,44
821190614,509,31,326,866
821190701,554,82,387,1023
821190702,653,95,356,1104
821190703,600,54,352,1006
821190704,507,22,287,816
821190705,640,48,417,1105
821190706,485,14,305,804
821190707,245,5,207,457
821190708,435,35,262,732
821190709,418,30,299,747
821190710,394,27,308,729
821190711,320,12,160,492
821190712,442,17,246,705
821190713,151,7,84,242
821190714,355,27,261,643
821190715,773,57,541,1371
821190716,586,83,342,1011
821190801,464,58,301,823
821190802,709,42,456,1207
821190803,488,36,348,872
821190804,436,28,315,779
821190805,837,75,507,1419
821190806,287,17,192,496
821190807,574,43,302,919
821190808,566,32,326,924
821190809,385,18,256,659
821190810,432,29,326,787
821190811,297,47,244,588
821190812,220,14,207,441
821190813,466,52,310,828
821190814,637,50,357,1044
821190815,567,73,339,979
821190816,455,34,265,754
821190817,81,5,61,147
821190818,347,20,241,608
821190901,27,14,21,62
821190902,332,55,258,645
821190903,446,37,248,731
821190904,376,32,242,650
821190905,305,33,229,567
821190906,733,72,463,1268
821190907,397,36,253,686
821190908,365,15,183,563
821190909,356,17,239,612
821190910,228,14,162,404
821190911,257,17,184,458
821190912,327,32,206,565
821190913,717,92,526,1335
821190914,51,3,48,102
821191001,342,4,209,555
821191002,306,8,207,521
821191003,357,7,162,526
821191004,414,38,258,710
821191005,409,34,226,669
821191006,457,45,216,718
821191007,665,53,361,1079
821191008,361,12,261,634
821191009,345,8,231,584
821191010,222,8,150,380
821191011,418,22,224,664
821191012,487,35,295,817
821191013,478,22,244,744
821191014,280,23,148,451
821199301,27,1,21,49
821199401,5,1,3,9
821199402,5,0,3,8
821199403,7,0,1,8
821199601,4,0,0,4
821199701,4,0,0,4
821260101,288,1,202,491
821260102,90,5,85,180
821260103,223,4,96,323
821260104,414,5,291,710
821260105,195,7,110,312
821260106,538,11,361,910
821260107,507,19,285,811
821260108,538,10,368,916
821260109,319,7,167,493
821260110,373,8,201,582
821260111,80,1,38,119
821260112,173,5,62,240
821260113,126,1,59,186
821260114,276,7,221,504
821260201,608,24,291,923
821260202,507,8,203,718
821260203,22,2,28,52
821260204,148,0,49,197
821260205,74,2,37,113
821260206,302,8,221,531
821260207,620,27,332,979
821260208,730,12,328,1070
821260209,495,5,270,770
821260210,708,27,375,1110
821260211,72,2,19,93
821260212,112,1,25,138
821260213,114,1,43,158
821260214,51,2,30,83
821260215,188,1,82,271
821260216,69,2,35,106
821260217,574,6,318,898
821260301,130,4,86,220
821260302,543,3,274,820
821260303,501,12,337,850
821260304,577,11,321,909
821260305,220,12,81,313
821260306,169,9,46,224
821260307,537,25,330,892
821260308,286,21,137,444
821260309,553,14,303,870
821260310,344,11,204,559
821260311,457,16,345,818
821260312,314,15,215,544
821260313,736,39,357,1132
821260314,556,19,261,836
821260315,392,3,239,634
821260316,240,6,172,418
821260317,712,21,331,1064
821260318,362,5,195,562
821260319,591,30,271,892
821260401,614,12,383,1009
821260402,120,1,67,188
821260403,109,1,47,157
821260404,528,17,410,955
821260405,472,24,273,769
821260406,561,12,348,921
821260407,371,12,124,507
821260408,410,5,245,660
821260409,867,28,358,1253
821260410,317,19,250,586
821260411,771,20,359,1150
821260501,300,9,206,515
821260502,495,21,220,736
821260503,606,9,329,944
821260504,392,12,260,664
821260505,409,8,255,672
821260506,869,49,474,1392
821260507,385,10,223,618
821260508,341,11,225,577
821260509,540,22,271,833
821260510,506,12,248,766
821260511,536,13,341,890
821260512,544,12,324,880
821260513,408,9,203,620
821260514,446,16,275,737
821260515,561,27,254,842
821260516,570,23,305,898
821260517,656,37,341,1034
821330101,19,0,26,45
821330102,49,0,34,83
821330103,18,0,4,22
821330104,26,1,13,40
821330105,44,0,22,66
821330106,4,0,3,7
821330107,95,2,51,148
821330108,43,1,20,64
821330109,3,0,1,4
821330110,0,0,0,0
821330201,243,76,378,697
821330202,28,2,21,51
821330203,10,0,3,13
821330204,184,8,164,356
821330205,2,0,11,13
821330206,127,1,71,199
821330207,46,2,39,87
821330208,5,0,5,10
821330209,69,5,167,241
821330210,9,1,6,16
821330211,62,3,60,125
821330212,508,24,616,1148
821330213,338,14,329,681
821330214,46,2,46,94
821330215,69,2,67,138
821330216,44,0,34,78
821330217,21,0,11,32
821330218,30,2,37,69
821330219,262,18,400,680
821330220,4,0,5,9
821330301,7,0,5,12
821330302,0,0,0,0
821330303,97,3,52,152
821330304,20,0,10,30
821330305,14,0,18,32
821330306,1,0,0,1
821330307,49,3,21,73
821330308,61,4,67,132
821330309,17,1,15,33
821330310,43,0,75,118
821330311,145,9,146,300
821330312,55,3,120,178
821330313,575,115,634,1324
821330314,62,6,105,173
821330315,18,0,28,46
821330316,16,1,40,57
821330317,16,2,31,49
821330318,44,3,55,102
821330401,488,39,469,996
821330402,490,30,337,857
821330403,316,28,291,635
821330404,497,43,416,956
821330405,424,17,347,788
821330406,380,25,351,756
821330407,281,11,235,527
821330408,213,8,143,364
821330409,337,29,363,729
821330410,519,40,488,1047
821330411,306,7,258,571
821330412,461,24,363,848
821330413,404,32,343,779
821330414,349,22,325,696
821330415,705,67,665,1437
821330416,323,28,419,770
821330417,525,20,404,949
821330501,39,4,80,123
821330502,25,0,31,56
821330503,15,2,8,25
821330504,92,2,167,261
821330505,43,1,128,172
821330506,1,0,6,7
821330507,6,0,3,9
821330508,12,0,7,19
821330509,37,5,99,141
821330510,16,0,13,29
821330511,48,22,131,201
821330512,25,0,21,46
821330513,14,0,5,19
821330514,40,0,48,88
821330515,18,2,29,49
821330516,18,0,13,31
821330517,149,3,132,284
821330518,76,1,51,128
821330519,0,0,0,0
821330520,20,0,13,33
821330521,0,0,0,0
821330522,56,0,34,90
821330523,28,0,38,66
821330524,39,0,26,65
821330525,51,0,21,72
821330526,16,0,6,22
821330527,23,0,21,44
821330528,55,1,94,150
821330529,11,0,5,16
821330530,20,0,11,31
821330531,16,0,15,31
821330532,19,0,10,29
821330533,422,27,389,838
821330534,315,10,281,606
821330601,10,0,14,24
821330602,104,3,128,235
821330603,159,16,100,275
821330604,625,41,564,1230
821330605,471,40,536,1047
821330606,15,0,10,25
821330607,7,0,7,14
821330608,148,9,93,250
821330609,16,0,12,28
821330610,28,6,28,62
821330611,11,0,2,13
821330612,16,1,11,28
821330613,23,0,14,37
821330614,46,3,36,85
821330615,14,0,8,22
821330616,7,0,4,11
821330617,320,30,364,714
821330618,395,74,361,830
821330619,800,92,678,1570
821330620,596,101,590,1287
821330621,330,14,284,628
821330622,44,0,17,61
821330623,31,1,21,53
821330624,19,3,12,34
821330625,17,0,8,25
821330626,18,0,22,40
821330627,19,4,11,34
821330628,16,2,5,23
821330629,640,82,628,1350
821330630,322,27,299,648
821330631,326,28,280,634
860070101,44,2,51,97
860070102,70,5,140,215
860070103,169,21,153,343
860070104,124,3,213,340
860070105,283,19,220,522
860070106,549,20,407,976
860070107,484,60,418,962
860070108,376,6,320,702
860070201,12,0,5,17
860070202,32,1,45,78
860070203,57,4,38,99
860070204,8,0,5,13
860070205,12,0,2,14
860070206,449,25,282,756
860070301,20,0,0,20
860070302,33,0,15,48
860070303,30,1,30,61
860070304,28,0,52,80
860140101,232,15,448,695
860140102,37,0,170,207
860140103,34,15,242,291
860140201,59,0,95,154
860140202,270,5,186,461
860140203,56,0,73,129
860140301,93,0,62,155
860140302,19,2,1,22
860140401,40,0,9,49
860140402,88,0,61,149
860140501,63,0,38,101
860140502,400,4,295,699
860140503,382,8,272,662
860140504,372,7,363,742
860140601,9,0,46,55
860140602,77,0,102,179
860140603,145,2,218,365
860140701,3,0,1,4
860140702,283,47,424,754
860140703,491,15,519,1025
860140704,633,10,402,1045
860140705,492,27,369,888
860140706,524,12,435,971
860140801,83,2,84,169
860140802,71,1,41,113
860140901,145,9,299,453
860140902,55,15,145,215
860140903,43,0,134,177
860210101,18,4,61,83
860210102,26,10,123,159
860210103,113,14,260,387
860210104,95,15,195,305
860210105,19,6,73,98
860210201,189,17,875,1081
860210202,159,87,735,981
860210203,14,3,84,101
860210204,107,20,430,557
860210205,49,3,192,244
860210206,137,11,260,408
860210207,279,18,380,677
860210208,402,18,314,734
860210209,291,21,439,751
860210301,26,13,119,158
860210302,14,2,100,116
860210303,3,1,40,44
860210304,10,3,87,100
860210305,3,3,20,26
860210306,8,2,64,74
860280101,114,4,178,296
860280102,91,3,154,248
860280103,21,14,129,164
860280104,32,0,156,188
860280201,58,0,84,142
860280202,31,3,56,90
860280203,95,14,214,323
860280204,25,4,106,135
860280205,38,20,146,204
860280206,207,11,333,551
860280207,339,9,471,819
860280301,160,11,298,469
860280302,183,5,194,382
860280303,75,14,122,211
860280304,345,16,331,692
860280305,241,13,305,559
860280401,122,0,152,274
860280402,92,2,83,177
860280403,283,22,273,578
860280404,152,42,166,360
860280405,119,8,195,322
860280406,250,21,430,701
860280407,327,25,278,630
860280408,557,74,526,1157
860280409,560,45,427,1032
860280410,385,10,326,721
860280501,169,8,257,434
860280502,110,2,271,383
860280503,92,19,196,307
860280504,384,19,518,921
860350101,61,1,115,177
860350102,82,9,133,224
860350201,67,1,81,149
860350202,35,1,61,97
860350203,214,0,232,446
860350301,56,2,49,107
860350302,21,1,26,48
860350303,62,1,66,129
860350401,199,3,192,394
860350402,216,0,183,399
860350501,71,5,257,333
860350502,81,6,217,304
860350503,27,0,168,195
860350601,242,49,489,780
860350602,122,24,401,547
860350701,68,5,186,259
860350702,138,4,243,385
860350703,166,2,156,324
860350704,368,32,439,839
860350705,88,2,133,223
860350706,116,9,165,290
860350707,297,20,412,729
860350801,138,3,110,251
860350802,81,3,62,146
860350803,328,6,320,654
860350804,442,22,361,825
860350805,524,57,570,1151
860350806,361,16,383,760
860350807,613,31,671,1315
860350808,378,29,333,740
860350809,330,25,479,834
860350810,673,37,638,1348
860350901,286,2,167,455
860350902,179,1,97,277
860351001,556,21,616,1193
860351002,276,9,294,579
860351003,78,1,74,153
860351004,284,10,218,512
860351005,207,5,139,351
860351101,519,41,311,871
860351102,277,24,282,583
860351103,93,2,87,182
860351104,125,9,100,234
860351105,65,3,54,122
860351106,232,27,158,417
860351107,812,90,640,1542
860351108,812,52,328,1192
860351109,781,53,385,1219
860351110,1,0,0,1
860351111,138,12,59,209
860351112,494,27,197,718
860351113,680,32,249,961
860351114,482,20,304,806
860351201,146,11,131,288
860351202,278,7,211,496
860351203,353,9,252,614
860351204,220,4,204,428
860351205,727,25,344,1096
860351206,383,21,263,667
860351207,915,49,403,1367
860351208,623,45,331,999
860351209,518,39,188,745
860351210,472,31,237,740
860351211,540,52,262,854
860351213,486,51,354,891
860351214,794,102,403,1299
860351215,490,20,320,830
860351216,416,30,158,604
860351217,437,39,242,718
860351218,419,39,252,710
860351219,754,38,622,1414
860351220,527,62,263,852
860351221,60,2,27,89
860351301,564,31,272,867
860351302,562,54,374,990
860351303,765,72,455,1292
860351304,365,32,259,656
860351305,287,20,200,507
860351306,376,9,293,678
860351307,720,76,485,1281
860351308,921,77,430,1428
860351309,465,27,319,811
860351310,429,84,319,832
860351311,469,29,220,718
860351312,481,71,310,862
860351313,527,36,406,969
860351314,561,50,302,913
860351315,579,40,363,982
860351316,479,64,431,974
860351317,410,29,286,725
860351318,466,36,402,904
860351319,630,34,290,954
860351401,785,36,500,1321
860351402,496,26,326,848
860351403,689,52,568,1309
860351404,550,31,442,1023
860351405,716,78,425,1219
860351406,468,42,328,838
860351407,366,24,317,707
860351408,562,54,359,975
860351409,442,51,320,813
860351410,417,25,317,759
860351411,341,15,270,626
860351412,555,37,330,922
860351413,417,23,264,704
860351414,786,65,543,1394
860351415,462,31,369,862
860351416,518,17,187,722
860351501,393,29,267,689
860351502,488,30,332,850
860351503,429,23,300,752
860351504,680,27,466,1173
860351505,464,16,316,796
860351506,648,51,518,1217
860351507,433,16,307,756
860351508,243,12,137,392
860351509,391,20,296,707
860351510,662,42,402,1106
860351511,742,72,445,1259
860351512,391,31,237,659
860351513,483,55,448,986
860351514,496,50,352,898
860351515,612,28,280,920
860351516,594,47,292,933
860351517,466,24,281,771
860351601,301,18,184,503
860351602,322,15,218,555
860351603,395,26,320,741
860351604,643,31,431,1105
860351605,449,29,283,761
860351606,343,14,200,557
860351607,535,39,391,965
860351608,406,17,338,761
860351609,703,34,416,1153
860351610,654,35,386,1075
860351611,473,43,280,796
860351612,721,47,439,1207
860351613,463,35,280,778
860420101,109,2,106,217
860420102,23,0,12,35
860420103,37,1,8,46
860420201,18,1,9,28
860420202,498,23,250,771
860420203,26,2,26,54
860420204,9,0,11,20
860420205,322,12,294,628
860420206,665,14,462,1141
860420207,632,9,412,1053
860420208,595,11,299,905
860420209,532,13,390,935
860420301,179,9,84,272
860420302,23,0,14,37
860420303,47,1,27,75
860420304,44,0,7,51
860420305,130,2,194,326
860490101,170,12,369,551
860490102,170,25,279,474
860490103,39,3,159,201
860490201,441,21,563,1025
860490202,822,46,648,1516
860490301,27,1,12,40
860490302,18,0,12,30
860490303,660,41,276,977
860490304,520,34,256,810
860490305,614,46,320,980
860490306,613,31,381,1025
860490307,512,39,304,855
860490308,390,28,216,634
860490309,534,39,293,866
860490310,362,20,211,593
860490311,487,37,203,727
860490312,360,18,203,581
860490313,233,9,96,338
860490314,663,36,202,901
860490401,54,9,142,205
860490402,137,2,250,389
860490403,49,0,81,130
860490404,30,1,76,107
860490501,1196,56,919,2171
860490502,1009,75,526,1610
860490503,454,23,298,775
860490504,563,30,310,903
860490505,393,34,125,552
860490506,544,17,300,861
860490507,499,37,257,793
860490508,494,13,273,780
860490509,778,50,473,1301
860490510,237,16,130,383
860490511,596,31,213,840
860490512,689,53,333,1075
860490513,450,88,391,929
860490514,680,61,331,1072
860490515,494,33,249,776
860490516,718,42,483,1243
860490517,398,22,218,638
860490518,541,26,186,753
860490519,595,31,217,843
860490520,498,30,250,778
860490521,372,14,103,489
860490522,527,54,260,841
860490523,231,4,36,271
860490601,110,9,139,258
860490602,25,2,136,163
860490801,624,31,309,964
860490802,414,21,276,711
860490803,259,37,243,539
860490804,268,17,239,524
860490805,339,18,172,529
860490806,226,14,156,396
860490807,314,25,219,558
860490808,291,38,166,495
860490809,402,35,263,700
860490810,460,28,353,841
860490811,318,25,183,526
860490812,633,61,449,1143
860490813,548,15,224,787
860490814,334,32,280,646
860490815,408,55,331,794
860490816,408,49,259,716
860490817,698,59,434,1191
860490818,397,47,215,659
860490819,423,19,278,720
860490901,498,27,360,885
860490902,388,31,280,699
860490903,380,21,209,610
860490904,475,26,289,790
860490905,375,11,230,616
860490906,321,10,200,531
860490907,262,13,133,408
860490908,271,6,132,409
860490909,384,10,223,617
860490910,169,5,90,264
860490911,199,8,128,335
860490912,257,13,113,383
860490913,334,17,149,500
860490914,351,6,154,511
860490915,407,20,278,705
860490916,381,15,225,621
860490917,467,23,301,791
860490918,520,14,257,791
860490919,421,28,215,664
860490920,190,5,87,282
860490921,289,4,145,438
860490922,250,11,130,391
860491001,639,36,436,1111
860491002,411,21,238,670
860491003,951,83,494,1528
860491004,515,42,316,873
860491005,530,34,351,915
860491006,684,67,377,1128
860491007,690,47,471,1208
860491008,549,28,243,820
860491009,448,28,272,748
860491010,316,18,199,533
860491011,321,12,225,558
860491012,505,49,250,804
860491013,247,17,171,435
860491014,289,6,206,501
860491015,446,23,258,727
860491016,469,29,310,808
860491017,796,57,452,1305
860491018,544,39,442,1025
860491019,728,54,316,1098
860491020,525,38,331,894
860491101,658,34,418,1110
860491102,662,23,293,978
860491103,656,20,386,1062
860491104,422,19,250,691
860491105,455,18,282,755
860491106,657,46,412,1115
860491107,518,14,184,716
860491108,540,49,221,810
860491109,712,17,306,1035
860491110,463,25,248,736
860491111,569,24,337,930
860491112,647,36,440,1123
860491113,657,74,460,1191
860491114,580,52,415,1047
860491115,613,45,250,908
860491201,338,20,166,524
860491202,368,30,270,668
860491203,527,21,223,771
860491204,485,27,235,747
860491205,365,20,261,646
860491206,508,32,300,840
860491207,440,27,199,666
860491208,649,34,294,977
860491209,462,35,184,681
860491210,652,49,390,1091
860491211,371,17,169,557
860491212,354,26,195,575
860491213,487,47,276,810
860491214,459,29,201,689
860491215,445,27,342,814
860491216,487,56,354,897
860491217,528,63,322,913
860491218,380,26,290,696
860491219,418,20,180,618
860491220,378,43,221,642
860491301,450,15,212,677
860491302,319,12,146,477
860491303,364,12,211,587
860491304,485,15,354,854
860491305,518,19,298,835
860491306,437,18,339,794
860491307,465,54,254,773
860491308,392,54,238,684
860491309,587,45,381,1013
860491310,453,25,310,788
860491311,414,30,249,693
860491312,294,9,229,532
860491313,194,11,141,346
860491314,310,11,149,470
860491401,322,31,179,532
860491402,451,28,323,802
860491403,570,39,370,979
860491404,438,18,276,732
860491405,440,39,330,809
860491406,489,60,315,864
860491407,404,26,287,717
860491408,299,38,306,643
860491409,308,11,172,491
860491410,426,48,344,818
860491411,468,27,273,768
860491412,636,46,348,1030
860491413,435,20,262,717
860491414,387,11,280,678
860491415,598,31,343,972
860491501,499,44,352,895
860491502,438,43,290,771
860491503,589,43,362,994
860491504,534,34,254,822
860491505,344,42,223,609
860491506,659,36,357,1052
860491507,504,35,202,741
860491508,788,84,404,1276
860491509,572,26,299,897
860491510,483,27,360,870
860491511,489,22,220,731
860491512,630,65,314,1009
860491513,402,20,90,512
860491514,735,42,329,1106
860491515,423,75,194,692
860491601,697,33,394,1124
860491602,682,62,435,1179
860491603,547,69,332,948
860491604,592,40,398,1030
860491605,679,54,408,1141
860491606,500,46,248,794
860491607,618,51,371,1040
860491608,428,23,310,761
860491609,437,20,283,740
860491610,617,45,343,1005
860491611,366,8,199,573
860491612,563,29,262,854
860491613,709,59,289,1057
860491614,318,38,191,547
860491615,566,30,372,968
860491616,481,36,167,684
860491701,275,42,204,521
860491702,422,12,218,652
860491703,511,23,263,797
860491704,540,29,371,940
860491705,604,31,266,901
860491706,623,59,220,902
860491707,659,55,339,1053
860491708,483,43,199,725
860491709,646,45,416,1107
860491710,616,77,341,1034
860491711,573,65,302,940
860491712,838,102,501,1441
860491713,626,47,316,989
860491714,530,57,409,996
860491715,622,37,253,912
860491716,460,73,272,805
860491717,440,31,354,825
860491718,519,53,345,917
860491801,492,26,256,774
860491802,647,68,316,1031
860491803,598,42,286,926
860491804,601,52,443,1096
860491805,602,50,362,1014
860491806,394,13,149,556
860491807,608,43,242,893
860491808,503,45,251,799
860491809,628,22,201,851
860491810,540,22,339,901
860491811,360,34,264,658
860491812,133,9,93,235
860491813,409,9,108,526
860491814,402,12,221,635
860491815,585,81,317,983
860491816,521,32,312,865
860491817,617,66,319,1002
860491901,394,21,128,543
860491902,692,39,216,947
860491903,665,49,240,954
860491904,619,46,157,822
860491905,600,38,173,811
860491906,668,46,192,906
860491907,453,64,114,631
860491908,599,31,216,846
860491909,464,33,155,652
860491910,89,12,45,146
860491911,494,32,173,699
860491912,514,42,198,754
860491913,292,25,80,397
860491914,531,34,174,739
860491915,293,26,100,419
860491916,537,48,327,912
860560101,214,7,302,523
860560102,510,34,440,984
860560103,298,18,338,654
860560104,522,12,396,930
860560201,95,0,53,148
860560202,212,6,193,411
860560203,250,1,204,455
860560204,172,2,66,240
860560205,157,0,132,289
860560206,85,0,80,165
860560301,92,0,56,148
860560302,108,2,69,179
860560303,151,11,217,379
860560304,149,17,113,279
860560305,118,0,71,189
860560306,565,24,545,1134
860560307,469,28,497,994
860560308,368,9,490,867
860560309,292,17,380,689
860560310,319,4,317,640
860560311,382,15,317,714
860560312,751,11,585,1347
860560313,232,9,255,496
860560314,225,10,373,608
860560315,410,6,359,775
860560401,132,1,30,163
860560402,219,6,88,313
860560403,112,2,69,183
860560404,211,5,188,404
860560405,396,16,573,985
860560501,541,4,552,1097
860560502,364,11,343,718
860560503,351,8,323,682
860560504,400,21,324,745
860560505,410,18,324,752
860630101,18,1,5,24
860630102,87,2,334,423
860630103,202,18,282,502
860630104,80,21,175,276
860630105,58,6,36,100
860630106,290,26,239,555
860630201,122,12,215,349
860630202,84,1,98,183
860630203,126,2,84,212
860630204,35,3,36,74
860630205,352,23,449,824
860630301,100,11,142,253
860630302,47,0,60,107
860630303,337,27,370,734
860630401,12,2,63,77
860630402,31,0,78,109
860630403,289,15,168,472
860630501,99,1,87,187
860630502,74,0,39,113
860630601,280,21,165,466
860630602,422,47,348,817
860630603,237,8,119,364
860630604,321,34,162,517
860630605,541,25,261,827
860630606,365,32,255,652
860630607,361,26,294,681
860630608,427,22,217,666
860630609,418,22,286,726
860630610,409,17,329,755
860630611,416,19,357,792
860630612,360,35,319,714
860630613,385,34,312,731
860630614,416,10,256,682
860630615,287,10,248,545
860630701,0,0,0,0
860630702,0,0,0,0
860630703,0,0,0,0
860630801,528,56,414,998
860630802,369,38,269,676
860630803,211,14,168,393
860630804,308,22,206,536
860630805,342,21,199,562
860630806,408,18,288,714
860630807,395,25,222,642
860630808,360,12,265,637
860630809,220,10,140,370
860630810,422,11,336,769
860630811,459,23,291,773
860630812,317,24,223,564
860630813,435,16,385,836
860630814,274,5,251,530
860630815,474,38,386,898
860700101,120,13,239,372
860700102,100,4,289,393
860700103,130,1,310,441
860700104,135,14,368,517
860700201,306,15,501,822
860700202,419,15,852,1286
860700203,262,7,306,575
860700301,15,0,100,115
860700302,95,4,316,415
860700401,761,57,1128,1946
860700402,286,8,548,842
860700403,180,6,304,490
860700501,101,2,305,408
860700502,174,4,243,421
860700503,253,4,397,654
860700504,45,0,62,107
860700505,153,4,208,365
860700601,85,6,126,217
860700602,66,1,167,234
860700603,573,29,508,1110
860770101,399,8,506,913
860770102,137,42,412,591
860770103,368,13,355,736
860770201,203,1,166,370
860770202,727,28,683,1438
860770203,292,11,327,630
860770204,94,44,144,282
860770205,535,30,402,967
860770206,395,24,329,748
860770207,346,18,263,627
860770301,237,55,323,615
860770302,257,13,282,552
860770303,92,1,68,161
860770401,69,1,77,147
860770402,199,11,218,428
860770403,220,3,216,439
860770404,38,1,104,143
860770405,316,13,344,673
860770501,283,20,320,623
860770502,461,37,380,878
860770503,293,55,207,555
860770504,273,27,343,643
860770505,492,48,371,911
860770506,328,12,301,641
860770507,257,34,249,540
860770508,528,19,332,879
860770509,230,15,231,476
860770510,239,14,178,431
860770511,250,17,292,559
860770512,327,24,286,637
860770601,227,5,266,498
860770602,334,21,213,568
860770603,281,24,248,553
860770604,291,7,231,529
860770605,289,48,236,573
860770606,273,19,201,493
860770607,238,12,210,460
860770608,488,20,494,1002
860770609,316,56,263,635
860770610,345,39,352,736
860770611,334,19,362,715
860770612,321,22,353,696
860840101,33,0,39,72
860840102,133,15,205,353
860840103,3,0,68,71
860840201,113,6,196,315
860840202,38,9,96,143
860840301,270,24,320,614
860840302,37,2,114,153
860840303,110,7,153,270
860840304,107,13,124,244
860840305,68,8,155,231
860840401,48,14,89,151
860840402,5,0,42,47
860840403,63,1,21,85
860840404,27,1,28,56
860840405,77,3,124,204
860840406,269,9,239,517
860840407,268,20,408,696
860840408,299,37,317,653
860840409,246,17,251,514
860910101,117,12,224,353
860910102,43,0,58,101
860910103,129,8,249,386
860910104,72,5,163,240
860910105,481,37,515,1033
860910106,202,28,309,539
860910107,140,7,151,298
860910108,23,0,12,35
860910109,458,17,473,948
860910201,47,5,109,161
860910202,14,1,36,51
860910203,106,3,115,224
860910204,10,0,7,17
860910301,32,6,110,148
860910302,20,0,47,67
860910401,55,3,63,121
860910402,48,5,113,166
860910403,126,6,218,350
860910404,129,8,289,426
860910405,167,5,332,504
860910406,359,22,672,1053
860910407,144,35,374,553
860910408,12,5,103,120
860910409,27,0,56,83
860910410,403,35,525,963
860910411,351,29,522,902
860980101,68,1,128,197
860980102,22,2,15,39
860980103,150,0,177,327
860980104,44,2,39,85
860980105,37,1,61,99
860980106,15,0,50,65
860980107,9,2,15,26
860980108,486,20,619,1125
860980109,1062,3,397,1462
860980110,467,19,431,917
860980111,294,24,473,791
860980112,246,11,340,597
860980201,116,7,219,342
860980202,23,0,7,30
860980203,28,1,69,98
860980204,34,1,76,111
860980205,272,5,406,683
860980301,99,4,76,179
860980302,94,0,34,128
860980303,19,0,6,25
860980304,29,0,9,38
860980305,568,8,486,1062
860980401,297,5,318,620
860980402,143,1,261,405
860980403,134,10,268,412
860980501,87,1,80,168
860980502,225,12,336,573
860980503,305,48,400,753
860980601,32,0,32,64
860980602,121,0,27,148
860980603,35,0,8,43
860980701,34,1,71,106
860980702,14,1,31,46
860980703,11,1,9,21
861050101,527,33,980,1540
861050102,104,6,51,161
861050201,390,31,345,766
861050202,52,1,99,152
861050203,121,30,861,1012
861050204,245,39,851,1135
861050205,389,18,396,803
861050206,419,15,412,846
861050207,486,22,544,1052
861050208,437,6,445,888
861050209,515,22,492,1029
861050210,501,29,492,1022
861050211,348,18,406,772
861050212,412,27,440,879
861050301,122,47,694,863
861050302,63,10,336,409
861050303,82,20,168,270
861120101,75,1,36,112
861120102,52,5,127,184
861120103,64,0,42,106
861120104,8,1,81,90
861120105,42,0,71,113
861120201,54,0,109,163
861120202,30,0,28,58
861120203,172,13,155,340
861120302,21,0,114,135
861190101,518,7,604,1129
861190102,631,23,721,1375
861190103,517,16,441,974
861190104,734,44,639,1417
861190201,120,1,185,306
861190202,82,0,15,97
861190203,73,1,107,181
861190301,253,1,146,400
861190302,95,0,83,178
861190303,117,1,165,283
861190304,33,0,56,89
861190401,173,11,111,295
861190402,30,0,31,61
861190403,62,0,54,116
861190404,556,8,362,926
861190405,176,8,201,385
861190406,749,41,596,1386
861190407,553,19,309,881
861190408,697,23,404,1124
861190409,683,8,423,1114
861190410,648,21,415,1084
861190411,383,28,303,714
861190412,591,15,466,1072
861190413,840,23,492,1355
861190414,583,12,353,948
861190415,261,0,518,779
861190501,392,1,424,817
861190502,532,12,526,1070
861190503,196,11,197,404
861260101,50,2,55,107
861260102,15,0,4,19
861260201,203,4,254,461
861260202,61,1,42,104
861260203,115,2,213,330
861260204,38,5,210,253
861260301,205,7,324,536
861260302,76,3,166,245
861260303,31,9,148,188
861260304,29,0,40,69
861260305,74,2,92,168
861260306,23,1,54,78
861260307,352,13,404,769
861260308,450,14,378,842
861260309,642,21,466,1129
861260310,623,36,550,1209
861260311,427,10,303,740
861260312,490,18,370,878
861260313,399,24,368,791
861260401,101,0,109,210
861260402,42,2,179,223
861260403,106,3,244,353
861260404,38,0,32,70
861330101,76,3,92,171
861330102,68,12,174,254
861330103,109,30,259,398
861330201,83,4,285,372
861330202,44,6,135,185
861330203,260,3,356,619
861330204,152,3,281,436
861330205,428,58,483,969
861330301,198,4,191,393
861330302,50,15,134,199
861330303,161,8,174,343
861330304,22,1,48,71
861330305,30,2,74,106
861330401,32,1,123,156
861330402,16,0,113,129
861330403,446,15,432,893
861330404,324,14,502,840
861330405,19,4,106,129
861330406,132,5,306,443
861330407,272,13,222,507
861330408,290,6,261,557
861330409,346,11,244,601
861330410,636,49,596,1281
861330501,16,1,16,33
861330502,23,0,27,50
861330503,29,12,67,108
861330504,133,21,148,302
861330505,373,42,455,870
861330601,55,6,105,166
861330602,78,7,76,161
861330603,97,2,120,219
861330701,266,4,324,594
861330702,99,1,227,327
861330801,91,4,92,187
861330802,241,9,378,628
861400101,48,5,199,252
861400102,30,0,93,123
861400103,109,12,404,525
861400104,70,2,125,197
861400105,124,5,195,324
861400201,125,6,140,271
861400202,93,1,97,191
861400203,46,4,123,173
861400204,87,3,257,347
861400205,257,8,213,478
861400206,580,17,310,907
861400207,300,29,262,591
861400208,351,14,220,585
861400209,382,14,337,733
861400210,325,5,264,594
861400301,162,4,205,371
861400302,67,25,99,191
861400303,141,7,230,378
861470101,171,15,173,359
861470102,249,18,556,823
861470103,260,29,671,960
861470104,96,15,339,450
861470201,137,18,389,544
861470202,348,23,792,1163
861470301,953,173,1441,2567
861470302,220,28,194,442
861470401,532,131,1102,1765
861470402,161,10,188,359
861470403,172,22,328,522
861470501,151,15,387,553
861470502,344,16,430,790
861470503,61,12,286,359
861470504,132,10,246,388
861470601,154,5,249,408
861470602,94,9,242,345
861470603,140,9,280,429
861470701,20,1,98,119
861470702,69,8,130,207
861470703,110,3,486,599
861470704,140,28,449,617
861470705,84,22,166,272
861470706,131,25,271,427
861470801,469,34,380,883
861470802,448,31,428,907
861470803,461,61,312,834
861470804,239,17,206,462
861470805,264,25,251,540
861470806,368,18,422,808
861470807,523,78,435,1036
861470808,454,29,463,946
861470809,385,30,374,789
861470810,313,9,207,529
861470811,432,50,289,771
861470812,428,18,306,752
861470813,311,31,295,637
861470814,431,12,340,783
861470815,175,8,134,317
861470816,325,12,194,531
861470817,287,11,223,521
861470901,282,40,258,580
861470902,509,47,497,1053
861470903,373,57,273,703
861470904,235,31,303,569
861470905,321,32,428,781
861470906,236,18,278,532
861470907,108,0,58,166
861470908,196,15,158,369
861470909,303,28,327,658
861470910,200,16,191,407
861470911,81,3,87,171
861470912,335,31,280,646
861470913,206,16,317,539
861470914,257,5,416,678
861470915,254,20,247,521
861470916,267,19,362,648
861470917,280,17,274,571
861470918,192,25,247,464
861470919,281,15,363,659
861540101,45,2,24,71
861540102,104,1,71,176
861540103,20,1,12,33
861540104,95,3,31,129
861540105,68,1,15,84
861540106,473,20,265,758
861540107,561,20,285,866
861540108,307,12,175,494
861540201,50,3,28,81
861540202,131,1,17,149
861540203,301,4,69,374
861540204,9,0,22,31
861540301,7,0,59,66
861540302,94,0,42,136
861540303,144,2,36,182
861610101,228,9,258,495
861610102,394,5,249,648
861610103,214,1,234,449
861610104,184,8,162,354
861610105,465,16,472,953
861610106,241,8,360,609
861610107,384,18,258,660
861610108,390,35,348,773
861610109,464,15,458,937
861610110,544,21,437,1002
861610111,396,28,354,778
861610112,422,23,428,873
861610201,134,2,66,202
861610202,54,3,22,79
861610203,503,5,365,873
861610204,386,11,237,634
861610205,280,7,231,518
861610206,361,11,311,683
861610301,568,7,479,1054
861610302,365,15,453,833
861610303,59,1,54,114
861610304,133,7,81,221
861610305,356,5,414,775
861610306,204,15,260,479
861610307,61,6,52,119
861610308,731,53,556,1340
861610309,410,40,371,821
861610310,356,50,322,728
861610311,309,22,265,596
861610312,396,23,308,727
861610313,285,12,225,522
861610314,419,28,279,726
861610315,432,30,280,742
861610316,500,33,446,979
861610317,343,18,259,620
861610318,468,40,291,799
861610319,324,24,287,635
861610401,95,1,106,202
861610402,133,2,129,264
861610403,179,3,166,348
861610404,240,11,319,570
861610405,92,7,195,294
861610406,131,15,180,326
861610407,124,1,40,165
861610408,47,1,83,131
861610409,432,22,372,826
861610410,465,11,449,925
861610411,305,37,263,605
861610412,395,22,419,836
861610413,256,21,259,536
861680101,73,7,193,273
861680102,42,29,248,319
861680103,78,23,295,396
861680104,26,5,178,209
861680105,141,11,188,340
861680201,111,13,343,467
861680202,156,63,343,562
861680203,107,2,266,375
861680204,70,8,257,335
861680205,173,17,341,531
861680206,503,14,443,960
861680207,356,37,396,789
861680301,51,21,522,594
861680302,71,3,424,498
861680303,71,7,114,192
861680304,61,5,268,334
861750101,344,9,496,849
861750102,40,1,119,160
861750103,94,12,220,326
861750201,107,2,110,219
861750202,64,1,142,207
861750203,25,10,301,336
861750204,381,11,392,784
861750301,166,17,325,508
861750302,14,3,134,151
861750303,103,19,363,485
861750304,124,26,462,612
861750305,118,7,321,446
861750306,205,19,257,481
861750307,268,21,375,664
861820101,6,0,34,40
861820102,22,0,66,88
861820103,113,1,139,253
861820201,75,1,84,160
861820202,8,0,10,18
861820203,96,3,112,211
861820204,27,0,79,106
861820205,276,18,443,737
861820206,369,14,502,885
861820301,37,6,162,205
861820302,32,7,144,183
861890101,359,20,574,953
861890102,180,16,180,376
861890103,368,16,428,812
861890201,137,200,369,706
861890202,130,48,289,467
861890203,8,10,4,22
861890301,127,32,299,458
861890302,271,25,536,832
861890303,306,80,382,768
900070101,26,0,9,35
900070102,26,0,25,51
900070103,76,0,36,112
900070104,114,4,117,235
900070105,132,5,58,195
900070201,29,1,41,71
900070202,20,1,51,72
900070203,14,2,19,35
900070204,105,3,229,337
900070205,150,11,238,399
900070206,82,12,150,244
900070301,17,3,55,75
900070302,16,4,25,45
900070303,11,1,37,49
900070304,11,0,31,42
900070305,31,0,43,74
900070306,174,6,167,347
900070401,87,8,123,218
900070402,88,4,76,168
900070403,142,9,179,330
900070404,86,14,81,181
900070405,322,38,317,677
900070406,7,5,5,17
900070407,75,11,176,262
900070408,501,50,490,1041
900070409,432,34,422,888
900070410,378,47,566,991
900070501,67,2,157,226
900070502,48,11,91,150
900070503,79,23,141,243
900070504,67,17,109,193
900070505,94,17,150,261
900070506,119,9,153,281
900070507,101,1,90,192
900070508,115,4,129,248
900070509,156,13,173,342
900070601,145,13,211,369
900070602,124,16,135,275
900070603,61,8,58,127
900070604,201,36,211,448
900070605,100,9,109,218
900070606,161,13,201,375
900070607,274,48,231,553
900070608,68,8,122,198
900070609,201,8,190,399
900070610,142,31,123,296
900070611,373,28,335,736
900070701,196,5,126,327
900070702,172,3,143,318
900070703,222,10,186,418
900070704,199,31,243,473
900070705,79,3,90,172
900070706,25,0,24,49
900070707,80,12,99,191
900070708,133,4,72,209
900070709,91,5,83,179
900070710,557,35,499,1091
900070711,222,24,165,411
900070712,648,68,613,1329
900070801,170,31,123,324
900070802,48,3,44,95
900070803,119,12,110,241
900070804,44,1,45,90
900070805,255,26,238,519
900070806,97,13,93,203
900070807,424,45,447,916
900070808,297,6,236,539
900070809,84,5,83,172
900070901,16,1,32,49
900070902,121,11,141,273
900070903,207,15,181,403
900070904,297,22,319,638
900070905,84,5,84,173
900071001,236,7,187,430
900071002,59,6,120,185
900071003,82,2,85,169
900071004,52,2,75,129
900071005,294,24,322,640
900071006,55,7,80,142
900071007,447,56,424,927
900140101,162,14,144,320
900140102,432,18,360,810
900140103,793,49,394,1236
900140104,251,25,229,505
900140105,349,24,247,620
900140106,289,23,203,515
900140107,432,40,326,798
900140108,320,17,331,668
900140109,789,68,622,1479
900140110,590,36,455,1081
900140111,216,24,147,387
900140112,954,124,832,1910
900140113,739,60,532,1331
900140114,828,72,634,1534
900140115,601,78,543,1222
900140116,740,55,453,1248
900140117,350,26,178,554
900140118,495,32,316,843
900140119,449,36,385,870
900140120,404,24,321,749
900140121,645,66,539,1250
900140122,716,56,518,1290
900140123,568,45,430,1043
900140124,441,35,422,898
900140125,397,47,347,791
900140126,843,82,670,1595
900140127,576,93,665,1334
900140128,533,27,331,891
900140129,574,42,424,1040
900140130,827,75,650,1552
900140131,728,76,531,1335
900140201,77,12,94,183
900140202,186,26,228,440
900140203,52,3,38,93
900140204,216,21,191,428
900140205,296,28,251,575
900140206,48,6,62,116
900140207,514,81,506,1101
900140208,491,34,528,1053
900140209,326,32,323,681
900140210,371,20,276,667
900140211,353,39,351,743
900140301,308,26,312,646
900140302,80,7,79,166
900140303,29,3,48,80
900140304,102,4,105,211
900140401,48,2,65,115
900140402,46,6,79,131
900140403,245,13,339,597
900140404,306,20,385,711
900140501,19,2,59,80
900140502,91,10,177,278
900140503,131,21,238,390
900140504,74,15,88,177
900140505,107,8,105,220
900140506,64,22,171,257
900140601,151,17,183,351
900140602,18,4,19,41
900140603,4,9,7,20
900140604,25,6,35,66
900140605,5,0,12,17
900140606,152,22,143,317
900140607,39,13,115,167
900140608,225,11,262,498
900140609,431,43,409,883
900140610,507,70,631,1208
900140611,294,69,398,761
900140612,362,39,573,974
900140613,472,34,443,949
900140614,354,49,320,723
900140701,203,13,160,376
900140702,17,2,18,37
900140703,292,12,361,665
900140704,261,30,358,649
900140705,81,2,77,160
900140706,244,16,218,478
900140707,42,11,72,125
900140708,270,40,343,653
900140709,46,1,141,188
900140710,472,57,536,1065
900140711,404,49,458,911
900140712,350,38,447,835
900140713,494,70,687,1251
900140714,347,19,452,818
900140801,97,5,134,236
900140802,85,4,115,204
900140803,174,9,116,299
900140804,57,1,69,127
900140805,252,21,234,507
900140806,85,6,115,206
900140901,324,31,307,662
900140902,169,26,194,389
900140903,173,14,291,478
900140904,113,9,111,233
900140905,169,14,217,400
900140906,170,20,184,374
900141001,219,37,209,465
900141002,120,13,160,293
900141003,237,21,229,487
900141101,81,6,106,193
900141102,392,50,344,786
900141103,52,7,77,136
900141104,194,16,261,471
900141105,615,54,366,1035
900141106,605,40,499,1144
900141201,384,34,371,789
900141202,281,25,227,533
900141203,106,5,91,202
900141204,645,21,567,1233
900141205,504,45,388,937
900141206,457,26,318,801
900141207,497,63,408,968
900141208,408,54,316,778
900141209,584,56,494,1134
900141210,698,83,560,1341
900141211,477,22,405,904
900141212,440,39,289,768
900141213,589,66,392,1047
900141214,577,47,553,1177
900141215,320,23,284,627
900141216,392,41,328,761
900141217,636,55,447,1138
900141218,464,76,312,852
900141219,512,58,349,919
900141220,38,8,42,88
900141221,227,28,225,480
900141222,600,52,540,1192
900141223,467,45,329,841
900141224,378,15,142,535
900141225,362,35,217,614
900141301,667,59,385,1111
900141302,543,70,293,906
900141303,723,81,476,1280
900141304,282,28,299,609
900141305,405,32,340,777
900141306,762,90,585,1437
900141307,549,67,315,931
900141308,408,73,308,789
900141309,354,39,331,724
900141310,796,91,656,1543
900141311,776,42,345,1163
900141312,649,78,488,1215
900141313,405,89,343,837
900141314,304,16,272,592
900141401,13,1,10,24
900141402,11,0,6,17
900141403,41,5,33,79
900141404,41,11,88,140
900141405,412,49,393,854
900141406,426,23,377,826
900141407,503,41,422,966
900141408,764,56,808,1628
900141409,592,66,491,1149
900141410,419,40,374,833
900141501,348,55,427,830
900141502,276,73,433,782
900141503,27,7,53,87
900141504,652,69,665,1386
900141505,107,2,122,231
900141506,546,55,659,1260
900141507,666,82,690,1438
900141601,229,44,245,518
900141602,557,111,491,1159
900141603,423,43,318,784
900141604,339,25,254,618
900141605,487,60,338,885
900141606,401,23,281,705
900141607,415,58,264,737
900141608,531,24,281,836
900141609,446,41,338,825
900141610,340,34,231,605
900141611,381,22,317,720
900141612,319,23,318,660
900141613,617,131,438,1186
900141614,475,19,506,1000
900141615,618,45,442,1105
900141616,873,103,605,1581
900141617,459,56,286,801
900141618,514,73,378,965
900210101,2,0,0,2
900210102,132,2,179,313
900210103,0,0,0,0
900210104,566,17,367,950
900210105,200,10,179,389
900210106,202,7,188,397
900210107,89,3,103,195
900210108,299,3,238,540
900210109,349,18,298,665
900210110,299,7,246,552
900210111,160,6,191,357
900210201,96,8,67,171
900210202,97,11,104,212
900210203,185,6,160,351
900210204,260,25,243,528
900210205,751,62,635,1448
900210206,230,33,304,567
900210207,232,6,247,485
900210208,178,17,187,382
900210209,275,11,139,425
900210301,158,8,199,365
900210302,145,44,221,410
900210303,114,69,242,425
900210304,84,39,282,405
900210401,131,9,199,339
900210402,54,11,104,169
900210403,137,34,249,420
900210404,87,2,113,202
900210405,32,9,30,71
900210406,285,17,237,539
900210407,404,28,422,854
900210408,288,26,308,622
900210409,541,31,517,1089
900210410,294,37,359,690
900210411,440,12,374,826
900210501,187,10,241,438
900210502,478,30,390,898
900210503,230,21,283,534
900210504,233,14,204,451
900210505,25,4,28,57
900210506,336,22,260,618
900210507,585,27,446,1058
900210601,39,1,27,67
900210602,882,44,644,1570
900210603,816,27,285,1128
900210604,559,92,435,1086
900210605,610,33,385,1028
900210606,664,54,396,1114
900210607,449,22,392,863
900210608,615,44,435,1094
900210609,261,20,217,498
900210610,718,40,422,1180
900210611,482,39,359,880
900210612,499,41,392,932
900210613,341,26,254,621
900210614,576,33,462,1071
900210615,408,27,310,745
900210616,502,24,254,780
900210617,320,25,205,550
900210618,449,37,348,834
900210619,263,10,319,592
900210620,308,11,121,440
900210701,619,46,526,1191
900210702,607,51,390,1048
900210703,314,39,291,644
900210704,292,27,236,555
900210705,350,37,280,667
900210706,597,41,449,1087
900210707,483,30,343,856
900210708,280,9,159,448
900210709,469,30,384,883
900210710,568,27,375,970
900210711,262,7,122,391
900210712,374,39,250,663
900210713,253,12,253,518
900210714,444,52,330,826
900210715,480,35,314,829
900210716,458,33,314,805
900210717,591,47,330,968
900210718,324,19,371,714
900210719,878,63,510,1451
900210720,644,22,318,984
900210721,457,34,143,634
900210722,506,38,260,804
900210723,409,25,180,614
900210724,418,19,295,732
900210725,622,13,331,966
900210726,439,40,232,711
900280101,635,45,506,1186
900280102,557,26,556,1139
900280103,618,44,469,1131
900280104,500,31,373,904
900280105,399,28,475,902
900280106,382,16,290,688
900280107,407,9,391,807
900280108,515,21,441,977
900280109,310,10,287,607
900280110,331,13,302,646
900280111,541,71,432,1044
900280112,828,59,557,1444
900280113,418,46,320,784
900280201,2,0,22,24
900280202,74,1,30,105
900280203,78,7,46,131
900280204,87,3,60,150
900280205,201,8,121,330
900280206,780,48,689,1517
900280207,399,8,398,805
900280208,425,20,248,693
900280301,5,0,13,18
900280302,115,4,61,180
900280303,44,5,47,96
900280304,156,8,164,328
900280305,417,16,262,695
900280306,378,10,245,633
900280307,415,9,395,819
900280308,7,1,8,16
900280309,80,7,110,197
900280310,147,5,137,289
900280311,82,2,73,157
900280312,200,10,148,358
900280313,9,0,10,19
900280314,41,0,3,44
900280315,3,0,4,7
900280316,310,27,459,796
900280317,452,40,383,875
900280318,533,42,448,1023
900280319,568,31,426,1025
900280320,386,32,258,676
900350101,319,11,349,679
900350102,40,0,57,97
900350103,19,0,77,96
900350104,9,2,11,22
900350105,24,0,31,55
900350106,43,7,60,110
900350107,12,4,48,64
900350108,14,2,21,37
900350109,28,1,86,115
900350110,87,3,106,196
900350111,246,3,221,470
900350112,170,43,239,452
900350113,440,38,452,930
900350114,344,50,396,790
900350201,14,0,45,59
900350202,6,1,38,45
900350203,5,3,24,32
900350204,19,2,114,135
900350205,72,2,145,219
900350206,68,14,191,273
900350207,71,3,142,216
900350208,30,0,108,138
900350209,50,4,49,103
900350210,6,0,5,11
900350211,2,2,9,13
900350212,269,24,341,634
900350213,434,31,472,937
900350214,221,17,281,519
900350301,92,3,152,247
900350302,10,0,81,91
900350303,51,0,28,79
900350304,36,0,60,96
900350305,31,0,108,139
900350306,10,1,16,27
900350307,42,4,124,170
900350308,16,0,18,34
900350309,9,0,50,59
900350310,135,8,125,268
900350311,54,1,73,128
900350312,451,13,456,920
900420101,483,13,444,940
900420102,488,18,462,968
900420103,276,19,249,544
900420104,210,14,245,469
900420105,323,13,372,708
900420106,341,21,383,745
900420107,589,18,437,1044
900420108,469,16,503,988
900420109,205,9,166,380
900420110,228,33,279,540
900420111,222,19,211,452
900420112,302,21,292,615
900420113,395,36,401,832
900420114,463,18,406,887
900420115,527,16,461,1004
900420116,375,23,350,748
900420201,209,10,150,369
900420202,82,3,82,167
900420203,49,1,86,136
900420204,68,3,78,149
900420205,92,3,98,193
900420206,80,2,75,157
900420207,50,12,97,159
900420208,218,8,236,462
900420209,391,36,431,858
900420210,163,30,190,383
900420211,396,19,464,879
900420212,739,27,669,1435
900420213,133,5,147,285
900420214,355,13,257,625
900420215,178,26,148,352
900420216,215,9,192,416
900420217,263,7,184,454
900420301,74,9,108,191
900420302,245,23,331,599
900420303,94,2,132,228
900420304,141,5,79,225
900420305,143,7,152,302
900420306,377,24,496,897
900420401,31,1,18,50
900420402,118,7,91,216
900490101,174,22,178,374
900490102,280,30,341,651
900490201,190,14,215,419
900490202,26,2,20,48
900490203,465,17,393,875
900490204,567,11,598,1176
900490205,110,3,110,223
900490301,307,32,326,665
900490302,85,7,129,221
900490401,152,16,156,324
900490402,229,15,232,476
900490403,180,12,205,397
900490404,48,0,42,90
900490501,447,30,358,835
900490502,188,10,129,327
900490503,17,0,18,35
900490504,35,0,60,95
900490505,10,0,20,30
900490506,122,8,125,255
900490507,45,5,93,143
900490508,406,19,264,689
900490509,588,33,478,1099
900490510,471,40,360,871
900490511,542,24,483,1049
900490512,315,27,270,612
900490601,1,0,4,5
900490602,175,6,209,390
900490603,66,0,82,148
900490701,0,0,2,2
900490702,156,25,186,367
900490703,236,13,222,471
900560101,44,0,26,70
900560102,53,2,53,108
900560103,421,26,336,783
900560201,66,1,79,146
900560202,3,0,0,3
900560203,245,12,262,519
900560301,320,20,426,766
900560302,340,44,481,865
900560303,267,36,368,671
900560304,247,18,163,428
900560305,609,27,501,1137
900560306,573,26,504,1103
900560307,270,16,316,602
900560308,434,21,447,902
900560309,401,42,427,870
900560310,410,49,423,882
900560311,596,63,551,1210
900560312,536,45,539,1120
900560401,97,19,152,268
900560402,350,13,269,632
900560403,174,18,171,363
900560404,46,1,67,114
900560405,25,4,38,67
900560406,92,16,115,223
900560407,22,2,46,70
900560408,239,32,147,418
900560501,106,6,108,220
900560502,287,38,371,696
900560503,140,16,195,351
900560504,242,28,333,603
900560505,97,17,116,230
900560601,50,1,61,112
900560602,188,13,219,420
900560603,250,14,302,566
900560604,31,1,92,124
900560605,47,3,88,138
900560606,112,9,194,315
900560607,102,5,98,205
900560701,100,8,183,291
900560702,405,39,527,971
900560703,31,4,47,82
900560704,179,3,260,442
900560705,62,23,182,267
900560706,117,10,200,327
900560801,62,8,122,192
900560802,41,3,44,88
900560803,150,8,195,353
900560804,115,9,195,319
900560805,266,27,357,650
900560901,73,5,130,208
900560902,9,0,7,16
900560903,188,25,169,382
900560904,131,9,304,444
900560905,30,2,32,64
900560906,78,7,114,199
900560907,98,11,189,298
900560908,80,34,201,315
900560909,47,1,93,141
900560910,21,0,71,92
900560911,43,0,59,102
900561001,106,8,329,443
900561002,9,0,37,46
900561003,170,31,366,567
900561004,98,15,214,327
900561005,119,7,194,320
900561101,6,0,16,22
900561102,19,1,6,26
900561103,44,4,57,105
900561104,98,6,147,251
900561105,71,11,176,258
900561106,112,7,79,198
900561107,286,21,268,575
900561108,413,57,443,913
900561201,127,9,164,300
900561202,70,11,184,265
900561203,226,27,311,564
900561204,191,32,224,447
900561205,144,10,225,379
900561206,143,19,194,356
900561207,173,10,274,457
900561208,50,2,46,98
900561209,99,16,140,255
900561210,26,11,55,92
900561211,129,6,195,330
900561212,114,8,156,278
900561213,381,61,469,911
900561301,198,4,201,403
900561302,94,2,180,276
900561303,39,4,68,111
900561304,279,22,287,588
900561305,392,30,405,827
900561306,40,3,79,122
900561401,76,6,136,218
900561402,92,13,133,238
900561403,229,15,210,454
900561404,551,46,558,1155
900561405,123,12,203,338
900561406,292,25,371,688
900561407,406,30,466,902
900561408,423,36,298,757
900630101,439,30,254,723
900630102,580,26,233,839
900630103,406,18,209,633
900630104,656,28,307,991
900630105,577,38,393,1008
900630106,449,42,338,829
900630107,245,7,229,481
900630108,665,59,441,1165
900630109,435,28,444,907
900630110,539,62,560,1161
900630111,625,82,489,1196
900630112,438,42,364,844
900630113,516,30,383,929
900630114,502,69,386,957
900630201,38,0,81,119
900630202,35,40,187,262
900630203,15,1,32,48
900630204,63,2,10,75
900630205,31,1,17,49
900630206,315,17,284,616
900630207,132,25,185,342
900630208,6,0,8,14
900630209,15,1,20,36
900630210,39,6,39,84
900630211,65,1,66,132
900630212,572,53,423,1048
900630213,404,34,389,827
900630214,285,19,118,422
900630215,502,35,434,971
900630216,473,48,372,893
900630217,498,36,414,948
900630218,477,34,427,938
900630219,450,31,403,884
900630301,749,84,536,1369
900630302,755,43,550,1348
900630303,199,20,176,395
900630304,46,2,63,111
900630305,603,88,577,1268
900630401,9,1,11,21
900630402,28,0,21,49
900630403,279,12,140,431
900630404,679,18,301,998
900630405,96,6,85,187
900630406,125,12,141,278
900630407,52,1,28,81
900630408,242,20,102,364
900630409,4,0,2,6
900630410,85,10,68,163
900630411,248,8,135,391
900630412,229,15,181,425
900630413,719,31,494,1244
900630414,375,29,253,657
900630415,415,39,266,720
900630416,108,4,73,185
900630417,298,28,281,607
900630418,463,24,372,859
900630419,710,51,450,1211
900630420,297,16,310,623
900630501,511,92,395,998
900630502,326,20,318,664
900630503,702,33,473,1208
900630504,477,13,366,856
900630505,569,22,399,990
900630506,474,36,570,1080
900630507,642,70,501,1213
900630508,434,35,304,773
900630509,686,54,554,1294
900630510,538,30,345,913
900630511,431,45,436,912
900630512,569,34,427,1030
900630513,518,28,478,1024
900700101,158,10,166,334
900700102,164,6,136,306
900700201,28,1,23,52
900700202,101,10,112,223
900700203,174,4,112,290
900700204,339,14,294,647
900700205,524,15,603,1142
900700206,461,16,423,900
900700207,260,16,193,469
900700208,434,21,285,740
900700301,486,33,621,1140
900700302,53,0,61,114
900700303,19,6,76,101
900700304,27,1,68,96
900700305,75,4,73,152
900700306,266,6,282,554
900700307,371,27,363,761
900700401,89,4,85,178
900700402,121,11,144,276
900700403,419,34,362,815
900700404,281,12,278,571
900700405,146,15,195,356
900700406,213,26,279,518
900700407,110,2,89,201
900700408,84,1,52,137
900700409,251,17,322,590
900700410,49,4,87,140
900700411,111,3,109,223
900700412,358,19,409,786
900700413,487,51,533,1071
900700414,346,35,336,717
900700501,191,12,241,444
900700502,116,13,287,416
900700601,3,0,3,6
900700602,409,21,408,838
900700603,267,21,297,585
900700604,366,19,372,757
900700605,295,25,260,580
900700606,283,17,369,669
900700607,397,111,382,890
900700701,138,18,107,263
900700702,96,1,45,142
900700703,0,1,2,3
900700801,64,5,65,134
900700802,15,1,18,34
900700803,135,3,126,264
900700804,212,8,182,402
900700805,310,6,217,533
900700806,326,17,323,666
900700807,661,53,667,1381
900700808,309,11,202,522
900700901,0,0,0,0
900700902,99,2,92,193
900700903,477,11,412,900
900700904,120,5,77,202
900701001,3,0,1,4
900701002,127,5,132,264
900701003,127,12,112,251
900701101,138,2,130,270
900701102,174,6,125,305
900701201,0,1,3,4
900701202,101,1,45,147
900701203,180,8,137,325
900701204,278,38,201,517
900701301,557,39,428,1024
900701302,187,7,149,343
900701303,355,12,240,607
900701304,515,28,315,858
900701401,284,12,209,505
900701402,405,22,302,729
900701403,212,10,262,484
900701404,316,26,274,616
900701405,520,72,433,1025
900701406,513,43,391,947
900701407,285,29,197,511
900701408,263,8,214,485
900701409,640,78,492,1210
900701410,488,40,366,894
900701411,305,13,313,631
900701412,347,9,322,678
900701413,214,3,186,403
900701414,377,13,288,678
900701415,480,37,502,1019
900701416,332,21,354,707
900701417,775,54,419,1248
900701418,579,28,465,1072
900701419,559,36,370,965
900701420,421,32,452,905
900701421,306,34,272,612
900770101,453,40,456,949
900770102,490,30,456,976
900770103,456,17,478,951
900770104,583,25,650,1258
900770105,536,35,604,1175
900770106,433,35,540,1008
900770107,404,12,356,772
900770108,339,35,263,637
900770109,314,36,359,709
900770110,461,35,391,887
900770111,371,25,274,670
900770112,296,37,321,654
900770113,374,15,344,733
900770114,260,15,241,516
900770115,558,73,441,1072
900770116,459,56,405,920
900770117,406,37,365,808
900770118,230,7,262,499
900770119,423,29,299,751
900770120,500,19,409,928
900770121,417,27,419,863
900770122,302,35,327,664
900770123,363,24,315,702
900770124,479,16,261,756
900770201,92,3,81,176
900770202,399,37,386,822
900770203,297,29,226,552
900770204,93,4,116,213
900770205,15,0,14,29
900770206,69,3,71,143
900770207,76,4,103,183
900770208,8,0,3,11
900770209,464,34,499,997
900770210,578,40,477,1095
900770211,402,47,286,735
900770212,191,21,63,275
900770213,460,23,226,709
900770214,226,34,185,445
900770301,162,4,155,321
900770302,179,12,243,434
900770401,1,0,5,6
900770402,6,0,8,14
900770403,354,50,302,706
900770404,474,17,259,750
900770405,197,144,208,549
900770406,172,7,283,462
900770407,371,41,429,841
900770408,107,4,102,213
900770409,165,19,260,444
900770410,211,3,87,301
900770411,236,13,242,491
900770412,126,2,114,242
900770413,257,15,224,496
900770414,692,22,452,1166
900770415,372,23,411,806
900770416,178,2,266,446
900770417,407,31,525,963
900770418,192,9,148,349
900770419,250,28,287,565
900770501,242,13,235,490
900770601,291,11,286,588
900770602,337,13,257,607
900770603,81,5,85,171
900770604,92,2,66,160
900770605,297,10,220,527
900770606,430,35,536,1001
900770607,507,24,617,1148
900840101,282,20,187,489
900840102,426,30,235,691
900840103,655,56,297,1008
900840104,597,64,395,1056
900840105,543,17,152,712
900840106,684,44,242,970
900840107,572,37,280,889
900840108,625,62,358,1045
900840109,419,86,216,721
900840110,460,50,300,810
900840111,474,80,257,811
900840112,574,78,319,971
900840113,706,49,277,1032
900840114,596,36,287,919
900840115,478,77,339,894
900840116,472,48,254,774
900840117,317,36,207,560
900840118,242,14,159,415
900840119,287,13,187,487
900840120,381,41,210,632
900840121,365,44,195,604
900840122,380,24,193,597
900840123,741,93,403,1237
900840124,665,59,337,1061
900840125,527,42,256,825
900840126,630,47,401,1078
900840201,258,38,169,465
900840202,538,69,349,956
900840203,467,60,231,758
900840204,392,6,193,591
900840205,844,82,539,1465
900840206,468,39,316,823
900840207,292,22,257,571
900840208,679,66,399,1144
900840209,457,59,327,843
900840210,446,36,409,891
900840211,275,21,239,535
900840212,665,80,487,1232
900840213,343,45,258,646
900840214,393,67,276,736
900840215,350,21,175,546
900840216,297,24,257,578
900840217,353,14,281,648
900840218,374,33,216,623
900840219,455,27,226,708
900840220,308,22,232,562
900840221,713,80,463,1256
900840222,606,68,341,1015
900840223,358,48,174,580
900840301,889,72,438,1399
900840302,617,62,515,1194
900840303,532,80,477,1089
900840304,585,59,407,1051
900840305,505,38,311,854
900840306,563,54,405,1022
900840307,464,43,469,976
900840308,448,55,348,851
900840309,343,36,266,645
900840310,517,58,421,996
900840311,343,27,212,582
900840312,290,45,261,596
900840313,418,17,256,691
900840314,261,23,174,458
900840315,250,32,166,448
900840401,696,46,487,1229
900840402,575,71,356,1002
900840403,519,44,374,937
900840404,628,49,379,1056
900840405,498,65,338,901
900840406,508,45,326,879
900840407,467,23,398,888
900840408,194,32,87,313
900840409,414,92,299,805
900840410,501,77,292,870
900840411,340,52,198,590
900840412,366,39,215,620
900840413,393,45,371,809
900840414,338,54,218,610
900840415,835,129,474,1438
900840416,617,84,420,1121
900840501,594,39,341,974
900840502,346,15,264,625
900840503,458,41,296,795
900840504,304,7,180,491
900840505,282,38,257,577
900840506,424,42,516,982
900840507,372,31,368,771
900840508,274,41,244,559
900840509,248,14,212,474
900840510,311,48,215,574
900840511,217,28,239,484
900840512,314,27,233,574
900840513,427,30,267,724
900840601,241,27,188,456
900840602,628,40,501,1169
900840603,446,36,274,756
900840604,491,43,357,891
900840605,523,46,424,993
900840606,397,69,320,786
900840607,439,42,293,774
900840608,509,65,303,877
900840609,393,30,220,643
900840610,338,48,202,588
900840611,312,44,199,555
900840612,173,14,151,338
900840613,238,30,142,410
900840614,251,15,108,374
900840701,524,49,400,973
900840702,269,26,166,461
900840703,419,39,411,869
900840704,560,57,354,971
900840705,426,32,306,764
900840706,599,56,386,1041
900840707,535,44,268,847
900840708,641,38,384,1063
900840709,494,66,298,858
900840710,290,30,220,540
900840711,367,33,255,655
900840712,348,31,235,614
900840713,277,32,202,511
900840714,300,33,185,518
900840801,351,38,255,644
900840802,270,30,264,564
900840803,592,72,391,1055
900840804,431,30,246,707
900840805,817,97,436,1350
900840806,493,62,284,839
900840807,445,41,309,795
900840808,602,42,349,993
900840809,370,29,288,687
900840810,427,21,271,719
900840811,476,47,305,828
900840812,551,78,422,1051
900840813,521,29,306,856
900840814,885,104,581,1570
900840815,390,78,224,692
900840816,584,60,299,943
900840817,325,19,219,563
900840818,315,56,156,527
900840819,519,63,425,1007
900840820,464,46,293,803
900840901,277,45,235,557
900840902,473,36,312,821
900840903,336,35,230,601
900840904,346,48,208,602
900840905,392,33,282,707
900840906,263,42,219,524
900840907,291,56,261,608
900840908,355,37,181,573
900840909,246,34,191,471
900840910,316,20,219,555
900840911,466,45,300,811
900840912,238,19,131,388
900840913,185,11,81,277
900840914,400,40,228,668
900840915,488,93,296,877
900841001,440,49,280,769
900841002,774,90,495,1359
900841003,346,46,319,711
900841004,626,41,392,1059
900841005,646,70,414,1130
900841006,514,63,410,987
900841007,330,45,228,603
900841008,700,52,427,1179
900841009,516,43,377,936
900841010,670,33,429,1132
900841011,585,30,356,971
900841012,414,33,212,659
900841013,498,50,288,836
900841014,399,27,214,640
900841015,288,31,189,508
900841016,389,28,228,645
900841017,401,23,232,656
900841018,463,41,335,839
900841019,314,29,179,522
900841020,534,41,323,898
900841021,159,11,93,263
900841022,376,44,338,758
900841023,703,36,404,1143
900841024,604,57,391,1052
900841025,87,11,117,215
900841101,340,16,191,547
900841102,339,29,244,612
900841103,354,18,199,571
900841104,266,14,172,452
900841105,546,80,298,924
900841106,578,70,403,1051
900841107,502,14,333,849
900841108,495,48,362,905
900841109,503,18,493,1014
900841110,335,78,310,723
900841111,486,63,348,897
900841112,406,40,216,662
900841113,386,24,297,707
900841201,421,12,205,638
900841202,458,18,139,615
900841203,423,18,191,632
900841204,291,16,158,465
900841205,253,12,118,383
900841206,276,4,121,401
900841207,384,14,183,581
900841208,506,14,280,800
900841209,433,12,242,687
900841210,407,9,176,592
900841211,391,18,162,571
900841212,453,33,219,705
900841213,311,16,158,485
900841214,380,21,212,613
900841215,223,10,118,351
900841216,509,36,287,832
900841217,271,17,158,446
900841218,266,16,134,416
900841219,468,21,255,744
900841220,384,22,209,615
900841221,384,13,221,618
900841222,201,12,130,343
900841223,265,20,162,447
900841224,105,11,88,204
900841225,283,14,178,475
900841226,407,19,247,673
900841301,320,13,175,508
900841302,348,34,240,622
900841303,295,26,109,430
900841304,263,11,159,433
900841305,457,12,208,677
900841306,441,20,161,622
900841307,178,7,96,281
900841308,359,18,167,544
900841309,371,23,228,622
900841310,310,16,171,497
900841311,216,13,109,338
900841312,403,22,271,696
900841313,118,11,56,185
900841314,344,19,121,484
900841315,191,6,163,360
900841316,267,13,137,417
900841317,414,16,132,562
900841318,490,20,313,823
900841401,570,84,343,997
900841402,410,27,291,728
900841403,305,32,181,518
900841404,640,62,392,1094
900841405,551,40,362,953
900841406,471,29,297,797
900841407,505,40,278,823
900841408,361,39,234,634
900841409,347,21,215,583
900841410,390,46,245,681
900841411,494,32,319,845
900841412,540,62,324,926
900841413,366,35,337,738
900841414,512,47,241,800
900841501,415,34,260,709
900841502,572,37,330,939
900841503,399,39,212,650
900841504,625,41,335,1001
900841505,490,63,329,882
900841506,518,50,379,947
900841507,195,13,135,343
900841508,246,13,141,400
900841509,560,55,378,993
900841510,481,53,330,864
900841511,348,9,140,497
900841512,233,12,180,425
900841513,298,17,181,496
900841601,532,24,260,816
900841602,395,26,252,673
900841603,546,38,318,902
900841604,793,43,381,1217
900841605,616,37,334,987
900841606,421,16,156,593
900841607,629,77,348,1054
900841608,538,38,272,848
900841609,451,14,313,778
900841610,411,25,170,606
900841611,602,46,409,1057
900841612,394,15,223,632
900841613,275,18,222,515
900841614,437,31,274,742
900841615,758,45,373,1176
900841616,448,28,230,706
900841617,454,46,345,845
900841618,547,67,416,1030
900841619,459,22,309,790
900841620,502,51,381,934
900841621,444,44,314,802
900841622,245,22,197,464
900841701,487,55,279,821
900841702,534,63,384,981
900841703,509,42,290,841
900841704,589,44,321,954
900841705,446,30,278,754
900841706,511,35,327,873
900841707,290,24,222,536
900841708,578,46,453,1077
900841709,604,58,386,1048
900841710,186,17,153,356
900841711,383,56,250,689
900841712,477,43,338,858
900841801,639,54,370,1063
900841802,449,36,274,759
900841803,237,11,183,431
900841804,188,21,159,368
900841805,465,47,297,809
900841806,530,34,279,843
900841807,553,43,342,938
900841808,561,45,394,1000
900841809,438,39,302,779
900841810,306,35,247,588
900841811,467,38,392,897
900841812,301,19,232,552
900841901,335,12,155,502
900841902,363,27,252,642
900841903,326,18,183,527
900841904,254,20,109,383
900841905,281,13,182,476
900841906,250,16,147,413
900841907,457,42,268,767
900841908,268,16,196,480
900841909,414,39,242,695
900841910,329,45,186,560
900841911,374,26,299,699
900841912,229,57,154,440
900841913,297,15,205,517
900841914,288,11,190,489
900841915,234,15,158,407
900841916,326,21,177,524
900841917,192,2,124,318
900841918,251,11,106,368
900841919,583,37,299,919
900842001,229,9,144,382
900842002,255,9,152,416
900842003,231,5,134,370
900842004,204,9,84,297
900842005,233,13,130,376
900842006,241,11,111,363
900842007,432,27,208,667
900842008,306,16,123,445
900842009,291,22,160,473
900842010,338,14,161,513
900842011,212,5,145,362
900842012,345,16,205,566
900842013,258,17,173,448
900842014,242,15,119,376
900842015,418,11,144,573
900842016,291,21,139,451
900842017,260,12,169,441
900842018,550,25,247,822
900842019,419,31,252,702
900842101,259,6,156,421
900842102,439,34,256,729
900842103,262,14,108,384
900842104,287,26,170,483
900842105,253,46,163,462
900842106,486,44,306,836
900842107,520,55,351,926
900842108,318,18,186,522
900842109,408,21,217,646
900842110,503,46,337,886
900842111,299,18,208,525
900842112,308,26,250,584
900842113,676,57,466,1199
900842114,927,98,494,1519
900842115,439,29,266,734
900842116,289,28,169,486
900842117,290,20,197,507
900842118,367,31,224,622
900842119,698,67,456,1221
900842120,273,14,176,463
900842121,280,29,171,480
900842122,302,19,190,511
900842123,2,0,4,6
900842201,717,83,491,1291
900842202,680,87,398,1165
900842203,407,64,261,732
900842204,357,51,228,636
900842205,281,23,183,487
900842206,590,77,376,1043
900842207,906,73,555,1534
900842208,473,45,307,825
900842209,446,46,311,803
900842210,531,39,276,846
900842211,443,37,289,769
900842212,410,43,186,639
900842213,524,62,425,1011
900842214,718,47,482,1247
900842215,767,92,506,1365
900842216,498,58,407,963
900842217,718,38,515,1271
900842218,341,17,197,555
900842219,577,62,396,1035
900842220,508,57,358,923
900842221,626,53,367,1046
900842222,241,39,158,438
900842223,338,17,231,586
900842301,363,13,241,617
900842302,330,34,183,547
900842303,243,13,177,433
900842304,569,53,310,932
900842305,505,39,326,870
900842306,682,55,416,1153
900842307,337,33,262,632
900842308,338,59,273,670
900842309,550,76,315,941
900842310,562,78,326,966
900842311,554,39,487,1080
900842312,389,37,326,752
900842313,384,24,176,584
900842314,336,19,259,614
900842401,416,31,314,761
900842402,554,61,290,905
900842403,547,81,395,1023
900842404,556,100,441,1097
900842405,388,56,263,707
900842406,555,71,317,943
900842407,252,44,206,502
900842408,628,48,483,1159
900842409,569,70,416,1055
900842410,497,29,344,870
900842411,299,51,260,610
900842412,480,41,319,840
900842413,395,43,260,698
900842414,515,45,281,841
900842415,987,73,486,1546
900842416,980,88,412,1480
900842417,369,31,306,706
900842418,529,54,308,891
900842419,260,56,255,571
900842420,406,45,318,769
900842501,777,43,493,1313
900842502,274,9,153,436
900842503,571,52,350,973
900842504,500,43,328,871
900842505,621,51,384,1056
900842506,280,17,175,472
900842507,607,47,557,1211
900842508,672,87,438,1197
900842509,417,36,248,701
900842510,456,65,307,828
900842511,770,90,673,1533
900842512,691,87,426,1204
900842513,611,35,478,1124
900842514,539,86,403,1028
900842515,418,39,310,767
900842516,360,34,267,661
900842517,495,54,325,874
900842518,530,54,335,919
900842519,531,52,282,865
900842601,690,67,478,1235
900842602,470,48,222,740
900842603,378,30,225,633
900842604,635,60,342,1037
900842605,565,106,356,1027
900842606,475,50,247,772
900842607,576,33,238,847
900842608,409,20,225,654
900842609,397,29,183,609
900842610,450,56,274,780
900842611,456,48,302,806
900842612,399,41,246,686
900842613,342,13,243,598
900842614,618,45,377,1040
900842615,542,35,405,982
900842616,577,68,445,1090
900842701,418,42,311,771
900842702,870,80,493,1443
900842703,494,47,306,847
900842704,506,52,428,986
900842705,594,49,438,1081
900842706,685,29,454,1168
900842707,725,132,364,1221
900842708,563,78,419,1060
900842709,770,127,444,1341
900842710,644,101,452,1197
900842711,448,68,360,876
900842712,411,43,262,716
900842713,360,26,289,675
900842714,716,71,415,1202
900842801,675,93,414,1182
900842802,588,45,320,953
900842803,740,51,531,1322
900842804,334,47,189,570
900842805,370,20,399,789
900842806,436,28,328,792
900842807,453,51,262,766
900842808,394,41,187,622
900842809,419,72,243,734
900842810,542,16,310,868
900842811,526,22,351,899
900842812,461,59,425,945
900842813,413,26,361,800
900842814,352,27,241,620
900842815,579,81,379,1039
900842816,491,68,338,897
900842817,457,55,247,759
900842818,426,51,306,783
900842819,534,46,205,785
900842820,425,38,212,675
900842821,352,35,199,586
900842822,579,52,341,972
900842823,491,53,315,859
900842824,659,75,378,1112
900842901,698,60,453,1211
900842902,752,42,425,1219
900842903,501,44,275,820
900842904,498,50,284,832
900842905,409,41,292,742
900842906,461,54,307,822
900842907,481,40,295,816
900842908,739,96,531,1366
900842909,585,53,405,1043
900842910,399,50,304,753
900842911,657,105,423,1185
900842912,340,33,286,659
900842913,574,74,445,1093
900842914,950,83,606,1639
900842915,561,39,401,1001
900842916,342,36,224,602
900843001,464,64,332,860
900843002,532,34,409,975
900843003,619,73,390,1082
900843004,400,43,305,748
900843005,454,89,275,818
900843006,404,47,236,687
900843007,730,111,333,1174
900843008,469,38,302,809
900843009,461,48,396,905
900843010,519,49,342,910
900843011,647,82,407,1136
900843012,613,65,361,1039
900843013,685,55,440,1180
900843014,556,44,322,922
900843015,778,53,377,1208
900843016,503,38,298,839
900843017,290,31,149,470
900843018,804,115,432,1351
900843019,196,31,85,312
900910101,685,65,636,1386
900910102,565,23,482,1070
900910103,598,31,436,1065
900910104,618,33,452,1103
900910105,464,22,356,842
900910106,416,25,295,736
900910201,186,33,277,496
900910202,104,10,140,254
900910203,228,10,206,444
900910204,302,13,291,606
900910205,95,2,238,335
900910206,80,6,198,284
900910207,223,9,266,498
900910208,191,8,239,438
900910209,98,5,225,328
900910301,129,13,88,230
900910302,173,7,314,494
900910303,137,0,289,426
900910304,174,8,308,490
900910305,166,8,302,476
900910306,188,12,250,450
900910307,92,22,199,313
900910308,25,1,110,136
900910401,42,1,115,158
900910402,100,13,154,267
900910403,116,6,242,364
900910404,104,6,169,279
900910405,95,12,223,330
900910406,49,4,81,134
900910501,169,10,308,487
900910502,129,12,187,328
900910503,122,6,197,325
900910504,43,4,64,111
900910601,34,1,45,80
900910602,135,1,226,362
900910603,46,1,144,191
900910604,20,0,103,123
900910605,24,3,45,72
900910606,23,1,56,80
900910607,122,5,167,294
900910701,150,37,360,547
900910702,151,15,313,479
900910703,20,5,158,183
900910704,69,10,134,213
900910801,53,2,44,99
900910802,24,0,42,66
900910803,59,2,123,184
900910804,58,30,143,231
900910805,37,7,99,143
900910806,29,0,79,108
900910807,6,0,32,38
900910808,137,39,192,368
900910809,287,18,335,640
900910901,58,5,126,189
900910902,82,26,134,242
900910903,108,4,97,209
900910904,22,3,38,63
900911001,85,5,79,169
900911002,68,8,75,151
900911003,86,16,229,331
900911004,73,9,28,110
900911101,35,4,113,152
900911102,30,5,31,66
900911103,41,3,102,146
900911104,61,5,80,146
900911201,60,8,235,303
900911202,19,13,130,162
900911203,5,0,30,35
900980101,164,4,166,334
900980102,40,6,129,175
900980103,11,1,30,42
900980104,79,2,72,153
900980105,91,3,64,158
900980106,245,14,215,474
900980107,16,1,7,24
900980108,0,0,0,0
900980201,21,0,8,29
900980202,3,0,2,5
900980203,19,0,21,40
900980301,9,1,14,24
900980302,3,1,14,18
900980303,17,1,15,33
900980304,118,4,124,246
900980305,35,2,46,83
900980306,0,0,0,0
900980307,7,0,0,7
900980308,327,17,295,639
900980309,163,24,88,275
900980310,345,16,127,488
900980311,224,18,194,436
900980401,229,12,250,491
900980402,420,12,249,681
900980403,9,0,21,30
900980404,4,0,3,7
900980405,228,2,188,418
900980406,217,6,222,445
900980407,86,0,113,199
900980408,240,25,263,528
900980409,168,4,142,314
900980410,135,5,96,236
900980411,111,7,86,204
900980412,219,5,166,390
900980413,156,4,100,260
900980414,249,11,133,393
900980415,423,18,308,749
900980416,352,17,158,527
900980417,158,4,108,270
900980418,158,7,129,294
900980419,38,0,27,65
900980420,249,4,104,357
901050101,28,2,43,73
901050102,23,3,49,75
901050103,43,3,39,85
901050104,12,0,25,37
901050201,34,0,69,103
901050202,3,7,15,25
901050203,96,4,70,170
901050204,215,20,170,405
901050205,243,8,223,474
901050206,179,3,89,271
901050207,97,4,55,156
901050208,243,9,304,556
901050301,16,2,3,21
901050302,194,31,161,386
901050401,144,4,85,233
901050402,359,24,221,604
901050501,189,20,217,426
901050502,42,2,27,71
901050503,305,19,322,646
901050504,705,89,551,1345
901050505,245,23,196,464
901050506,540,51,288,879
901050601,366,15,161,542
901050602,361,39,286,686
901050603,671,64,391,1126
901050604,518,64,362,944
901050605,529,36,272,837
901050606,430,38,236,704
901050607,296,28,146,470
901050608,254,8,158,420
901050609,482,53,234,769
901050610,405,55,271,731
901050611,578,74,305,957
901050612,485,97,230,812
901050613,376,66,260,702
901050614,208,15,160,383
901050615,406,62,268,736
901050616,415,31,180,626
901050617,380,27,262,669
901050618,407,76,268,751
901050619,365,24,286,675
901050620,518,38,431,987
901050621,781,117,516,1414
901050622,193,25,92,310
901050623,751,93,477,1321
901050624,185,11,98,294
901050625,361,33,190,584
901050701,798,83,615,1496
901050702,427,36,276,739
901050703,227,27,156,410
901050704,519,40,269,828
901050705,375,33,290,698
901050706,514,39,303,856
901050707,239,34,137,410
901050708,405,62,348,815
901050709,347,36,342,725
901050710,327,51,281,659
901050711,600,65,378,1043
901050712,701,63,467,1231
901050713,370,21,177,568
901050714,382,21,197,600
901050715,236,16,122,374
901050716,0,0,0,0
901050717,3,0,0,3
901050718,35,1,14,50
901050801,131,11,80,222
901050802,711,33,480,1224
901050803,516,65,397,978
901050804,557,55,417,1029
901050805,547,54,515,1116
901050806,317,49,370,736
901050807,474,53,366,893
901050808,752,52,631,1435
901050809,458,75,371,904
901050810,547,68,407,1022
901050811,553,44,304,901
901050812,602,46,434,1082
901050813,524,39,440,1003
901050814,468,36,464,968
901050815,326,46,293,665
901050816,421,25,311,757
901050817,346,30,356,732
901050901,19,3,17,39
901050902,543,29,239,811
901050903,748,78,567,1393
901050904,552,54,454,1060
901050905,519,40,413,972
901050906,676,42,428,1146
901050907,458,41,366,865
901050908,436,37,361,834
901050909,398,40,330,768
901050910,196,20,152,368
901050911,248,20,243,511
901050912,545,30,434,1009
901050913,600,56,392,1048
901050914,531,52,427,1010
901050915,384,45,347,776
901050916,352,59,310,721
901050917,265,34,141,440
901051001,548,65,344,957
901051002,404,25,244,673
901051003,569,63,340,972
901051004,780,71,482,1333
901051005,669,57,390,1116
901051006,570,43,367,980
901051007,490,61,306,857
901051008,197,27,121,345
901051009,654,65,366,1085
901051010,505,53,339,897
901051011,535,67,213,815
901051012,415,47,291,753
901051013,368,28,350,746
901051014,9,1,4,14
901051015,530,63,307,900
901051016,493,29,335,857
901051017,752,85,477,1314
901051018,753,89,465,1307
901051019,301,50,241,592
901051020,279,21,231,531
901051021,514,48,458,1020
901051022,432,59,332,823
901051023,502,26,396,924
901051024,468,47,343,858
901120101,13,0,12,25
901120102,31,0,41,72
901120103,57,10,53,120
901120104,27,3,39,69
901120105,43,0,89,132
901120106,20,0,30,50
901120107,22,0,17,39
901120108,64,2,49,115
901120109,185,7,130,322
901120110,220,4,138,362
901120111,210,4,158,372
901120112,114,6,95,215
901120113,125,4,102,231
901120114,164,19,86,269
901120115,174,20,163,357
901120116,159,6,63,228
901120201,54,2,19,75
901120202,32,0,9,41
901120203,95,7,139,241
901120204,83,6,84,173
901120205,341,13,322,676
901120206,70,1,49,120
901120207,39,1,52,92
901120208,23,2,19,44
901120209,82,1,65,148
901120210,457,17,417,891
901120211,3,0,8,11
901120212,24,5,30,59
901120213,601,68,426,1095
901120214,426,35,414,875
901120215,211,25,197,433
901120216,414,20,274,708
901120301,49,1,112,162
901120302,342,23,294,659
901120303,203,9,141,353
901120304,24,1,38,63
901120305,57,8,57,122
901120306,39,4,77,120
901120307,130,3,192,325
901120308,180,12,151,343
901120401,28,3,43,74
901120402,86,2,58,146
901120403,139,6,120,265
901120404,352,13,210,575
901190101,16,0,26,42
901190102,9,0,7,16
901190103,76,3,44,123
901190201,573,15,240,828
901190202,318,30,223,571
901190203,347,55,198,600
901190204,509,49,257,815
901190205,358,27,247,632
901190206,623,39,455,1117
901190207,294,15,224,533
901190208,391,50,333,774
901190209,463,43,330,836
901190210,339,23,206,568
901190211,500,41,298,839
901190212,235,22,196,453
901190213,407,59,280,746
901190214,291,13,115,419
901190215,415,75,305,795
901190216,346,22,177,545
901190217,455,20,261,736
901190301,4,0,3,7
901190302,325,14,131,470
901190303,274,5,158,437
901190304,471,41,250,762
901190305,318,18,176,512
901190306,636,27,342,1005
901190307,503,62,274,839
901190308,369,18,113,500
901190309,434,22,222,678
901190310,405,20,166,591
901190311,355,23,187,565
901190312,335,13,139,487
901190313,704,37,323,1064
901190314,482,11,210,703
901190315,461,21,182,664
901190316,559,9,168,736
901190317,799,30,374,1203
901190318,341,9,158,508
901190319,505,35,201,741
901190401,334,22,153,509
901190402,572,54,313,939
901190403,632,88,359,1079
901190404,660,54,403,1117
901190405,675,63,371,1109
901190406,633,47,300,980
901190407,837,49,570,1456
901190408,656,69,433,1158
901190409,861,59,410,1330
901190410,438,29,246,713
901190411,496,18,214,728
901190412,422,20,229,671
901190413,397,23,202,622
901190414,422,9,202,633
901190415,226,24,145,395
901190416,188,25,127,340
901190417,505,29,335,869
901190418,366,29,217,612
901190419,682,29,360,1071
901190420,565,33,279,877
901190421,350,13,188,551
901190501,12,0,3,15
901190502,454,31,231,716
901190503,573,13,217,803
901190504,442,12,282,736
901190505,428,20,221,669
901190506,344,18,188,550
901190507,816,40,395,1251
901190508,685,68,420,1173
901190509,632,48,304,984
901190510,451,35,220,706
901190511,349,6,190,545
901190512,741,38,320,1099
901190513,760,29,364,1153
901190514,638,34,359,1031
901190515,480,39,270,789
901190516,555,37,239,831
940070101,21,0,1,22
940070201,13,0,8,21
940070301,27,0,8,35
940070401,39,1,9,49
940070501,13,0,2,15
940070502,235,14,98,347
940070503,426,30,182,638
940070504,358,23,156,537
940070505,263,17,128,408
940070601,61,1,2,64
940070701,40,0,1,41
940070801,35,1,4,40
940071001,738,33,225,996
940071002,204,11,49,264
940071003,634,33,271,938
940071004,626,55,248,929
940071005,610,54,210,874
940071006,629,37,221,887
940071007,614,48,246,908
940071008,537,44,177,758
940071009,522,28,169,719
940071010,541,33,199,773
940071011,648,48,191,887
940071012,520,47,212,779
940071013,528,38,204,770
940071101,486,24,158,668
940071102,520,27,183,730
940071103,580,18,132,730
940071104,768,53,259,1080
940071105,496,21,174,691
940071106,454,38,194,686
940071107,292,8,120,420
940071108,277,11,99,387
940071109,402,23,175,600
940071110,363,26,140,529
940071111,531,50,220,801
940071112,520,30,206,756
940071113,593,41,201,835
940071201,349,9,150,508
940071202,426,27,155,608
940071203,307,14,110,431
940071204,562,39,174,775
940071205,620,44,256,920
940071206,561,40,227,828
940071207,529,37,267,833
940071208,556,68,219,843
940071209,594,30,124,748
940071210,535,36,153,724
940071211,350,24,118,492
940071212,504,35,223,762
940071213,488,24,170,682
940071301,585,14,154,753
940071302,585,28,142,755
940071303,598,40,196,834
940071304,568,24,153,745
940071305,537,32,156,725
940071306,168,19,42,229
940071307,605,28,108,741
940071308,414,33,119,566
940071309,422,36,148,606
940071310,330,18,100,448
940071311,530,42,179,751
940071312,479,39,185,703
940071313,556,33,232,821
940071314,266,23,113,402
940071401,519,43,227,789
940071402,655,54,229,938
940071403,629,57,259,945
940071404,506,38,164,708
940071405,566,47,226,839
940071406,479,22,162,663
940071407,558,35,220,813
940071408,528,48,214,790
940071409,586,55,259,900
940071410,533,48,160,741
940071411,494,50,163,707
940071412,515,48,160,723
940071413,364,41,103,508
940071414,413,52,135,600
940071415,374,26,164,564
940071416,136,23,39,198
940140101,5,0,4,9
940140102,81,3,12,96
940140103,49,1,14,64
940140201,0,0,0,0
940140202,5,0,0,5
940140301,1,0,0,1
940140302,26,0,3,29
940140401,246,5,52,303
940140402,411,17,69,497
940140403,234,7,25,266
940140404,148,18,36,202
940140405,237,15,62,314
940140406,370,14,106,490
940140407,486,34,166,686
940140408,235,2,89,326
940140409,555,26,148,729
940140410,369,15,157,541
940140411,484,27,141,652
940140412,473,34,128,635
940140413,582,39,160,781
940140414,627,40,209,876
940140415,533,34,168,735
940140416,580,39,212,831
940140501,366,12,99,477
940140502,464,17,142,623
940140503,461,32,188,681
940140504,177,10,60,247
940140505,401,27,109,537
940140506,237,4,74,315
940140507,249,8,80,337
940140508,400,24,149,573
940140509,699,50,197,946
940140510,381,10,111,502
940140511,352,20,133,505
940140601,361,27,100,488
940140602,639,30,200,869
940140603,551,32,134,717
940140604,508,39,196,743
940140605,566,53,204,823
940140606,470,26,148,644
940140607,547,22,201,770
940140608,502,28,183,713
940140609,632,38,177,847
940140610,550,46,168,764
940140611,509,64,155,728
940140612,433,69,207,709
940140701,293,13,82,388
940140702,475,19,147,641
940140703,544,32,176,752
940140704,482,35,162,679
940140705,530,9,188,727
940140706,242,3,47,292
940140707,565,26,136,727
940140708,499,15,146,660
940140709,248,18,89,355
940140710,199,19,98,316
940140711,663,28,189,880
940140712,591,33,180,804
940140713,490,26,197,713
940140714,688,76,225,989
940140801,113,5,32,150
940140802,311,8,114,433
940140803,147,9,44,200
940140804,375,17,132,524
940140805,453,16,133,602
940140806,624,43,219,886
940140807,454,18,174,646
940140808,593,19,145,757
940140809,419,15,121,555
940140810,705,39,254,998
940140811,507,35,145,687
940140812,514,33,199,746
940140813,553,41,183,777
940210101,0,0,0,0
940280101,16,0,3,19
